-34.73618765 -801.24348395 138.90346037
-40.08095205 -730.69126039 20.51590097
-41.15560198 -770.25080893 125.22217050
-42.43052401 -746.24358442 200.27667919
-22.26696570 -716.09534232 262.82168215
-45.97996938 -752.43450707 158.31433584
-47.92070000 -744.74900000 183.73769000
-45.00799794 -751.55973711 149.47816629
-41.47713008 -729.34411789 231.14168024
-47.92091875 -750.53099375 168.36784625
-42.32034912 -746.39665795 95.19963099
-35.62042647 -727.47210882 243.36315078
-42.07754008 -742.19766905 221.09109635
-37.95787305 -752.08212935 137.25832876
-37.92571069 -733.37870687 49.60176786
-44.97601333 -738.84895333 204.98238333
-45.02569078 -747.63278440 161.77390206
-39.34057971 -733.03676232 20.08412333
-41.33744453 -761.80530156 116.02350074
-45.14172635 -803.45698982 140.38098281
-48.62139871 -734.58621822 56.98331855
-50.44756182 -744.97961636 187.17019545
-40.85669759 -747.05605324 164.28446843
-32.98993415 -725.39152683 250.12685585
-42.53891063 -740.16195874 224.23617414
-43.56547886 -737.21838949 212.35347527
-42.77082454 -746.80858205 149.26563502
-39.23842295 -826.16192951 146.79482607
-39.94336512 -731.50995712 26.23584214
-37.98730675 -745.94147614 110.23637723
-42.13160844 -746.25633847 197.21566094
-47.98436154 -731.65729231 220.25876308
-42.57071204 -746.90386224 143.20465918
-46.79121238 -732.42001517 219.03168845
-49.37249331 -742.69182078 191.33113462
-37.93681139 -745.51764431 89.50134124
-42.65171514 -743.15375481 200.33635466
-43.22803251 -725.59115185 59.45068163
-42.07767126 -747.37583473 125.41201455
-49.92712311 -728.00968490 64.87846549
-45.18912994 -753.93654407 155.16782220
-27.35091515 -718.58715606 259.27850970
-40.42103122 -745.84658249 92.57176665
-37.64757390 -751.93664458 158.12129430
-43.05553837 -787.24079070 135.42349581
-44.23016021 -738.51453455 207.02210414
-40.89430484 -747.10130234 158.18970553
-37.39826449 -730.57189533 244.87771383
-45.28836511 -785.16559251 134.46766026
-40.98234774 -726.40407763 237.00579753
-36.79625500 -825.95807000 144.47291500
-44.87671053 -751.05723684 147.27571632
-42.27344731 -737.67347110 230.18763986
-39.39059022 -790.30872283 135.54380630
-37.87357427 -790.45637136 135.47855456
-43.68748079 -774.18228940 130.10175291
-40.06527000 -747.97029000 107.63055000
-38.17806250 -741.28480819 83.08569560
-38.01355750 -741.86525250 66.01560000
-42.69614603 -773.12418755 128.63334629
-37.49084916 -739.72180937 56.34946834
-49.29530761 -737.85540974 206.21088216
-39.52403249 -748.52206924 182.36498653
-51.60734722 -741.89110972 196.23985806
-39.51845652 -736.22768174 35.35547522
-45.14720872 -749.72560756 152.48503884
-48.65175325 -749.29444582 173.33112591
-44.86815652 -750.43498696 147.28335087
-39.62096869 -728.86062039 14.24925279
-45.25540171 -782.56473699 133.39675986
-47.88900000 -736.80946667 51.69242333
-37.28596968 -821.41039517 143.35077914
-42.73204969 -727.42128528 233.14566285
-37.16907755 -752.16667678 146.21652136
-48.20976852 -747.33857593 176.51697148
-36.43962169 -728.21218864 242.03880712
-42.09699972 -748.58941469 197.19163435
-38.14006040 -748.33667114 113.34261282
-41.92778000 -726.05076000 237.87335000
-20.40203133 -714.03348434 264.39046108
-39.32728711 -748.26889260 179.23698356
-46.75936328 -727.54203969 61.99150292
-27.57014816 -722.06064338 256.35483522
-40.37301731 -752.56247644 137.28365058
-35.74056111 -730.25013333 15.94296222
-45.50214932 -735.21094338 50.78155225
-37.04717218 -751.41193148 167.30808841
-40.00161508 -734.18304524 41.28996275
-44.42384604 -733.40144373 52.41481276
-49.74924029 -742.05571966 193.74194204
-42.15102813 -745.11996250 182.25511406
-39.41292206 -729.66893088 19.31663853
-46.35037060 -749.07659373 164.20579119
-38.50249208 -730.79074047 236.66229792
-43.63683092 -734.04003752 50.24227060
-46.64237941 -736.18016157 50.34700592
-38.25399758 -730.81517515 53.45380879
-38.02041824 -749.05216792 122.36647889
-50.91720000 -733.66687699 60.24365637
-39.74461193 -740.06265544 68.42613124
-42.06101843 -737.37885323 224.08875299
-38.31850253 -754.11878354 102.35123177
-40.46898523 -755.61512886 107.13348989
-40.74876733 -745.94910638 113.29809125
-41.98281111 -768.52671111 126.89517889
-40.08101133 -743.15304663 92.10603084
-37.00826315 -785.82995146 133.35575396
-35.94000000 -789.51630000 135.80923286
-45.98569360 -744.29071522 182.61913273
-37.12508167 -724.42125417 245.00329512
-40.53426735 -730.62770918 53.78991449
-44.10327375 -752.08287336 152.35950583
-46.92111040 -738.57395248 204.19476327
-44.99675714 -790.06713333 138.51011381
-39.54304699 -736.62894536 38.27300858
-45.01258704 -732.05348333 54.32272741
-42.98915000 -726.70413750 234.40660667
-41.98477388 -745.10009347 188.38217082
-36.04154375 -780.66465000 129.87770250
-41.95725172 -737.13069540 44.92427046
-39.08187368 -729.55869474 54.62519000
-46.04679362 -741.81390851 192.94460702
-39.63785076 -732.34653680 32.27752122
-46.20664799 -734.40196350 215.27277193
-49.72415762 -731.20701249 59.19104011
-37.65206636 -752.16890238 140.25997044
-43.22209880 -745.45031969 173.22975827
-33.76492664 -725.02422866 248.20183720
-45.99749350 -731.32972274 56.37041645
-49.64752670 -745.69941648 184.96131386
-40.35268421 -791.31633099 136.44208064
-36.99093701 -791.66451139 136.27029534
-43.32229169 -803.52523099 139.69860901
-37.40624146 -772.73696979 122.75817612
-45.90659548 -734.54727023 53.23909429
-37.32343118 -740.52542215 65.43046329
-41.59379603 -744.11905980 212.50140191
-40.77015615 -745.94367666 104.47295591
-46.29937442 -745.80165084 176.31845032
-43.54129766 -754.01486822 149.27213720
-41.59800924 -736.24712717 230.38358239
-41.96300792 -745.26056189 191.45669340
-42.29964270 -755.72303333 110.39508752
-42.15404026 -747.31638571 128.31617442
-37.79720839 -746.07077321 104.25419714
-37.87339374 -749.56370444 179.13981916
-37.45876112 -734.48476912 31.95063333
-40.29329390 -806.15962642 139.40923456
-42.10147826 -744.48609130 91.84387478
-37.39242970 -763.37711574 113.78863079
-44.22270613 -727.73090000 58.33047129
-43.26451515 -743.33510452 188.43329269
-34.23077333 -799.94869852 138.51663315
-40.36867057 -782.17604778 131.29694324
-46.97421723 -749.05615462 167.24992569
-36.05997083 -813.28297083 141.96558167
-32.57020000 -781.01045593 132.46936458
-51.36364935 -741.47292435 197.51437604
-49.48799278 -739.33801926 203.05018872
-32.41632816 -776.12858640 125.72844084
-40.36352929 -748.85537980 143.23922434
-46.28557878 -736.89625668 209.39225169
-50.66420000 -738.88577143 204.88887571
-39.27828432 -748.15014432 152.33167919
-30.52241555 -725.26480546 253.31097067
-35.44255023 -746.16711644 95.33386032
-32.06942062 -722.92660619 251.75610186
-43.57400919 -734.62448574 218.31691450
-47.45202252 -752.93127658 175.97270622
-39.46082527 -742.47020538 74.47809108
-39.07159333 -754.19427333 102.16705667
-35.13329346 -751.62071046 102.02587301
-41.01592696 -733.68469107 46.92664972
-39.33884467 -763.40549553 113.98665667
-51.45107606 -742.35680493 194.26465162
-38.69506667 -728.29156667 55.01877182
-42.71545072 -746.23597232 206.10311416
-42.13705259 -748.49380388 122.21578353
-40.29124620 -728.19270282 56.02611944
-37.61739535 -734.03289985 26.46460613
-33.52548827 -727.67885247 250.61080852
-43.91161876 -752.42100641 146.17966933
-28.14722294 -719.76540424 257.36186232
-48.97600261 -735.34761374 212.47166953
-38.07998158 -738.90282895 48.14622947
-42.07240633 -737.37012278 232.35148747
-41.80282308 -735.05801538 222.47414769
-49.89440000 -735.87080000 57.91589000
-41.23701288 -746.60001059 185.18871160
-47.96660570 -751.62967468 167.83166215
-32.79580000 -787.62980000 137.33419000
-43.47977297 -794.31048780 139.85045699
-42.91406371 -748.03122258 202.86500855
-41.12991250 -744.86003750 214.22903375
-39.47644297 -775.59242408 126.05650098
-33.34159340 -768.13993432 121.14228736
-40.12753351 -734.40882531 32.23827988
-42.29607180 -726.40819060 236.12704789
-46.41445806 -741.40507680 194.33623789
-50.71351440 -730.63991671 61.79695889
-42.23263415 -733.56869238 223.73559983
-45.12578571 -729.87345000 225.85535429
-39.93761934 -734.28658906 236.24100664
-43.74904308 -731.65415800 53.16957325
-45.94796545 -746.88081006 170.40633359
-44.18204000 -732.28720618 222.01964147
-38.11349479 -746.70041342 119.25933000
-51.15689310 -738.90342414 205.09457621
-43.89834382 -782.94406529 133.07449441
-31.86752696 -725.10302492 251.36425505
-46.67269745 -745.38274259 179.11026731
-39.80102563 -748.56709849 149.19607492
-42.23509861 -745.28697847 93.08950319
-41.77091975 -736.12059136 224.94740481
-44.29397664 -754.02335410 152.19078262
-37.34700452 -800.10873511 138.40374277
-46.28261514 -728.66532706 59.54924673
-19.82616061 -712.93926818 265.07924152
-37.77094214 -731.15565912 242.19998853
-41.73540323 -742.64377097 220.37695774
-38.72936667 -733.01496667 241.51193074
-37.80061094 -736.30007208 35.34983981
-46.30648229 -743.74986743 185.34079594
-46.74018924 -752.40485686 167.09651100
-32.63457826 -794.60919565 138.09568891
-39.04498533 -741.93105067 68.77925000
-35.55709490 -817.91257551 145.10228694
-46.30071846 -742.97026440 188.13272962
-35.27377982 -787.58829878 135.32817624
-34.51682814 -812.38586277 142.68868156
-37.25044049 -740.40617459 68.41395918
-39.53882334 -737.97757002 62.41213760
-42.49009135 -746.95313308 140.31423758
-42.86412406 -743.13032713 194.14495228
-38.27652687 -748.12986119 110.48648701
-45.49411655 -729.18078321 226.91116482
-51.08067104 -731.32582524 62.04641411
-44.62513939 -751.80711818 163.67339000
-47.36355654 -748.53449576 169.96857763
-39.35158073 -748.44595469 164.29443080
-41.41006991 -736.42335398 233.27454929
-24.31330825 -716.66688557 262.05763124
-36.80241377 -759.00226232 109.51027696
-40.18654975 -733.78999316 35.27069902
-37.21312262 -771.15180214 121.34296405
-39.38188780 -742.15170610 71.52523512
-33.80123003 -722.54197265 250.80904973
-39.39187878 -725.01598939 241.86401367
-38.09864821 -732.61603304 50.40717482
-39.31069478 -766.61632913 117.05258435
-46.65901747 -735.37242924 212.88922287
-36.55627426 -815.55968660 142.48576809
-43.31761123 -746.40334311 164.14131803
-38.03686311 -749.34377546 143.31371771
-40.95909390 -752.68990518 104.06587384
-38.38005312 -751.53720120 131.36920130
-43.63096527 -740.29736516 203.23599358
-46.97365428 -733.98818945 55.51998021
-32.41980435 -779.94037298 130.81919155
-37.62473785 -733.98859349 35.27230285
-38.99392000 -757.03821000 105.63899000
-34.29206900 -794.22335646 137.81163947
-35.64421111 -783.88676667 132.70441222
-35.43076622 -823.53433649 144.01246838
-44.10131169 -751.22555390 158.11221727
-38.84985000 -744.81575000 84.56579000
-43.32857473 -806.30752402 139.70904165
-48.43098026 -732.99461316 217.44092487
-44.77080000 -735.72210000 213.54764000
-38.43061468 -741.55636697 85.81895972
-46.65390000 -753.89620000 163.24123000
-40.67853540 -745.79503066 119.29965180
-35.25143218 -769.11047989 120.41671069
-41.90675882 -759.95023529 114.59092529
-44.92184000 -790.82573000 139.21095000
-43.40251823 -743.66669094 185.27919697
-41.98114958 -748.28646639 119.72171857
-48.22527895 -753.11585714 176.32488023
-41.05393593 -736.77184411 43.98328062
-38.39909096 -738.58976215 67.99377927
-39.56922072 -729.24932580 16.84304650
-41.88505556 -777.94993333 129.65920111
-42.66044430 -743.23609307 197.27919260
-37.79143226 -734.16202372 38.23063124
-34.38682737 -803.24234960 139.38285853
-43.17103542 -749.02450692 134.23705326
-39.24618298 -748.14820798 173.21565569
-38.30258494 -749.95881460 164.34563612
-46.54413744 -752.41719095 164.26185166
-45.73481452 -753.89295484 157.70593032
-46.04640301 -733.30544938 217.79689041
-45.02126200 -798.01593400 140.52702000
-40.74587104 -734.29263132 44.42251280
-50.98839853 -746.16716471 186.11735029
-39.09578356 -745.01547534 86.44679959
-40.41130533 -794.31768680 137.45885015
-51.39409029 -743.34650036 191.31048029
-43.10199015 -746.77470882 155.46865041
-51.32693385 -740.94494358 200.10952891
-51.28163182 -744.39841545 188.93808000
-51.23669196 -745.20365625 187.70972750
-51.19076542 -739.84176449 203.22788112
-49.06408668 -746.31710870 182.37579639
-51.16266061 -733.10107879 61.11470515
-41.04771304 -749.07106444 191.28029388
-44.08993659 -729.31711880 227.80025817
-51.02606117 -738.28563592 206.17543660
-38.61481038 -750.29784811 184.36938340
-50.92735882 -737.25886471 208.38459588
-39.47675446 -738.29109785 65.02865985
-50.95757692 -732.36696923 60.70784385
-40.29364125 -773.24653536 125.28553265
-38.16235538 -749.56238308 149.25897154
-42.00668834 -747.41761166 122.22893663
-50.85763945 -729.35246789 61.94464872
-50.90890000 -741.74190000 195.74619000
-39.68087222 -739.94825379 62.52442207
-40.68089187 -745.89656670 122.18042154
-49.80019230 -728.08982913 62.13391221
-40.46264683 -746.27660675 131.26525491
-47.77765000 -744.78250000 183.83999000
-49.27602922 -740.23447842 200.22995178
-36.45946646 -753.37444024 103.25513329
-49.91635410 -733.88225153 58.87840579
-44.03402973 -751.43676139 155.21535602
-40.53340125 -785.57951129 133.45402871
-34.85948625 -757.09353381 108.32950633
-37.84188314 -746.01765597 107.24948836
-39.33076772 -748.39093150 158.18813724
-38.93908000 -780.99992667 129.67047000
-50.81880000 -732.94995000 60.83924000
-45.88165093 -730.52457500 223.96613519
-41.49957944 -759.01387336 112.51612879
-43.49733760 -785.27318036 134.16490636
-49.37703897 -741.04830111 197.27303211
-45.90074659 -726.29648965 65.07943894
-40.57985704 -746.01927358 125.31065705
-39.94139779 -733.73509871 38.19845305
-50.62950364 -730.04363818 64.02835727
-42.18705533 -745.78143689 208.95055830
-38.98127500 -724.51663929 244.01400786
-49.24584626 -743.80933539 188.20531114
-37.56591045 -737.40687428 44.07470403
-42.12481818 -726.86100455 235.02860818
-42.22718524 -747.20014170 131.36224756
-41.63956708 -762.37087325 119.36548630
-42.15913667 -748.07309833 98.91046500
-45.64283277 -725.93807836 62.37505121
-38.03982683 -746.13420407 113.21644427
-39.86950000 -750.77610000 187.56659000
-48.67982571 -736.15511571 55.85419000
-43.33303671 -744.57462089 176.97290424
-46.37661250 -753.85238125 161.30775250
-49.25256545 -736.53754691 209.28990345
-46.08794809 -739.15673599 202.84428751
-41.65725280 -734.52130973 224.57847758
-42.02865687 -742.30669668 215.13020659
-48.80591436 -741.52486516 194.85660968
-42.19615371 -760.46152800 116.61442771
-45.18873562 -788.16383790 136.79303475
-40.02183321 -744.12395469 107.17482466
-49.23593952 -729.12949653 60.14254837
-37.91589514 -733.90678502 47.32529607
-50.28308125 -748.10736094 181.72661500
-37.73268383 -734.28128738 44.06922077
-33.76324747 -810.14600253 142.04020263
-49.21691078 -735.88092206 211.09513167
-42.69680813 -746.88596990 146.42127443
-20.66667500 -715.03813125 263.70433375
-42.24360000 -750.48131389 103.14562611
-25.05258951 -718.95021329 259.75253848
-49.81390215 -748.65254086 178.98793140
-48.68596074 -738.57493742 204.29147282
-48.78039402 -734.18953108 214.85514251
-41.92428750 -799.25597500 138.72505250
-47.02904022 -730.30392472 58.33345421
-49.15722783 -748.77018130 176.33078739
-49.13827969 -726.62748906 63.44609781
-48.60280317 -746.94741758 179.22392170
-48.48199625 -744.32542584 185.93667315
-48.61937735 -726.36683325 65.18308036
-49.01595455 -753.99672424 182.91718394
-48.37039485 -752.53106765 173.03460103
-43.76685061 -740.72413995 200.42156287
-48.76438971 -753.55874412 181.77723265
-35.15018789 -727.70830028 245.16552690
-48.38592088 -732.02157363 57.41234989
-48.26444603 -732.41049683 218.63968683
-48.30739752 -751.64929835 170.21547017
-48.40366735 -753.27231429 179.16595259
-34.62394515 -727.90657667 248.30048697
-48.23250143 -750.02746190 170.52640762
-43.83792707 -749.07460748 149.24732057
-48.09110046 -736.59609583 53.45041870
-44.08538109 -752.48837782 149.24278745
-44.95372857 -779.74086571 132.59397000
-35.52540938 -811.12611875 141.60209312
-48.54175556 -753.85047778 179.39780111
-37.54689413 -742.61748524 74.54062072
-38.52430955 -751.23780905 128.50906538
-45.02063548 -728.20399032 229.23393839
-40.90952329 -779.97712415 130.22947953
-48.45680000 -753.81670000 177.20549000
-47.89185556 -747.67828889 174.12030667
-37.22142096 -823.92172096 144.02948162
-47.73079000 -735.88478000 54.97680000
-46.20565914 -731.61271070 221.32731963
-37.72107103 -733.55245773 23.39019901
-46.48718676 -740.62476906 197.28143158
-43.76613546 -749.05118854 140.35951845
-46.33207457 -742.17641264 191.27787040
-39.96753656 -743.64887432 101.28082520
-46.41035266 -737.98117138 206.33958244
-37.29435156 -779.21502685 128.35447180
-47.11738431 -752.76333137 173.23582431
-38.33495442 -749.95211360 158.14542958
-46.96382426 -752.70725881 170.11047032
-39.93392439 -731.36827030 17.01962572
-37.32936222 -737.37978463 50.17988736
-42.66780632 -743.22676798 203.23424481
-37.76661776 -745.88699673 101.43219000
-47.30862189 -745.06991841 181.92249498
-46.31188534 -746.54804536 173.27834652
-47.30566885 -736.15101330 52.82291204
-47.71954000 -752.86956000 177.97733000
-39.85313681 -727.82476085 236.13250221
-38.02967055 -749.29015929 140.21826510
-43.41729251 -752.41798300 143.32064043
-41.94707772 -742.15350990 218.41178406
-46.08924455 -736.09691410 211.58598643
-46.25797431 -739.81630660 200.34516143
-41.96866000 -823.01426000 144.34545000
-47.63864333 -747.92557333 172.54154000
-38.91956667 -738.79976667 48.67305667
-34.32391664 -791.12315253 137.55761195
-46.36532532 -727.21297619 65.13122831
-40.24612065 -761.52209498 113.38891159
-43.07573943 -790.82338068 138.04646232
-47.32233333 -753.80960000 167.47679000
-46.99796667 -741.73388333 192.66939000
-46.36764007 -752.33362794 161.24408266
-46.00185559 -749.16246078 161.41223603
-46.02458056 -729.65636111 225.52065667
-40.36333700 -746.60117350 137.27485400
-45.56488409 -747.15531541 167.44092652
-45.44706258 -736.21208896 48.23314337
-40.92881336 -748.99778793 98.40388224
-45.58686398 -749.18683439 158.32481092
-45.35519744 -744.57578974 179.74913103
-37.19071240 -749.63516434 98.04922200
-42.54394293 -759.26093902 115.66679927
-45.53411607 -752.39450452 155.26505542
-45.24936222 -729.65992000 57.49134111
-42.84747239 -781.83213947 132.21545708
-45.37211990 -749.45546972 155.42019087
-45.20444124 -747.43116426 164.32726698
-45.18774545 -726.15635289 60.29560405
-44.72920213 -747.86228298 157.47699000
-34.23411227 -777.45041435 127.15053653
-45.25506000 -786.89521667 135.58573000
-45.08236466 -800.36417744 140.28591030
-45.24404602 -752.10145294 152.75150211
-45.09514643 -806.16211429 140.08236500
-39.31203096 -748.27343096 155.45311384
-45.00721071 -808.80276607 139.61029179
-45.04050000 -735.72527500 48.54655250
-45.13899048 -780.45588571 132.86666143
-45.00563266 -750.08276533 149.42480759
-33.04233333 -721.44303333 253.01372889
-39.65713209 -743.01404602 80.29874000
-24.93110915 -717.36367958 261.23152380
-43.50801714 -744.38088143 179.30199786
-44.98411429 -753.98753333 153.29103286
-41.08078211 -764.22593708 119.30614216
-44.98325000 -732.89103333 219.82697333
-44.86786250 -747.68555000 159.35126500
-44.87950000 -811.23360000 139.83664000
-44.38417608 -748.42514450 155.10907038
-37.99982650 -743.54104385 95.20220924
-43.06044314 -743.16064748 191.32261925
-44.51591835 -725.59197339 64.32720193
-43.35182122 -746.64242240 161.31351115
-44.06006855 -741.57322137 194.68849040
-43.53821884 -776.47804167 130.67865232
-34.07649922 -762.40770547 115.37619234
-42.19521986 -737.67658736 227.29379677
-40.77172261 -746.63717455 179.23123532
-43.87613035 -741.18092886 197.36928353
-38.17384096 -729.00630699 16.84158277
-44.01471240 -748.95994566 152.09659289
-44.13263833 -735.20647509 215.76371369
-37.63531747 -740.40099087 74.29819742
-43.69263150 -724.95374402 62.13636571
-44.71075366 -753.98762927 154.10849000
-43.26008452 -746.07245782 167.26393787
-43.76827077 -737.95823659 209.50364761
-40.91066713 -747.08133529 161.27060626
-43.83724832 -730.27835683 55.60766624
-37.39910844 -737.46118236 53.18368525
-34.92724984 -753.07478459 103.55051197
-43.22908876 -745.76575321 170.20368207
-22.53055455 -717.91157273 261.86885364
-37.26613846 -774.28195264 124.17826548
-43.10573925 -745.19003563 176.33828601
-42.56524895 -734.60010684 47.75012379
-43.97789262 -749.19080840 146.30122550
-43.59727337 -788.59862163 136.69438017
-43.32788049 -736.45992415 47.06446293
-43.24330954 -740.01166341 206.24006521
-39.39283529 -802.00519176 138.69128647
-40.54644256 -745.66588410 98.30055359
-43.25970304 -746.75998868 158.25462458
-43.28281762 -779.23624033 131.41851864
-43.60933165 -797.22571743 139.63101087
-37.40984018 -769.63702055 119.89457455
-43.55860416 -731.59581197 224.38288480
-42.87340334 -736.88788646 215.43171220
-42.75769025 -740.20979435 209.38636881
-43.37402713 -809.18512392 139.60140846
-42.83210329 -734.08465515 221.33069617
-38.23564703 -751.96556329 134.34227951
-32.39365405 -777.51375135 127.13408009
-42.99445660 -815.22809222 140.67466902
-43.06335875 -728.54136934 56.85796179
-36.28962333 -729.26130133 245.16798200
-43.31933059 -800.43413238 139.40717784
-43.43676787 -744.03285290 182.43509393
-39.28419159 -739.77118692 56.46251710
-33.35706000 -791.40369333 138.78135000
-42.38911253 -747.01259809 137.32470935
-43.23297308 -728.54718805 230.20828308
-42.33905431 -743.27920431 209.34488617
-42.13298144 -821.15038866 144.09784670
-43.98832444 -791.64427911 139.31991089
-40.09439915 -800.15124183 138.47661166
-44.38599348 -751.48396957 161.01607478
-43.46623138 -749.05027892 137.31286916
-42.86964806 -730.80864184 227.01762515
-42.62610556 -816.98113056 141.50842611
-43.28484678 -812.26355284 139.96500705
-42.28779769 -745.21484884 179.19502805
-34.57079474 -808.94114145 141.29073868
-43.92159244 -749.05809889 143.21504351
-42.89298878 -746.73983616 152.25292162
-43.12146772 -752.05278386 140.42902465
-41.50695000 -753.80917500 141.46410250
-42.87113291 -732.37357764 50.84305382
-42.91697000 -751.60967167 137.47161917
-42.79153576 -753.95711212 146.41464818
-42.62794382 -818.10161461 142.73981303
-39.82744613 -743.22022724 83.36135780
-42.72862333 -751.16375667 134.30426333
-42.20515161 -726.66059677 57.68689645
-37.93568039 -749.34275864 128.33672476
-42.05644398 -745.11568465 185.18153108
-39.56849041 -739.76745662 59.44454571
-43.05452000 -816.76292000 141.96547000
-38.99530000 -732.73240000 36.76909000
-43.06168333 -744.73018333 174.45870667
-42.09291308 -794.09206075 138.49986383
-42.31573565 -770.56760326 127.64602217
-39.72382148 -733.53093960 23.54861013
-38.40841304 -747.92330870 107.62310304
-42.87681737 -749.10777160 131.36272427
-42.58556934 -748.33256745 200.05087726
-42.33935077 -775.99235558 129.23177643
-41.39041731 -789.28569423 136.02281115
-41.54814167 -762.62773333 120.91575667
-42.29638350 -737.16897659 218.19863876
-42.70849363 -739.55179299 226.90830274
-43.05130000 -747.83783333 204.80922333
-42.78004048 -738.99563333 229.27645429
-42.72375377 -746.24324274 203.33183022
-42.66863565 -743.28730643 206.19237000
-39.31430000 -737.47231875 50.49403375
-35.48902500 -733.59515000 18.72271500
-42.54563385 -740.38422904 212.04746351
-42.31628817 -747.09434903 134.46325581
-42.33881667 -750.97066250 131.72271083
-42.58441374 -748.99118041 128.37110901
-42.30216931 -758.11216622 113.32115293
-42.49943906 -756.52858437 111.95455875
-41.60396296 -753.48222222 106.35129741
-42.48311765 -741.90437647 223.33553118
-42.31159370 -753.01051024 106.86892386
-42.29515410 -747.45142213 97.54272607
-39.24863006 -738.61550859 67.86309920
-41.98490759 -745.94766638 194.45822138
-42.16686125 -754.23568625 108.26102375
-34.02217866 -788.34355328 136.93497372
-42.35338650 -740.31117239 215.31403070
-42.23139266 -751.58224312 104.56084046
-42.12950241 -753.92450241 143.68949241
-33.90558100 -759.57473800 112.04138800
-42.36209843 -748.79169529 125.45983392
-42.10971951 -730.08636463 229.18620829
-42.29982503 -740.33807170 221.20110632
-42.07031806 -761.50425387 118.76050226
-42.26425556 -732.72935556 48.61430111
-42.12863206 -742.78609034 212.06571071
-42.02034731 -757.07760215 111.49291581
-42.19305773 -740.29159186 218.16663979
-42.10587305 -749.17131497 101.23565946
-42.04785373 -797.14968806 138.62739299
-42.10851628 -737.28080676 221.17570429
-41.93157821 -747.50955897 119.59813231
-41.87276667 -732.83490000 225.80492333
-37.32640976 -739.94480707 59.28747488
-41.86541429 -762.83511429 119.98629000
-41.91040000 -750.80200000 129.38109000
-39.86121263 -733.93822877 26.34802965
-41.85629000 -769.87293000 126.69553000
-41.85170000 -748.18098000 195.53721000
-32.59740444 -797.16694741 137.93079000
-41.87080000 -762.53705000 120.93959000
-38.49696176 -744.58883824 107.08736745
-41.86390000 -768.37999091 126.67254455
-41.85485556 -747.60825556 117.42969000
-37.90552537 -749.30944027 134.20160077
-41.86145000 -747.88410000 117.48705667
-41.87870000 -783.81140000 132.75339000
-40.10399621 -743.94693203 104.45969784
-40.33079717 -809.23740637 139.68630434
-41.36630289 -745.20592219 212.13930768
-41.73458217 -747.01764612 193.76962682
-39.36667094 -733.84322735 238.90228031
-40.79434618 -747.02179658 167.28544211
-41.33287590 -749.97428885 100.93780835
-41.44776146 -746.55100907 188.24380121
-40.61135060 -776.57198817 127.87680022
-34.50946294 -767.13385215 119.50427947
-41.47960861 -756.15924928 109.44650148
-40.39377112 -797.25557132 138.03354058
-41.61838074 -746.70574066 191.33245809
-41.49430887 -773.52383276 127.23183334
-32.76421250 -810.11165000 142.15747750
-41.74487885 -770.38421538 126.93760154
-40.57000378 -749.88552371 119.21601234
-40.90397754 -731.29807716 230.27022173
-40.30490684 -815.27837723 140.73025285
-41.41826650 -743.72125947 215.20997665
-40.69722873 -746.87756586 173.30477769
-41.67338333 -753.56965833 145.17739000
-38.32851111 -744.85983704 84.35455296
-41.08648636 -801.20969924 138.88352258
-37.36474139 -812.25072088 141.03275923
-40.79133368 -746.87908069 149.18763551
-40.83917015 -728.62852285 233.42904063
-41.48163000 -732.09604844 227.78976094
-40.70856755 -746.73125137 176.53943914
-41.19105912 -725.64158113 58.61240101
-40.52604781 -746.13822954 128.28751090
-40.69700927 -746.98051723 170.17457026
-41.58617320 -742.90979041 218.26260046
-40.17451538 -788.01129166 134.72110460
-40.31035517 -821.45655850 143.25599150
-21.28028000 -714.43786444 264.04899000
-40.52498411 -746.82068264 143.27285983
-41.69831534 -736.17838160 227.21637160
-40.49406478 -732.32272308 50.26477057
-40.90097329 -746.99548075 155.40125429
-41.70234141 -745.55222323 210.32693949
-38.01010000 -738.86270000 45.41899000
-32.69572778 -808.49691111 141.33557333
-40.58974569 -818.81613858 142.16159000
-40.49486793 -746.40140118 134.26397966
-38.17490000 -735.95610000 30.39419000
-35.12805645 -725.49793487 245.51377276
-40.98789366 -746.56916756 182.24221793
-40.00747991 -778.91544528 128.96571886
-38.24467887 -735.94747680 32.45170598
-40.27100424 -812.30436705 140.06718615
-40.57601196 -758.29917173 110.28014944
-41.68155882 -753.87607059 142.37123706
-39.86852847 -748.56828712 146.16665305
-41.19889258 -767.55348482 125.02228919
-34.79611819 -756.00667212 107.03539037
-40.37879914 -746.75042003 140.33219086
-40.39768562 -803.54920654 139.09993797
-39.91588557 -752.35752165 134.24304979
-40.80388968 -746.93798756 152.18968363
-35.21939111 -749.78055778 100.46763074
-41.75667143 -749.06962381 196.04475190
-40.61813749 -746.88134304 146.05700827
-32.94578333 -802.00898333 138.71024000
-37.16182013 -782.43688964 130.95959999
-41.42954500 -753.47568500 142.84899286
-41.76229000 -744.51526000 210.54585000
-41.51047951 -748.89054361 194.22688918
-38.76600000 -750.78920000 184.78549000
-40.09911784 -817.47749814 141.45019297
-36.51774384 -801.24391781 138.89631466
-40.74375971 -746.32504794 95.13319235
-39.86648833 -750.25295833 121.96637250
-41.01769429 -732.89168857 49.15543286
-40.62475656 -745.75536517 116.29837509
-37.57151406 -743.29141693 80.22605953
-40.77016103 -749.10598787 116.38806721
-38.01766076 -826.30342658 146.28500709
-38.35094000 -738.68152000 70.01049000
-39.23090000 -738.36858889 47.21885667
-40.04411716 -823.32120075 144.24886910
-39.34102108 -751.89774157 128.37903398
-40.88338889 -732.74786667 48.61082333
-40.97540840 -753.16241679 140.22873046
-41.61427143 -750.64212857 127.56097571
-40.78716389 -750.36452500 124.80972333
-41.08736538 -729.90570000 54.87733615
-41.33110831 -734.10983160 227.21575795
-37.99617479 -749.28608492 125.31089682
-39.27248914 -752.39536343 131.07739971
-37.59744025 -746.25688090 92.38619423
-40.34949405 -748.89249940 140.35634000
-41.12569033 -764.54204869 122.04107520
-40.37652927 -726.43730976 57.38718268
-40.00379075 -725.83608540 239.34570329
-37.71333243 -740.74533925 77.12341523
-39.81617121 -824.83522197 145.92268470
-40.84708370 -748.20242065 110.70614217
-40.27306878 -736.72104072 41.72429633
-39.74773932 -784.36441019 132.39135408
-40.89720417 -746.16186689 110.42314329
-40.86245223 -748.58820357 113.16716634
-40.85013471 -746.24983826 106.89188531
-32.35024092 -778.45193245 128.45612075
-40.27408182 -751.86253072 101.66781069
-40.93138087 -734.25385412 230.28670384
-35.35940769 -821.48674808 144.29850827
-40.20681934 -764.15000861 116.35800444
-40.67305568 -745.61901420 101.34149398
-40.48106282 -749.18807084 188.13020712
-38.49418107 -728.98776091 237.06002580
-40.42414729 -734.20074981 233.23028787
-38.04586068 -748.82501022 119.31100238
-40.05463054 -742.91366138 89.54054448
-41.01782979 -765.48773830 124.07590702
-37.17800542 -752.11618208 149.36609796
-40.03997320 -743.45346395 98.22073738
-40.67987500 -736.04211333 235.63299667
-32.55966277 -800.13167553 138.24656128
-39.52462375 -755.18405558 104.92359736
-39.63282114 -741.16297483 83.18947826
-39.35238283 -748.94545758 95.44588798
-40.16765918 -751.01714388 122.42435633
-40.77808353 -767.26598328 122.30965368
-40.89324000 -750.79708000 120.53045000
-39.84203166 -749.11137140 185.34003586
-40.05177704 -767.23699388 119.40954395
-37.98696667 -742.01051318 68.54965066
-40.04063131 -770.22323483 122.35475477
-40.20388903 -744.55907551 113.12729306
-35.44862756 -748.43447500 98.86092590
-39.80995560 -731.12645794 233.29433673
-40.01223117 -744.38546908 110.23506332
-40.05744078 -743.27492000 95.26189233
-39.34033810 -751.32146825 125.23899714
-39.99317986 -731.00264514 23.25559811
-40.24642727 -744.68971558 115.55255753
-40.23457857 -748.77373571 138.44336857
-34.20536976 -797.26822838 138.05337687
-39.44130865 -757.70076183 107.79814064
-32.68841260 -781.95024252 133.65654669
-39.34302168 -760.49614013 110.57119874
-39.96961087 -734.34665870 29.48786267
-39.75854309 -731.90767901 29.22326459
-39.87672430 -730.92565894 14.43631514
-39.46337991 -732.62055804 34.67907214
-40.03236743 -743.18381048 86.23018704
-39.40024375 -745.35255062 89.36066063
-39.68678367 -740.87543288 80.32220633
-39.55065513 -741.48787265 86.21770410
-40.21330000 -744.73085000 118.26779000
-39.40130000 -747.79070000 105.56125000
-39.75130561 -740.62282459 77.24726848
-39.48112312 -742.78315627 77.09611646
-39.72001847 -740.23768875 74.27813444
-39.63359003 -737.66695718 59.57920584
-39.29005506 -772.48258567 123.11632174
-39.41408242 -748.39478626 161.34853780
-39.69597966 -739.89186157 71.32497955
-37.43727321 -737.59162003 47.32784602
-39.69791932 -740.23061070 65.32834927
-39.38661324 -736.32368971 53.32966941
-37.90157387 -739.09835819 50.31199166
-39.29903125 -769.43210750 120.07442625
-39.46074865 -736.95681892 56.45564676
-39.32579044 -748.36201466 167.35435524
-37.54527446 -737.57786214 56.27062786
-39.15949773 -735.92061932 32.54425932
-39.37031356 -741.68307797 88.55612051
-39.26318204 -748.25811909 170.09941023
-39.14673043 -751.47659348 98.70982043
-38.28937778 -747.11966624 125.22384556
-39.23658611 -748.17400069 176.42938190
-39.13710100 -739.45015100 53.22026700
-37.40603490 -776.10185277 125.73365286
-39.09820000 -739.00113165 50.30521405
-39.04521160 -731.51051638 235.69714392
-37.43525775 -757.73867553 107.63631024
-39.06046667 -727.03632083 238.10156500
-39.05358889 -732.81194444 18.60227889
-32.62799831 -803.80685254 139.07114593
-38.99112258 -733.29759355 241.21900613
-39.01184118 -748.07391765 93.25866647
-39.01340000 -750.79690000 185.35029000
-38.90737037 -732.65651481 238.71578259
-38.61916218 -747.50902017 134.01431017
-38.01929344 -743.88685094 98.32124812
-33.91004216 -780.23440654 130.46588101
-29.07273587 -724.56295000 254.67202315
-38.06303613 -732.10315052 29.19620597
-37.92423551 -738.02079215 62.23709935
-37.70355480 -731.39340135 23.22713885
-37.00359487 -818.18677947 143.00880845
-38.41186982 -747.22710676 128.25484180
-37.68891167 -749.75550093 170.25294850
-37.58214035 -749.47677206 176.37603667
-37.96161470 -740.99485880 80.24027867
-37.32134018 -740.23730502 62.26755016
-38.72802200 -747.59845400 136.91166600
-38.11875030 -744.17307485 101.32250707
-37.66800655 -737.81687322 59.27928430
-37.89411179 -731.72664244 26.31696701
-37.15179510 -797.28365878 137.79456601
-38.27986168 -749.86680463 182.14916474
-37.78874173 -742.29312097 71.06600472
-37.40615962 -749.52402821 173.23615545
-38.29703057 -749.86197227 155.43571085
-37.70094099 -737.24044337 41.41905970
-38.28565385 -726.31552991 240.14882932
-37.34402156 -809.27942355 140.39255544
-38.32508698 -750.02837506 161.30257521
-37.44439204 -725.65899440 242.35479647
-37.30855344 -731.33097095 20.26416217
-38.28850098 -744.39108341 104.22685829
-38.13629364 -749.83692478 167.44843860
-38.06718479 -749.43173368 146.30834541
-38.18654478 -745.09501174 86.39498783
-34.70009097 -781.82621709 131.71430867
-37.51400423 -740.16519664 71.22696958
-37.41342918 -760.62282893 110.79271365
-37.93667613 -749.35182215 137.32741855
-38.52285829 -747.38869371 131.23594143
-37.76157095 -736.77751337 38.34452085
-37.44109856 -728.52456556 14.11798294
-37.52357137 -731.77464826 16.99512530
-37.30189150 -788.11625033 134.55671194
-37.24798946 -752.24299362 101.23073701
-37.40737476 -755.19321340 104.64738205
-37.03320403 -762.15187271 112.71747755
-37.52291617 -766.59069130 116.99335073
-38.08038750 -748.60487550 116.37773350
-38.71605455 -744.69691818 109.17192636
-37.32922380 -731.68447527 14.42327887
-38.11437330 -738.31815994 65.14152835
-37.86388895 -734.44111047 41.50639058
-37.13891038 -767.97806854 118.50476969
-38.59020260 -732.57607662 34.67069909
-38.76003636 -732.95711818 240.40861727
-38.06146686 -731.14945934 239.20348942
-38.20233434 -746.92420976 122.27552704
-38.34689909 -732.37127580 32.08826763
-38.40035288 -817.38795673 141.54949769
-37.17400100 -777.50592193 126.98136841
-38.07398191 -746.39098856 116.14510356
-38.01652668 -815.15934710 141.29487097
-37.26020147 -803.45909773 139.17252560
-37.88569942 -748.68262460 95.51762198
-36.34831379 -750.43013966 100.08663828
-37.48048635 -734.28830141 29.41076506
-37.26290664 -794.17827308 136.96122288
-26.12249444 -720.04959359 258.16887932
-37.54464658 -742.89704379 77.07421950
-38.55427143 -741.71661429 88.47401857
-38.46118736 -729.20426552 54.36210034
-38.62398000 -827.17810000 147.83085000
-37.58507027 -784.50900344 132.27494137
-36.89759219 -764.82064625 115.56531527
-38.39092000 -748.00715000 93.27839400
-32.69706346 -724.88348269 249.55534769
-36.70697582 -756.19942038 106.41084326
-38.22914214 -749.73110979 152.27609445
-37.64775767 -728.13882065 239.38804248
-38.47057419 -756.93007419 105.56903839
-37.62761324 -743.23036710 89.28129276
-35.64440000 -729.26930000 13.01639000
-38.02844391 -751.30608192 98.94048483
-37.27155424 -743.58127260 92.05953548
-37.29078806 -806.11287407 139.75341490
-38.29570989 -802.11636923 138.66234714
-37.68965784 -739.42529838 53.26931585
-38.66291714 -750.92366571 126.09919571
-38.00572069 -825.35599540 145.30024862
-38.44383478 -729.64967174 19.24654435
-37.48156374 -743.43022833 83.27946538
-37.96046279 -780.97608953 129.63392605
-37.41710681 -733.20612347 20.13341347
-38.76195000 -747.70860000 139.21829000
-38.72476667 -732.73243333 37.05969000
-38.30774444 -732.81669444 18.48338444
-35.41251711 -747.42246316 97.32292421
-37.45203515 -743.35857086 86.22428180
-37.69830307 -745.81517281 98.34490096
-38.09690000 -732.71525000 48.38699000
-36.98738186 -746.67358847 94.92930167
-37.92135583 -749.36077466 131.40359596
-37.64746637 -752.00274940 155.37064115
-37.55011182 -751.84775100 161.18986550
-37.42410370 -751.68915548 164.24339000
-37.41070718 -752.14096934 152.15129152
-37.06454043 -723.68350213 246.40374957
-37.37384256 -752.18233495 143.31196638
-36.39317597 -723.29876494 247.86325104
-33.45738094 -785.95801955 136.32438183
-36.50887124 -751.05828627 169.72456974
-36.87828182 -729.93709091 247.00841727
-36.24454688 -729.35300156 247.47285719
-36.17090000 -750.78880000 171.89199000
-35.93369737 -817.74877368 145.31071632
-35.91030000 -723.81245000 246.94899000
-35.13872010 -815.06610754 143.79596186
-34.04969123 -770.17092888 121.87662348
-34.76410319 -761.12559525 113.29694864
-35.70257222 -818.57032500 144.61914556
-34.36007015 -778.72632607 128.47454760
-35.59949074 -733.56665556 19.13701593
-34.62166100 -785.08297427 134.55098353
-35.65815652 -744.26433478 92.92936826
-35.02211555 -754.38419611 104.96388823
-34.67797124 -758.48158286 110.15499772
-35.46571200 -759.96617733 111.49060467
-35.64535385 -744.94258462 93.65587462
-34.58505238 -763.83418256 116.40916821
-35.72584138 -732.26097586 19.52097966
-34.01826810 -773.97353142 124.32851775
-34.43585585 -772.49070213 123.23120170
-34.26989282 -776.02584933 125.84405101
-34.29295077 -806.08160846 140.33524582
-35.33198074 -730.84649333 14.35293407
-35.61941075 -762.96095914 114.59825022
-34.81256859 -723.15068351 248.98757874
-35.61906341 -726.36913415 243.50333878
-35.62106098 -766.00576098 117.55305098
-35.18245000 -816.30086111 144.97249833
-35.36221667 -820.00653333 144.78952333
-33.72301797 -782.84909493 133.70244094
-33.86394577 -765.15382066 118.38930854
-32.53112427 -772.26085631 123.59159000
-32.82695000 -785.03270000 136.09659000
-32.54554773 -802.40463182 138.60986500
-32.62306882 -770.36805161 122.68931688
-32.75628462 -768.32184615 121.60999769
-32.43347067 -773.67093286 124.22760943
-32.64229859 -806.08928310 140.04830268
-32.32591772 -727.09978354 252.11109886
-32.74097273 -791.91300000 138.47517182
-32.76452500 -784.00647500 135.37599000
-30.99541944 -721.90025832 253.61084421
-30.72659467 -720.42815200 255.19753800
-31.65036364 -726.92796364 252.98149909
-24.95402143 -720.95332143 258.95616857
-30.20750000 -720.02248065 256.14682226
-28.94958503 -722.37113147 254.85053949
-29.48459091 -720.56895000 255.62185364
-27.87663529 -723.95105294 255.98181941
-26.04970359 -721.57664940 257.77541988
-23.32728788 -718.66844621 260.86301727
-23.34015366 -717.31586341 261.49895585
