-27.45857568 -758.85871351 265.49727910
-35.59323925 -729.18794299 20.96199994
-70.27766021 -808.86365836 221.52231086
-4.72942571 -736.26207143 353.45954381
-29.80220667 -763.05534667 183.50048000
4.41406618 -780.99386618 146.99004446
19.22028306 -779.02712134 147.37491700
-10.13578079 -739.30158867 332.66169051
-48.52453958 -768.20755625 170.32903521
-42.21923469 -761.02803061 154.22555279
-87.05734571 -839.78489429 244.18320190
-28.40993224 -757.19273934 197.78104448
-16.52165692 -755.61169874 272.33140233
-96.66817500 -843.06019063 254.46321854
-70.74267810 -824.07423223 230.55083177
-57.68271099 -782.83556915 194.29587078
-21.79105536 -768.86519107 224.91211452
-39.34400000 -729.39347500 17.03899667
-2.78629538 -733.05640462 359.27250513
-22.82805330 -757.65195714 257.43212084
-118.93795000 -876.25200000 268.05173000
-37.51808713 -768.28877310 157.57259930
-27.23615833 -749.87420000 105.92964667
-34.78795032 -737.98102194 65.54109828
-32.27431798 -742.64063933 89.69703206
-33.04546000 -755.78938571 146.49200952
-22.52077370 -761.03151592 209.23806674
-64.87309813 -810.42659375 217.10167729
-34.50018168 -749.68354884 128.36817356
-40.27266506 -768.44816506 157.15692859
-62.30141849 -818.87710336 226.63431501
-21.55821371 -759.73192097 227.49709263
-49.60027375 -722.82250667 49.70610958
-51.01069468 -780.05278936 181.42748284
-20.07959831 -754.80295763 296.32950090
-15.07176667 -765.81040000 252.00886333
-15.42374200 -754.37813200 124.23325667
-33.45358780 -759.36517561 200.40272472
-97.35765138 -845.03334450 254.62313428
-31.75946525 -750.03973713 131.47333320
-19.59514938 -756.77777243 260.50713103
-25.76137762 -758.37065925 230.57061179
-8.16032222 -742.88895952 326.66429984
-31.87432558 -758.46402884 200.63409876
-32.19159027 -742.12143540 86.64255463
-157.78696592 -909.98785431 261.47863131
37.01273000 -795.70995000 154.05864667
-13.90068971 -755.38581471 278.71512957
-60.47016402 -787.68435854 201.54353264
-65.91962121 -825.67344848 231.93945879
-88.65230789 -851.73396352 250.86641700
-35.20153490 -737.59330885 62.33777531
-34.85072037 -761.06855648 200.49805006
-34.28482302 -750.13270959 131.59271261
-36.87056828 -751.68813348 134.29180526
-77.22440075 -834.01552649 238.29721346
-33.58030000 -759.38083333 228.83824667
-25.87901000 -758.30489125 251.54795104
-53.65358274 -779.16753453 185.15856898
-36.56823765 -737.65902176 56.45722431
-50.13848700 -733.36090650 55.54609667
-29.16774667 -750.66010000 105.87416667
-65.17268061 -813.34813946 220.17852762
-55.55022163 -791.05089952 194.64203693
-7.40481429 -747.62770000 322.44086095
-64.44045227 -819.13044242 226.39985841
-31.55985200 -759.03891000 227.70212067
-65.42027926 -823.76791757 230.64233401
-35.01958235 -731.50655000 32.37477020
-27.41230000 -767.74290000 208.05884667
-12.27276667 -762.09003333 267.79131333
-16.65178817 -754.67676812 278.31631608
-34.69944400 -735.44864400 52.32239067
-30.60539054 -756.40220946 188.21983180
-20.24653034 -756.75765899 263.44092813
-44.52879402 -767.07580398 161.38597117
2.32350652 -780.67271957 145.99242928
-65.44715000 -795.23182530 211.48571655
-28.97682979 -766.56032199 200.48122894
-29.88992000 -745.59742250 102.32295479
-148.49233598 -905.13738766 261.76092763
-22.08643072 -759.82667530 123.31912859
-66.02997986 -803.40968333 214.39746125
-52.46830086 -791.73691711 194.31047383
-72.77677439 -808.77522561 225.43653874
-15.38686667 -745.49093333 319.44734667
-88.77834423 -839.08056840 245.50423355
-47.11917500 -780.44766667 178.10758833
-25.56157883 -758.20935474 200.06950616
-27.20390000 -756.19040000 178.68201030
-52.90620176 -800.69091840 205.74803229
-55.19152705 -730.67811353 55.74884377
-35.15627466 -742.71010995 86.50962449
-36.86961250 -732.82872500 13.78284042
-148.12410682 -902.45083409 268.25027167
-13.78042981 -745.44811635 317.31968321
-23.50273460 -763.99261232 203.07554608
-33.89298333 -753.65075000 138.74193000
-33.69019657 -752.55456979 146.48428900
-81.14033519 -830.92452037 238.11483741
-21.03251000 -768.73638000 227.73906167
-61.93728470 -796.95555811 206.54483455
-36.41682857 -738.31218095 61.96846571
-15.85349348 -747.20978913 314.76783362
-43.66882692 -771.71881603 162.70047808
-42.94925833 -768.64483333 156.47485500
-38.36706228 -774.08452335 166.66178439
-35.43147377 -758.89421580 137.19347424
-32.82980571 -762.89390286 179.62844952
-40.62002576 -764.13553248 149.87269963
-49.53699688 -793.01557832 195.34624965
7.08067083 -776.08146535 144.13875346
-21.78862000 -767.91579200 221.27884267
-41.11587336 -728.01352152 51.28660917
-135.58812308 -894.19792308 264.32196205
-7.57982433 -770.26588047 137.42341977
-132.48737000 -891.23260500 266.14347167
-40.91742635 -774.05214358 166.73585038
-95.12377116 -848.05026907 251.06467225
-166.82499780 -910.85312379 260.19640173
-51.68123817 -781.70893070 183.36608377
-33.59559579 -759.08530421 230.55508772
-17.79400769 -753.63150000 286.73463128
-53.18664801 -802.09935309 207.22946113
-36.63269394 -737.12739242 53.25389667
-25.91569859 -758.52281784 260.38558516
-12.50280000 -740.82570000 328.41274667
-62.00182060 -808.95177576 215.36314449
-54.34713333 -780.81845000 186.86241333
-49.22670331 -732.73726728 54.55119189
-34.76151637 -746.00121735 104.42818791
-11.84710000 -756.21389130 128.90563797
-146.48608100 -901.13524600 266.83992867
-21.72611538 -760.39940231 124.72074436
-37.21458765 -754.77994444 131.38477012
-10.95427222 -757.67034952 281.60382686
-4.19912216 -734.68885619 350.27852141
-28.22835897 -767.13666923 203.44325863
-33.21715000 -756.40289286 151.66513952
-74.08460295 -830.59246635 235.54540444
-80.29843785 -821.06805584 236.27416749
-55.65758463 -798.07666713 202.59037367
-59.21762584 -797.38575011 203.00821304
-41.39665000 -765.70325000 150.79394667
-92.37747273 -858.89589394 255.41397394
-38.45170889 -729.11442444 51.05746444
-39.11928125 -757.71858646 142.60326750
-29.40798503 -754.13483425 161.49430307
-70.98733626 -822.31800165 229.17127139
-39.15360000 -777.72353158 171.71505719
-55.94693007 -807.82267727 213.65098443
-90.18798182 -842.69770909 247.10187394
-117.69612247 -876.07922360 263.56500959
-7.38154318 -739.61216114 335.45847146
-35.08972703 -733.69961588 47.38639092
-20.30346275 -761.07041651 227.80531676
-26.00960270 -758.15237027 209.38660342
-32.97134394 -759.77764848 209.27801333
-88.83330261 -848.10960682 248.38078556
-111.19870000 -882.55620000 261.33434667
-141.08761053 -897.71462632 268.65451509
-24.80565889 -764.91709000 200.53308722
-9.84358305 -738.68688475 334.32522802
-49.80257211 -790.34307298 191.87086870
-44.96442311 -770.32025000 163.80793379
-9.74737774 -754.89681551 293.38990012
-54.44868837 -777.18230465 185.96496992
-71.96155901 -805.85205901 223.48913052
-26.32793000 -757.52946875 191.16714292
-128.86437526 -886.18062165 268.60895491
-9.07239444 -744.37110000 321.57132444
-39.42439592 -729.99926327 14.49312830
-21.58432500 -756.78757500 289.51387167
-11.26997095 -758.31173412 128.67025950
-25.06910332 -764.26885545 197.58137700
-11.94352500 -762.62247500 271.44834667
-33.58595294 -759.16354198 194.53007180
-57.17166667 -789.13887083 196.21405917
-1.99784722 -732.08719167 362.64547722
-18.51850667 -753.22570000 293.82688000
-71.78525226 -809.08842129 223.79883183
-31.99138683 -758.26302244 197.41462374
-15.38542203 -763.64666780 247.70681446
-36.72838135 -736.58114683 50.54065659
-56.88147500 -791.11854324 196.63851390
-17.37300907 -761.44342200 242.48702490
-31.08960755 -759.15618679 224.74792969
-31.77060000 -738.73325000 65.73666667
-34.25812683 -738.32184146 68.31256618
-41.32381746 -759.05718889 151.74898476
-11.72272661 -753.12910847 290.81122368
-10.60752286 -740.54021000 329.55801952
-32.34542887 -758.16177993 194.08618329
-10.37987238 -769.51559207 137.27917327
-36.35450000 -752.21775000 123.81259667
-151.71369080 -904.90414253 267.39210529
-57.95770000 -795.60390000 198.68504667
-58.75284909 -804.82505272 210.64681429
-34.19887076 -741.20903743 83.13051684
-58.56013368 -794.17958055 200.49259784
-16.31099118 -749.84951824 305.49675137
-71.83648482 -835.16626518 237.31983417
-33.50366667 -759.92350000 171.49179111
-24.15347500 -761.47163833 195.24046500
-28.37718989 -749.52697640 104.67475566
-84.57178066 -830.10070494 240.74162486
-41.78361543 -782.47721254 179.18980229
-52.75089603 -794.20906562 197.56918100
-70.80638631 -820.71666128 227.75427105
-52.89391308 -795.38702996 199.16467409
-172.23221705 -910.55112614 259.22037508
-39.80020807 -760.93975435 143.99715101
-56.44215895 -728.26272105 55.30098807
-31.14543913 -747.67293696 113.85220319
-48.95606402 -778.83564139 176.77435224
-34.44802365 -761.01753818 188.50837876
-163.50012609 -908.93351542 261.49081505
6.04166500 -770.92188875 144.56849417
1.04273898 -778.65413942 143.97138030
-73.58272018 -829.15515286 234.55706233
-32.26868333 -739.37793529 71.68708588
-53.96085924 -782.61632989 187.47661732
-8.67064507 -746.50789577 317.60260723
-136.78316829 -899.09142558 261.26269296
-32.07735532 -746.18710000 107.49106582
-78.75149167 -837.81039500 240.77896667
-37.53507361 -761.66050138 143.57814986
-85.10270000 -840.79869487 243.89513385
-31.89667715 -750.83354488 137.56697622
-106.44390967 -863.34726435 257.57344667
-140.25584488 -898.71107867 262.75489625
-87.66461512 -828.00960698 242.84312109
-33.68597917 -744.45838333 100.30083833
-12.54554218 -760.27009728 269.37098272
9.28632113 -777.89533380 144.90263117
-53.11481728 -725.51812407 52.54435840
-158.47616557 -906.74706393 265.73247454
-101.98289167 -853.91208194 256.35696333
-83.91945714 -846.47942857 247.04882524
-44.12619057 -736.62284403 52.75989950
-32.06612766 -754.83339704 167.49049560
-33.65190381 -759.02352610 191.61994227
-36.37784730 -740.25413243 68.52106288
-32.24897457 -757.35618797 185.50203052
-43.47139133 -769.35924364 158.99221892
-155.61650000 -909.70007333 261.65625333
-42.75384370 -761.66581778 155.58739648
-11.35063351 -760.37404794 275.46193172
-19.74285158 -759.88043099 123.24152396
-38.32574138 -753.33706724 139.47812080
-6.95150370 -742.55970582 332.67787418
-145.83951188 -901.58137791 263.03934880
-49.93463864 -725.04443369 50.50323863
-51.84660409 -773.60815828 179.21920301
-50.47524015 -771.16378029 175.60466491
-28.71522506 -757.44409253 242.55004498
-34.87772318 -748.80693732 116.84099462
-25.90209956 -758.53822379 263.44348191
-37.90497612 -728.41516955 17.71172660
-55.50387427 -796.68913876 200.91020052
-29.89179205 -744.20985909 102.54145689
-88.91250023 -853.27230573 252.27489735
-68.41700139 -805.67918218 218.17672469
-20.77872098 -761.51562683 221.76159691
-31.36316289 -759.23950412 215.27920955
-36.55816875 -753.76949375 126.31165292
-36.05834231 -742.30972692 77.54695532
-75.93944895 -815.12569790 230.91222988
-33.40420000 -756.69907308 155.96035436
-34.40017031 -746.77711591 110.33318277
-6.91082578 -736.55922691 341.35820757
-9.61678636 -757.18436970 290.25488303
-15.95275349 -753.36002791 285.28096295
36.40545173 -794.28334745 152.46458231
-18.81340022 -755.13773444 119.03745800
-33.56444432 -758.17444896 173.75629609
-33.72494490 -754.05046020 140.64984463
-33.84144792 -762.89038333 185.79103417
-97.79615490 -859.84118745 253.91087490
-55.50365694 -792.72927639 195.67667028
-95.01591600 -859.61455200 254.58932800
-47.35211241 -773.05450457 170.51815408
-61.38168333 -799.81393853 206.63729189
-1.79120597 -731.36694179 368.73674517
-22.91891098 -766.67784756 212.53221618
-59.79189260 -787.77089550 200.28425969
-35.38620855 -745.35255036 98.56128703
-18.41740000 -759.55290000 244.27428000
-137.27923038 -901.21015188 260.95645008
-29.08909161 -765.97767548 197.58791634
-31.98825117 -757.66761953 191.45683133
-96.44818571 -845.85878571 252.88553952
-32.09150034 -743.30066837 92.71082320
-52.30571854 -792.80580028 195.63142335
28.82825639 -785.48729624 151.56995043
-21.20129412 -762.21564118 216.31193490
-59.00633741 -806.25157445 212.27535277
-33.54357939 -757.01974122 158.66881537
-85.76115304 -833.12378660 242.24306130
-56.45252284 -781.97447706 191.46900274
-39.44425918 -729.02823265 14.21566503
-27.79834314 -754.67592341 113.24941590
-25.75001047 -758.57221163 224.74016702
13.18901788 -779.01559556 145.85528672
-23.49691212 -766.41240455 209.68391030
-112.01286408 -872.38295493 258.64363399
-14.05417273 -744.86873333 319.70944061
-14.73800909 -765.62283636 253.69940121
-33.51723485 -759.24683939 197.32396788
-65.98431389 -826.10713056 232.21945222
-36.01608286 -741.88265714 71.65946095
-57.14840435 -782.57287283 193.29839014
-8.39536667 -751.39056889 308.53590667
-36.07154800 -768.22688800 157.85516267
-20.46251128 -761.41038323 224.47392350
-143.28926237 -899.08588885 266.53808813
-132.56664211 -894.14969474 261.82140456
-21.66032014 -763.85160139 212.56091056
-33.55949715 -757.49820658 167.60324754
29.38733600 -786.69116800 151.69050267
-17.89726926 -754.88726554 120.30968552
2.58743333 -768.88703333 142.12714667
-24.16185000 -768.53735000 216.43864667
-55.10084328 -781.89131344 188.89062223
-63.24035556 -794.79842222 208.10016889
-40.28220977 -763.08375000 146.92863805
-91.70316704 -835.86824869 248.36185528
-36.00585072 -739.40057536 65.68127130
-40.05230000 -762.61268571 144.82683238
-47.01260411 -722.97263792 49.49501333
-37.51816484 -755.08107692 134.51065656
-33.99287248 -747.10466086 113.39498459
-15.48302754 -756.65258261 268.55542203
-44.29244610 -777.25674681 172.42232326
-22.22457077 -763.98959308 209.43043051
-31.74767820 -756.03138582 179.21325627
-10.70542281 -745.31583509 317.34678088
-22.78936539 -758.91643775 227.81278981
-32.79443199 -757.12910881 179.76757215
-37.72099818 -752.65167455 137.52039167
-33.10017802 -756.95417716 173.85463934
-38.36860754 -730.50128574 23.67324109
-12.59960000 -741.27460000 327.52604667
-63.53077557 -802.84255625 210.63076314
-118.77237006 -883.96008635 260.37609351
-105.54281047 -860.41902326 258.45510946
-23.76171951 -768.64718049 218.67621008
-34.43600570 -759.88565014 138.20090877
-58.87222405 -811.53224707 218.56124579
-35.05426243 -739.47450028 71.68758452
-36.52995000 -738.60395000 54.37199667
-35.74225283 -735.65288679 51.31256931
-172.60698861 -911.60978423 258.42349972
-101.69724725 -851.10878498 256.48981443
-67.85785700 -817.79879205 224.75124744
-39.32153333 -759.40061667 141.40814667
-88.89257363 -854.63499505 253.68201810
-34.67746005 -748.94473472 119.36763741
-13.40727474 -754.12477113 284.32209048
-38.31556226 -732.91693585 23.81351270
-35.26804194 -731.96856452 35.49238215
-18.36890000 -767.99610000 238.10329667
-31.92107668 -758.94354052 206.24191751
-51.33930000 -726.67405000 51.88289667
-33.76666870 -754.36712786 149.56631003
-52.91465902 -776.04335533 182.36105896
-78.76407897 -823.83793037 234.55971816
-36.99594000 -735.64480000 48.64714667
-33.31685000 -757.75125000 235.58864667
-109.67096496 -878.02520219 259.76384448
-49.31587974 -727.70783872 51.63629179
-25.94612111 -758.02209639 242.36899250
-129.37008333 -888.38196667 264.78468000
-22.78989607 -757.82760983 119.47015921
-43.43702791 -733.17359451 51.24972557
-13.67220445 -763.02174247 128.88704941
-32.86938723 -758.83833475 164.34347007
-52.94071785 -732.06582475 55.65396411
-30.54122241 -750.65031724 132.52429839
-102.62737143 -873.28868571 259.07851810
-46.93763147 -788.29176010 188.43167058
-33.85040377 -759.88490000 227.37806176
-46.13116867 -766.75404458 164.63382532
-34.38646385 -756.78067231 132.54422513
-94.15970714 -861.04220357 256.53143595
-62.77800431 -799.97672769 208.76548990
-33.34590000 -762.59675000 178.68779667
-22.87145274 -749.50998991 113.38660601
-57.35572174 -725.40636522 54.61503362
-16.53103256 -748.68052791 311.40526876
-67.34697933 -797.87327133 214.53631567
-102.50688333 -857.34916667 255.75376333
-47.26251696 -731.70475783 52.79972609
-49.42148329 -788.01852002 188.70399296
-34.99473333 -748.14035000 102.16294667
-14.67409899 -763.70980338 251.81242437
-73.34213574 -835.19796708 237.70435952
-23.47728632 -761.25633660 200.73648327
-34.64762011 -743.43857211 92.62564344
-52.14823120 -732.77390940 55.98937599
-47.46540154 -776.52629209 172.97551172
-40.95687620 -733.48367666 50.19569195
-77.00567817 -824.21775780 232.98221639
-39.14371512 -755.44103488 142.66625481
-71.05963403 -827.06805138 232.85938111
-20.65501029 -766.48509118 221.86435108
-26.14597037 -763.72603704 192.21888370
-98.25430040 -862.43472016 255.36129884
-33.83356000 -729.79220000 17.50923333
-53.99591311 -806.09176393 211.51301880
2.88334416 -770.56398831 141.86402459
-50.25728788 -779.03372675 179.44748000
-15.70487260 -766.26565068 248.64376584
-37.66582000 -756.68860000 132.78846667
-38.46356055 -727.90524862 14.49151180
-38.12537632 -731.31350263 14.20591246
-13.53275176 -748.70083844 305.93608209
-13.58558860 -749.42159373 302.74742416
-33.45629121 -760.02712198 174.27767194
-52.12436373 -724.31764136 51.04874497
-10.76550263 -741.32171842 327.53192561
-56.10066189 -727.80750688 53.59743521
-17.84995639 -761.70904722 239.59019389
-24.37221875 -759.64395000 198.05405917
-67.85468088 -824.01174579 230.54704010
-56.15875152 -780.18722727 190.53262848
-35.27711380 -763.83907448 146.35257961
31.83658462 -795.70364923 150.55589897
-76.81126784 -827.10579443 233.89295473
-4.93594315 -760.80571696 133.63115024
-54.77649268 -730.01586098 54.27266130
-43.81019472 -728.04381667 50.97891267
-31.75690278 -757.63253896 236.28182006
-14.68596923 -747.72161923 310.60289282
-67.83199237 -822.36591356 229.12874582
-9.28330000 -741.50200000 327.76184667
-73.66872936 -827.12610389 233.20390282
-13.79082638 -748.20692945 308.03983685
-32.71361312 -758.55989729 161.40628060
-124.83353198 -890.07859147 260.82820146
-39.34178095 -730.13697619 17.61907048
-39.17764545 -730.58044909 18.00800121
-58.26343333 -783.44953333 196.03058000
-59.30055197 -791.12415293 200.45605823
-38.28853624 -733.31991141 49.47019969
-34.33285253 -760.69078018 218.39604897
-16.94147434 -758.35443859 254.41257616
-25.50367857 -768.36954643 212.39154488
-110.28205309 -865.88971296 263.28494049
-21.47897000 -768.31835000 223.80683667
-48.69566040 -775.36067379 174.43076034
-32.22608185 -745.60809778 104.53956926
-8.52660690 -753.87167586 302.44067080
-1.85347267 -775.96322125 141.34797135
-4.96719031 -771.91559229 138.77997927
-26.19846735 -747.16853469 109.77118544
-47.82206862 -794.23823081 197.22511842
-45.63450840 -769.86705882 165.23917020
-14.19313518 -758.19248429 266.83226863
-70.88165403 -803.82118490 220.89795103
-36.08210000 -732.40890000 14.01574667
-36.19168000 -732.89654000 14.16182667
-24.52649474 -758.59853684 277.77443088
-31.69392702 -755.46026337 173.50937734
-33.65226090 -747.36218571 115.94265118
-58.60871222 -799.36156228 204.28910176
-13.30830800 -744.09020743 321.13608667
-37.71432915 -729.02217147 20.57602002
-38.97239121 -730.69316725 20.82917744
-2.94589038 -763.32263462 135.74621205
-36.76428571 -734.94250714 48.38690381
-111.41316364 -867.36440000 264.09247394
25.95440400 -786.87561200 148.31344667
-1.03016000 -729.96654000 373.83322000
-94.41210000 -857.78295425 253.44971035
-87.03310909 -853.52919091 253.21633758
-39.36687273 -730.33240909 20.35767394
-25.80892184 -758.22477130 233.30107428
-35.60994262 -727.95432623 17.23576962
-58.78170879 -785.37546431 197.30775236
-34.96655946 -727.93483243 14.71884667
-153.73673077 -906.37310769 261.96419282
-9.16294000 -753.06803333 300.29182000
-22.01349333 -760.85917490 215.50181333
-28.80602930 -745.58010630 104.49464231
-38.39009200 -733.00750400 25.91986667
-71.14469513 -832.86848552 236.18616823
0.36108416 -774.98326238 141.79237290
-9.18270000 -750.36332000 306.07758667
-56.18325620 -806.42875127 212.08963750
-132.58402941 -891.28661176 269.17958784
-9.30940000 -753.52080000 298.54344667
-33.44227826 -762.90586522 182.94769884
-19.60440320 -760.75949701 233.46214752
-36.41360000 -750.48080000 133.39364667
-32.87046154 -761.73269487 176.29552744
-32.03696338 -752.65353580 152.51775207
-33.58305641 -750.39253462 133.97775179
-34.48670342 -760.91000520 191.89117886
-38.33738000 -732.64068000 21.41196667
-65.38985542 -799.83351133 212.37285383
-61.71370000 -810.54430000 217.01274667
-50.21467030 -728.52320788 52.35173697
-43.71006273 -770.46895480 161.66241613
-35.59513419 -750.84942065 119.97059441
-31.96461156 -752.27560837 149.55155592
-10.43512791 -754.69088151 290.61631105
-109.98409694 -875.09054490 258.53706631
-24.93177462 -758.63765692 275.21401513
-19.16679174 -760.51819041 236.67799708
-11.88773103 -756.14523161 281.58978690
-101.63662258 -864.97176613 255.87581763
-34.89454731 -740.41894859 77.40344232
-31.84870274 -759.98845616 164.75848913
-20.45432395 -755.30298000 116.97280543
-13.73971695 -762.20030508 127.44616362
-36.34021077 -740.68948923 71.39975590
-37.11088955 -729.34463955 22.67554816
-35.57698400 -762.62091200 200.33194667
-16.43281000 -747.85239500 313.98905917
-23.19855263 -757.98067018 281.45603088
-63.98662903 -807.67446774 213.85063215
-38.10826901 -730.89837521 26.34892667
-157.61275057 -908.62147267 261.65947449
-26.10230070 -767.38295352 206.57209737
-27.71441167 -767.62367500 206.33358500
-43.79122170 -731.15100715 50.91297382
-42.21270690 -763.99256092 154.32686046
-33.03985000 -747.43421429 124.40487881
-56.24471616 -725.08063030 53.61915576
-32.73573286 -753.80660371 158.84502667
-39.54691007 -755.63595180 144.03766537
-14.03125854 -757.76796961 269.41917622
-19.22465480 -766.85968320 230.61268827
-55.69763451 -722.48390557 54.37959954
-43.47694523 -767.11244573 158.54855856
-97.24876961 -863.41586716 256.70679225
-57.29560000 -723.50490000 54.63094667
-19.18165000 -753.42403000 300.68276667
-80.25239903 -823.86541453 236.07884453
-57.48604419 -725.84533721 55.36437922
-99.61220000 -869.00520000 259.03339667
-22.97313158 -768.83059737 221.37219798
-25.69091204 -758.54836111 218.48427815
-31.94969037 -753.94828021 161.58623355
-57.11583947 -725.04204737 55.19814930
-124.70881019 -884.02024753 263.59536488
-27.69400455 -758.83968273 263.70243303
-70.00550242 -812.08522000 222.07393030
-36.50123171 -738.05904390 59.35647228
-110.19167908 -880.44933571 260.86715636
-79.79058707 -839.19246589 241.82356893
-46.76154571 -770.21644524 167.64061825
-28.82308770 -756.06289385 182.54054421
-24.93161572 -749.05610042 110.81468352
-28.80461356 -758.13460847 251.50834780
-35.68701489 -744.97454255 89.51789135
-29.09367154 -755.03166259 170.43191005
-35.32825327 -737.11694860 59.47889433
-4.34204074 -735.61746296 355.46413185
-32.16796279 -738.91607674 68.82141876
-52.46974211 -722.92859398 50.91262900
-32.72462448 -757.38094351 182.11575503
-34.83072709 -735.25329920 50.50250364
-112.26945392 -875.09413605 258.74308084
-12.36736250 -759.77266250 271.34271542
-74.62622727 -825.34879205 232.14847621
-47.87169664 -770.29325973 169.68091781
-53.84205070 -722.12215446 53.64873258
-73.75679082 -815.02009082 227.46740483
-46.62042139 -790.60776193 191.65138740
-22.73019545 -757.88884416 248.53565965
-33.07929333 -758.76626889 167.33296444
-49.62647947 -731.36213147 53.43447761
-41.63939381 -726.05745361 50.81140337
-31.39618354 -753.45222439 160.55289789
-79.59676250 -818.36489712 235.95653801
-23.42178437 -759.18865000 212.53974979
-46.58576495 -724.99229363 50.02637909
-52.51120745 -731.02103725 53.90044753
-5.59317841 -736.89160166 344.36216162
-34.57020790 -746.35747245 107.38186593
-26.10001384 -758.67770660 266.63218881
-35.92741076 -742.44336853 80.71301997
-46.91288950 -727.95821105 51.19125247
-50.98387727 -732.41834545 55.14603985
-46.22505598 -730.41870729 51.39785512
-29.74815629 -752.30916026 143.40904932
-35.47325000 -744.62365000 84.69364667
-97.07141196 -851.10423000 252.26411490
-52.78338868 -790.15242830 192.23525964
-32.98099873 -756.89941013 152.60931882
-45.11131304 -723.38142609 49.47725101
-44.00770246 -725.16746004 50.31273682
-52.49092795 -798.06284732 202.63840883
-46.65810820 -733.22065164 53.42865425
-47.92723333 -734.65958788 55.32233455
-34.55127707 -743.87473838 95.34557437
-50.88856279 -799.00447895 204.03265102
-47.35128667 -735.67180000 55.19995333
-91.84633889 -838.93801556 248.54252056
-34.09585841 -744.23732360 98.26040714
-46.06193571 -736.10351571 54.36101952
-8.18065106 -751.02506596 311.47689986
-40.78984560 -731.28212560 50.41826864
-37.94167797 -731.54597669 49.80524215
-31.45088716 -759.00300183 209.51928520
-36.09813333 -731.64362083 49.39904250
-31.05445839 -756.15995182 182.47522696
-116.56449171 -874.74911547 263.15573727
-35.06238267 -735.91512058 53.54050948
-35.09375870 -736.50059863 56.48862005
-31.23265657 -764.09208227 191.41080503
-33.52412308 -741.43365385 85.44655436
-23.58579655 -759.25702069 209.73110529
-36.53848462 -738.85973077 56.64720628
-36.53233667 -739.06297000 59.39373000
-63.72429048 -804.94154762 210.56140857
-111.23653333 -867.63706667 262.36998000
-36.22410000 -739.86775000 59.76674667
-36.48787745 -739.24942255 62.52331725
-31.99720095 -753.03147482 155.50364917
-36.12950667 -739.73614000 63.05256000
-34.74647152 -760.92148391 203.62069058
-33.44659603 -756.06159139 167.31359170
-16.95654700 -751.82714600 296.19883967
-36.41520541 -739.68769459 65.68378045
-35.55902228 -739.31916467 68.69027384
-18.56638182 -767.82404848 236.45106182
-32.27180235 -743.72591279 95.48646651
-72.28620000 -816.44790000 226.01574667
-18.38505000 -753.43825000 291.33439667
-21.72953731 -759.94584925 224.33470114
-57.78450764 -784.74059607 194.89261402
-35.88358000 -741.69954000 69.39838667
-33.81060000 -738.38506667 70.55064667
-118.87541675 -887.15382775 260.64368492
-35.21496464 -740.09824535 74.51960944
-93.96894787 -839.37241277 251.31514773
-110.83362574 -868.37359307 259.86088330
-24.00628345 -763.00134101 197.88347185
-12.47108667 -756.75900444 277.71428444
-36.06053280 -742.13148960 74.71332107
-29.54978666 -755.15215055 173.34235232
-114.21120000 -885.66440000 261.13744667
-34.65043137 -740.88772129 80.47893406
-23.82067692 -761.34279808 197.84465917
-56.33370908 -788.17989478 194.20965724
-35.55787595 -742.43294227 83.50226316
-35.64142000 -744.77945600 86.96817067
-23.64594842 -763.48617621 200.88318140
-12.79378156 -757.30631434 275.08412945
-34.87441034 -743.04210223 89.50102935
-35.70952209 -745.19429419 92.81288504
-38.64589623 -754.69706946 140.66842784
-35.64810966 -745.26204586 95.55059977
-32.47430280 -744.19904930 98.39751310
-106.91720316 -866.01497646 256.88870807
-9.39837500 -750.67607500 304.46934667
-34.88790000 -745.50188729 101.48801186
-98.27737492 -848.23689322 254.27030548
-33.40821250 -749.01076250 99.68697167
-49.58930910 -770.49516519 173.26520129
-25.68732706 -758.71081529 269.51998235
-31.20910538 -744.26745054 101.18230688
-31.81296232 -745.04812290 101.49946087
-23.22167656 -760.92645500 203.47620667
-35.50499722 -747.77645000 104.88210222
-33.14286032 -753.74173333 156.12296889
-32.50136176 -749.81536250 101.11036873
-19.95308061 -758.60028673 242.69769871
-14.25315232 -761.03097065 257.74322780
-103.61151429 -864.99917143 255.82128552
-32.57398431 -750.87871373 102.18668784
-35.49767838 -748.02161532 107.59621604
34.06472169 -795.68520361 152.34411414
-31.56754545 -751.41991576 104.50776424
-50.23221554 -782.33449110 181.96237302
-31.51132500 -750.39902500 103.22913417
-31.85025678 -758.73751658 230.58293360
-29.29508000 -744.36494800 103.38397067
-54.72976257 -789.99033743 192.53356889
-17.14264243 -763.84839838 239.47815234
-35.37504746 -748.23804348 110.64811080
-108.59661594 -864.06098551 261.18456116
-84.44675185 -831.87072222 240.93071704
-72.62406311 -806.97304078 225.08805735
-14.27501136 -755.86966923 275.71253348
-30.87825631 -752.27277573 106.96475346
-32.38148182 -746.57372182 110.49645830
-34.68315539 -760.97539689 206.67994539
-25.33111920 -758.66486000 272.42408347
-137.36234308 -895.34707077 266.13526821
-31.98718723 -749.13755058 125.57921516
-139.61517168 -896.82844956 266.28368295
-35.16676062 -748.51512776 113.72173873
-79.60971248 -841.87919052 243.22686736
-84.85120701 -826.79996242 240.55123478
-28.13580718 -751.35781243 107.38719915
-74.89157961 -818.37628092 229.47140127
-37.44760000 -759.57176000 138.97140667
-130.83134735 -896.01020720 260.96370197
-43.79986181 -782.45739653 179.47764159
-30.77652632 -763.51724737 186.05427298
-27.68876818 -746.24568273 106.95207030
-32.39359387 -747.03983313 113.37591906
-30.40326667 -753.05673333 109.15434667
-44.14684358 -785.95497809 184.71889982
-40.24816447 -767.62858194 155.63461030
6.95939326 -770.17743457 145.98914188
2.15176205 -779.89336084 145.40559606
-31.69416817 -758.18658173 233.60429921
-100.19032172 -851.37596158 255.14094571
-46.07646596 -780.65881915 177.80034454
-86.17875100 -827.28459927 241.59932180
-28.47983756 -753.00808832 110.21178829
-27.06883929 -746.82816190 108.25280976
-35.83250179 -767.40009018 155.34061988
-25.62679051 -758.50108066 227.67485141
-175.47591357 -913.11373167 256.60507020
-28.68862234 -753.82920863 111.41327560
-97.88838660 -857.83071649 253.18334667
-131.34107273 -898.11887143 260.84750771
-35.28068387 -750.62444194 117.31842731
-66.64965042 -808.86571513 216.52283406
-32.88143232 -747.25546566 115.84915980
-31.81168413 -747.87968136 117.12077312
-33.09040000 -747.47605000 118.38514667
-48.72647159 -769.75076364 171.07528530
-31.81321348 -748.26525180 119.63389783
-61.82671766 -811.68825265 218.54295579
-107.29476016 -877.58655625 259.93492167
-24.00969759 -759.16050482 206.57651534
-35.86610215 -751.17317305 122.61558983
-142.57333194 -902.21662909 261.55977495
-34.62452909 -748.96253091 122.70566278
-31.95863853 -748.42516125 122.33440331
-41.53270191 -781.08996993 177.03898963
-52.22208368 -784.81982423 186.01311935
-32.80740440 -747.34885879 123.06097414
3.47953187 -767.66939482 144.04368133
-51.79127388 -775.84161406 179.99424667
-42.43789500 -766.23272250 153.44656417
-34.55602054 -748.94141054 125.26794438
-35.96687359 -751.43743887 125.36379474
-68.68460804 -803.24794576 217.79305180
-52.67671479 -796.65560316 200.80126270
-93.76797654 -850.19714074 249.88584667
-36.41548812 -752.71096040 125.82907340
-36.55931694 -752.62558710 128.43629828
-39.47729951 -758.16350534 144.04710104
-36.96092658 -754.23577975 128.81084034
-74.51956603 -838.49836027 239.56426393
-89.02525196 -833.03655753 245.07401700
-33.33270000 -747.48436667 125.06161333
-35.78273947 -751.06819408 128.42425785
-36.60224405 -752.12910655 131.63860381
-69.61143385 -814.82983231 222.46078897
-34.68434518 -750.83241726 131.79568017
-48.48308235 -772.01719804 171.71738588
-130.56411912 -893.34716728 261.45832828
19.26858957 -788.08466074 146.41948624
-37.53041939 -757.32250000 134.99036707
-53.37543535 -803.39267054 208.59837421
-62.88070888 -820.20340093 227.86882657
-31.43220650 -749.68817696 128.64923515
-33.89232807 -751.00545117 134.94777064
-37.90753750 -755.06896196 137.42856623
-135.91612830 -897.11374528 261.78203157
-37.42831318 -758.48988447 137.83324149
-18.46042479 -763.75641345 232.71296894
-34.80891475 -761.13658284 197.04104305
-4.73934653 -770.32432700 137.70062989
-32.37630290 -750.30094420 134.32030509
-38.64493682 -758.23002762 140.31298307
-28.98803235 -764.17888725 188.64394176
-31.00325521 -750.78626875 134.79136708
-33.84687019 -751.47872954 137.54224978
-37.19083800 -760.15362899 140.54768597
-100.67071691 -866.18066533 256.85696415
-39.47298824 -760.16810294 141.37609373
-33.06956744 -755.32709070 143.66845597
-32.43946234 -750.45345714 136.50225706
-19.50354579 -757.18727003 254.47754364
-13.17438239 -743.13934886 323.55091996
-33.83338382 -751.96521909 140.38943793
-64.35951415 -809.31015393 215.84080782
-31.85606706 -751.23792551 140.53336599
-83.64140435 -849.68800000 249.84933580
-103.81510631 -871.98946607 258.26072054
-103.82430000 -866.50895764 256.31333924
-39.96260851 -756.11251702 145.70414560
-19.63022353 -754.66945588 290.81729667
-4.87032270 -736.42457297 347.38902883
-40.76765448 -769.26488625 158.67376795
-40.05725395 -757.92756808 146.53938339
-49.87577518 -785.44248759 185.42138678
-40.22237302 -761.39452786 146.49040429
-57.90679053 -790.74691270 198.08636491
-33.13131111 -754.92620000 141.54112444
-95.00615850 -856.55102585 252.62601027
-7.42163636 -768.64255818 135.90136121
-86.67227786 -852.76363282 252.54695354
-33.75445345 -752.27263777 143.52135896
-29.41376000 -763.53543625 185.66831417
-8.29369515 -745.90644337 320.38609233
-33.73347032 -754.26653032 143.60259763
-31.86041731 -751.55675604 143.51666223
-40.73727767 -758.32308633 149.31819567
-40.92847323 -761.36869046 149.61277374
-69.06036000 -800.67541926 217.29748889
-33.75074505 -754.42689341 146.50187744
-22.87008286 -757.44715095 275.31373238
-32.97295768 -757.05668548 176.55998277
-32.02160937 -751.93543390 146.58532907
-41.73574694 -761.48437096 152.53617021
-104.85417407 -854.32272099 259.33117383
-41.34282779 -764.21443776 152.26193247
-18.81389231 -756.38572692 263.62117167
-88.63928526 -835.91643304 245.04935696
-34.44278075 -760.71186417 215.44749961
-36.97384691 -733.73381852 44.15469235
-40.41661645 -766.07303886 152.71902687
-49.14298571 -780.67532857 177.76377524
-42.31600000 -765.41143333 153.69651333
-8.97410606 -747.16684545 314.91303152
22.12789405 -785.26527584 147.36114481
-33.58661854 -752.90859513 149.31623000
-28.88677327 -757.80979214 236.41144824
-42.70607265 -763.94247974 155.68819609
-42.75936436 -766.72881127 155.73897358
-33.07366667 -756.22459667 149.36301667
-11.15391990 -747.09389634 311.50008070
-18.35920000 -762.01500000 130.12916333
-18.79681024 -763.86732440 230.64234803
-32.81535882 -756.70901765 150.18414078
-43.66692747 -762.06347527 158.06469804
-43.81824029 -763.92387620 158.60082798
-13.51229178 -747.05690639 311.66615215
-33.47751077 -753.24567769 152.28992513
-33.64100389 -754.79554439 152.65020502
-14.07162683 -764.78916179 133.88873041
-25.74289475 -754.33079375 113.28905762
-44.80593864 -764.20461538 161.04029044
-13.09401679 -766.27579542 135.17536346
-22.79660329 -763.98062237 206.44057298
-45.45147055 -764.66980753 162.54317680
-22.99270228 -758.95301644 224.55924347
-72.89100000 -807.41200000 226.06324667
-2.38837778 -732.83282222 361.58203556
-13.65961753 -750.89578505 296.30794615
-99.40058333 -856.75331667 252.96234667
-33.56846304 -754.65471159 155.52180633
-33.30560000 -756.55380000 153.62274667
-12.65014186 -767.68900000 136.41420016
-19.81602727 -768.58892727 232.78592848
-45.42232121 -766.01645152 162.78149212
-46.06530466 -765.01204958 164.09866319
-32.99195738 -757.38220656 155.59554011
-45.15761842 -767.94063158 163.31552035
-22.57748154 -759.09153808 121.77818897
-43.70918941 -772.51283686 164.51544307
-45.54198041 -772.33129691 165.12636625
-7.56697164 -747.93068955 320.80188697
-7.69889767 -767.36484919 134.65609228
-47.35526168 -767.36200571 167.43937961
-13.69956396 -751.60631083 293.23963292
-21.49569189 -749.96861486 115.18624532
-33.58531928 -755.02286219 158.38900470
-31.66578941 -757.21784045 188.88591420
-66.60802547 -797.38986005 213.52877053
-31.59911453 -753.29753169 158.43956527
-32.84094242 -758.02738485 158.65083354
-11.28031540 -763.10597833 128.98980359
-20.19822941 -763.90046742 221.68367246
-46.15569051 -772.91644774 167.70473967
-54.49791047 -778.85849477 186.55685946
-48.12443604 -767.92442883 169.41964396
-82.86627986 -842.73658194 244.50231125
-19.72134503 -763.92127384 224.48324501
-45.79320357 -774.88064541 168.58107932
-5.11112111 -767.05842529 135.26975154
-98.40429494 -865.91438933 258.08178880
-13.56568465 -752.39817192 290.35691414
13.43926899 -787.29947907 147.02349085
-33.52876728 -755.51077532 161.46025672
-13.92602059 -760.85308465 260.10132723
-33.53947213 -757.18134425 161.60812228
-56.01148068 -803.42988736 208.83891739
-34.55148627 -760.87625248 194.63749567
-6.01470000 -768.55520000 135.96314667
-57.55197399 -793.81337861 198.51058886
-4.11868708 -767.74907990 136.21946485
-33.13061111 -762.20224444 178.99631889
-46.53700073 -775.69693188 170.59114019
-7.93603805 -771.72460842 138.77459145
-7.42705637 -772.69458143 139.40721924
-67.07596285 -812.08818427 219.06996339
-49.10501538 -773.16617791 173.66268941
-48.06776324 -773.83072000 172.40410450
-31.80595023 -754.32216812 164.53328550
-14.49392846 -758.60134538 263.64196936
-13.92905313 -752.97088120 287.74123822
-99.59540000 -864.35857143 256.10924667
-112.33919595 -876.86722297 258.91815748
-33.48022469 -755.85977778 164.36353514
-81.74901053 -846.58560000 246.93982035
-33.56997116 -757.37687273 164.47293131
-44.37182584 -786.99265134 186.27576311
-2.00416820 -770.00278251 138.39994730
-30.62665000 -756.43315000 190.48007167
-4.62519241 -773.39814326 139.71160492
-48.52249487 -778.17818974 174.41337103
-46.95018012 -777.99108945 174.15273024
-7.89989035 -737.74187029 337.89100564
-74.13974550 -811.60933815 227.84588340
-31.79407000 -759.65487000 162.47899667
-89.04897152 -830.77909371 244.61381720
-3.09444167 -771.63424167 138.96355500
-50.64155396 -772.94895175 176.40502591
-49.78676773 -775.74016334 176.50028600
-4.40698898 -775.46665034 140.64441904
-1.73973468 -773.21055885 140.22747043
-0.84982072 -770.46244910 139.23449081
-51.38451184 -772.66883289 177.78258614
-60.46662500 -790.16875000 201.89727167
-51.22883333 -773.91167778 178.15748000
-50.85755147 -776.58092686 178.77900784
-8.54112400 -740.96316300 329.98739767
-44.84247018 -783.42320702 181.12235719
-32.09738870 -760.34062696 167.54085971
-22.78854451 -757.56127967 263.56186260
-28.90941939 -758.13990663 209.39527728
1.22676779 -770.11561124 140.53700857
-49.48016019 -781.47439411 179.92298488
1.13774381 -772.98460155 141.10830177
-93.61871485 -848.29508119 249.72739518
-2.33103409 -777.83628523 141.78091144
-127.66548266 -890.28798985 261.46081242
-22.25301406 -767.46774375 218.21468729
-52.74688684 -774.35688947 181.41433351
-51.54924196 -777.90745000 180.64942256
-52.22545000 -778.88352059 182.51358958
-49.78482749 -789.23051240 190.39720543
-8.94115254 -749.73572034 308.79562463
-1.12513461 -778.20725414 142.47421333
-118.83067064 -881.06283840 260.51423517
-29.16376667 -756.49700833 190.31158833
-21.41324667 -764.22658222 214.71042000
-0.64209464 -777.02730714 142.24804190
-18.95658214 -752.85535357 302.21123238
-149.18979694 -903.93690393 262.26586457
-64.26470338 -805.80270277 212.73136313
-32.11616237 -755.28655554 170.38057314
-19.53476658 -758.42297421 245.49973930
7.20727883 -778.11682703 144.77336559
-33.19824868 -757.21861711 170.59105851
-33.58560633 -757.69392626 170.41713009
1.25070676 -776.11099017 142.67264283
-32.36970000 -760.73810000 170.61471304
-60.94355581 -793.90167626 204.02824667
-53.92153846 -776.80122028 184.79233688
-36.18830000 -770.32480000 161.55604667
-29.17772170 -765.32913113 194.28994950
-49.81349687 -783.97549592 183.36861751
-154.38004094 -905.87187717 266.96671045
-16.47808093 -757.04806403 263.30406220
-17.70643500 -750.91004750 305.77689667
-163.55600881 -907.96132254 263.08568242
-52.75506304 -782.32984422 185.44210729
-51.61922821 -784.03755385 183.64460051
4.19722048 -779.61288161 145.86073919
-29.05219903 -764.77683398 191.39378356
3.04010783 -772.78066084 141.82606474
-32.45180588 -737.76360588 62.62657608
-28.69183333 -757.88695632 206.64088000
4.47051815 -773.19431184 142.77974537
-30.76272391 -756.31676087 185.45693145
-131.20912275 -889.60628730 269.04535460
-149.83568696 -903.78856739 267.79426406
-37.86679545 -771.38363409 163.18597167
2.32243676 -774.24074706 142.11821137
4.20865965 -770.16873353 143.26673902
3.95400314 -775.66567464 143.19581671
-55.25626703 -779.40066326 188.33597122
-32.56736777 -761.30628471 173.59118427
4.10032260 -778.07444183 144.64604811
-53.59484322 -784.87397045 188.14536675
-52.83782768 -787.46122132 188.91199056
-54.56690265 -784.77273068 189.52006702
-22.62281408 -757.32308190 272.57787310
-33.68821932 -758.55075012 179.67425498
6.56648245 -773.04784399 144.07045676
-55.51638920 -785.31350966 191.30966722
-33.19400000 -732.71720000 33.00144667
-55.14060619 -787.69547075 192.03049489
-115.08320556 -872.60701944 266.23311333
-53.23932915 -788.63436255 190.67886790
-77.27911227 -815.29741350 233.17473194
-33.63062443 -758.31055491 176.48890057
-12.17427021 -761.53773191 269.92457752
-156.88766442 -906.22710385 263.65741974
-33.60386667 -760.31265333 176.78088333
-56.94123574 -785.22941234 193.61992369
-38.41223306 -765.41795785 151.20920369
-31.39914767 -755.59273321 176.49775656
-21.18110000 -756.52440000 274.80374667
-121.11639630 -881.66334722 261.25456333
-31.47909091 -762.58713636 173.52514667
-149.43923333 -907.12512204 261.77387247
-32.20610968 -762.82831290 176.71753054
-57.53649733 -787.30525600 195.59455467
-58.39691933 -787.92700844 197.52621521
-24.83540545 -768.60076909 215.27017758
-33.80448889 -760.72547111 179.56867389
-73.43751537 -818.24179610 227.76479642
-55.94236602 -793.92074126 197.64430065
-59.71660348 -786.03631217 199.56806493
-24.42995227 -761.78082727 193.87434894
-58.24318728 -796.56216583 201.15563764
-32.71155000 -759.76795417 215.57562333
-33.70652218 -758.69067909 182.51717576
-34.03685910 -760.51279974 182.69261685
-31.63170769 -762.93741026 182.69251077
-25.43480435 -768.58654348 213.29067710
-35.00086296 -762.78871037 194.15700444
-61.09639470 -788.65607042 203.15160450
-61.06409082 -791.06494026 203.58630850
-60.18031250 -791.97440625 202.18489354
-59.87740927 -794.32248722 202.64040417
-60.58843968 -796.71381984 204.53645738
-60.44996623 -799.13932727 204.64255316
-128.19214820 -886.53416623 266.46748995
-69.12773171 -809.56645610 220.24335398
-65.74053065 -805.80923032 214.68958215
-62.41371837 -791.45162109 206.09998249
-62.39489603 -794.06134231 206.48284871
-33.71768869 -758.95514048 185.25118357
-31.58924074 -758.58535463 203.68821117
-34.18421438 -760.82525452 185.71651657
-20.30071657 -766.83756851 224.48212125
-61.12601627 -801.93485742 207.47015145
-63.64986154 -792.33496410 208.28912872
-47.62256842 -789.42707105 190.13994140
-64.16149068 -794.32713965 209.41624688
-10.74336537 -743.00633968 323.64913703
-41.02152615 -770.69830882 161.29315198
-29.74427222 -756.34916444 188.19526389
-64.08671298 -797.08704482 209.75117412
-63.06713817 -797.52847849 208.30263161
-61.70126863 -803.24847939 209.37797528
-18.07388358 -761.99200448 237.16376831
-15.43093333 -747.46230000 312.76261333
-63.92358159 -799.66389003 210.16836546
-65.57231154 -797.18584637 212.10359313
-64.81045766 -802.81926358 212.54760191
-32.55837222 -759.92753611 221.55756333
-34.24127500 -762.93509500 188.43333167
-33.68118370 -758.92589407 188.50823926
-10.64420833 -760.13883889 281.06022306
-157.15402308 -906.34623269 266.20411782
-66.44129119 -799.30035660 213.78891962
-67.65434668 -799.85411059 215.40642306
-22.49299697 -767.02033561 215.63017924
-67.23619585 -802.83980169 215.78086648
-63.23645000 -821.56605000 229.06339667
-66.95676873 -805.57012264 216.24286446
-31.29880485 -763.73829515 189.08007773
-82.71098132 -845.13038437 245.97520575
-109.59762807 -866.08119737 260.38664491
-69.63211317 -801.04707126 218.13932571
-143.20403630 -904.23707393 261.37725987
-69.84394375 -802.90735052 219.07764823
-50.03051977 -791.83728252 193.89361753
-67.90194425 -809.02100954 218.48717625
-22.74608805 -757.51227611 266.53636614
25.47834542 -784.90555478 148.94371977
-34.79463178 -762.82134961 191.95672186
-69.59237692 -805.31774663 219.62071734
-54.19150000 -786.45420000 190.22809667
-33.67435000 -759.57635000 229.47614667
-70.82457313 -805.51683049 221.42594279
-69.37410000 -807.57436667 219.88561333
-35.33753012 -762.72616145 197.51039847
-30.76136264 -764.90525220 194.57552689
-28.77269154 -756.71391538 191.51854513
-28.89919222 -756.95312333 194.42102889
-28.84063191 -765.63645957 195.39359560
-25.29296538 -763.63822308 194.69201744
-32.61863158 -735.90078070 50.56153088
-1.14052651 -730.57676627 371.33939004
-30.42120000 -765.26089286 196.49962524
-30.17335455 -765.40641818 196.85705576
-28.84371761 -757.40266824 200.45010075
-23.82372500 -765.92307500 206.83646611
-33.36115833 -759.42967500 202.72421333
-26.90522857 -765.82065714 197.95901810
-26.13234865 -766.01756757 200.71805207
-29.23809895 -757.67068901 203.48048855
-33.07435200 -759.65968933 206.86897733
-25.37839918 -766.19539139 203.32217044
-24.53504085 -765.29198873 202.63967343
-21.06422090 -761.90820597 218.56221085
-34.78678107 -761.10272012 209.23637132
-81.41487727 -828.98882727 237.92482848
10.61702346 -776.01500401 145.39424543
-134.10662857 -892.90873265 269.20159973
-24.71812545 -761.49416545 191.84245030
-74.59080000 -810.39927857 229.18629667
-7.12416667 -735.44563333 342.78748000
-74.94109935 -811.52290915 229.51473556
-3.79906562 -734.54144688 359.17241542
-83.12464707 -824.04099048 238.97678916
-147.31480000 -903.46073333 261.98491333
-73.79730803 -809.49548885 227.40027388
-64.89188375 -811.75776783 218.48146226
-17.19012085 -761.93130085 128.33158212
-24.16675000 -765.61077500 204.77054667
-1.35487966 -762.19804746 136.66168226
-6.31572500 -739.66170000 343.79709667
-34.73432868 -760.95189698 212.34999157
-22.94866306 -760.71978259 206.66221474
-94.48684128 -842.24500275 251.45957373
-31.23536257 -759.06991170 212.60261158
-68.57900050 -829.54958586 234.14348513
-32.82585294 -759.77908431 212.83695647
-32.64077895 -738.10405526 65.45150456
-26.02010645 -767.93439677 209.31266360
-127.66629804 -892.75682206 260.92914397
-140.87065000 -903.68540357 261.32187881
-91.28277184 -833.93450291 247.56419133
-22.24373046 -760.93809949 212.50939794
-34.29143014 -760.74403288 221.24280968
-23.44359370 -759.04750079 215.64730336
-20.35608039 -758.79166078 239.32630124
-70.95672520 -825.72216120 231.85965267
-146.95265000 -906.62090000 261.72039667
-21.08004200 -763.74045400 215.77877333
-33.96173261 -760.40988478 224.32409667
-21.22260000 -765.63170000 216.67264667
-9.23396667 -756.16841515 294.74141636
-129.62149104 -888.11787761 266.93241085
-19.47568502 -757.93172324 248.46054636
-23.36821915 -759.03454113 218.38647433
-22.05198836 -760.34653598 218.53873132
-20.72310444 -763.86992370 218.51429704
-21.01532500 -765.98381071 218.73499310
-25.57938421 -758.61609123 221.64636947
-19.40309730 -754.59617297 287.35220613
-23.36098259 -754.21596058 113.68572811
-23.19120246 -759.00802295 221.47695322
-21.85885875 -760.19623500 221.37641417
-28.78706036 -758.70719009 224.68038901
-28.82764250 -758.50814438 227.81879479
-28.65225562 -758.30892324 230.58401886
-19.70518725 -766.82606275 227.68874961
-21.48888182 -769.00497273 226.37147394
-110.82568333 -876.75592222 258.94846889
-33.44580417 -758.48487083 232.82133417
-19.25421848 -763.87621359 227.59528091
25.31701818 -791.08970072 147.31667274
-21.40163333 -756.36648333 290.90396333
-16.79664149 -753.81083085 284.00716901
17.18650455 -789.82216818 146.48961485
-28.87550029 -758.08684280 233.36822678
-22.75176366 -758.77883048 230.43658766
-154.40843510 -905.76340592 262.64337626
-20.44239167 -768.66290417 230.40127167
-21.42610000 -759.61275333 229.45635667
-81.64948885 -827.04376028 237.70168813
-19.95408613 -761.02759807 230.41808828
-22.65432487 -758.61303837 233.45778787
-24.98899474 -768.47225789 214.97063088
-21.15198261 -759.39801304 231.43164667
-25.82494038 -758.07451408 236.44557014
-18.81935663 -766.96848193 233.00555691
-31.43378059 -757.12536300 239.30919355
-20.95417603 -759.29238630 233.66192543
-28.82832516 -757.56993677 239.66751505
-22.64438360 -758.39970200 236.41297067
-18.11155537 -764.46745826 233.96324543
-18.10571848 -765.98589783 234.25338362
-31.82695000 -756.49007500 242.14294667
-31.03323416 -756.94746149 242.50025288
-25.71922335 -758.03422996 239.65873698
-20.63729583 -759.08817273 236.48133492
-35.11450000 -727.68830000 12.13735778
-25.74545203 -758.50904392 215.66053923
-18.26060000 -762.45385000 234.81774667
-17.75240292 -766.36858417 236.77353333
-22.85063881 -758.19084739 239.59911159
-17.61115246 -764.00170070 236.77539093
16.17187547 -776.11620759 146.51568844
-30.86880841 -757.04187290 245.12856629
-18.87759335 -760.30663269 239.13047548
-22.04942381 -757.27441905 287.36200857
-104.23135610 -874.92807073 259.26187837
-17.43180966 -766.65015172 239.26915149
-9.74254875 -751.07735375 302.35351667
-28.78627238 -757.47651715 245.37624834
-104.92041628 -862.13301628 256.37740481
-126.49630909 -882.24804545 268.58137394
-22.89254286 -758.10478367 242.58017810
-9.53112703 -754.33179730 295.85979351
-25.92463905 -758.09037095 245.51811000
-12.56018571 -763.04107802 266.32385436
-30.57515714 -757.49258571 248.47375381
-28.75793923 -757.77804033 248.46527208
-22.78704976 -758.02721327 245.46383956
-97.46541698 -854.07615000 252.20936412
-125.77582857 -894.73535000 260.83566810
-18.56817200 -759.89836667 242.20200267
-106.43569489 -859.87419670 260.48090132
-143.41709276 -901.09671719 262.30985572
-16.76608189 -766.38454094 242.42533013
-10.48164385 -751.46292513 299.27798677
-16.49157143 -763.71155022 242.48706312
-25.97557485 -758.19027669 248.50492826
-30.49765714 -757.88235714 250.82246095
-18.01825686 -759.33530784 246.18982706
-16.91659144 -760.96150138 245.52499639
-33.08558000 -741.49974000 85.13274667
-16.13180366 -766.29111098 245.33463447
-70.14184702 -817.80148926 225.07744101
-15.76812676 -763.85581288 245.41236699
-28.55658353 -758.44136176 254.54407490
-17.64784412 -759.02091520 248.69736088
-25.70931546 -758.39012319 254.72201382
-22.39366726 -757.67257623 251.78241976
-16.28878633 -760.74537746 248.57309966
-31.09639767 -759.26705814 218.37602109
-19.61483462 -757.52541296 251.26382017
-93.02624286 -836.91057143 250.17181810
-15.11288010 -763.98964541 248.59001095
-107.46644872 -860.13328846 262.39625051
-28.30894770 -758.66172126 257.58993747
-17.27564459 -758.74025584 251.27588974
30.48946957 -789.13834348 149.82493362
-36.24150000 -768.79205000 159.21517167
-15.81126171 -760.46305608 251.34180703
-15.22261667 -762.27053333 249.62271333
-38.15411868 -767.30251104 155.14570497
-15.25080000 -765.61880000 249.72844667
-25.83811919 -758.48302222 257.56862874
-19.53373725 -756.98294216 257.37725696
-14.99324833 -761.81586208 252.14151879
-15.43942500 -766.12742813 250.81216854
-28.58350000 -755.32996667 148.47478000
-28.03711542 -758.76198042 260.14567458
-15.50957661 -759.97186129 253.92204586
-14.74530389 -761.35810111 254.45255778
-14.27025980 -763.62187022 254.38186404
-16.45072300 -758.04156025 257.95787179
-15.09241080 -759.20900511 258.13276087
-13.73592558 -763.65201596 257.67860903
-16.71050307 -757.40220922 260.36460162
-30.22376000 -749.64188000 125.78958667
-18.59226849 -756.42955890 261.08891790
-53.69059085 -804.99673841 210.25157533
-28.92862667 -753.60188667 153.56511333
-18.14051429 -756.45900714 261.51430024
-14.86224088 -758.92498370 260.39853304
-13.47996997 -763.58316735 260.03188107
-17.83483806 -756.36007761 263.62583771
-19.22518414 -756.30515639 266.86669204
-17.20835060 -756.17751583 266.86564067
-76.49817163 -838.62727576 240.39837306
-15.88808708 -756.83169625 266.47561708
-17.94913421 -750.79086842 307.61743877
-13.29578966 -760.91443362 263.52795816
-10.35947500 -759.70133333 283.48602167
-13.02501846 -763.32880769 263.42213897
-19.47254421 -756.14891991 269.87393741
-29.85187208 -753.34588571 155.34879732
-16.75878833 -755.91441343 269.57924748
-36.59530000 -765.53795000 150.85397167
-15.17945833 -756.14205000 123.87500500
-12.75029220 -760.87760993 266.46847102
-19.79419442 -756.06683307 272.34228930
-43.24868457 -781.03155450 177.29888155
-21.04545946 -756.63507568 269.31283586
-6.56529702 -739.79270094 338.02954227
-80.07326785 -833.26869828 238.63077043
-20.54579241 -756.65815103 266.43258874
-24.22437143 -759.45788571 201.33618952
-22.81985641 -757.63136667 260.58368962
-30.44832000 -765.72956000 197.28252667
-26.06078000 -757.77046667 194.52931583
-76.17164534 -828.76994969 234.84160629
-25.73916335 -758.02324903 197.78436317
-129.92255227 -887.60604545 269.04207924
-24.39470000 -768.49510000 217.14884667
-35.89041429 -729.37494643 22.54409667
-25.58084112 -758.09615533 203.65933448
-24.15939000 -759.27394500 203.84855667
-135.74625172 -894.07890690 266.04010874
-29.08163068 -753.72409044 155.86563511
-64.76759072 -814.74484757 221.63733385
-25.78518257 -758.08913289 206.46669404
-29.39570893 -758.47923036 212.06635917
-32.64350962 -759.86046923 218.22231013
-10.76051334 -761.16766962 128.71201258
-24.39300000 -768.58093333 217.28821333
-24.30603333 -759.58956667 199.64694667
-28.27409200 -756.65915200 189.27749867
-131.56501136 -892.27052159 262.35236939
-26.66920000 -757.19892308 189.13136782
-28.71943607 -758.61027541 215.39324011
-25.78714333 -758.35994667 212.64022667
-32.57154634 -759.78324634 224.51090520
-108.05322083 -862.13956250 262.52372583
-30.95975789 -759.26058421 221.69480193
-28.69811954 -758.72318276 218.47124782
-28.86357159 -758.79285568 221.49328076
-32.95840526 -759.63817895 227.07928877
-95.80259123 -842.46742456 253.52656421
-26.85309742 -749.20474645 107.27572280
-22.86632232 -757.68617615 254.45819927
-13.32243965 -757.62747426 272.50376197
-22.80811210 -757.48525403 269.38720594
-12.39383846 -762.94650769 268.67420051
-12.16490714 -762.76043571 270.07776095
-21.10384091 -756.59310227 271.74363530
-11.89477899 -760.86790210 272.51474457
-10.36987574 -757.77327396 284.39330909
-22.97966452 -757.61335161 278.56826602
-76.55753949 -832.67007486 237.35178182
-139.74001129 -896.96487419 268.91623054
-19.72539755 -755.82925143 275.44539279
-36.38642000 -750.32682000 132.84284667
-15.17617500 -756.45038750 270.51245917
-12.11568143 -759.02800000 273.40230952
-79.53535650 -832.01112695 237.70682303
-21.37995000 -756.45668333 276.41184667
-68.27558339 -816.23090607 223.32426274
-14.83574012 -756.25979709 272.37100829
-35.17588926 -730.90943055 29.42762423
-21.45947143 -756.45678571 278.61428952
-11.78391022 -758.54984952 275.68223101
-19.40894009 -755.42821410 278.46332508
-16.63316225 -755.13644868 275.39166852
-48.99722439 -786.73546098 186.83846374
-10.92073130 -760.22711832 278.61444438
-22.72909516 -757.78363871 284.39357570
-21.39113333 -756.44433333 281.11784667
-64.78392381 -820.67542296 227.90990910
-19.47186111 -755.21427361 281.35909389
-11.41633537 -758.12021941 278.51710651
-19.55332333 -754.97410167 284.48890333
-16.75180820 -754.21498087 281.36825541
-12.22865000 -756.42981667 279.61673000
-13.48288432 -754.95104062 281.27902662
-21.19332500 -756.56487500 290.77829667
-11.46575684 -755.59494632 284.50054930
-9.99167533 -757.77788133 287.25566533
-14.57720714 -753.32034714 285.27290667
-16.11250315 -753.01363307 287.46417580
-11.19897681 -754.83274638 287.77586319
-20.46368000 -755.40813800 293.63708067
-16.31093650 -752.53792044 290.36445251
-15.86823061 -750.05960408 302.75817524
-37.66766400 -763.17483230 146.51689976
-12.67405904 -753.76433735 287.06674185
-121.75706957 -883.93232685 261.02063817
-16.46681193 -751.95695514 293.74853226
-12.21630000 -753.47445000 288.71694667
-18.49202500 -752.84253333 295.79787167
-16.70492031 -751.19737813 299.31451542
-9.40338462 -756.67342308 293.43887744
-77.31874130 -839.83859555 241.34813735
-91.74029658 -842.04392479 248.37295222
-9.21905000 -756.63955000 293.81599667
-19.52943043 -753.96941739 298.97147493
-11.25673023 -752.63483114 293.35919053
-9.15879444 -755.66161759 296.06425778
-10.83382266 -752.08383705 296.48590458
-100.65329283 -854.36104202 254.86621377
-30.79931333 -744.67884667 96.35158667
-8.89982500 -754.32312727 299.47563530
-43.74700201 -776.09902078 170.43969330
-17.30722045 -751.11684545 302.48260121
-15.60363000 -750.37564000 300.27417667
-133.94492591 -898.80506179 260.89183404
-13.63640128 -750.13271410 299.67744667
-26.67653065 -753.65365403 111.80296038
-13.55218462 -750.46273077 297.86346205
-18.53506897 -751.71333793 305.25865011
-30.04308000 -750.48177000 133.44444667
-11.73818615 -750.27530615 299.94526513
-8.90778113 -752.41323836 303.02614981
-95.05607172 -851.01289280 250.81195311
-11.23040548 -749.87230445 302.34270180
-18.29680000 -750.91250000 307.23684667
-8.62078374 -752.26841870 305.14852065
-8.28080000 -753.55300000 304.21984667
-16.79683908 -749.62157126 308.56668345
-8.51991992 -743.88159135 323.60320343
-85.74748111 -846.33042333 247.09017556
-103.45390885 -854.15518043 257.79747187
-10.92891928 -748.96253789 306.12612604
-10.75944832 -748.33732181 308.31908828
-12.63242857 -747.44931429 309.83194667
-11.81372308 -747.44892308 309.74296205
28.42424976 -793.78040669 149.33900044
-8.67702821 -749.21345064 311.53231718
33.75505160 -793.66205114 150.49204910
-9.74804932 -747.95233014 310.91764256
-45.26470000 -789.52580000 189.99784667
-13.77166748 -746.31366074 314.37952519
-30.95560000 -762.51980000 172.00484667
-7.98625000 -750.72075000 313.47349667
-8.27922500 -748.82449741 314.46379322
-175.19273586 -911.99273713 257.13324667
-15.74902000 -746.43455000 317.38009333
-10.75774013 -746.25198289 314.52529469
-7.89140167 -748.63620833 317.17646333
-10.94966033 -744.10810393 320.63549814
-9.88029304 -744.75031478 319.55392145
-123.99996723 -884.72000000 261.64020213
-7.59028094 -745.61993679 323.56867342
-12.91872368 -742.17897763 325.57588351
-7.35031667 -746.31354444 325.16408000
-10.68482039 -742.04490000 325.92018259
-7.48736544 -742.50127721 329.54207020
-43.15784063 -783.57560937 180.91524354
-8.05822273 -740.21923081 332.70822975
-6.75216429 -742.27369881 335.45037762
36.05409000 -791.59144933 150.75783133
-9.64420840 -738.03701908 335.73603445
13.23244847 -773.63285284 146.26446370
-8.44959729 -738.10930000 336.42995263
-6.69300000 -741.83034500 338.17455667
-9.35419286 -737.32705714 337.25693238
-6.24622949 -739.83896795 339.05951974
-6.45564688 -740.72440000 340.82856542
-6.01025039 -739.17897752 341.44839473
-5.98953729 -737.62903051 341.98658395
24.11781471 -780.23513824 148.98662314
-5.96157021 -739.09100426 343.87834667
-177.74178883 -913.40646244 255.07530758
-6.59071905 -735.29872381 343.73057048
-6.46196364 -735.68015455 343.37754667
-104.53798157 -860.12057645 257.06395110
-5.78622344 -735.17722344 345.22064667
-78.46200625 -816.30370625 234.77074667
-4.84077723 -734.81102129 347.91516746
-4.53933066 -736.28792701 350.20525689
-3.62188986 -734.06636000 353.82234201
-3.76942973 -734.39364775 356.02464532
-3.17200083 -733.51178843 356.68941361
-2.63111429 -732.34576190 359.96957048
-62.17290000 -789.51670000 205.02044667
-2.31156667 -732.02263333 365.92197583
-168.91889500 -909.25182500 261.12000167
-14.65412000 -750.57162000 298.37254667
-63.40875217 -792.07408696 207.81342058
-123.43298000 -879.29738000 268.38652667
-63.35256364 -793.06725909 207.90065121
-49.50440535 -794.56786114 197.70383542
-49.95433450 -796.39677122 200.56831194
-50.50801946 -797.90613258 202.68413680
-55.72604895 -799.30076290 204.07605068
-52.83508956 -799.28829718 204.13362267
-50.98935135 -800.45506351 205.66229937
-58.48417121 -800.74375389 205.89181764
-16.61631515 -758.44994275 122.24123076
-55.54507543 -800.83309770 205.92088205
-58.59505173 -803.55143259 209.19885214
-109.79283770 -871.96612556 258.03161312
-79.69568383 -830.00177566 236.76314238
10.30740688 -784.61474630 146.79213892
-55.91981980 -804.96804466 210.44256001
-61.55156869 -806.44230209 212.55266240
-58.42704830 -807.69202211 213.79813272
-56.29612953 -808.98646884 215.15788620
-105.94591889 -857.31046444 260.35176556
-121.79892424 -878.31555606 268.23444364
-59.05914722 -809.01494914 215.42947424
-61.46908279 -810.43519672 217.12844339
-56.97212469 -811.07000988 217.99492321
28.12753516 -787.91391563 149.01520214
-67.67302510 -813.05566824 220.36647686
-72.69765400 -812.05415400 225.44957867
-71.50696702 -812.31048953 223.97012101
-58.98543000 -813.04306333 220.52767083
-75.67612143 -812.61328673 230.86392014
-62.06101200 -813.23780123 220.33148728
-35.03934344 -730.04930000 23.65411142
-59.53949968 -814.25691429 221.91802667
-61.51534906 -816.02869591 223.63183346
-62.08415177 -814.43054196 221.65997622
-115.82813089 -881.06989975 259.92660895
-70.63715714 -815.50300238 223.98505540
-67.61585182 -814.74646750 221.77312946
-75.03823696 -814.82986522 229.40744667
-72.50655862 -814.68162759 225.74806046
-59.94567677 -815.71471212 223.61827899
-64.76088305 -816.26756102 223.25245819
-61.95841094 -817.36876308 225.07093897
-65.20835146 -817.60015572 224.60424525
-76.07029711 -818.23103376 230.91967721
-70.79074983 -819.12529966 226.38024052
-78.64212199 -818.22677092 234.47575092
-77.56985629 -818.03949139 233.03980693
-67.59994120 -819.31530332 226.20486228
-67.98625488 -820.78223806 227.59535896
-72.85263591 -821.01368235 228.39438134
-73.65541070 -821.76554958 229.53319371
-87.87177160 -830.10082667 243.45546321
-77.51964257 -821.18383267 232.90138677
-76.04169281 -821.00919935 231.25961987
-64.69151407 -822.10201037 229.36159074
-91.70379151 -851.46661734 250.28193707
-78.81862950 -821.26539500 234.37293117
-81.60903091 -821.43636000 237.67230030
-82.47293691 -821.74380671 238.55368761
-73.65823868 -824.07247258 230.96035295
-72.23520000 -836.61220000 238.04534667
-75.71115026 -823.89000718 231.58188513
-81.69589511 -823.75567500 237.61821841
-17.35651445 -762.23584180 130.66141815
-67.76780206 -825.69187990 231.87272192
26.74780000 -792.52950000 147.99064667
-67.88839555 -827.05849384 232.78380653
-72.79884000 -825.60272286 231.92230952
-84.89543419 -824.80039935 240.41632086
-79.84754728 -827.27569500 236.20336039
-78.44612870 -827.00623739 234.86467710
-83.09705923 -827.16626962 239.09417628
-34.43845068 -762.96851586 144.25520895
-70.63756640 -829.55676080 234.41002373
-76.97260256 -830.04141108 235.85998962
-71.06592582 -831.01473164 235.26737285
-82.88979977 -830.06631818 239.38685980
-69.06930000 -831.30722727 235.04871030
-69.20276000 -831.64730000 235.19586667
-86.04617163 -830.13803157 242.05253552
-73.84555234 -832.96472100 236.81852782
-98.86609630 -853.71180000 253.37378617
-82.61313236 -832.92461276 239.74226821
-87.54008868 -832.80470063 243.73275610
-84.10964186 -833.63268721 241.14566643
-76.77386126 -836.08590320 239.25256335
27.34598533 -790.88990326 147.86465754
-74.19513551 -836.41305873 238.48133803
-90.58524262 -832.98467541 246.57411388
-82.53782131 -835.42157003 240.50832025
-79.83634325 -835.87981589 240.05909139
0.62962574 -767.00878695 140.50957419
-85.66406985 -835.90184566 242.65258462
-83.28284165 -836.51552642 241.35279529
-87.46729545 -835.15002273 243.87245917
-90.45801429 -835.37571224 246.80389565
-80.92192308 -837.27000000 241.08093128
-87.13948421 -837.07948947 244.10619930
-82.92844904 -838.85733232 242.42301612
-85.63547264 -838.89459784 243.17727277
-90.36930000 -838.55212000 246.91352667
-77.18481061 -841.76441861 242.46751971
-100.95661160 -860.33786382 254.25008080
-46.73099358 -785.83624104 185.02738109
-93.13701111 -838.50833704 250.28059111
-120.59176136 -879.17278182 264.26841030
-82.49614695 -841.31666718 243.64532071
-88.54144569 -841.92959903 245.62536331
-85.92206189 -842.02380799 244.73010511
-130.35186388 -890.15564515 263.29788865
-80.46232435 -843.22389304 244.26452058
-37.99980436 -766.19153025 152.59622950
-79.95856744 -844.84875824 245.34497053
-78.12907333 -843.92378333 244.18953333
-93.24660000 -841.03420000 250.05404667
-85.80708392 -845.22010993 246.44856667
-41.44675475 -780.10169661 175.54588807
-93.40344444 -842.98113333 249.86330222
-152.14433618 -905.13106912 262.35242316
-88.68273407 -844.67532790 246.67487457
-94.92383124 -844.57151849 251.41561992
-93.48502500 -844.69559091 249.82439212
-29.69869381 -752.06226735 140.50450440
-91.80957523 -844.73251495 248.43405103
-89.04685595 -845.82518254 247.29816492
-80.67009565 -846.61991304 246.90816841
-145.36118438 -903.04115580 261.78786274
-80.97831354 -847.07213542 247.37251542
-96.11404516 -844.06757581 253.30045957
-106.79706034 -869.06734540 257.08618517
-85.67607594 -848.10556256 248.34837847
-82.91107332 -847.72889114 248.03790925
-91.62648469 -848.22272763 248.85755124
-85.78824286 -825.43995714 241.06618952
-96.79559579 -848.41164211 252.56238772
22.15144791 -790.71004338 146.61192307
-85.88868243 -849.81825135 249.74623360
-83.95683797 -850.23442785 250.36438464
-91.60798504 -850.30716457 249.70819759
-103.08502989 -860.58783801 255.19316696
-86.02580298 -851.24233352 251.13321282
-99.58164000 -846.40246000 256.05314667
-88.82318670 -850.17810160 249.57977725
-139.18793939 -897.03589394 263.92074061
-99.39348571 -846.28522857 255.95247524
-100.90887386 -848.29067484 256.34497118
-99.82536069 -848.57127414 255.57825805
-105.59161765 -864.75415882 255.89691137
-98.53655976 -851.02627988 253.63924726
-102.40580000 -849.31995714 256.90954667
-91.76430534 -853.81301489 251.62222967
-103.00526706 -851.20293294 257.51265549
-94.44564737 -853.61485359 251.37552418
-90.72568261 -855.25483043 253.26134232
-91.84636593 -857.13109235 254.18144395
-89.74831846 -856.03783077 254.57901744
-92.65577308 -855.90436346 252.73425244
-97.66657153 -856.48727257 252.70132757
-100.69443846 -856.63819580 254.28395855
-116.69320989 -874.51807473 266.19046315
-40.50345515 -776.69987546 170.43493306
-105.54227917 -854.98854583 259.88818417
-103.83145000 -857.01618807 257.50843473
-92.60254615 -859.85216923 256.39950051
-105.13011667 -856.75093333 259.21446889
-95.65004706 -862.88523529 257.38302093
-96.16293333 -861.75630000 255.79628000
-100.72788851 -862.60218391 254.97788529
-103.77427647 -863.23595029 255.37685667
-107.61094635 -862.95452344 260.25050813
-104.47803158 -874.01754035 258.81227298
-108.96336063 -863.58341260 263.21835690
-105.48829062 -864.02325000 255.84664979
-99.00558000 -867.77002000 258.88131667
-108.21452500 -864.63807500 259.14134667
-100.97982226 -868.94173746 258.20183642
-108.83362017 -866.63771849 258.29057524
-142.68688702 -899.57285615 263.38968118
-103.79571250 -868.91726339 257.07025262
-109.62380407 -869.19319680 257.87122254
-101.69347067 -871.37042000 258.72978933
-36.17340000 -759.44070000 139.03789667
-115.47094932 -875.16133112 260.51355449
-112.45337350 -869.13618974 263.46340393
-111.97332179 -869.57229665 260.55104834
24.78321875 -788.11219135 147.39525772
-106.76797485 -871.90002091 257.71123061
-101.97310000 -872.66383333 259.04521333
-160.51441749 -907.56399668 263.33664826
-112.72592857 -869.42091429 265.82347524
-24.03388286 -752.13923164 111.51172237
-113.24802227 -871.94092707 260.15804099
-106.92194175 -874.55480361 258.65219667
-113.88161000 -871.12963500 266.16072167
-106.61498829 -875.98734505 259.29521604
-114.69121800 -872.96671600 261.30040867
-113.73600000 -874.95510101 259.20640727
-105.18960000 -876.57840000 259.80404667
-108.90278710 -876.31561290 259.11412086
-112.89418515 -878.17707927 259.33405927
-115.81073963 -877.87270979 259.84236322
34.58455874 -794.70487476 151.78404327
-117.97625523 -875.80392733 266.78269725
-124.32501326 -881.50078425 266.81467540
-119.04012636 -877.85522287 263.28503853
-118.13625359 -878.31462775 260.97154571
-119.40502663 -877.21927692 266.42562596
-112.80465616 -881.11141471 260.32515147
-119.69742857 -876.90979048 268.13173714
-121.28274279 -878.64423535 266.71198062
-113.25329773 -883.67428045 260.93270121
-120.13421818 -879.67942727 262.33035576
-43.91699393 -774.85808555 168.41812066
-122.05478985 -881.17959075 263.45458607
-122.68382605 -880.41141513 265.96098448
-115.82503992 -884.00629076 260.31859835
-125.26143089 -881.14026585 268.33681252
-116.18230918 -886.38986531 260.74404667
-177.01236667 -912.44466667 255.87721333
-123.53464000 -882.18538400 264.59145867
-123.11279130 -882.77914348 262.68001623
-125.51614850 -883.37407682 266.27169946
-127.67828947 -884.15625024 268.57730121
-143.19749295 -898.96535769 268.61794731
-126.96769771 -884.66551718 266.95879628
-44.81272500 -733.79715000 52.34431477
18.75920611 -776.76240262 146.81212833
-121.84935548 -887.22531288 260.68832886
-124.66953078 -886.93548025 261.32218174
-46.82903225 -779.42459973 176.27248472
-44.06447966 -784.38723681 182.36795213
-119.29647890 -889.16398692 261.04454667
-126.44649375 -885.37704375 264.67985917
-125.98444020 -885.87488039 262.63060941
-127.46737757 -887.03720607 263.44800111
-32.74910000 -736.23968723 53.49752752
-121.78927392 -889.86372679 260.75116604
-38.83010000 -771.52110000 162.96374667
-126.71794464 -887.96470000 261.82506452
-46.83824391 -786.90059631 186.49397416
-128.73369640 -889.15072590 262.41706681
-122.59209010 -892.14657822 260.93316845
-130.78753896 -889.54951905 266.41077610
-124.88322360 -892.77854486 260.79239199
-129.54878947 -891.22763158 261.87845719
-141.40326667 -900.41500000 261.97494667
-134.05820417 -892.67428125 266.04961229
-133.57428858 -893.17485986 263.28859580
-72.28870000 -816.64600000 225.99704667
-127.98219076 -895.39137337 260.79446188
-135.56593333 -894.27021667 269.73311333
-134.59143934 -895.13086557 262.33418601
-133.66749447 -896.28840988 261.42490319
-137.10541111 -895.52094444 269.43394667
-136.85157327 -896.04815881 263.12818566
-137.85350870 -897.76970870 262.18564232
-141.02039655 -897.72185172 266.58010874
-139.54865500 -899.90411706 261.60088431
-139.89836822 -901.86684359 261.25110013
-144.65253258 -899.85312584 268.58367251
-144.90247541 -900.05600328 266.57704011
-144.92610000 -900.23301011 264.16348487
-146.53321429 -901.24153766 268.38736874
-148.42370897 -902.77981720 262.94982143
-145.90428947 -904.68631269 261.56850872
-148.96997857 -902.96490714 267.34566810
-170.88160530 -912.05696136 258.77396636
-35.57962829 -766.48638683 152.43498520
-29.82749431 -751.56565396 137.60319568
-151.77289355 -906.07151720 261.84087005
-151.64927374 -907.36202093 261.72094063
-155.55063929 -906.76266786 262.16658774
-154.85276981 -908.08976712 261.68401867
-158.25825113 -907.34246410 262.66773107
-160.41019219 -907.08048437 265.34090526
-160.82719329 -908.91778280 261.63342305
-160.82190614 -910.29658280 261.12506313
34.95831863 -791.42141029 150.66225059
-166.03225849 -908.39442642 262.45781082
-32.24326667 -735.59053333 44.59068000
-163.68941934 -910.48882840 260.65950881
-166.58698571 -909.08161531 261.42754156
-169.60122315 -910.77903399 259.70816883
-167.66675000 -912.57365000 259.75909667
-169.86273438 -912.68839688 259.17210604
-170.89127073 -912.80862805 258.79953691
-172.79473057 -912.89611485 257.95321697
-176.84205714 -913.22554107 255.68011274
-150.45385000 -903.40925000 262.99584667
-135.04540000 -900.62963333 260.80448000
-132.37973333 -891.49343333 263.99781333
-115.02779016 -872.68649508 263.45979913
-113.80351957 -871.06929348 263.40737928
-111.43596000 -870.32124000 258.83050667
-111.55390000 -867.36172000 265.34812667
-111.11130000 -866.60523333 265.13664667
-76.45067500 -813.45352500 232.16412167
-59.49911786 -810.40200476 217.14097643
-56.83831667 -810.41415833 217.14516333
-61.64237335 -807.63428150 213.88500027
-61.32922399 -804.82038275 210.69416742
-58.54896010 -802.03172776 207.41325920
-55.77689995 -802.08512195 207.35239765
-19.05741843 -761.53044116 128.16594010
-55.60842344 -795.26155502 199.24661987
-49.28237224 -795.42963445 199.17252727
-47.31356406 -793.01617959 195.27103274
-46.83921733 -792.02182181 193.80618774
-45.10452159 -789.95187727 190.69861258
-44.67944104 -788.40310305 188.41725079
-50.83808750 -786.45891250 187.10855917
-46.21942851 -784.42158989 182.94159483
-47.06372297 -783.10408587 181.56722794
-46.77015871 -781.72564236 179.58137089
-42.16471053 -783.96756842 181.56758088
-43.71757309 -779.88193804 175.92307092
-43.70632259 -778.29395642 173.70817862
-40.87230833 -778.75118744 173.46480818
-40.21899854 -777.68110485 171.77929861
-39.01531646 -776.47958659 169.98710764
-40.73247474 -775.10692763 168.20208061
-38.60947512 -775.18791379 168.11178287
-38.17497255 -769.05093819 158.93043235
-38.11422585 -770.39472367 161.53765953
-22.81772292 -755.66239388 116.05519235
-38.38420911 -772.44623093 164.49892887
-40.91098265 -771.61128776 162.85851299
20.76640000 -777.49040000 147.15354667
-40.76019144 -772.51557660 164.35028597
-44.14606572 -773.96917520 166.95077716
-50.85500000 -726.30052000 52.08406667
-37.80919974 -764.70137766 149.52815429
-38.11307568 -762.42199054 145.23709667
-36.68949444 -762.58756111 144.90638000
-35.08995741 -761.96655943 142.85308488
25.64085545 -793.08157955 147.54590121
-35.11197991 -760.78100630 140.55211654
-57.31014286 -781.72521429 192.84668952
28.54990000 -791.43814924 148.29961293
30.80849890 -791.52819368 148.95572167
-48.18908205 -795.72213590 199.55741590
-20.77385200 -750.03000000 116.00257467
31.30183655 -794.14782419 149.91222950
26.29098598 -793.37359065 148.39964573
36.25724146 -795.67220244 153.54197106
36.60877632 -792.77093158 150.88234667
34.28087143 -789.64442857 151.07804667
31.13004348 -788.11721196 151.89577493
-31.18636429 -741.67705000 80.91446095
27.48723464 -785.05027039 150.32565896
22.80355708 -781.77883066 148.57483865
25.22738284 -782.21358915 149.67206619
27.00814394 -782.97333939 150.59968758
22.28811237 -779.66848632 148.32038482
21.21788787 -778.60880879 147.67391570
16.31798856 -779.16138698 146.65827371
7.21168419 -779.70517833 145.61688503
-48.17343409 -795.37170455 199.17446939
10.32860652 -779.30262273 145.34534379
7.21279455 -781.68344549 146.84528977
9.18365370 -776.41570185 144.82737815
13.30376008 -776.07122129 146.07710560
15.34718036 -774.16977143 146.20609845
8.77620000 -774.31837500 144.95959667
10.15433500 -773.26161917 145.94637250
8.19786190 -772.55251429 145.32268000
9.21458305 -771.11381356 146.87529751
5.38601600 -768.94635600 145.38393867
2.05409394 -766.62577394 142.68029273
-37.08019310 -733.28084552 41.61532805
0.59959757 -764.64573504 140.69958252
1.55809571 -765.27497714 142.33464095
-0.39737143 -764.67663333 139.18258952
-39.22316667 -777.94740000 172.23914667
-33.21830000 -762.53610000 143.26344667
-35.86290000 -762.53650000 204.83894667
-33.37058679 -756.27816792 169.92858252
-33.32735000 -759.65185000 168.76094667
-33.37373500 -753.42497000 155.02459167
-29.12037669 -754.47865843 164.30430842
-8.21416424 -758.63593472 131.56313556
-42.04048571 -783.60885714 180.89707524
-9.77896711 -758.02609539 130.44010193
-9.41253478 -760.48572174 130.13017928
-29.27165681 -753.90638114 158.67940725
-13.89992247 -760.93233137 125.87799461
-29.62124097 -753.16632687 152.50179160
-12.85407288 -755.82877966 127.64948904
-12.54106415 -757.60886604 127.35398629
-13.93083235 -758.06657289 125.24134211
-29.68626082 -752.83056784 149.31717503
-14.53913860 -755.26008443 125.24066180
-16.58257061 -761.05470748 125.51735628
-29.77238946 -752.50424302 146.47460564
-15.01952582 -758.27923689 123.67943601
-16.65300915 -759.89506492 123.43539329
-16.39423064 -754.97148149 122.50096326
-17.01632053 -752.88136947 121.89125193
-19.56938458 -759.08379125 121.78415750
-17.73546260 -757.58499094 120.39989155
-19.81401058 -757.49221196 119.40273977
-17.88897973 -752.77391937 120.54822324
-18.95664299 -752.36645158 118.94911318
-30.04539613 -750.92898516 134.42095634
-20.56257727 -756.58412273 117.91505121
-20.44787670 -751.87822861 116.79312897
-21.54812400 -751.89665500 115.37502467
-22.97763680 -751.94614674 113.29603482
-0.41806627 -767.72864578 139.13352739
-25.54749699 -752.56912281 110.61407109
-24.84364533 -753.45699067 112.13966933
-24.13178837 -749.11541783 111.83048465
-26.29068321 -751.33437252 108.24665468
-27.49280909 -749.28178788 106.33658606
-29.60780396 -748.35716337 102.02559221
-31.13398923 -744.79682000 98.73011744
-27.49480000 -755.87220000 115.35689667
-25.38785366 -755.95339284 116.00744019
-29.46275882 -752.13690588 122.51026235
-25.22697809 -756.82392590 117.52382635
-22.92150960 -756.75226667 117.65999469
-24.89557383 -757.67792148 119.07145573
-30.21231429 -749.97571714 128.76420095
-30.14264400 -750.25206933 131.56848933
-34.88865476 -757.71078796 134.59224839
-19.85302415 -760.72569945 125.40367607
-15.04863837 -759.88092791 123.81524899
-15.61773973 -762.67526438 129.50257406
-28.94237966 -753.78981356 144.14307209
-15.93488802 -762.91628512 131.56835534
-13.81561820 -763.93831654 131.43860898
-28.73318125 -754.56977344 146.30840292
-7.72951405 -761.09274645 131.62770815
-10.71658759 -764.30396095 130.78707513
-8.22816534 -763.68649177 131.54482098
-15.73164286 -763.47496905 133.20757286
-6.04402500 -759.20328750 132.89677167
-5.28243529 -759.40277059 133.21827608
-6.11890806 -760.42472742 132.90921602
-10.49181091 -765.71255091 132.69925758
-10.67321783 -767.05241938 134.71380532
-4.70409885 -764.08794928 134.58401457
-6.52536563 -764.63448125 133.21574354
-8.23637083 -765.71915833 132.75147375
-35.52892013 -765.04661494 148.88746874
-2.61578125 -761.72851042 135.25605396
-11.41262243 -768.19702523 136.39995695
-30.12678095 -753.44120238 157.76111810
-1.53825173 -764.13101129 137.51210896
-1.90969719 -766.98247008 137.65734807
-0.17954286 -763.14790000 138.82057524
-9.41182353 -771.68510000 138.92728196
-28.86915771 -754.87510408 167.63118692
-6.44800000 -774.66563333 140.33098000
-3.35710000 -777.53630000 141.35714667
4.92841897 -768.19394483 145.35619667
10.16213904 -781.85180996 145.92790344
13.37763914 -782.28639946 146.01691184
16.12461252 -781.88862665 146.37633976
8.31542841 -784.17422500 147.51516144
12.96428718 -784.62062437 146.36214940
19.12208835 -781.88816305 147.17741695
16.11831429 -784.94330675 146.43112087
21.34517344 -782.47665781 147.80806542
19.22429951 -784.97330882 146.75155990
11.48545556 -786.79862222 147.21348000
16.30477500 -788.10016492 146.64624909
23.26662093 -784.04469302 148.17378155
22.35750975 -788.25317875 146.73951017
19.68154391 -790.55996652 146.29987580
24.16252571 -786.03207143 147.82553238
27.15754615 -789.05722692 147.84370821
23.05833333 -792.58596667 146.79484667
33.73546000 -789.01592500 151.45413667
32.44493684 -795.77669474 151.07228351
37.27970000 -795.44420000 154.02264667
-3.36312500 -765.29257500 136.09874667
-12.08535000 -765.48442500 133.17732167
-34.59651857 -756.29125714 131.72406095
-29.40096667 -753.32958889 124.27222444
-29.93274000 -750.92328000 120.85664667
-30.68410000 -747.60440000 111.92144667
-31.75476346 -741.81650769 83.95459859
-32.61696515 -741.22552121 82.95809364
-32.34295986 -740.89129728 80.47566639
-36.32090000 -742.25935000 82.22354667
-36.37436000 -741.89734000 80.59792667
-32.27484375 -740.40627109 77.53464979
-36.37801000 -741.25418000 77.11603667
-36.36610000 -742.05450000 77.56484667
-32.33110736 -739.83489325 74.57869820
-36.41254545 -740.69000909 74.64386030
-32.97806667 -738.35242222 67.88001889
-31.36965000 -738.69095000 63.02859667
-36.33505000 -738.47645000 64.55229667
-32.48358846 -737.33990000 59.47995436
-32.63517273 -736.75553636 56.23319515
-33.07445000 -735.40752500 49.92168417
-32.35090833 -735.72331667 47.94560500
-41.08998980 -736.91567891 50.29333850
-42.84095962 -736.42806827 51.55310436
-39.51462857 -737.16901429 48.84391810
-32.95611739 -735.14970000 47.51702493
-32.94922949 -734.61320256 43.82457872
-34.66365657 -733.77414116 44.27580348
-32.82845865 -734.44625673 41.85468032
-45.17031429 -732.46200000 52.07210381
-34.80901794 -733.31576765 41.62326108
-35.07344286 -732.51051429 48.01544667
-32.84459286 -734.06793214 39.10078238
-34.47391111 -732.89218431 38.87957477
-33.03362500 -733.35460000 35.84224667
-37.66314545 -732.98166061 38.46490121
-52.63069800 -728.23547400 52.55917167
-33.77420000 -732.77214762 36.34183238
-35.29199500 -732.35236500 38.13015667
-36.67963077 -732.42661538 38.06307744
-37.09834167 -732.13646944 35.85176056
-38.07390000 -732.75143636 35.57122848
-33.46700000 -732.56540000 32.18444667
-37.30511719 -731.71132500 32.76551698
-34.72316816 -730.80686233 26.75189734
-37.52003547 -731.14591623 30.02854157
-55.33868000 -722.17925333 55.06064000
-32.84865238 -730.54930000 20.30263238
-34.25293980 -730.18633061 20.64967014
-32.98797778 -730.17043333 15.20571333
-57.33480000 -726.77670000 55.90604667
-38.17567500 -732.94580000 33.97659667
-30.10467568 -750.61957838 132.69605207
-35.14035000 -765.80867768 150.18339488
-51.53935000 -786.62723333 186.89903000
-45.10105000 -789.45081429 190.10288952
-29.08556866 -755.53988433 176.24755819
-45.94055000 -789.57990000 189.93913556
-28.63799953 -755.89796161 179.62059216
-27.16924167 -756.09430833 177.10604667
-29.30051351 -756.16681197 185.49364088
-78.24096000 -828.26598000 235.05074667
-77.87755000 -843.64485000 243.86127167
-75.24270000 -840.52640000 240.85264667
-75.33200000 -840.62043333 240.95901333
-60.24425000 -816.67865000 224.54459667
-93.34600000 -837.06080000 250.49431333
-78.72130000 -816.51340000 235.03904667
-63.15630000 -792.29110000 208.08284667
