-54.12800948 -725.67460963 28.00701659
-52.82483111 -733.87029778 31.35889556
-63.76382548 -725.94430742 40.85386230
-62.64704931 -725.72210608 39.10922661
-65.30432714 -726.09803429 41.34352286
-49.31653279 -733.52471967 29.89056066
-59.73478947 -727.50254211 37.83741053
-57.60437490 -725.70823339 29.38131972
-45.29262183 -728.36130219 23.88964773
-40.07780000 -727.03956667 17.24816667
-53.45246404 -728.94324326 27.65182472
-61.36638945 -726.10050655 35.10917855
-52.14968400 -728.18628620 31.98829683
-60.89352223 -726.24330669 39.17988566
-57.06269510 -728.34375417 35.48634289
-51.80280563 -732.63197395 29.04529580
-48.74995998 -731.52808702 26.86756470
-59.83393171 -728.19603740 36.23819431
-62.18740000 -726.28604651 34.62226047
-53.75439888 -727.11380045 33.12875168
-38.74105103 -728.96584478 14.73337510
-55.73515556 -733.32397222 31.31480000
-58.77762381 -722.95460952 31.40036190
-37.53645867 -729.11598907 16.74742773
-55.20899288 -727.05251135 34.98231029
-48.31377378 -725.54595304 26.52366979
-63.15900280 -724.18969790 39.60769231
-46.79245303 -732.43951818 28.37399848
-44.37964000 -730.55478000 25.10418000
-63.61088120 -724.20616410 40.51342051
-63.83100000 -727.41380000 40.65110000
-47.37061364 -730.53281818 25.05218636
-63.15755263 -726.59054507 33.18460921
-62.65834703 -728.86415731 32.81650422
-62.14195941 -729.46961287 31.03578020
-55.15525466 -727.82158947 34.85610263
-61.80185227 -730.13925379 32.75707576
-39.38282552 -728.80039750 17.78461148
-56.38047500 -729.05478929 29.27678929
-59.76730742 -723.81490218 31.97719989
-51.31377773 -725.88523250 27.15171251
-61.89068750 -726.10465000 40.27361875
-51.41432323 -729.27131791 26.75238723
-60.62035625 -725.32353888 32.53701475
-40.52707767 -730.96007967 19.96358167
-61.81265686 -730.14828431 30.98425490
-38.09281037 -728.89401890 12.52965000
-60.24757412 -731.61880401 32.51175488
-60.12316874 -731.53735322 30.72495299
-59.65899687 -725.33692489 30.70665249
-59.32811561 -724.04765613 30.88983123
-58.42252250 -726.74192792 37.76633583
-51.31792008 -723.29751847 27.90157230
-57.27171432 -732.14334195 29.83054068
-58.01752970 -732.92561268 32.06093982
-57.63058675 -723.18257801 29.99041371
-58.34685455 -727.51530455 37.51059091
-42.03699111 -728.61451458 20.97964838
-57.11464106 -726.76302246 36.27378913
-56.88363536 -733.65369061 32.40458149
-37.73047500 -730.51909375 16.45845625
-56.26293235 -728.90718382 33.97569706
-54.59822481 -732.06665141 29.26540875
-48.86544163 -723.78707776 27.37713189
-36.70510556 -728.87694521 14.47286560
-55.42437717 -726.09373379 28.51801064
-48.17422797 -728.40884563 27.11623239
-43.91125000 -730.47525000 24.85100000
-54.65939446 -722.78726716 28.84877583
-54.12169742 -728.36614268 33.32261865
-54.88249538 -729.41282615 28.85721308
-54.53234928 -733.74013197 31.70565841
-53.81223465 -733.52176272 30.91624737
-43.73230892 -727.22782102 24.06134904
-53.78039310 -724.12593563 28.17259425
-46.05445640 -725.89364431 26.11912586
-53.19428061 -730.68668367 28.15068980
-52.57500677 -722.68677813 28.34340339
-51.13606998 -727.31966829 30.16490909
-51.33909479 -731.20204060 27.63003310
-50.89315736 -727.91338997 30.17854879
-52.33340879 -727.23441401 31.99137115
-51.49123519 -733.64572910 30.49848016
-50.22996667 -729.23810513 25.06826923
-49.14143947 -728.14231259 29.16615377
-48.56637446 -732.88550162 28.91563094
-48.23994887 -728.89779302 24.27657635
-49.61561579 -727.34862632 28.98941579
-47.56515608 -726.98352432 24.88393446
-45.63144559 -731.46253603 26.87875609
-45.48962915 -726.79968489 24.51195849
-46.08961049 -728.45976708 26.11278683
-45.05350045 -728.74233439 21.59777104
-43.11461825 -728.61648442 23.29756358
-43.88040833 -730.16167500 25.43858333
-41.88165892 -731.52005257 20.44364930
-41.69828528 -728.61734372 18.51667403
-41.24127097 -731.24600000 19.04311613
-40.44858911 -729.06662345 19.99836550
-39.37584084 -730.63487550 18.17121238
-38.49944776 -730.53175373 15.48955075
-36.62949118 -728.97960027 12.00834654
-37.10582759 -730.69726650 14.49000961
-36.55223717 -730.72727793 12.11977700
