-47.93365704 -732.10617817 42.00078318
-58.88045280 -730.67660300 95.43045927
-47.39540941 -729.94709765 36.42335249
-47.26662857 -731.29324286 36.83587153
-57.76238331 -741.30539628 80.60316668
-70.17931555 -770.11531433 115.35750733
-65.33076000 -728.12690000 99.86620867
-66.20241115 -724.72517662 105.39376896
-63.35933689 -727.76482829 99.05435169
-41.57756250 -728.09496488 14.74230486
-52.00786957 -725.87529443 46.68899302
-65.99190954 -727.41201250 102.02344401
-63.71958779 -726.60541977 101.44252381
-59.35265000 -737.44638333 75.94344534
-57.36795970 -745.18308571 92.33808207
-46.40733517 -731.66674579 38.38664542
-53.31521538 -731.11472692 63.70202483
-54.61339874 -737.64833669 68.92208220
-40.93850000 -729.71994721 20.06719042
-59.83068546 -721.18080857 54.22131266
-60.82379440 -747.62003952 92.55326982
-52.53914201 -737.68706023 71.74268002
-59.80399718 -725.62626408 52.52519874
-53.07051754 -730.84240175 64.43595850
-39.41402192 -729.95995548 14.50568162
-66.63195199 -762.63460941 107.59559866
-48.71353962 -727.57947295 41.88146829
-39.91725283 -727.69174231 14.38132878
-49.21843250 -733.04299109 59.54805270
-51.42906377 -721.44235611 51.63383012
-41.82797621 -729.25008014 14.95007339
-54.87100084 -723.64250676 50.67705052
-46.08349090 -731.55367353 35.74448173
-46.99312261 -731.58964876 44.26618344
-44.24920000 -728.12920000 24.74507867
-60.59307517 -745.50999725 89.36141874
-49.42249162 -733.30067148 62.18491479
-52.05979584 -722.97399030 50.08735709
-57.61403615 -732.54646940 74.34879706
-52.92298827 -733.42836965 71.23111768
-48.00981786 -728.05319762 39.35160367
-40.22835087 -729.67874992 17.62746700
-45.73576667 -728.19310000 30.17919534
-53.11884167 -733.85643333 73.45280367
-53.46260775 -724.47075915 48.82166811
-60.56697020 -729.66122548 92.61610465
-60.69046441 -733.98629322 76.68248799
-59.73001734 -734.99097339 81.01152827
-57.85119091 -717.81195781 56.69593170
-42.01102674 -728.12383992 17.65525503
-42.37869911 -729.32429417 17.50357005
-60.17544699 -748.84945487 94.48354706
-59.15351250 -730.19886250 97.26790367
-48.72947361 -730.28580021 44.56673382
-62.93683457 -736.56239142 80.13732658
-54.51688098 -738.33590296 71.80768483
-68.44194525 -724.34430164 108.64713785
-64.20246802 -731.61620405 94.93878182
-54.97075114 -740.98650576 83.59505878
-66.66099680 -750.66390594 96.22852350
-55.36258786 -736.16019444 67.90461098
-60.42003530 -732.62416522 83.70402762
-49.62002500 -733.71892700 65.43332267
-69.82613381 -764.96225178 108.21123845
-46.21718806 -727.50448335 44.66065281
-67.38849245 -765.80645531 113.09616896
-63.51755383 -732.05322165 92.64427465
-58.25069219 -750.28830937 96.38648211
-44.79315000 -728.08952500 26.68667867
-41.40153153 -732.62704595 18.58445480
-70.00413130 -770.75250144 116.09917792
-50.59480977 -732.73073919 50.50963271
-40.57726730 -732.31163800 18.46802740
-48.57126751 -723.09159091 50.29841463
-68.90794370 -747.84733067 96.37800451
-66.76617509 -726.40621542 104.57295615
-58.20800326 -735.22228804 78.17814932
-57.19318190 -732.72466810 71.76704222
-60.11240778 -740.81277620 81.27435008
-71.56622622 -753.45904892 99.62866948
-42.40076227 -729.48502133 20.77762648
-56.85742220 -732.21307677 86.83887712
-67.47874146 -751.89072304 97.28564927
-51.55013066 -735.08500087 59.44097079
-42.39669894 -728.13096561 20.28539163
-69.19535014 -723.15291908 110.31953548
-47.15537500 -730.93747500 49.37895367
-53.10998636 -717.13977273 58.43251049
-50.27321304 -730.95630870 48.84453302
-64.37615014 -729.01352702 98.06541090
-55.66219655 -722.33105172 52.18175281
-40.92236429 -731.48361905 19.20714534
-64.37349364 -752.33681909 97.01984140
-56.00860000 -731.20660000 70.17482867
-45.20558488 -731.43847731 32.64190583
-60.57785067 -729.35171775 95.69565345
-59.49916765 -718.83550000 54.73007426
-60.14850400 -719.44672600 58.19139267
-50.85455562 -734.38243170 54.06398573
-72.80798539 -768.35030578 113.50600541
-53.88505149 -740.09073465 85.61791283
-43.92011029 -731.36481324 29.23458602
-54.48706803 -727.83872159 45.31620129
-43.08249923 -729.64673008 26.61339085
-49.01529531 -729.74461985 41.16554208
-60.13987239 -723.69821225 53.59270144
-42.74581387 -729.50447110 23.68131633
-54.92638829 -717.89027547 59.03103304
-68.78138247 -750.15086010 96.77893351
-42.92013019 -728.13341321 23.19760414
-63.33723450 -757.89801070 103.53325311
-47.11717822 -730.77455446 46.93050590
-51.87936964 -730.72112371 59.69815989
-54.79325049 -732.65023498 77.72075179
-72.57739991 -769.40164447 116.42085840
-53.82316845 -729.11258495 42.81792285
-59.63050376 -733.04579176 80.89655997
-60.99642527 -754.99388896 100.34531721
-58.62678989 -735.86998617 73.97971298
-57.23641935 -721.99080323 51.92179641
-56.13713333 -728.24420000 46.27799534
-37.81451656 -730.13368650 13.62085935
-44.44995471 -729.15034580 24.29288847
-62.99501733 -755.04723767 100.30498300
-65.26936667 -730.75456667 96.78299534
-61.45941087 -732.76899363 86.59744623
-44.71977500 -731.42906600 30.07521367
-68.20620000 -743.19380000 91.52302867
-50.06106154 -734.41899505 65.75404625
-49.16385312 -718.35632125 53.72766148
-54.59244957 -736.08704925 65.48814600
-57.86695893 -730.92020458 83.88955411
-59.03333750 -725.34036250 52.25874117
-56.38698947 -733.26026842 69.52303788
-50.31104265 -732.22800882 48.73052720
-44.80409839 -729.39477973 26.77438368
-54.81270629 -740.68930522 80.66413432
-56.85446667 -719.24101667 55.12864534
-48.38993090 -729.91947572 38.86925931
-72.31745399 -759.31338217 102.37457820
-70.00579231 -748.88035043 97.23964406
-43.61540172 -731.32601034 27.17695798
-72.50913725 -770.06104230 118.67192643
-59.59499551 -731.01218764 84.46253092
-59.72753050 -735.35597138 75.39579974
-50.16330000 -737.40620000 74.44302867
-48.63081017 -732.54181584 47.83392991
-44.29597500 -731.25522500 27.96365367
-56.44147579 -742.99199158 88.92467920
-62.01235145 -732.26109942 88.58077029
-71.29990000 -751.85746102 98.71026087
-45.42102503 -729.94941120 29.76599398
-65.69016241 -747.06201383 93.68164073
-60.53116316 -734.78191053 83.51797905
-59.66994608 -718.52194706 58.53274305
-52.61999718 -732.87617009 68.68272187
-63.53839882 -760.52452050 107.15339948
-65.45384177 -729.56354699 99.31875638
-53.82383952 -735.18536785 74.67914723
-55.50943467 -725.73840653 49.63274073
-56.95801930 -727.81444634 48.15034078
-67.74275059 -745.41131535 94.73446548
-45.41306968 -730.03265990 32.69303814
-51.33168516 -730.63680216 56.64004933
-50.08403419 -735.46301709 71.16647653
-59.01024737 -740.11247368 79.29539709
-49.06756215 -732.81673824 56.70692203
-46.32315000 -728.15300000 33.26867867
-55.98263885 -743.65673692 91.87819636
-45.69174971 -729.83007659 35.49139611
-48.10482087 -731.51858591 38.76887176
-51.23953237 -733.25165730 53.44829368
-50.53092258 -731.29734839 40.95438674
-51.38297603 -729.94639772 42.28440634
-54.89960829 -728.51485815 44.23957715
-56.51705316 -728.45798101 45.64938120
-50.27956667 -727.86291111 42.97067312
-59.56741511 -743.38408417 84.70858982
-57.18922248 -728.33875388 47.04699418
-51.38724357 -726.80632470 44.88885314
-56.07758772 -743.33257368 90.77999007
-54.90585987 -726.99247613 47.50229172
-48.30212936 -732.30949136 44.64472842
-57.74744490 -726.50096771 50.47549794
-51.66854282 -724.35789844 47.90137352
-60.17352050 -730.64020062 86.81178147
-52.81463964 -739.91414895 82.95901486
-48.60340594 -730.40320890 47.85883803
-71.88673270 -767.50490142 111.72756445
-59.40489198 -726.25868827 51.73587867
-72.36190655 -760.72297833 103.52754267
-53.48968878 -732.90307136 60.02180003
-57.38428119 -724.15170286 51.31216169
-58.95579887 -723.74893439 52.43721759
-50.05131780 -734.33108729 57.04122104
-48.64500217 -732.70969730 50.52157913
-57.59398214 -720.54953548 53.38925732
-66.06415669 -763.39981351 110.54186561
-52.84779632 -737.39723824 69.44276360
-50.56554840 -730.68737460 50.67553856
-48.45237067 -730.42932633 50.49721224
-61.07428800 -722.51328700 55.30130267
-59.54913154 -718.45427049 56.53468781
-60.31989720 -720.53448357 56.37604417
-50.93408622 -730.59959304 53.71019700
-48.69359054 -730.63383109 53.41237893
-63.48695691 -747.74897842 92.75140515
-57.29060453 -740.53886341 78.19456142
-52.23650447 -732.37046940 56.86633825
-51.46294793 -734.74245171 56.90173896
-57.62045849 -717.35060440 59.05145284
-62.55704229 -732.77528563 89.76522763
-66.64586914 -755.42659861 99.92755419
-54.47547588 -732.46017755 65.43983024
-52.27694463 -732.11390009 59.31018565
-53.48103243 -735.15510360 60.47374038
-69.84749140 -751.07626441 97.70311955
-53.94665381 -732.55773728 62.79236044
-67.67749013 -721.90246726 109.84704437
-53.93665503 -735.66836268 62.66620414
-52.10209282 -731.87919116 62.48452959
-50.71928272 -736.90320556 73.54935768
-52.51206500 -730.80542422 62.39817586
-53.74185114 -731.00216808 65.67148307
-54.50098846 -737.35438974 66.68352354
-54.77841809 -732.05171008 68.56932192
-54.86502072 -731.09026486 68.00310435
-66.50735945 -760.06847308 104.49266745
-56.49056186 -735.47797116 69.17260774
-57.49600482 -735.78640947 71.81066238
-54.40747974 -732.04829539 71.42467137
-56.65495840 -738.20704880 72.17122600
-57.24190887 -738.90109462 74.75369228
-54.32911128 -732.62346475 74.52708921
-59.80041872 -733.60740868 75.20607525
-61.23173831 -735.88350624 77.64061313
-60.04238000 -738.52564288 78.16819925
-57.81127489 -739.67118559 77.22441590
-57.85147904 -732.29356896 77.72054849
-63.18485604 -738.20833311 81.34504903
-61.10041803 -739.29822544 80.28014982
-55.67951591 -743.08270682 91.29565594
-57.84952504 -731.67515748 80.36789040
-48.86612083 -726.63567582 44.49864783
-58.98128800 -735.32186800 79.81217587
-64.18358342 -739.23460744 82.87160946
-57.53000000 -731.12904438 81.18406430
-65.65977890 -739.68591445 84.02369775
-72.54284869 -764.72797150 108.09950032
-63.51627991 -741.00544609 84.11417322
-60.60928034 -742.02004555 83.55258749
-65.78639771 -740.56362026 84.77424468
-66.33703930 -741.80181246 86.62925336
-56.78996500 -731.59202342 83.76802051
-63.95786950 -742.38046885 86.33346248
-61.54414225 -742.89685528 85.60642621
-61.36760139 -734.48252153 86.08346409
-66.87301097 -742.85753706 89.05610482
-55.55565880 -742.33084921 89.35493177
-60.42270780 -744.12492727 86.86865735
-55.16286432 -741.31903764 86.60538599
-66.15561042 -743.63741719 90.21897411
-68.31812766 -725.47198723 107.97775633
-63.63202438 -744.78857026 89.64943273
-60.62219671 -730.09131878 89.80055915
-43.50322810 -729.99460749 29.54816253
-66.77379893 -744.59239412 92.52097843
-62.62418380 -746.42976816 90.85958621
-42.71729091 -731.27339091 23.85245594
-60.90496740 -750.41820264 95.83827447
-61.20275111 -746.51857586 90.64469049
-56.93536006 -742.73926828 86.29890415
-64.62830033 -745.65030201 91.52144707
-62.47611136 -730.68280227 90.59615253
-55.55015529 -733.08795756 83.44042666
-57.78504121 -744.45345409 89.71513679
-62.92226935 -730.16900831 92.77471006
-66.93396219 -747.96148812 95.08910960
-62.79681912 -749.29750147 93.96883749
-68.40173642 -745.70009198 95.50571818
-63.50386360 -729.49207223 95.65870387
-69.62385914 -753.63818443 99.00884492
-71.86078078 -754.76128078 100.34692318
-72.10536085 -756.87408919 101.20985135
-72.55781312 -762.31640925 105.01325963
-65.11335000 -728.35413750 100.15277867
-73.22306803 -719.46572925 115.31707357
-66.09180379 -728.88033074 101.16777418
-72.47600506 -763.79013092 106.72539458
-64.02390775 -759.20997104 104.90115208
-70.59915284 -720.93219649 112.79203921
-73.34238000 -764.13584000 109.23194867
-72.73959523 -765.92661394 110.41306422
-67.79873750 -725.76884495 106.94269333
-67.11819677 -723.77574891 107.61689036
-64.53427563 -761.60333601 108.24118391
-64.44188410 -762.22182155 110.03902346
-73.84158640 -766.73084290 112.48844076
-74.29974536 -768.05806598 113.57557919
-69.30288781 -721.50505062 111.25571727
-66.49473590 -763.83158087 112.57711822
-70.39333611 -722.37408056 112.39147867
-72.02411211 -720.20062530 114.20936320
-71.42545775 -770.67100989 117.41826798
-73.53105583 -718.96127000 115.46628950
-71.85768517 -770.52241304 118.65195629
-63.60502155 -750.72364820 95.65855925
-62.95515173 -743.61329711 87.54782578
-62.32921333 -735.62921778 78.92756645
-53.55517559 -735.33161811 71.99092710
-46.85770000 -728.19410000 35.23902867
-59.02462500 -743.27278333 84.77858700
-57.36452364 -732.35202474 89.42911031
-53.87576254 -718.60117778 54.51648327
-56.97870000 -740.26500000 76.05032867
-56.49120000 -728.10481667 45.67029534
-39.35934857 -727.70513674 12.01047411
-55.39195283 -719.31963585 55.42983433
-54.19666261 -735.16877714 77.82630346
-67.06414099 -758.60474769 102.73524940
-54.04038138 -721.90414130 51.74537078
-63.65783721 -753.63925878 98.58086549
-50.12940000 -736.90212000 73.60548867
-52.02481938 -739.41279282 77.54276133
-58.27428908 -730.75519584 86.65405247
-61.88844609 -759.93018383 106.68535401
-51.97619834 -738.28801120 74.70067691
-41.15305714 -729.70328571 22.33631439
-46.41025185 -725.63989877 49.21553114
-51.50668963 -736.12176437 68.64893822
-41.36194167 -731.66445000 19.24017034
-59.12130526 -755.65695526 100.27251815
-50.08733380 -734.36413333 62.34665275
-41.40223750 -729.03256562 12.39227242
-52.35567222 -732.20793679 65.65752687
-60.59875658 -751.94330745 97.37679159
-68.31625455 -743.85549091 93.08768322
-40.91826122 -728.10167143 16.99662867
-61.64751392 -727.94803495 99.25014938
-58.62758135 -730.68600406 89.47910912
-55.39974118 -734.34781765 85.64969338
-59.13765000 -755.10480000 100.16237867
-69.74793188 -756.83197973 100.98443650
-58.42804539 -751.84230341 97.35173925
-70.83838276 -754.98639828 100.20549074
-48.19166268 -719.93742218 52.45926740
-44.00132561 -730.22256403 32.16916001
-51.23861619 -736.30948565 71.49869976
-57.96564808 -747.90707659 95.04794390
-62.14277500 -740.11705000 82.18375367
-58.27957212 -743.68000177 86.87947537
-61.57343919 -727.09773184 101.39218415
-54.83686009 -734.56857089 83.20383947
-45.57072075 -729.88944458 38.51681667
-45.96497875 -729.43513134 41.64263046
-46.90331852 -728.05128519 42.44053238
-46.49041526 -729.86817053 44.14793990
-51.53328182 -725.15687273 45.95269231
-52.14155101 -728.58024580 43.53025592
-48.19798243 -725.76174657 47.16828639
-46.52131703 -726.77057284 47.24227813
-49.23884382 -724.68203855 48.00161340
-46.66497362 -723.62951052 49.96675561
-67.71304045 -722.49121573 109.36154553
-46.98623571 -721.55431381 51.04386248
-51.94643733 -717.80971946 54.06580673
-60.55508500 -728.42085500 100.34269867
-52.10369223 -716.97863921 56.43425544
-54.81135113 -717.92859409 56.69722476
-54.69123502 -720.53737153 53.46136091
-58.20160324 -718.78405926 54.70024858
-48.92152053 -732.74752422 53.58006634
-48.66773053 -730.92519542 55.78790348
-50.05786990 -734.38358091 59.71542220
-51.53002174 -735.36732610 62.30268469
-51.53076181 -735.75107621 65.60762135
-49.76974767 -734.03525233 67.58702983
-50.01646293 -734.66368592 68.88498672
-54.68483737 -739.08471515 74.51863078
-55.17757880 -732.80905503 80.57532975
-54.43277366 -739.84657338 77.40096370
-54.46049840 -734.88414411 80.49574424
-55.31328041 -740.39353715 78.52920679
-52.34630834 -739.93391908 80.46912656
-53.57569261 -740.10084190 80.49262409
-61.42411709 -758.79981136 104.92201121
-55.86024611 -733.52464551 86.47995622
-53.58556851 -740.04070117 83.82813538
-57.76727829 -742.33466274 83.62491177
-58.15951566 -731.90651283 92.39921344
-58.88710558 -730.82276288 92.51774283
-58.45028125 -731.47396125 94.57358867
-60.49918179 -728.95441708 98.22357595
-59.34557500 -746.14343929 91.28938581
-66.69182338 -753.72226757 98.53733889
-65.10630000 -758.23150000 103.08202867
-58.58262841 -746.82562529 93.12767935
-56.95249225 -745.88436589 94.36043875
-62.14970000 -726.20100000 103.10972867
-63.52305707 -725.53631173 103.57601160
-64.17825718 -724.73136585 104.77164168
-64.54416077 -748.98245525 94.27983862
-66.84462500 -722.10436250 108.90794117
-58.66147101 -753.41398412 98.55569909
-62.67373699 -752.10378082 97.24795333
-60.70908369 -753.48188748 98.82400367
-65.46376400 -752.26276800 97.07015267
-59.02620526 -755.36357368 99.98523393
-72.76910588 -719.12080000 114.87979338
-60.73327398 -756.33080862 101.64368651
-64.88893467 -755.35058533 99.93098467
-63.80659538 -756.47869403 101.64627907
-66.66232093 -756.88799099 101.26014845
-68.97406161 -755.40470000 99.97225590
-61.37847217 -757.79107298 103.62507997
-69.81676593 -759.09303903 102.47301807
-69.54855634 -760.54970979 103.69751538
-69.82227867 -762.19401722 105.10774249
-67.44166177 -761.60226034 105.57514836
-65.56439924 -761.06963588 106.31502562
-69.50295668 -763.58390117 106.71705069
-67.93765616 -764.43482671 108.78637662
-67.55574288 -765.07478669 110.80909114
-69.49657197 -766.38047114 110.26751786
-74.25235000 -765.17035000 110.66202867
-70.12066156 -767.62639058 111.53106328
-68.33900204 -767.05397653 112.40740928
-38.33091429 -731.33361429 12.12181439
-69.48912214 -768.71805060 113.51302726
-67.70956995 -768.43529484 114.27551820
-71.14960000 -770.95670000 118.40147867
-68.11910000 -770.36140000 115.19145041
-56.14090000 -733.54230000 88.19612867
-48.54152930 -721.29693706 51.50235820
-44.12800000 -729.87767500 34.42885367
-68.01830000 -770.37002500 115.08067867
-41.27216000 -728.13878000 12.82886867
-64.91108148 -743.12114074 88.29837312
-52.64631591 -720.48219672 52.72157766
-68.06283889 -769.99841667 115.16464534
-38.84190000 -731.22740000 13.30727867
-43.50760000 -728.18643333 26.23537867
-46.75993987 -731.74647973 41.70292718
-47.15626429 -731.34248571 46.55022510
-50.18090000 -717.35042500 55.12190367
-50.19045000 -734.23651667 54.06979534
-53.14223636 -740.23915455 81.01871049
-53.18626667 -740.23996667 82.52932867
-59.21360000 -755.27600000 100.04262867
-64.86708659 -723.84742683 106.52200306
-66.81190000 -728.35493333 103.13176200
-50.37750000 -734.33270000 51.89322867
-44.19280000 -731.24410000 31.24872867
-44.28580000 -729.13777143 21.63454296
-50.27845000 -731.29495000 39.86505367
-68.04496667 -743.14723333 91.13611200
-63.31200000 -761.16255000 109.22082867
-56.24860000 -737.78340000 70.03112867
-47.38080000 -729.91850000 34.03762867
-62.36560000 -728.21410000 97.01802867
