-37.20552564 -730.20520513 19.39298287
-148.24953077 -851.00728077 291.91682262
-150.17269755 -850.94227546 292.60421346
-95.23139872 -819.86068910 265.23545979
-39.05634479 -751.72496424 104.82669286
-156.09152975 -848.76718450 295.58485322
-34.26540400 -771.59941333 200.31504267
-89.79347040 -818.72980411 251.12200800
-167.97064740 -848.45268877 297.44810115
-155.87053600 -847.10628000 297.87823200
-96.34847077 -821.60153867 263.34528217
-56.98247890 -785.36201591 194.37886038
-169.81370000 -847.24093333 297.86212133
-173.23218718 -848.48262821 296.86198287
-67.33536667 -799.19363333 219.87218800
-4.96906543 -773.00243827 142.32990652
-67.55564000 -794.69444000 213.66718800
-170.85417191 -848.38475983 297.26562030
-58.58361111 -777.80947917 192.42142967
-118.81987169 -838.11855257 281.39701668
-69.91418938 -810.91797168 232.24537119
-54.19319861 -777.05470762 179.35759090
-156.15529365 -847.14063651 297.64194990
-170.12250000 -848.00490000 297.82578800
-39.21142385 -732.69429372 50.02715997
-122.51490417 -840.72742986 283.83702300
-80.84333305 -814.90609227 243.10533993
-141.17545779 -847.66044118 293.94527727
-88.75201024 -816.72758585 249.38477532
-64.28846712 -785.52229555 208.41354348
-167.89824000 -847.71560000 297.89833600
-146.97530952 -850.99335544 291.03101147
-167.40418148 -847.17971481 298.01892874
-96.19381579 -821.81713649 260.30235658
-169.62890000 -847.29326667 297.57615467
-46.20378026 -780.07435789 181.77038011
-66.47853936 -795.32615164 214.75643646
-161.91160501 -848.71352218 296.79128639
-146.00647333 -847.23390000 292.74355467
-164.92267102 -848.64757389 297.23630083
-41.45571564 -768.76766831 212.31529520
-167.66469412 -847.24317059 297.67118800
-44.98387595 -763.76423571 143.60524657
-38.08501753 -767.62220722 245.19222340
-89.72329615 -811.20891538 256.05331108
-37.46645000 -761.04922500 146.86178800
-152.98050379 -847.99820379 296.09498847
-99.93659855 -826.04550435 271.16914597
-38.75646122 -758.64433238 146.26550729
-164.98864038 -847.13177885 297.64936300
-38.62009599 -755.85895301 134.15988036
3.12184414 -791.47520954 144.51061688
-93.29210175 -825.13952447 256.55280625
-40.57857143 -738.27607143 42.60877371
-152.48830000 -847.48190000 297.85183800
-165.15178824 -847.00955529 298.02394565
-81.42425542 -804.38164264 245.13636869
-37.41233333 -759.65506667 149.22882133
-150.88771667 -847.41170000 297.83808800
-165.78619524 -847.45768571 297.86462133
-164.48570000 -850.35050000 297.14988800
-39.10726000 -751.48822000 96.68318800
-54.14754298 -790.86889443 203.48210359
-42.14097015 -765.60666000 146.17815427
-155.43823071 -850.84724857 294.48399729
-26.92752923 -762.25649988 119.20794551
-162.16600811 -846.87616081 297.94031232
-72.38037676 -794.78738368 227.25703633
-76.80576667 -814.39560000 240.73505467
-118.39041667 -838.38927500 277.37176300
-151.37540000 -847.27610000 297.92338800
-103.04295000 -838.06576750 268.05164550
-43.38144615 -763.38698462 165.08991108
-155.25371597 -849.83271765 294.61071741
-161.88729259 -847.15214444 297.65533059
-54.97705294 -793.13106471 208.12423800
-48.45333979 -771.57054014 164.10734203
-61.07300830 -779.85726625 199.81956450
20.62257342 -795.72663122 150.02975087
-31.92415248 -770.15728569 263.17055670
-80.32708082 -812.01267650 240.31110742
-44.08240989 -770.27756472 206.14723384
-161.68905333 -850.52596000 296.41085911
-34.30766277 -773.18555177 197.74169793
-158.86712442 -848.79238724 296.12378569
-66.10116098 -798.24630326 217.97043132
-32.87817731 -767.79591291 254.30721514
-159.21735345 -846.89083621 297.99476731
22.31828333 -802.63747500 150.97963800
-159.03596047 -847.14090581 297.53361358
-39.17976183 -768.19815599 215.26925417
-128.72461308 -845.75035162 281.39256460
-49.77237375 -767.95009625 161.50050925
-158.81374867 -850.68416991 295.54291809
-56.76614160 -782.10056524 188.64824868
-142.38734286 -850.92522857 288.83017371
-46.66541563 -732.96671875 54.50154425
-147.20826009 -848.00616606 292.87078005
-149.93550154 -849.04846953 293.11534477
-76.70227143 -808.49702857 234.66827371
-156.66339462 -850.67654086 294.97976327
-46.31286667 -739.38590000 50.32175467
-140.88908871 -846.61542631 290.25657078
-148.72336667 -849.97738667 291.68935467
-152.84321091 -849.45421858 294.06834965
-46.97862433 -761.86905867 149.21229133
-56.98276640 -792.44324359 206.49582705
-84.22369763 -819.19718514 248.61299187
-83.00265178 -807.29466354 245.51480700
-45.18152730 -758.95454108 140.34731205
-143.47030962 -847.01305929 290.89817229
-39.01227442 -766.68021797 194.34925523
-152.92239775 -850.90756592 293.71477730
-100.74581208 -826.03426242 263.83743230
-153.57632500 -847.17862500 297.46770467
-125.95671156 -842.95773156 287.30216566
-89.34868965 -812.85143026 254.45970826
-152.45041667 -847.23007500 297.94048800
-150.08966444 -847.93074786 296.33560939
-129.76064961 -844.45390310 290.09707250
-48.97107893 -764.91128907 158.31329867
-148.75337200 -850.81924000 291.68374800
-41.96559473 -769.75262434 224.27780443
-52.64168750 -736.52630000 60.51785050
-51.06899040 -773.65420150 170.20840520
-49.59180227 -768.83841591 159.16880164
-147.01784270 -848.02721388 296.02187234
-146.62947293 -849.04929746 291.16533385
-38.59094686 -768.18644752 164.26783949
-85.36837143 -811.41482857 247.06427371
-144.06185637 -848.60833182 289.95805042
-23.15868168 -767.69066824 130.90525345
-65.49166136 -796.93762129 215.89022431
-105.27218007 -837.27672646 268.35173611
-143.72924535 -847.14137965 292.42065253
-45.11063333 -778.36770000 177.63355467
-122.99731265 -845.75090321 277.78335911
-99.30931001 -824.65958103 263.17741394
-144.07447153 -850.92065623 289.65071896
-39.52744694 -746.97276203 89.22969349
-51.82702526 -784.12821053 190.04966695
-132.86518723 -844.99137447 292.02919651
-86.73097213 -818.47456947 248.89711538
-144.05077500 -847.64543228 293.54748990
-39.58599333 -750.47159231 101.37052954
-59.69655739 -790.73728351 204.17651652
-67.02292277 -808.77979505 228.13076226
-120.00669473 -839.34306382 284.07948755
-131.02792727 -844.23116061 290.11603042
-105.47129953 -829.90405620 272.40076791
-144.29407186 -848.23717305 295.41030896
-44.18951080 -758.80765990 131.36374687
-142.88236739 -849.47507391 288.53955322
-32.52617519 -767.67621740 257.21024700
-76.79221667 -805.64598333 231.69848800
-18.50131769 -772.03482449 133.06079820
-57.63172683 -784.25375854 192.93765141
-38.18950935 -765.89779959 157.83292418
-43.80684238 -762.61210662 158.34564098
-99.09241888 -824.45220629 266.35103257
-142.82645938 -850.83740000 288.61287863
-142.06510000 -848.25060000 294.93839467
-42.87055776 -755.64899949 124.94130556
-64.64908305 -790.87357627 207.38547953
-110.12385660 -836.74625264 270.32626044
-38.48795414 -736.78609490 35.41374341
-138.57918718 -850.66799487 286.40437091
-55.06343162 -771.09834150 184.88131923
-141.09014741 -850.80184267 287.86183671
-127.91241335 -843.82407685 282.04201886
-48.18603661 -726.02815254 59.10213100
-40.66710000 -730.41861429 15.26861657
-97.15899004 -824.86393946 259.24779720
-125.95965702 -842.36700214 284.13007026
-140.80047704 -846.99849874 292.61902699
-37.18649236 -750.60976178 110.18668991
-52.33146757 -766.90750405 175.50997449
-132.95467308 -848.55590769 283.18382101
-8.82944781 -779.96910578 139.61891097
-141.92119603 -847.82756349 289.10121181
-77.52420195 -806.43755567 233.74481743
-79.26117989 -803.20948152 238.51177659
-76.47460000 -796.35020000 234.80818800
-140.09724419 -847.02963605 288.43387056
-36.58449066 -773.40383228 185.29821885
-43.40083750 -769.38845000 204.05698800
-140.80316589 -848.87595084 287.86745454
-137.76195235 -846.47212539 287.66384920
-81.08119827 -809.88146976 239.56482558
-40.50180000 -732.18175000 25.07073800
-139.37003333 -847.43581111 294.00448800
-138.00780777 -845.92298150 290.22346897
-23.21944750 -766.77271154 128.60125050
-137.98146550 -846.62695996 292.87281475
-9.05311808 -776.83344230 137.91200522
-87.37110793 -816.08230415 248.27588891
-138.34039578 -848.58000509 286.49932410
-137.12439008 -849.27998223 285.45994957
-137.07545500 -850.53977250 285.44717300
-45.48826765 -756.84556544 146.07421668
-28.25444211 -768.28329925 296.49490680
-135.06543353 -845.54847488 287.12335564
-35.46453313 -771.01904146 185.13312926
-135.03256828 -848.78586147 284.40103059
-39.53896703 -734.41241250 35.40603197
-134.98700077 -845.37680214 290.36664099
-89.27506496 -815.72550450 251.25533779
-135.22323025 -845.77677647 292.43780397
-36.02782045 -768.61087747 218.24243209
-134.43253859 -846.60454903 285.06589771
-36.35938161 -738.44566774 56.34184590
-35.95937729 -768.13933250 239.24650993
-45.18073931 -737.58867070 50.33005549
-57.10683477 -786.70836717 196.62455776
-135.43324500 -850.45434750 284.50289800
-49.28240909 -762.40739870 163.63115943
-136.22600000 -847.35980000 285.80168800
-61.66160129 -779.68458017 201.27773541
-132.33098020 -844.63864245 287.26999576
-127.02468864 -848.08003977 279.95492777
-31.93652278 -770.33647094 260.19969046
-38.93188303 -748.67472890 92.62136277
-131.92244765 -845.63828727 284.10971742
-132.13120239 -844.79570700 290.34122281
-68.76529571 -803.36023626 224.91285213
-131.44267264 -848.56369561 282.12744205
-84.02396187 -809.74469206 245.29685781
-131.11008802 -844.17042814 287.18704489
-38.04578996 -760.86258912 155.57716708
-38.32101005 -742.10077513 76.71961551
-58.95790952 -787.50435952 198.61590705
-40.89408966 -757.17135000 142.27614145
-82.95896894 -809.96392003 242.79576316
-99.98370561 -836.28389907 265.21269080
-131.02887487 -846.69373769 282.45568549
-130.83077903 -844.21324355 285.15239606
-128.98076088 -843.73491299 287.18949723
-79.58109455 -801.78087818 240.34984255
-129.98560107 -844.73124064 283.31893666
-108.25104868 -833.70649097 269.04307004
-93.25872177 -828.81779315 259.21430856
-128.88404463 -843.62528635 284.23138016
-26.05395000 -763.34420000 120.77408800
-129.10405576 -848.28325476 280.83818399
-91.15996996 -815.02572575 256.53807555
-128.77061000 -844.10338000 289.49174379
-31.58035417 -769.20110417 274.88022133
-116.28134411 -837.32736456 275.37042938
-130.41952500 -844.37472500 287.41798800
-33.02673470 -755.23613076 107.47227392
-127.61574000 -847.91312000 279.70988800
-37.77898417 -762.05091583 149.22647870
-125.96712320 -842.69068769 281.48354734
-44.98089181 -728.81240512 55.69752042
-17.94654571 -770.67069711 131.31817653
-114.80468522 -836.34107577 275.10062563
-39.02251672 -729.69448821 17.13169516
-126.88655472 -845.58274944 280.20973244
-34.11216386 -750.41399639 101.75697475
-88.74740497 -813.87157624 251.95935982
-74.59425045 -809.14821164 234.05540591
-40.29341364 -729.93427727 53.22540618
-126.50101667 -843.65287833 289.20360133
-125.96165776 -847.77389526 279.30540998
-79.85111503 -801.81687617 241.78864759
-99.57504543 -830.97713162 262.30781236
-125.54353110 -846.01435660 279.20417173
-48.66022500 -784.37852500 189.73538800
-39.07479088 -768.62820281 227.36662811
-32.24459134 -759.78285493 115.22434770
-124.84488092 -843.64370526 279.42771958
-49.32402222 -727.11187778 63.87361022
-124.68563077 -841.21023846 281.33819569
-26.65844277 -759.24539439 115.69352640
-37.30781065 -763.84306272 155.45793830
-124.14298482 -841.65234031 280.80234716
-124.50380000 -841.22550000 283.68198800
-123.82486162 -841.58240141 284.58710314
-122.78759260 -842.75861977 278.33721364
-123.44298731 -841.95367228 287.00249759
-55.90481000 -781.41290000 186.68939800
-40.97550290 -765.20019275 155.14440684
-53.16103499 -734.43610352 61.52640663
-122.85391757 -840.58971855 281.39927985
-113.60261833 -842.33068643 273.09346871
5.80348603 -782.40821569 144.58469783
-39.22212759 -734.86527094 44.16213849
-66.10685278 -803.98488903 224.03895636
-123.73206571 -847.55592286 278.24336086
-61.80305000 -790.36910000 204.76633800
-122.01276410 -840.58467766 278.92441822
-3.56813500 -780.08365267 141.27881733
-121.99811333 -841.04026296 286.49366504
-34.59503125 -769.39308750 229.97971300
-121.52381667 -845.02070000 276.74298800
14.61460000 -787.29265000 147.80268800
-82.17781572 -805.93542576 245.00050852
-28.51860000 -767.98010000 300.86328800
-121.04898262 -842.39548486 277.11651361
-75.23124383 -803.82070324 230.27748647
-32.70041213 -758.75525311 113.44499463
24.87499215 -801.99113665 151.21567701
0.02353217 -783.02822005 142.94016189
-120.12521219 -839.07513585 281.21544951
-120.23291737 -839.62552585 278.16222609
-120.66004025 -840.12251258 286.20768297
-3.43151476 -774.34464699 143.32823198
-115.33432292 -838.84095729 273.87014529
-36.94178571 -751.84728681 107.81445064
-38.82398836 -753.90704452 113.00346951
-115.11511714 -844.53066286 274.34971657
-67.75758940 -791.99769398 215.97468487
-121.17274141 -845.86352020 276.91090517
-105.79587487 -830.01079511 269.09841784
-119.75103826 -845.18405086 276.20651269
-36.31063312 -743.80349338 80.14397710
-38.91739545 -753.15372591 110.21409527
-119.82395291 -842.98401578 276.14551881
-39.35283658 -746.25182684 92.32399969
-67.38295385 -809.28151538 228.98507262
-119.06100064 -840.28850405 276.27430293
-118.66339244 -838.12901512 283.86627870
-14.47849057 -768.00980849 130.74383951
-106.43655000 -835.21720000 267.85993800
-75.20706417 -807.21034665 232.72492363
-118.65975000 -838.21211500 278.47944550
-35.98163525 -768.73246195 227.29492570
-117.01396623 -836.89246151 281.44732441
-49.61266000 -727.16174000 64.01854800
-51.35160333 -787.48188000 195.41914633
-36.02674917 -743.18782614 68.16054754
-117.14236693 -842.74694301 274.66173013
3.51647310 -793.97330936 145.06652250
-109.83003235 -832.20007353 278.84248604
-59.99712256 -795.54466570 212.10099883
-51.63485862 -765.85993707 172.86549834
-36.65600843 -745.50627590 77.86252053
-52.38273784 -770.79271081 172.16756638
-42.00877636 -765.42391636 148.84763345
-116.93198340 -837.22661117 278.21644419
-37.51613333 -769.25656667 169.05125467
-46.58840238 -759.61575952 147.52798086
-33.23616801 -770.79494984 230.30773370
-117.57079084 -837.04250693 283.66017302
-77.80281183 -809.61609066 236.52289049
-117.02484779 -839.76686594 274.91856760
-103.55102727 -828.98834545 264.58401527
-117.37603714 -845.05070032 275.14537911
-68.52738523 -791.88853634 218.37314443
-118.41960000 -838.33910000 282.41318800
-59.34705048 -784.92983931 194.78966180
-115.67726364 -835.15507576 282.44088194
-96.80057316 -833.70720263 262.25673326
-41.66953387 -758.57810538 146.41594947
-115.71055769 -835.08095000 282.93375723
-36.71409375 -736.46603542 33.08564842
-83.36356340 -820.20302990 249.99251635
-17.70217759 -769.43447759 129.64237766
-115.70519474 -841.85260526 273.71157747
-55.46480000 -775.64220000 183.84473800
-115.65846000 -840.16490667 273.68376800
-45.70824593 -766.99516691 179.33760109
-114.82923274 -835.79078159 278.11109667
-114.10955815 -834.34137252 281.02206508
-53.49765949 -731.77512970 62.21355265
-114.15446928 -839.82911837 272.99998870
-115.19789922 -835.58731783 280.47777327
-69.33571295 -801.59548735 223.58679643
22.23500000 -802.31680000 150.90388800
-114.88540336 -843.37640168 273.99714010
-40.85815881 -735.36892567 44.87490113
-39.00167056 -766.96709438 197.07126522
-113.65827911 -836.95987552 272.89248550
-64.81320340 -783.79393574 212.10442800
-101.41714532 -833.33843837 264.25811308
-73.95125210 -800.94189351 227.73053113
-74.57443380 -812.05949199 236.84506570
-115.07870000 -834.47560000 282.81838800
-80.92009091 -818.76541159 248.22682410
-113.34397076 -834.54985931 278.35027309
-113.16507617 -834.87927332 275.42872242
-42.64842263 -760.89346592 155.52926007
-80.99660894 -817.63927886 246.35486361
-102.10143034 -827.88718609 272.11082478
-95.82031744 -824.74159366 257.74713331
-36.66220565 -732.59090508 29.23395071
-61.13150000 -782.86676525 199.67173414
-112.94646563 -834.98147562 273.10195425
-42.08085368 -732.90950654 51.07686157
-70.05208950 -794.69560983 220.93682600
-111.28894661 -833.15809010 278.34954573
-111.51269547 -842.35587758 272.18354745
-36.55008497 -747.03561022 98.36531886
-55.64897467 -771.78134133 186.21385867
-34.37300476 -771.86026905 197.45802967
-76.23866471 -816.94768235 244.39368800
-111.59433922 -836.78501922 271.36781699
-111.01128277 -833.45225524 275.26359558
-111.82921777 -832.85049617 280.19736605
-111.39796388 -839.86768139 271.40326355
-48.51387500 -784.26960000 189.82791300
-41.52170125 -763.55894125 141.23035675
-91.60460364 -813.90953818 258.40248982
-51.10464585 -765.22713105 170.20013349
-37.58212222 -772.24594444 177.94046578
-57.16395050 -793.14906832 208.06623552
-38.34873770 -745.46157213 78.07827325
-110.83967922 -833.84280821 272.18216002
-78.16338543 -816.76294523 244.78575031
-110.06767024 -839.19715417 270.50992371
-38.92372141 -764.04117718 176.21260424
10.86381667 -784.04114630 145.51297504
-110.62528000 -832.22894000 279.99858800
-110.00268966 -834.32931508 270.37881677
-109.48080000 -832.32160000 275.20718800
-108.16923225 -831.77168884 277.69141944
-85.78828842 -810.82829789 248.88798326
-45.19850841 -767.18391416 152.27837384
-40.83068817 -769.18866805 230.19648978
-109.04968333 -841.64835556 271.14487133
-109.23783554 -832.45609008 275.18949957
-97.79480873 -823.03466865 263.25282332
-61.03151282 -777.59079402 199.79548928
-109.18435885 -832.55126890 272.02964542
-108.25079159 -836.76194398 269.18802527
-107.91753359 -839.54146133 270.06842511
-57.80376211 -796.52724632 213.41789221
-109.38735625 -832.38781250 277.37533800
-8.96440870 -773.90963694 137.13269120
-107.84647847 -831.64871055 275.24602980
-5.86474030 -783.35327455 142.53444302
-63.11844189 -803.20716586 221.88572505
-107.78203840 -831.39194717 272.23444843
-87.38174340 -810.29773170 253.76143517
-82.32642931 -805.62642241 247.50244317
-38.92071043 -763.01525576 170.25508962
-38.12606228 -739.70144649 50.34885379
-67.88697857 -808.79396250 228.54206121
-108.61556429 -840.97703571 270.93112729
-39.07692611 -753.24236192 124.96753221
-107.34562576 -831.46941722 269.43584737
-108.36468000 -841.40706000 270.70050800
-106.71782198 -833.58377473 267.62650558
-52.73888866 -729.41419150 64.40429893
-45.08045415 -767.93727834 188.27620787
-66.40771231 -786.71464615 217.66025377
-41.12646679 -749.96137071 104.24041375
-10.36697500 -772.90023000 135.67632300
-106.62134375 -831.60853750 267.65902862
-106.57986667 -835.81530000 267.76072133
-76.35620000 -814.21880000 240.79768800
-105.22170732 -830.32507060 275.08337619
-105.03842438 -833.60318255 266.47807415
-71.03717125 -805.69885125 228.52010050
-49.92175740 -770.05290942 161.67515661
-64.59824490 -783.91580204 210.34314922
-94.31041111 -832.50097778 260.96113244
-3.82425969 -786.87516990 145.09136555
-105.21290860 -839.21044910 269.33437080
-34.84814027 -769.81301726 209.26190924
-104.84750160 -830.77643879 266.29331398
-48.97265360 -762.21086126 161.17991413
-41.00388148 -751.48412840 104.89726454
-41.46599682 -756.13497420 137.23110107
-97.26879167 -832.13526667 261.90542133
-2.73279219 -788.55015869 145.31766440
-106.21619355 -830.92911613 277.00344606
-41.81114221 -757.69468117 125.61018930
-104.61925423 -836.13442139 267.27492631
-32.77389522 -773.41043149 227.36456516
-63.88845245 -804.59039930 223.39121877
-44.50472675 -755.82669932 140.28188102
-42.18907939 -769.92412994 221.11003034
-104.34345016 -828.67395810 269.20810133
-73.13810000 -814.59625161 239.09471381
-104.08069215 -828.99680393 271.99011731
-103.98499267 -828.80239600 266.61882600
-3.83125902 -781.61507869 141.67487980
-87.06780486 -824.35870590 254.64297637
-103.64541667 -829.64215000 264.69238800
-103.28729545 -831.23456591 264.89182323
-103.59201176 -829.25822941 274.24880565
-103.08806835 -829.04676709 274.17326648
-98.43633751 -824.89742864 260.38697145
-39.07673739 -768.39498015 236.26055714
-94.79498584 -819.80766459 260.60163899
-102.49653268 -827.39408377 266.20629184
-75.47274402 -815.48514936 241.75238088
-82.14382420 -809.54441635 241.47048970
-78.29519367 -798.96529873 238.34027028
-47.04320326 -759.25501953 152.29221265
-101.91471152 -836.58155892 266.35967350
-102.40473363 -834.06804513 265.23666919
-102.18958885 -827.22117200 269.34586772
-103.39018889 -829.38613333 274.48973244
-60.02834598 -792.05449920 206.33270406
-101.64126067 -827.70193647 263.40880414
-88.03066857 -826.63742571 257.20125229
-97.66002576 -823.13179394 261.36367739
-94.63124615 -820.11476923 258.39659954
-34.10595556 -775.43573611 206.20731300
-43.37710000 -763.26360000 141.97418800
-103.16400000 -838.49146250 268.29211613
-42.23633427 -764.07926821 173.38343332
-101.88903420 -830.82076283 263.74843496
-56.96176121 -790.88814634 203.80040912
-37.10038638 -749.28772121 104.44371992
-64.24176500 -805.70174500 224.39222800
-100.95353417 -825.93797059 266.29075635
-83.15653333 -817.56921667 246.53456244
-62.52552943 -793.81926154 210.07159369
-38.37244421 -768.95719263 166.74035379
-38.14513150 -772.82446972 179.08557210
-64.37419554 -788.67097261 208.04017590
-100.74008182 -826.10657273 268.81748800
-44.30642539 -770.09135551 203.32001123
-43.06744857 -763.57351314 167.71001257
-81.23135810 -813.08077710 241.86350934
-49.74394718 -726.91482016 61.98603115
-48.27411145 -764.77426416 155.24313469
-68.81814167 -789.94142024 223.35342967
-84.79036823 -812.79212550 245.03244594
-100.66740909 -826.67028182 261.66660618
-34.16489103 -773.75058956 200.32711624
-100.53140000 -826.31990000 270.79248800
-63.66987424 -796.13120530 214.00254103
-38.79849855 -743.08793671 68.24787644
-100.34049756 -826.53146098 271.45989776
-60.38367824 -799.00819537 217.07875698
-100.15652215 -828.22175168 262.01719605
-99.14743957 -824.89697235 269.06877560
-36.45934904 -746.78938970 91.95985830
-98.97950982 -833.80844770 263.23202098
-41.83047492 -761.57471592 161.14956260
-100.44193333 -835.14930000 264.84498800
-40.98262786 -750.66583667 113.18714990
-98.71970063 -827.77056603 260.81250006
-90.77440119 -828.80554762 259.14623800
10.79280694 -797.71742500 144.67019217
-38.94903849 -757.76526415 125.24210875
-42.53260265 -769.95409136 218.33053326
-46.98162500 -766.43182500 150.51816300
-65.51710075 -805.99551754 225.24478128
-43.32606667 -772.48326667 162.23202133
-99.22825357 -835.69737786 264.36122371
-41.62558556 -759.66608297 152.28009468
-98.42685186 -830.21071404 261.26550806
-56.66674951 -773.76612039 188.41230790
-97.65172992 -823.15801102 266.17068249
-41.02187692 -766.03568205 157.94645467
-97.61827059 -824.42382941 258.61686447
-42.06114341 -767.09960527 194.32588474
-97.54983077 -823.20316923 268.29374185
-52.78828931 -734.53545345 60.16190903
-51.78514292 -735.09813729 58.85441050
-87.70366722 -812.62865411 251.14589327
-94.91759855 -819.44371435 263.25688994
-40.62211406 -748.17356719 100.66552862
-96.24054692 -827.90073666 259.39864341
-34.30871522 -747.59330652 102.18896191
-96.51402191 -821.86143774 266.14070731
-41.07123548 -767.04118871 161.29160413
-84.95676279 -823.81499884 254.29909149
-42.10647071 -729.31137379 54.26474658
-97.36930000 -823.46691429 268.52155943
-72.52946400 -793.15996800 229.20634000
-54.03382332 -790.12763316 202.31289681
-18.79329527 -762.49281216 126.05876064
-97.13519881 -822.85652738 268.13509514
-70.29356087 -791.37983913 226.07140104
-92.87526285 -815.97969324 260.09577413
-36.17205007 -743.74825277 77.25901303
-95.88622179 -830.70738532 260.62032185
-41.44517723 -766.01593441 188.10949741
5.59978555 -780.46425029 144.41830573
-18.48731569 -775.12889020 135.88962133
-49.77882581 -737.14907097 57.50594606
-48.28974035 -774.47192882 169.98482969
-66.09955618 -801.02238804 221.17063260
-40.82946786 -763.25640000 172.30868443
-95.64999869 -832.83013464 261.43263441
-92.33837001 -818.97910535 254.55502053
-35.88847007 -768.71264252 230.36586982
-75.23495768 -813.48105768 238.92693277
-50.99068696 -778.77282210 180.00935684
-43.22195385 -761.02686923 149.62850338
-95.36504725 -822.00820309 257.51736411
-44.04489830 -755.49355833 137.36674804
-95.36585567 -826.96532320 258.46829779
-74.78459114 -814.78969889 240.27369021
-21.04647833 -767.81260709 128.30258926
-78.41198438 -813.92429938 241.17730550
-37.02993929 -736.08069643 46.98111657
-94.64373333 -822.08830833 255.63699633
-90.05156318 -827.30878075 257.75144825
-71.10559874 -808.93973145 231.32846221
-93.40087451 -818.84184698 257.19475085
-73.00515876 -804.93479485 229.26830553
-94.18601395 -818.00256558 262.81064260
-51.33212636 -781.03279636 184.41735755
-93.93320479 -818.33530928 260.20665057
-94.20013964 -821.07689053 256.49527735
5.17236579 -794.75402368 144.87713011
-93.34852756 -830.47137852 260.03605215
-59.87415673 -796.47857018 213.52733420
-52.16612950 -767.42772337 173.02854777
-44.32935131 -764.01796649 164.52330580
-92.89489493 -827.32400933 257.97847787
-36.03385000 -742.36000000 60.02743800
-92.87404519 -821.78371894 254.47214692
-88.77849020 -817.62018627 249.61116447
-44.23790000 -763.45980000 157.16508800
-93.63560588 -816.85566324 262.35648432
-67.07869375 -802.14164375 223.00176925
2.46082178 -792.77331782 144.99557216
-39.35163362 -734.52294590 38.26302196
-92.45061107 -823.94436145 255.21951548
-39.65588841 -731.67075480 23.14496107
-92.08016968 -816.08479694 257.57160885
-88.92006875 -810.96146648 255.17198289
-91.90758028 -813.99540141 259.27050349
-56.57400000 -772.24840000 189.87588800
-91.72692692 -816.98462821 255.32770338
-91.66084390 -819.53691220 252.51963190
-34.78734754 -757.60413934 110.85641751
-91.19224906 -817.99555849 253.34118894
-61.51090000 -786.89240000 198.62198800
-62.81834714 -800.13128571 218.88655229
-58.06484789 -779.79810789 190.89635842
-40.14563291 -768.46756709 152.15962597
-91.34718125 -829.54043125 259.59520675
-89.87785679 -825.80495107 256.29977979
-54.01121588 -789.27605400 200.19180172
-67.28739157 -788.13683253 220.34317595
-38.30702021 -739.06334843 61.90040925
25.70895510 -802.56059184 152.05452882
-90.52563240 -815.67856675 254.19103788
-42.62156782 -763.76589898 170.52495134
-90.44050531 -822.33807434 253.29952428
-90.60192053 -812.94388094 256.84086703
-89.93334466 -824.36252331 254.76087266
-64.04327413 -782.96479420 209.07517888
-51.63981040 -788.05854971 197.02221690
-89.71125621 -821.31978757 252.24184185
-77.99363256 -812.87303972 239.75301941
-82.00619385 -805.04370769 247.14521569
-81.88089068 -820.77354227 251.12703732
-32.89845873 -770.91255125 236.38919361
-62.94330430 -797.45702561 215.43499282
-47.72052709 -764.93218963 152.25141077
-87.58801205 -819.67429513 250.16801826
-37.00602927 -729.72839350 17.15002418
-88.18692317 -811.83616402 253.38844166
-83.38904326 -812.46580037 242.86124942
-43.73573662 -762.25144648 155.56859927
-68.94110392 -794.82267562 218.29246725
-86.73819263 -821.35841800 251.19989887
-83.95037279 -821.34106014 251.26884107
-8.73745851 -770.75738126 137.28268341
-34.79774649 -770.32642018 197.24049721
-87.54149511 -825.77747911 256.34339556
-87.19125041 -823.05719917 253.15432354
-84.03705402 -822.85726034 253.15478685
-88.32167957 -814.77890108 250.16429015
-63.14242890 -780.58685058 205.88828193
-68.71584065 -806.54741947 227.63853390
-81.37255573 -816.42837724 244.98572313
-42.55653167 -731.48310400 53.03834200
-86.50937289 -812.83937201 248.26800529
-86.26467634 -810.30717083 251.47458184
-39.07038642 -763.79614906 149.34513857
-7.96621277 -778.08383191 138.95446247
-85.99827056 -815.01686623 246.21880791
-85.74829849 -813.52878643 246.20213875
-84.76073127 -809.51303646 248.12157403
-83.92791716 -815.75079913 245.46270856
-84.97057123 -808.92767578 250.96696321
-85.09431467 -816.93067467 246.97538400
-65.01908915 -788.78043277 209.42630325
-44.99726702 -775.70106649 170.80419952
-39.15038838 -747.51475694 101.23214018
-56.84824742 -787.73511856 198.08778663
-84.98580000 -820.36710000 249.76438800
-84.01473073 -807.83021122 250.53087239
-33.07788222 -768.04503974 251.33400569
-43.59857143 -769.22294048 202.86494514
-83.30701175 -807.11791218 248.09563595
-44.79708814 -758.81114508 137.36304834
-82.63942727 -807.85703818 243.35171345
-82.60384286 -814.57638571 243.61393086
-42.41196298 -771.74004471 160.96422454
-82.55190000 -811.31570000 240.76898800
-67.57958500 -790.01771250 216.37858550
-36.01780444 -735.04991449 32.24620459
-81.76115632 -806.77842939 242.26290205
-81.33536290 -819.99292715 250.26561741
24.27630852 -802.78579280 151.68290429
-38.54731600 -757.42102000 123.56797600
-62.39331933 -782.88364422 203.24336867
-80.54228390 -806.84714856 239.32534664
-80.68809385 -803.88136950 242.33554852
-80.06020545 -808.87407091 237.30441891
-79.93876528 -804.08644304 239.59534434
-79.71807989 -807.36310899 237.19775784
-79.56862857 -805.17112857 237.53267371
-38.40132059 -761.53371544 143.39283408
-78.90173736 -800.81426737 239.07152536
-78.79426673 -806.72786725 235.92114205
-78.90942892 -818.42859036 247.72326993
-76.87632364 -801.03115900 233.87531122
-78.75710853 -810.82387907 238.24993374
-78.46177788 -803.79365972 236.19778877
-41.15215217 -769.45943478 232.87518800
-68.19682231 -789.41178413 221.07930337
-40.73324195 -747.91800297 98.02272402
-79.36731818 -800.82541515 241.05768497
-62.06659375 -796.44415625 213.62425675
-73.13768214 -811.09686071 235.03619871
-74.13650446 -795.35403928 230.56906804
-78.19299244 -817.64338739 246.16919388
-28.14776887 -768.15899434 293.11547196
-29.03485904 -768.40412660 293.14051938
-76.67768376 -798.01381168 234.50899105
-38.80006278 -770.20059205 170.16670192
-77.80637979 -815.18423537 242.32314545
-48.03130505 -780.31966189 182.23795579
-38.32298571 -733.46640714 18.26297133
-62.84533747 -791.11336597 206.49039082
-44.42923223 -768.51184816 194.21854683
-37.05656543 -745.04670926 88.90840158
-42.26614926 -764.58287201 176.44863085
-36.57752308 -748.41666154 90.42924954
-34.62003158 -775.40525263 202.65580905
-42.93429492 -753.76058075 134.26504549
-36.02118267 -767.18609767 248.34951789
-33.63066198 -770.79467395 221.38273382
6.92778278 -783.08759234 144.88938848
-77.82353644 -800.78931553 236.27268561
-75.25452409 -810.41381905 235.71562834
-77.15022003 -803.92392684 233.44117038
-70.93708155 -797.90657675 221.82385793
-77.33811940 -798.17894179 236.01407278
-9.68149167 -784.50004167 141.64400467
-76.81330833 -811.56432500 237.56707967
-76.62983750 -804.62960000 231.29961612
-36.29273898 -739.59162712 47.96700551
-47.81850244 -767.81340321 155.49599788
-8.10099867 -783.82757467 142.17602733
-35.03728075 -756.76261954 109.45143197
-75.87740101 -797.80493763 233.12563790
-76.07682554 -800.52580727 232.51806521
-40.99663750 -764.56533000 152.25810550
-36.19530665 -742.82902522 65.25913458
-68.82577699 -797.27389482 218.45890823
-76.29512743 -803.16970442 232.11725260
-28.37191250 -752.22511250 111.64135675
-6.75597708 -771.20979196 140.48674127
-56.72710000 -793.33570000 207.73883800
-73.09295530 -800.76995497 226.33962740
-38.57282604 -767.20145414 161.30976049
-45.44193934 -772.11893279 163.25582570
-38.80504486 -733.79698571 20.60275429
-75.44710314 -795.77821176 232.83739153
-76.38780000 -796.24040000 234.79318800
-30.06263515 -759.87480476 115.33256827
-65.41127240 -785.82056250 212.21707042
-40.68878652 -768.96710562 235.67828013
-35.89692510 -767.58129151 182.11936213
-35.85479046 -737.77839618 47.41935365
-52.55288947 -773.91294211 171.39145642
-74.36297704 -806.05975963 231.09880244
-40.55360000 -730.05271429 14.70327371
-69.40793609 -804.60977934 226.52181968
-40.81074898 -769.98296531 169.93295331
-48.00659583 -734.76334295 55.83736858
-75.13088546 -800.84618134 230.36550545
-43.39992222 -775.53696667 170.66018800
-42.00794930 -767.46640162 197.23845070
-52.88155052 -773.99443134 173.52296388
-74.57621583 -797.85704197 230.30775587
-74.19161573 -803.00946089 228.08037752
-73.78693344 -798.17219049 228.16820111
-42.80113569 -766.59754791 188.46953302
-42.34982788 -737.49132626 47.17085239
-73.65384000 -801.42287000 225.58653800
-58.70767962 -782.86895637 192.08893322
-73.17706414 -794.36067384 229.47127450
-39.08906527 -769.63016527 167.85637842
-72.08684949 -809.96449683 233.02995597
-39.78179630 -766.58360556 147.07601948
6.50683411 -794.86883695 144.56398490
-71.92995623 -803.78809695 227.35309834
-72.34302869 -812.68189379 235.99445074
-33.90910000 -748.00516389 103.53311300
-72.98011333 -813.98493333 238.17537022
-55.16448180 -776.73421018 181.93250033
-31.40004409 -768.67781773 260.82493209
-71.97828393 -800.69470978 224.52567869
-31.91732044 -760.67072482 116.64331793
-32.76255801 -770.83737828 239.33677623
-73.03540447 -797.66140214 226.80945298
-55.78395464 -778.97638361 183.02375631
-71.95052481 -806.80980446 230.16380019
-37.34555556 -757.04487222 136.58923800
-44.23471410 -765.89383505 179.19241382
-73.04734242 -808.02016970 232.08206376
-70.98514607 -799.68312360 222.33808126
-50.97267244 -731.79248200 58.84942809
-71.95006736 -797.82565325 224.29824481
-71.36702444 -794.87737481 224.30888960
-71.18904403 -811.84712642 234.12775152
-71.35343115 -792.58190262 227.06269193
-50.18545115 -728.93375849 60.00663731
-41.77047110 -769.64217365 227.24649168
-40.78009500 -766.56632000 159.16348300
-70.88566957 -802.60971957 225.47098583
-58.01441176 -797.32241961 214.71580630
-70.74724184 -792.76322653 224.87527014
-40.63369375 -730.78577500 17.24895050
-70.71577941 -795.24417269 222.19039136
-26.70377770 -764.61992517 125.04745873
-69.67650000 -798.09672116 220.48729735
-69.89842638 -791.61454297 224.05485088
-41.72912551 -759.15224745 149.23888171
-45.60688182 -766.66102727 168.16961527
-36.44220793 -742.52212927 62.82926361
-37.24159698 -753.61333887 122.20325819
-39.27625879 -753.92878182 128.14107063
-69.04895734 -809.54789829 230.17515023
-22.41316667 -757.14356667 121.80968800
-69.78582500 -807.66554306 229.38091821
-68.69829524 -800.24110348 221.71446657
-70.35436316 -793.62833158 222.95760379
-69.97374167 -811.73798611 233.10432689
-45.11840773 -767.42070773 185.24260991
-49.62070725 -762.95864928 164.57362278
-65.99279946 -786.10691769 215.22826868
-7.32886444 -774.31165778 138.62585022
-69.22919341 -791.74188127 221.14496476
-67.95319014 -794.86041329 215.77240500
13.85133500 -786.75061750 147.42791800
-41.30475126 -768.88156233 215.24535305
-69.12910000 -811.36195000 231.73753800
-68.07918095 -796.45495238 216.60766895
-67.79912443 -789.53611033 218.55316659
25.52430000 -799.25880000 149.21218800
-58.95435229 -776.98901336 194.40561529
-42.09390000 -754.41085000 114.49868800
-38.38829145 -738.55968291 47.32909313
-67.12374264 -788.18503658 218.11261094
-66.52889660 -807.03798832 226.59439883
-67.17357803 -791.71471350 214.62192347
-47.81989262 -776.22168952 173.30278657
-67.47670000 -805.24360000 225.96848800
7.20636154 -788.44126538 144.87839185
-65.85093257 -794.27508895 212.79459295
-43.64294706 -766.25108824 184.17107624
-38.91849266 -752.28704404 107.23296828
-66.82323770 -788.75432779 215.18693162
-36.59418273 -747.08554283 95.21394569
-13.19105647 -770.20573059 132.52311859
-23.18110225 -762.55663034 120.91361946
-41.28496197 -763.10320458 170.06809082
-38.74396810 -761.52514678 161.27216732
-49.63935556 -769.60382222 159.50512133
-65.35847163 -799.69239929 219.26197594
-36.80562718 -755.67121684 119.15484338
-66.28258573 -791.85092336 212.30306318
-46.54585000 -763.05598000 143.85877300
-66.11524106 -788.90368767 212.34831696
-65.26872273 -802.69560364 222.40132073
-38.23994328 -736.49168806 32.79565815
-65.20558864 -791.68461838 209.58410463
-64.82640522 -786.11263883 209.65407283
-60.18747717 -789.60719457 202.81134434
-65.14232143 -784.21405714 213.99199514
-64.51501667 -790.19548333 207.29973800
-33.34826107 -768.32822959 248.43003490
-45.44382941 -775.02940490 169.44546153
-63.08546709 -795.13201633 212.37317281
-63.24493379 -801.59704286 220.63498663
-63.00842909 -798.79241827 217.38878151
-43.26020690 -736.55449655 49.03648455
-64.34617500 -782.94885500 211.30415800
-57.24481164 -779.81954013 188.29998301
-38.95121185 -759.65487275 152.23789904
-44.99023029 -764.80100806 146.35728298
-63.25419473 -792.52576455 208.82161364
-25.12393899 -759.06391514 117.19405222
-34.85600937 -766.10067813 257.01686925
-46.24502500 -769.41239167 188.94883800
-41.23503958 -760.03912887 155.15632461
-63.78276197 -788.94953634 206.33059044
-9.94924894 -778.75558723 138.58556885
-49.86661111 -763.18138333 166.43988244
-37.50373333 -763.37960000 168.17132133
-38.04777273 -739.21170909 64.45861527
-63.66203430 -785.83959811 206.34112107
-41.93183848 -752.71192119 119.26310975
-63.37447478 -782.87526989 206.26209942
19.35736875 -802.40666875 148.86123800
-63.56907826 -781.13760435 208.01919235
-33.69889641 -768.81088039 242.50386349
-40.87239444 -760.26608333 157.14224911
-62.58365271 -788.72624145 203.41911963
-40.72062846 -748.68911154 95.86378492
-62.49638890 -785.78803500 203.22005620
-20.78930265 -766.74770000 126.08491096
-62.36370802 -780.00829271 203.23924164
-62.00931645 -787.88338831 201.14420445
-61.72689938 -786.04155561 200.84359174
-61.82216364 -778.13381818 202.00445618
-56.31082354 -779.85527131 185.51168583
-61.63635490 -778.03668431 201.17656055
-61.67342594 -783.04784094 201.14989050
-61.12038088 -785.77729875 199.62082515
-59.96620018 -794.07122567 209.56966807
-60.10401948 -785.86571448 197.44446450
-23.97274533 -764.19505829 122.41678701
-60.04797457 -797.84045872 215.44223343
-60.43490138 -800.11407022 218.16869865
-61.18571837 -801.75171020 220.11454106
-39.35962735 -763.72489915 140.98714185
-43.61476923 -761.87293077 152.70416492
-60.19800476 -793.09246488 208.19353621
-59.88746272 -788.22664720 200.41213088
-32.52284583 -772.42765833 251.01765050
-42.03150000 -752.65444473 116.24201210
-44.65491969 -732.16881654 53.57997275
-31.30564762 -769.48085238 275.57187848
-39.28656994 -746.20989356 83.40083401
-61.40560000 -802.41580000 220.50518800
-41.90395630 -753.00478697 128.30867718
-57.32940654 -795.57028126 211.99086861
-38.61321928 -733.16865301 34.70961933
-60.27300480 -782.82754595 197.31464404
-60.22554348 -779.86600743 197.40223891
-59.91891921 -777.07832088 197.19325910
-59.29214329 -782.88892512 194.27094278
-59.18726736 -779.90691172 194.15599928
-59.13990909 -775.19921818 195.96134255
-58.74923131 -774.94212424 194.72533345
-58.62091949 -779.81512542 192.41823037
-36.26378521 -734.10319014 23.31339199
-56.97340428 -794.08188832 209.40515313
-58.21192358 -774.53296698 193.34480309
-52.08395000 -766.19435000 175.15828800
-56.99203649 -788.84418737 200.16800707
-58.02017965 -776.81583853 191.21406939
-57.38043262 -783.07348430 191.13489903
-49.42632500 -727.43725000 63.94415050
-58.33416275 -775.88587843 193.13565663
-57.08279248 -790.00007353 202.40851414
-36.72354777 -765.06319554 173.32385385
-35.73656382 -740.78710875 59.07257187
-47.00175179 -775.55668929 171.34238264
-44.67939211 -769.97685335 200.26929733
-36.48643554 -735.31717078 41.07217987
-53.42886628 -770.88147132 176.32097191
-43.27619474 -775.08843684 169.53137747
-32.17524269 -770.92859202 248.38948304
-46.02156879 -737.12859497 52.66598968
9.18162956 -785.72131150 145.62024605
-36.31262025 -736.80034540 35.49403769
-38.49488171 -747.93833792 104.13011016
-57.44319820 -774.06582050 190.98460796
-5.15978122 -786.46103974 145.14452686
8.09095733 -781.83485333 144.70062133
-30.78507484 -765.95442645 269.24838026
-57.16721038 -776.94117206 188.28656847
-5.52056512 -772.01889070 142.07268335
-37.38840714 -757.86196429 137.65525943
-56.12199296 -784.51718732 192.45625842
-41.70873492 -752.33673069 110.35409699
-39.21791532 -734.89833706 29.17685549
-55.94517320 -773.97782878 185.40275996
-56.18441245 -776.89047772 185.31082168
-39.08860772 -766.16164887 190.98168286
-56.07821139 -771.87236772 187.90222977
-38.64716552 -754.43455517 114.28171559
-38.57724750 -772.47753125 177.26237300
-55.61759133 -777.23135000 183.15700943
-48.24178826 -737.52188705 55.90773933
-55.59074222 -774.70547111 183.46031689
-42.05664769 -759.61209913 131.45221719
-43.75057385 -770.63298578 212.22473525
-40.57312500 -745.49520000 83.95598800
-15.02905649 -773.74738007 134.26467892
-38.30055913 -771.93749524 176.07682014
-54.18277496 -780.72278893 184.99622378
-53.95402535 -786.08030455 194.33713058
-34.85170648 -770.81396075 194.31933271
-54.01969066 -779.27167588 182.23783446
-50.65354183 -728.78221490 62.15529024
-53.97220285 -782.69679578 188.43225843
-54.71096096 -792.33450651 206.33020463
-40.53183750 -744.48103750 80.75210050
-54.14786348 -783.86392393 190.64432049
-55.31866591 -772.78611591 184.29920618
-54.95510000 -793.33680000 207.76488800
-40.89816181 -769.13252717 224.21379981
-39.04599352 -740.62833112 59.26960956
-34.47390000 -775.35350000 201.64238800
-55.03543378 -773.90120940 182.15798778
-53.82261582 -784.77219294 192.04064518
-34.64322203 -769.47151695 221.27229817
-54.45481327 -787.01304286 196.23182371
-53.84506517 -787.96949476 197.47866103
-55.21765593 -793.65149153 208.72732359
-48.84688613 -728.91354638 58.49268179
5.56196288 -785.79824816 144.45152746
-40.07056111 -733.45285000 49.04039911
-53.58065785 -781.62941076 186.20298352
-53.70967176 -778.49837059 180.53888329
-46.97851702 -738.07405774 53.68213504
-42.52250862 -734.33191395 49.65683738
-36.19258300 -741.03032337 68.19394733
-36.99165156 -750.22527337 107.29828970
-54.48194807 -770.85929541 182.31599186
-34.07000490 -769.02496225 236.47327722
-54.27321908 -773.92296730 179.24715467
-36.02088823 -740.76222724 65.34070269
-47.53706087 -739.46962174 53.29537206
-53.97301369 -770.86801858 179.19923348
-39.16552837 -737.41263139 41.31448559
-53.53796424 -776.16568251 176.49290824
-53.76794474 -769.01745000 181.45092747
-53.52221751 -773.96301797 176.26889952
-53.22587468 -731.05082658 64.12358737
-53.32257513 -768.56671929 179.05156516
-53.16163424 -732.08972730 59.92626840
-53.17612168 -729.54973274 62.66592096
-24.09393057 -761.99071618 119.54970869
-52.99117353 -775.55793088 174.23384682
-18.97716871 -766.89646871 126.25165467
-46.53270000 -768.03865000 174.45293800
-41.13323618 -768.97051711 218.31520269
-52.89810765 -768.21451475 176.31138718
14.61221907 -792.01416585 146.88931727
-52.95144286 -787.38822857 195.68965943
-39.12507771 -765.85949427 188.21710690
-38.84240568 -738.37590826 56.35232173
-52.80971415 -770.82801292 173.62865569
-46.03736400 -769.09587800 157.21004800
-36.34813555 -770.99631532 179.26014479
-52.67030630 -768.63703386 173.79724469
-52.53070000 -770.83010000 171.56208800
-38.74431964 -737.10914036 38.43923550
-41.94412171 -767.10214732 149.39995532
-52.48870000 -767.56460000 171.76968800
-51.20394595 -783.28371433 188.26881386
15.09572397 -794.91242776 146.12626266
-51.10425583 -779.91310840 182.18790153
-50.97380764 -785.11067061 191.33335385
-52.09250694 -789.29139191 199.87931864
-36.22893713 -746.47986526 86.34969462
-51.23580182 -786.57216920 194.13955188
-50.33762309 -772.74789871 167.49884251
-51.16590253 -728.31019447 64.41321288
-42.09975300 -767.92764449 200.26388647
-36.38092165 -754.56283160 105.08812999
-39.46383868 -734.90005547 32.23293787
-51.39691407 -777.89754874 178.58762669
-42.80168788 -769.94397790 215.45059174
-39.26225989 -756.83150357 140.09260511
-51.09219229 -776.75392312 176.22642735
-51.04312207 -781.86537793 185.77628225
-51.39564767 -774.68827471 172.62961416
-44.80443329 -768.25854663 191.19268730
25.71972188 -801.00216771 149.82879946
-34.65759767 -775.19891395 202.61755777
-50.80943476 -775.68133090 173.87997169
-36.90252643 -752.40327808 110.38994265
-52.41958571 -789.95340000 202.05214514
-24.53535366 -765.89293471 128.08904278
-36.92809979 -752.87879557 113.35413167
-41.42832844 -751.93874882 107.44902639
-51.06690047 -737.08604426 58.90120627
-46.61672639 -768.57416111 184.92175119
-33.82367895 -775.38580526 209.00255642
-51.96021679 -770.88793333 170.27997196
-38.82867835 -763.58907012 173.41494684
19.69627692 -795.25066923 150.83361108
-51.84187500 -787.30132500 196.02666300
-46.68278909 -739.04832727 51.27916982
-36.26239736 -735.00616158 38.36819504
-36.10995201 -750.28729954 98.23372298
-52.35575000 -730.42657500 64.62413800
-51.81509820 -767.81632222 170.33218440
-51.15296927 -767.89914521 167.25974034
-51.02096043 -771.19022804 167.05549539
-38.80955953 -745.79430326 80.41738242
-50.57777584 -764.86938445 167.25448896
-39.08340053 -749.92365379 113.32015316
-11.82993244 -770.85902706 133.92633042
-36.02366591 -737.83289375 50.36256343
-50.70447692 -784.43446923 189.56860338
-40.86090368 -769.14172789 233.21967432
-50.29270665 -734.55109821 57.24703659
17.67676219 -798.02931759 146.67876084
-46.73921111 -759.22165749 149.31364500
-36.89702000 -733.00370889 32.12548874
-50.32654765 -770.89047689 164.49643779
-50.05223158 -733.02854737 57.60455116
-50.43323382 -767.92848761 164.36548002
-50.13920198 -764.84650057 164.23433673
-34.80682326 -774.98646948 200.00185719
-49.75244307 -726.92143504 60.08248873
-49.69567154 -765.00929526 161.54062002
-49.52161667 -763.12246667 162.44983800
-34.45690000 -773.22625000 195.70798800
-49.07215670 -726.23264050 62.08125811
-35.20067631 -766.53140092 253.98357077
-49.09585310 -784.90631655 190.69051903
-39.01028235 -763.20837255 172.38971937
-48.49035029 -773.19113725 167.37032944
-49.36164583 -764.45382083 160.37660050
-39.26180666 -750.37838550 116.14079692
-49.38240000 -767.26793871 160.16650413
9.41571451 -791.50019043 145.02909633
-48.53618864 -778.17187500 177.97704936
-34.33429722 -775.47542778 203.53359911
-31.63325417 -766.57359167 265.17310467
-47.81696660 -731.94704845 56.57253073
-48.39607923 -768.34039485 158.04938829
-49.45350000 -727.39650000 63.71983800
-49.03500000 -775.15087778 172.01171393
-47.95185208 -781.22862917 184.05188592
-29.54364457 -752.93581534 110.36285249
-48.23046396 -781.97862857 185.43895066
-48.12960485 -770.39697039 161.31567586
6.03556571 -788.86101583 144.44917361
-47.82507652 -769.58397826 159.23692843
-40.42690000 -769.36000000 235.92728800
20.02031525 -799.65428305 147.65393715
-48.65584320 -783.46056699 188.10687683
-49.03365412 -731.04736649 58.12258388
-37.06683011 -766.99767443 164.57036982
-38.45686490 -755.31234166 131.35080933
-49.12030732 -772.18784390 166.03320995
-47.97522610 -777.51822542 176.19767546
-47.93723155 -779.03415994 179.56105330
-48.21542500 -739.43250000 55.17861300
-46.26003103 -725.40646207 58.02331214
-48.51157048 -761.80503584 158.29427505
-39.14488867 -748.79588400 107.69798613
-37.28138387 -751.03529758 112.99613961
-48.11320928 -761.81090653 155.26086704
-21.81922217 -758.83596783 122.66125626
-38.97278989 -741.37793624 71.26568644
-47.39195672 -772.58279851 165.43035218
-47.30734088 -766.87778564 152.54970347
-47.54849540 -728.87622682 57.16338583
-47.38981164 -726.86329206 57.39787530
-47.60909613 -761.91373484 152.29980542
-47.76176538 -760.11234615 157.40140338
-47.14520659 -765.03990329 149.37785388
-35.84166418 -771.00482298 182.34695916
-47.43013175 -759.73809603 155.07663879
-40.87296876 -750.86183297 116.55887390
-47.19478571 -778.46742857 177.42715943
-46.81747955 -764.19653106 146.46644823
-44.51044354 -764.94313270 170.38750985
-46.85742727 -739.43724545 51.27200618
-40.80397826 -769.50001304 168.19944452
-46.72131420 -735.29728409 54.46572436
3.00163381 -785.80519267 143.76228209
-46.65469098 -768.23789508 182.28565808
-46.64971185 -768.05756777 179.48020127
-46.61657330 -762.16190340 146.91062198
-46.54285714 -768.97453333 187.63053562
-46.58588861 -767.85270759 176.66516015
-46.58383636 -763.66945000 144.28236527
-46.56690000 -769.33280000 189.76738800
-36.25648078 -768.34975922 206.42362392
-46.48410000 -769.19920000 190.05288800
-45.20700458 -776.69405425 173.20320303
-46.30944394 -761.55382841 145.82141603
-45.43840125 -767.13726762 182.30304821
-35.92213333 -739.48830000 45.50965467
-37.37103697 -762.49383333 152.72888194
-36.18790824 -734.59704941 35.28232682
-45.27524022 -768.46760775 155.19241383
-39.55560436 -746.60888535 86.37978265
-31.56383333 -761.44778333 118.00915467
-45.25705208 -765.79727405 149.10936395
-39.01014394 -768.65195557 230.23808837
-45.66108321 -731.06878889 55.30589294
-43.10095966 -769.65998670 209.36436397
-45.88454191 -766.91882215 176.27116688
-45.47964144 -734.79066892 52.86089610
-38.40044407 -758.80826662 131.40899625
-45.79308216 -762.01827730 143.04398638
-46.11661946 -758.57645362 146.36690225
-46.38877647 -758.27475882 151.37814094
-46.15901122 -757.90367317 148.96512459
-42.01547980 -757.70833636 140.65625770
-45.83981860 -778.99768682 179.24125622
-45.18071054 -774.10300204 167.27708698
-39.30939068 -743.69436271 77.33305114
-45.45627379 -777.84040276 176.14054248
-44.35895109 -766.60192190 150.20732523
-40.86678137 -769.15207941 227.36911594
-45.92634430 -766.82660789 173.85466037
-45.07724139 -726.47561188 56.66168879
-45.00094167 -771.30636538 161.17953351
-10.64900000 -766.17221000 132.88409800
-39.01237829 -767.30460480 200.27712307
-45.99727129 -769.54725248 191.62213057
-37.14686721 -765.93876503 184.91653008
-39.10491606 -749.09825546 110.02751274
3.27790907 -779.70078053 144.26320989
-40.96173818 -769.08308455 221.10853376
-44.83076612 -770.09579106 158.32369721
-44.86930737 -772.85968211 164.45777695
-34.47625000 -769.27435000 225.12598800
-46.00955385 -766.23757692 151.04521108
-45.12828193 -762.12387229 140.44098184
-25.11107870 -760.86024815 117.38072781
-45.82093902 -767.06375366 170.44527580
-45.66796077 -758.80567120 143.26170977
-36.26435309 -746.20604017 83.47826019
-45.83610606 -757.17588788 148.23707588
-45.54533575 -769.70928164 194.45103776
-41.19766071 -750.12215149 107.50146389
-44.52614284 -765.34089849 173.44057135
-42.13631765 -755.33787953 119.33697694
-44.45907414 -765.66465241 176.32923725
-45.02680542 -756.31116386 143.15124443
-44.73006523 -761.38022335 137.47104105
-45.07986303 -769.86594879 197.47795800
-44.31138905 -738.44364526 47.90209931
-44.35150897 -764.42054195 167.40898932
-34.05975533 -766.14861933 257.91807600
-44.52519562 -759.16815973 134.18284170
-44.29336508 -760.61297725 134.63374779
-43.99548082 -769.52511781 156.32957704
-44.09272882 -734.94404892 50.85183877
-44.07620682 -768.77752703 197.30167146
-43.94124744 -766.08471667 181.89689922
-44.31320182 -763.68102364 161.95316618
-43.88665132 -770.47647599 209.25056596
-43.96586625 -758.14123625 128.48345217
-43.82763012 -763.02161325 161.02003137
-43.83809951 -769.02346847 200.00433332
-33.92741486 -752.10064122 101.93675557
-43.76599167 -756.75371167 128.19853856
-43.69399184 -757.63492449 126.05242065
-43.77722911 -755.67055285 134.54849908
-37.28576776 -762.70981215 158.21825903
-43.80307667 -730.12056333 54.65135800
-43.72215000 -756.63894857 131.30091443
-43.67155309 -756.46805370 125.45011640
-43.67286071 -763.19436071 163.47858086
-43.60041512 -770.61937093 214.87964033
-43.63063125 -733.24623125 51.66186925
-43.56714091 -754.24870909 137.17612436
-43.55288485 -755.61015758 123.26335164
-43.21312933 -766.46340133 185.88070800
-43.53763333 -754.25538333 135.28627133
-43.59510000 -772.34990000 162.51558800
-43.54080000 -770.47580000 217.56428800
-43.50090000 -761.44530000 150.16258800
-41.77937938 -755.47740000 134.23279046
-42.10351311 -761.80075518 137.36269776
-41.96712248 -765.36282490 182.11518392
-41.87057385 -762.29013799 164.26226521
-42.07344869 -768.29039690 152.29418084
-42.02563316 -755.15960316 131.25748826
-41.83449502 -752.67323048 122.39861175
-42.03735618 -768.30312945 203.26555196
-41.95121967 -752.68165851 113.53696568
-42.94819297 -769.80638104 212.33613265
-43.26794500 -769.50919300 206.57526500
-42.31068885 -762.85100335 140.07409246
-41.95566785 -764.93505510 179.27881612
-42.71268118 -755.21375853 128.40186359
-43.00984661 -760.66011610 152.59625919
-42.89265916 -728.20071908 55.01998647
-42.63136878 -755.74015008 122.34037759
-42.33405354 -769.05855827 154.35625729
-8.63820936 -768.58280468 136.96342412
-42.09504406 -770.56114855 157.86114921
-41.88727458 -760.70736120 134.41533516
-42.40932932 -753.30678241 131.13808589
-42.64415982 -772.90080536 163.95595943
-38.73307550 -756.58739481 122.22785082
-42.40431200 -760.16418800 133.26405733
-42.00670433 -761.08022045 158.30140367
-42.26399631 -766.77091919 191.39080922
-42.00219519 -758.48909359 128.17458127
-38.97279760 -732.90560760 32.19428880
-41.92675495 -769.76932969 155.76379210
-42.99988169 -727.06427887 55.26436124
-43.02468310 -774.16427042 167.13800631
-43.21257500 -754.04666724 136.59000266
-36.19765897 -734.54071685 26.21159289
-39.55777403 -737.60346017 43.63322869
-37.35883175 -763.07167937 164.19626657
-41.92739844 -765.81843056 185.18641977
-38.59839753 -765.21426179 155.13706242
-39.16187087 -734.25561933 47.22535299
-41.11399246 -756.82936349 140.10912649
-42.06244933 -764.31461180 143.26072982
-32.64979761 -773.03890043 239.29065561
-40.78251649 -750.96238925 118.93309158
-41.90821991 -768.55038133 206.27538044
-41.78013707 -762.80411602 167.14653530
-32.37096444 -770.83794331 245.35844551
-41.71724253 -735.16972547 47.48040933
-41.83294314 -754.69726275 116.56543937
-41.64860460 -768.63612219 209.26554141
-41.57795726 -752.49066436 125.30719746
-41.64119429 -757.97055462 143.56042903
-38.65019861 -755.60505941 119.21939533
-41.09044884 -766.52631163 147.42967637
-42.07520000 -757.49664545 138.00172436
-41.46823152 -769.55539533 230.03771796
-41.13752026 -750.44614205 110.17850260
-40.96352000 -766.19042667 190.87775800
-41.05917813 -767.99322187 164.18754581
-40.83251684 -737.81964433 44.46740724
-41.07523934 -768.90855902 166.87955357
-41.00388484 -749.44613071 101.42762481
-38.02499242 -758.93379901 134.06682276
-40.91429094 -749.02742752 98.43626350
-40.72208436 -747.61666229 95.35706146
-40.63831503 -747.12222383 92.69889525
-32.56683710 -772.50751048 247.85963881
-40.70664179 -751.14807090 122.32304248
-40.63790702 -746.34388947 89.19249151
-40.58007500 -731.34057500 20.60123800
12.36755099 -798.02264140 145.13224599
-26.12632353 -754.05000000 115.37481594
-40.60360909 -751.24971515 124.22690012
-40.55702500 -730.26381250 16.51425050
-40.59690909 -745.83992727 86.50641982
-40.55655000 -745.06786000 83.37272800
-40.54486667 -770.90890000 172.76078800
-31.48140000 -769.02870000 277.08568800
-40.53190000 -734.96645000 42.56138800
-40.52727273 -731.81373636 23.11151527
-38.83537286 -756.38851170 137.24032190
-38.61309265 -754.85023873 116.62091864
-39.14833832 -746.94744016 98.17028742
-38.72422924 -761.01117545 158.32754372
-38.85520925 -759.14646347 149.18377921
-39.10661235 -768.32288945 218.29519376
-35.18126879 -771.06669061 188.24741315
-39.98276965 -750.34522969 118.95202992
-39.01869821 -749.28539552 104.24127516
-39.04787701 -767.81852478 206.28395563
-38.78187305 -762.62621673 167.30963280
-39.05899428 -740.61313377 65.21015940
-39.02569243 -767.56709398 203.08553868
-40.21329825 -750.86216959 122.15875701
-39.94138506 -767.39991104 149.15345423
-39.16213024 -766.66613805 158.71823190
-39.07824874 -768.55730366 224.13550252
-39.70662144 -731.93922296 17.21398591
-39.04856544 -768.55836448 233.32281723
-38.92237586 -768.20221504 239.19403193
-38.84421032 -765.02787235 181.94299094
-38.49597536 -758.30336567 143.35493956
-39.15024988 -768.49587209 221.28784747
-39.87391715 -731.51501697 20.65942098
-39.22108017 -749.48166780 95.50899290
-39.24150600 -746.39182947 95.23378541
-37.33516667 -745.29893333 91.05735467
-39.06070414 -768.07060311 212.35413312
-39.67407929 -765.04497041 146.16983179
-39.26867291 -760.66874741 134.59268003
-38.54183609 -764.29605138 152.32348163
-3.15857327 -783.18819614 142.51206755
-39.19229806 -764.65318858 179.72965793
-38.84277235 -737.89799863 53.42412418
-38.56802147 -767.98042127 242.15946510
-38.55393612 -758.22860406 128.49283766
-39.27575601 -743.62907093 80.25972240
-39.79707414 -757.17926121 142.39362076
-38.54197885 -740.10291410 53.44216621
-37.29975056 -762.91571389 161.11747411
-38.91875143 -765.48427667 185.09581038
-30.31028571 -767.97063048 272.30646861
-39.06397716 -767.94724046 209.25428572
-29.83271370 -762.07778969 119.14186061
-38.66252443 -752.78628683 122.45075332
-40.34269200 -751.22148400 124.10822000
-39.45991851 -729.21411766 14.24634607
-39.34972136 -760.05890534 154.95286911
-39.14179830 -743.99553338 83.26870590
-35.96787485 -743.51149168 71.28924966
-39.00712059 -766.45475294 191.81450565
-38.92799139 -761.64642020 137.43422244
-39.52741818 -764.81929307 143.21020661
-38.67458282 -750.42761924 97.85083474
-38.64861591 -762.09471558 164.20107996
-38.68974677 -761.64582355 140.26276155
-39.60618862 -732.13265940 26.17428489
-39.75336106 -731.30562301 52.76057030
-39.04246944 -744.46275477 86.21926228
-40.29013636 -769.19569091 154.34201527
-39.30435341 -734.97745394 41.03002940
-40.36631429 -769.54602857 155.35578800
-40.11056364 -760.24634545 156.99091527
12.08027843 -791.79559231 145.74287128
-37.88792670 -755.29382695 128.54523132
-39.38080084 -731.74899562 14.18704962
-39.65990658 -754.23355132 130.25832747
-39.39167658 -743.65249182 74.32185361
-38.05722892 -756.21227349 125.40801029
-39.33010778 -732.48305659 29.08298260
-38.56799672 -771.08069015 173.21539822
-39.20572434 -743.41364153 71.39089611
-38.95905919 -734.15548184 23.21867133
-38.35096651 -752.17973981 119.30271871
-23.89794835 -758.94127382 119.15252904
-39.21479732 -734.47010457 26.21921797
-39.06753781 -740.92614479 68.15169115
-39.12136886 -740.77369297 62.45353867
-38.70488643 -744.90297364 89.17821649
-38.80006341 -730.12408699 19.64217337
-35.85646667 -767.62693499 179.57549554
-38.15773100 -761.96601191 146.31764906
-38.71210791 -741.75659923 74.20075484
-25.19939502 -755.41519502 117.11688593
-38.65845060 -738.74247922 59.16297284
-38.81324612 -740.45268347 56.36293576
-38.60580530 -737.45775950 50.60814034
19.13019773 -794.65250909 150.89571073
-38.43065758 -752.10955702 98.50420866
-37.87945402 -752.53697548 116.81352478
-38.65680404 -748.19336970 106.65515719
-38.38390709 -742.69515035 65.40379757
-38.16441200 -745.17064914 91.42119086
-38.42007143 -748.40281429 90.60502371
-38.29253611 -733.08771389 48.44279356
-28.19636250 -768.18934828 299.63580740
-38.01222609 -742.44577174 63.20521843
-37.91790187 -758.80313502 137.24184324
-37.90779387 -753.25960982 100.94220947
-37.90410093 -758.52967889 140.29758411
-37.86152298 -773.42048199 181.98292589
-38.18674286 -742.27181429 79.20140229
-37.57567429 -763.47523143 170.68123657
-37.77891563 -739.48277188 48.31197238
-37.68388558 -767.23684712 247.61500050
-37.66510968 -773.89841452 184.59422026
-37.62307042 -761.61171444 152.09811406
-37.66588571 -754.45792857 103.38713086
-37.57822000 -766.21034000 160.05734800
-37.69590000 -766.23465000 193.30033800
-37.71920000 -754.36360000 102.31648800
-37.51530000 -766.34810000 189.69098800
-37.37486154 -757.83321231 131.60638338
-36.71794847 -735.43528550 44.21318456
-36.35210937 -731.90417632 23.33584672
-37.19000279 -764.42596602 158.39801363
-36.85093747 -765.52980171 179.51438200
-37.40450244 -761.71012439 149.39544166
-37.38960476 -757.84233810 140.23263562
-36.56383960 -767.94454103 170.20944954
-35.91996496 -768.55172902 233.30297808
-36.85481114 -772.88144314 182.59758600
-37.31846724 -766.09219310 187.98024317
-37.25119880 -758.12619518 128.09357113
-36.16300510 -731.66434161 20.25354326
-37.10323649 -755.93030427 122.25641833
-11.93240614 -776.90791818 137.02917230
-36.12794900 -768.51990415 212.35352656
-37.30141598 -755.86100303 128.30427092
-35.91197710 -740.33197972 53.41894307
-36.49473499 -738.79055698 58.94176333
-37.42906667 -763.18432000 166.93599800
-35.97527956 -768.33010444 236.27285067
-35.97654519 -767.92710716 242.25626796
-37.36589459 -756.49572703 134.15399881
-37.24483550 -755.11612328 125.54080937
-36.87908705 -754.78759029 116.77477433
-37.00371634 -765.76325915 181.87604892
-37.27289182 -753.23148451 119.03660507
-36.95896848 -770.02990272 173.52980865
-37.05781104 -764.83130856 161.33311232
-36.75816806 -765.25510785 176.21591732
-36.49114489 -744.23487197 83.30936073
-37.35144160 -756.67379400 130.78153480
-36.38314291 -746.98017306 89.32312829
-36.94621274 -739.10345732 61.72366507
-36.42144506 -767.89468322 197.33276731
-36.03411610 -768.58325565 215.24987036
-37.13495658 -752.75679284 116.10032911
-33.45630893 -749.66584226 104.39052193
-37.41000000 -759.17546000 145.83507800
-37.41312000 -766.17430667 190.93090133
-35.58887869 -753.64426710 103.91677611
-37.30731774 -754.09899839 124.41751381
-36.10916231 -737.28392313 38.43514248
-36.42138539 -749.00052060 95.22296590
-35.80831184 -740.73100945 56.53698848
-35.96530365 -737.67592212 41.34478108
-36.62880773 -770.60328102 176.54439169
-36.11283575 -739.88848684 50.07359348
-36.85658384 -764.59846768 167.28083628
-35.85348505 -740.82033426 62.26465229
-37.23557442 -772.55823256 180.04635893
-36.78840598 -764.75861816 170.28470830
-36.25734977 -729.20926419 14.18747684
-36.29609038 -767.82961573 194.23583190
-37.32985614 -758.01185263 133.59191607
-37.40602632 -758.51178421 143.44609326
-36.88685536 -751.52948393 99.51350943
-36.68202925 -744.68104363 86.11132338
-33.76087767 -770.90868486 215.35482274
-35.88842100 -732.04694214 14.05518686
-36.39046437 -732.30548688 26.09706769
-36.84403788 -767.55898747 167.37900973
-36.32514144 -768.18311790 203.13294286
-36.46733944 -745.82020423 80.35614011
-35.82867784 -737.83289490 44.36350878
-37.31853891 -762.55175146 155.23811729
-15.72760067 -764.94662140 129.06065054
-36.21673551 -767.78453097 191.34715732
-36.68385852 -741.84643698 74.20046517
-36.02285799 -768.69450000 221.43185555
-37.40708571 -751.25217143 115.16948800
-36.00828989 -768.73624535 224.04958490
-35.93592320 -767.60832812 245.32164828
-36.14695899 -734.97339603 29.34863853
-36.01389832 -743.77777819 74.31578129
-37.35766538 -748.11509231 103.81333415
-3.87752558 -776.99961473 141.30932598
-37.41815000 -766.30205000 193.08198800
-32.59746962 -765.90657932 263.21526859
-36.36061305 -768.06148825 200.31680027
-35.98873963 -752.33460172 101.40873070
-36.39063794 -741.45395158 71.29607219
-35.43078795 -747.26616667 100.80833740
-37.06534824 -742.13927765 76.69712447
-37.39918182 -763.48427273 153.40806073
-37.30034074 -766.52396852 162.16553615
-36.64774755 -748.58674056 92.48879779
-37.25539111 -769.59128444 170.86401022
-35.40242361 -733.94064861 18.43869911
-36.19012324 -768.45757435 209.34148525
-37.10365210 -757.75293950 125.17347539
-36.18427975 -731.91282914 17.27042604
-36.09991295 -738.17205677 53.29029477
-36.51393529 -733.70531863 20.59959976
-36.10284901 -767.70461955 188.26963404
-35.50060805 -749.55544138 100.88462018
-37.40650000 -759.99190000 151.23878800
-26.87801825 -763.84140939 122.56056313
-37.05032381 -757.49266190 123.27192610
-37.17415833 -733.24296667 34.26202133
-37.38960000 -754.46780000 114.71888800
-28.20969695 -767.96360711 290.02504028
-35.71658472 -766.76036499 251.14512658
-37.17861429 -739.24741429 64.18060229
-36.92224627 -764.63264493 164.13912337
-35.99149017 -773.63502328 188.27272110
-6.03985169 -776.99723454 139.66356926
-35.50655044 -755.45389890 107.26419075
-28.57350000 -768.03745385 299.62231492
-35.95020712 -767.62860524 185.15623575
-35.60735462 -773.77582339 191.31378814
-36.12594018 -767.86091601 173.36266353
-36.36432143 -766.28924286 252.20656657
-36.41010000 -745.39026667 75.30072133
-35.54062876 -766.22084706 254.45153310
-35.18815331 -773.97104062 194.32372120
-35.90592607 -767.90671011 176.28841811
-34.92928241 -774.46912190 197.11394168
-35.33015238 -775.41973333 197.39837848
-34.88604596 -770.11752475 200.24235214
-34.86745590 -770.03280462 203.25205723
-34.23522840 -731.43594198 13.43797442
-34.87394175 -769.88393041 206.36417718
-35.01918019 -770.98186099 191.34491772
-34.83077714 -766.41426000 256.46095657
-34.75220819 -769.68727778 212.18605467
-31.09111724 -750.53566207 108.24923972
-34.85977838 -775.45048649 200.72424205
-34.70311633 -769.58369388 215.06246657
-34.65367250 -769.49307750 218.02539800
-34.69001091 -769.47371636 223.90788255
-34.66342500 -769.44400313 226.88148800
-34.61616364 -775.16618182 205.32646982
-34.56056000 -758.10308000 112.03622800
-34.56080000 -766.04290000 259.43155467
-34.18661736 -769.11581875 233.51594147
-33.34379957 -753.25285833 104.39905824
-33.95582927 -774.03887559 203.30161365
-34.16737843 -771.45992647 203.31401055
-32.06773631 -767.50687337 260.13094089
-34.04911618 -771.32936507 206.37253910
-34.37261333 -769.24178667 227.60625800
-1.90089871 -787.88858000 144.53091510
-33.72838521 -770.79945047 218.37588800
-33.80737500 -733.60690000 18.86833800
-32.94725521 -756.55501351 109.75912315
-33.28755714 -774.00175256 212.23703446
-33.36586938 -770.84078609 227.33680723
-33.94067059 -771.34371053 209.26103661
-32.08956060 -770.71957540 254.26027744
-34.20660385 -734.02907692 18.46823223
-33.52120211 -770.81792518 224.27907251
-34.46660000 -731.72250000 12.49973800
-33.56682443 -768.59707950 245.45073148
-33.55325910 -765.96729188 260.34873394
-33.85838329 -771.10637506 212.31224533
-33.93479197 -768.87633175 239.38833654
-34.26940130 -769.19768831 230.53150229
-33.73884823 -774.05304688 206.22377037
-34.44905000 -751.03130000 99.55663800
-33.22426802 -757.59629797 111.37753064
-34.29099259 -732.72886667 18.87142133
-34.10597778 -754.35850000 105.67495467
-34.30018000 -733.11644000 18.74801800
-34.40740000 -772.21855000 195.35343800
-33.10601376 -770.81358047 233.25492789
-32.06611278 -753.10522026 106.40783646
-20.86078578 -771.26220420 133.35717308
-33.53180602 -773.95946167 209.37099697
-33.07207437 -773.79698420 218.26669052
-33.15612717 -773.90152554 215.26908013
-33.33896667 -775.40960000 211.74402133
-32.63932456 -770.79202596 242.24709303
-32.95275448 -773.67956586 221.21436083
-32.73186703 -773.16380781 236.29639863
-32.78453400 -773.21283311 233.32510000
-33.00002857 -775.54652857 217.20093086
-32.83838930 -773.51581860 224.25590335
-32.73964721 -773.27669730 230.20411629
-33.16135000 -775.36607500 214.82816300
-32.21550278 -749.92787153 106.92958661
-32.63503056 -772.86150222 242.18132328
-32.54757220 -772.69271429 245.16463588
-32.09839281 -770.86197954 251.22868243
-32.03766637 -770.55552587 257.26516067
-31.81287003 -766.92743484 262.88025141
-32.64370000 -772.34910000 252.93108800
-31.88975620 -769.93009780 266.26031307
-31.82417937 -769.68898520 269.14639652
-31.83922054 -765.84857589 265.88906121
-31.70908700 -769.53811500 272.01485500
-31.69860000 -769.30841111 273.46632133
22.94917818 -802.44672727 150.55836436
-31.57896364 -769.48016364 274.15112436
-31.38602000 -769.45647750 266.41642050
-30.80071511 -755.08697117 107.93544565
-29.92497067 -758.72511007 113.58622091
-31.43717838 -769.46335405 261.01508800
-31.00080859 -753.38438724 107.84744868
9.17871556 -788.80391848 145.33249734
-31.28517191 -768.27167039 263.39749680
-31.41231233 -769.44834247 263.20635923
-29.93708597 -760.85444348 116.85943523
-31.34369722 -769.38875000 272.18278522
7.70981333 -789.43181000 144.73417800
-31.02017102 -767.97810466 266.30398732
0.55534944 -776.86002135 144.96139811
-29.96268911 -768.03440314 275.36785596
-20.65115051 -770.01879778 131.86037878
-30.15280136 -756.04545512 110.00555219
-31.25557831 -766.01910602 266.95376752
-31.34779815 -769.43628889 269.06124170
-30.28845887 -757.47828440 111.57691070
-30.68921018 -767.96166459 269.27663133
-29.82294253 -768.15045910 278.12818005
-31.05472500 -769.41460000 277.59076300
-29.57318344 -768.10261493 281.30546341
-29.24665854 -768.08171341 284.27247758
-30.00052540 -751.00211905 109.48836260
-29.30889689 -768.38202350 286.96237441
8.86186414 -783.32470937 145.18247992
-30.01159691 -766.04861134 272.03072202
-29.31083152 -763.06039697 121.35820012
13.08388936 -799.58908511 145.32134970
-29.19219725 -768.42826850 290.15475589
-28.91554942 -763.59706395 122.56325312
-29.39720278 -766.19013056 274.89448244
-24.09084064 -756.40088207 119.13637884
-28.72773372 -768.47848605 296.10000428
-29.19880000 -766.23400000 277.20423800
-28.63356562 -755.52088125 111.99344425
-28.55871667 -753.58116667 111.91749633
-28.52480000 -763.97000000 123.97008800
-28.31694307 -767.65983650 287.51706099
-27.67563648 -758.45382028 113.86699884
-5.87556631 -785.19814107 143.97302558
-28.42178333 -767.37183333 285.53777133
-27.71351885 -753.13213402 112.89614064
-27.04871648 -760.84131023 116.99238895
-27.57369727 -755.96020045 113.56395618
-27.41879483 -763.18674770 121.18288283
-28.43900000 -757.14890000 111.67535467
-28.35793333 -757.72533333 111.69415467
-28.13337400 -767.98929000 301.01612600
-26.12685326 -755.86855435 115.80823458
-25.93848705 -765.23792086 127.38324915
0.80705629 -790.88782036 144.60594249
-25.47340000 -754.27580000 116.28538800
-24.03000583 -765.45889116 125.20871578
-24.35496000 -766.23912000 129.97412800
-23.11965625 -763.47474375 120.56025675
-22.76230364 -766.45660364 126.36721709
-22.83007879 -757.02307273 121.32759103
-22.75086627 -758.49455904 121.17508439
-22.58173889 -769.43151111 132.57586022
-22.52800000 -769.60500000 132.80308800
-20.71100904 -765.26494566 124.56741218
-21.62432916 -768.71233458 130.82917791
-21.44160000 -764.46673579 122.98960564
-21.56829920 -761.97915823 122.29898017
-20.34631056 -759.43724099 124.88519235
-19.99822525 -773.08820446 134.57139246
-19.99109209 -761.94166186 124.58531591
-19.62050000 -769.34840000 129.76838800
-18.72387264 -764.52211437 125.89582284
-17.99591388 -768.14920589 128.26385246
-17.93629744 -773.66863348 134.43412259
-19.25918800 -760.00039600 126.42848800
-18.82878750 -760.22371250 126.99511300
-7.76181000 -769.13828000 139.01827800
-17.60596581 -761.94254040 127.71530976
-17.31130954 -776.18119505 136.41220743
-17.23187123 -764.88107664 127.52891820
-16.60113333 -775.40837778 135.60268800
-15.10845396 -770.74378021 131.56483842
-15.93537183 -767.59475119 129.28060665
-9.77934881 -767.65187533 134.70238376
-14.98044476 -776.94513515 136.65493162
-16.19689200 -769.46299600 129.50388800
-15.87330523 -762.37076797 129.21578146
16.81786111 -790.02229444 149.22949078
-14.65270900 -772.13473800 132.97091100
-15.21007222 -775.51102222 135.65232800
-12.87377368 -781.45241579 138.71206695
-14.39378179 -779.38165251 137.87538351
-14.55738400 -762.96185400 130.13123200
-14.21736713 -764.87803253 130.35366447
-12.61180881 -767.55642786 132.13109538
-12.21897595 -765.18477684 131.59096127
-12.15977834 -779.52612919 138.21079061
-12.20023076 -773.63535653 134.82067099
-13.43500000 -775.56660000 135.77938800
-11.36939110 -782.36131721 139.56621411
-11.40175929 -775.00345310 136.03113756
-11.24004574 -768.02392699 133.42352465
-11.03232569 -780.63115596 139.01075039
-9.13599414 -782.71202361 140.90934458
-10.11584769 -770.38868538 135.38545800
-10.44125000 -765.64565000 132.61018800
-10.12433171 -766.06195610 133.17795873
-1.10785213 -789.92174574 144.96836566
-8.35730230 -784.84614654 142.74564929
-7.64658919 -770.43619910 139.11829341
-6.07296342 -779.82894153 140.36908380
-6.18062784 -781.87093746 141.41481137
-7.27162658 -776.54993924 138.62186015
-7.45610000 -768.95120000 138.75878800
21.01906512 -801.07800948 148.59076975
-6.17076149 -773.79801967 140.13529214
-7.20610000 -769.28550000 139.26568800
-4.61655000 -787.44770000 145.63868800
-2.88136886 -785.67307571 143.85696024
17.82668209 -800.02052452 147.39789929
-4.29616000 -775.18752000 141.67458800
-2.62460498 -776.37691494 142.82423819
-2.03407297 -779.65632432 142.11834656
-1.63912727 -790.47983636 145.41116073
0.00290854 -779.94649512 143.14609857
-0.18242743 -785.96432743 143.47236697
0.02053436 -788.71219298 144.22254034
0.15151549 -791.48579818 145.08444745
-0.22829500 -777.16422917 144.26999050
-1.36430000 -775.26650000 144.49958800
2.46846198 -777.99776694 144.60752354
2.97026000 -788.82891524 144.08199038
3.10954797 -782.77595732 143.91853536
1.82145000 -777.48217105 144.85754063
6.04833299 -791.77138058 144.54741869
6.88957273 -796.54800000 144.40501527
6.95645374 -785.57684082 144.94072337
7.46050000 -790.35710000 144.91248800
8.39031453 -792.26662626 144.64596398
9.20685828 -797.19014713 144.46473482
8.92153002 -794.94225637 144.54019673
7.64512222 -781.23632222 144.55905467
9.95744211 -794.76021053 144.84345642
10.34690000 -796.95922500 144.81006300
12.27087194 -794.71310192 145.14189040
12.06996246 -788.88366953 146.50620904
11.83288877 -785.85421556 146.49638989
11.01416383 -794.98208723 144.71512311
15.01965696 -797.85583268 145.88236683
13.99362010 -789.09876649 147.45850965
15.23485750 -800.08101761 146.60385831
15.27870714 -789.08109167 148.33923175
15.97173311 -791.18314106 148.29424495
16.13110303 -800.91549242 147.98066982
17.01084621 -794.86307576 147.16775542
16.54783333 -793.18586667 147.61152133
17.41674720 -791.95598592 149.42531450
18.14140991 -801.42814632 148.29578031
18.66930094 -794.25485258 149.68186265
21.03993892 -802.74761946 149.49661405
20.20917059 -799.12562941 147.52503800
21.19452051 -796.57607692 149.32281621
24.09384940 -801.06306456 149.82513108
22.71280000 -796.27702857 150.05707371
24.05474067 -798.28136567 149.40408278
25.75624127 -802.12125079 151.40240070
