-54.20872000 -810.86806667 162.54146000
-71.84144444 -840.78932222 175.36023778
-58.74888059 -748.51475095 166.89276802
-43.44050597 -761.89539975 107.01715453
-46.68146983 -769.70392162 122.34398019
-60.19732386 -818.12132614 168.45226000
-28.52831740 -734.40547430 110.56454816
-69.22148750 -831.34447250 178.73823750
-52.56400045 -770.42669773 59.49009154
-44.74800875 -783.81083125 144.26551500
-47.49646802 -757.60741835 137.07478936
-54.54192065 -796.50684251 156.05541182
-49.26107480 -766.06879240 120.00990080
-54.66508869 -783.04753167 142.54845548
-65.87005882 -744.56061765 175.17215412
-46.23874876 -757.03764478 51.41862766
-57.18261833 -767.11976333 60.29942000
-40.73495423 -742.63604739 31.74280612
-47.55971176 -756.46913824 106.06189529
-47.43994318 -757.52921938 133.92209067
-38.77921283 -738.29014866 20.04726481
-57.53941324 -805.96947378 164.69029865
-48.13603793 -753.42386034 144.29293586
-42.82391009 -745.80544313 41.49749648
-38.36561131 -751.79507361 100.77490435
-58.79046778 -818.18573389 167.08401078
-53.69619048 -771.21622381 60.70569333
-52.57138525 -809.21162934 161.40607016
-50.07165785 -755.40672609 52.16771201
-46.90936343 -763.48869654 113.50450333
-61.66229823 -812.89933675 169.12673986
-47.43911965 -757.34861106 131.29255106
-61.49513337 -818.11602233 170.12104307
-52.89065139 -761.48638443 55.34415552
-43.59878966 -786.47227471 147.78606920
-45.82295674 -757.20446859 113.33216493
-27.52663173 -723.08661442 119.05418981
-57.47270730 -814.61267591 165.37594467
-58.48029522 -821.13810856 167.03831104
-50.52492286 -786.38971929 144.92177214
-51.73679324 -752.84157399 52.15320696
-63.15646111 -824.82705556 171.51868778
-55.49594760 -770.30138822 60.06523724
-45.77664773 -753.16117460 137.35452150
-62.67245000 -746.06401667 172.02438917
-42.14555238 -746.05366190 65.08591238
-32.68668591 -740.93112818 98.84503364
-45.14484724 -756.34400394 110.71491748
-65.02099561 -832.93842840 172.17262999
-57.13895556 -817.53418889 165.57486556
-40.61045359 -745.08631046 39.03992863
-40.79506637 -744.06199581 80.10379426
-69.50289180 -833.72137494 176.68359466
-42.46564475 -749.09678117 77.25190475
-41.72539783 -779.52450978 137.06822522
-41.07869888 -746.58094776 79.82718612
-54.93940866 -787.65865960 149.23780893
-10.42740240 -713.21014668 127.33932144
-48.62468967 -758.90596455 109.72193230
-52.45278728 -781.69293527 140.58504133
-39.27347943 -740.09173121 94.63079830
-74.50683697 -841.16636218 179.15042106
-34.87099440 -744.95223740 85.52394804
-14.11722963 -713.20304359 126.38554547
-49.34273627 -755.17251920 145.94578321
-40.38848049 -762.06140852 109.75834626
-40.07896705 -741.41633712 46.73029144
-60.15697797 -827.56245763 168.48791424
4.21585358 -709.71022612 131.67066799
-64.77524988 -827.22302921 173.22283825
-42.16959574 -745.03192128 39.27190468
-46.82506304 -755.11823492 136.99849991
-65.54509762 -835.10817024 172.32209929
-62.87411728 -818.60435926 171.82971802
-51.05620000 -750.64280000 156.54286000
-78.85725048 -845.48223714 180.90879238
-41.45637317 -750.57532195 137.84806000
-46.41128025 -746.90405541 47.03318930
-20.26734373 -730.31198418 124.68265776
-50.81878898 -754.50035763 151.18578797
-43.14638587 -752.27919871 110.07668386
-24.41940225 -730.86556986 118.27939859
-55.54099741 -818.11305621 164.44967776
-46.75152304 -784.57573123 143.26409204
-40.47681760 -755.20394852 50.52513961
-43.43199573 -775.91604204 131.36598227
-38.08107002 -752.11580572 125.14080622
-77.32187218 -844.27402481 180.90556677
-40.90215484 -756.77982581 51.55831806
-48.63157385 -755.34264171 143.43413046
-46.27362130 -766.34393148 116.78123685
-67.55501334 -830.13649824 176.06763685
-67.82845114 -835.95019356 173.42968386
-54.09327500 -792.76977500 153.55963500
-40.82751779 -750.22640300 100.50003342
-40.15316766 -737.39583611 20.04099982
-63.50950000 -816.53733846 171.81267538
-64.03523325 -824.17657477 173.15752715
-22.64485127 -722.20425332 121.70096663
-57.40431220 -798.39068537 159.86721610
-40.61472500 -744.55500000 70.06538500
-64.03738931 -746.94224747 170.49444912
-46.65451633 -775.81741148 131.23589954
-22.15565833 -717.54401667 123.54346000
-44.72738171 -786.85622683 147.35033073
-38.26169600 -762.77668400 111.52336400
-50.29015854 -792.80891463 150.48316976
-8.21976588 -718.76000700 131.87518162
-50.36804793 -757.05537824 145.98969938
-42.16116216 -743.77584054 78.97124649
-53.92785000 -750.81640833 159.84495167
-34.38716104 -733.92980993 107.00390393
-69.89204901 -838.44161386 174.23137188
-50.78561613 -780.43590323 138.80199548
-49.55110779 -791.08837944 149.20454859
-67.10643551 -833.22170469 173.59473454
-66.50796016 -830.39427388 174.03114734
-65.20600443 -830.15213489 172.80045330
-46.77274898 -766.49143882 57.15288754
-63.73918426 -832.87806244 171.36953919
-43.74993218 -762.45682184 54.71981747
-54.01775000 -798.54620000 156.70756000
-40.99629580 -740.29466229 31.95344607
-80.19980395 -847.34308026 180.71537184
-51.16622687 -767.67272164 125.11279134
-80.25262903 -847.50752043 180.39008796
-40.67466710 -740.13286292 23.31416815
-78.71413562 -845.55101644 179.90638511
-72.72119943 -839.51247727 176.57775460
-44.89305826 -749.70566870 145.13215565
-55.68089129 -767.14176082 59.41263951
-44.23319079 -765.98786447 113.95660474
-77.24093971 -844.25582022 179.13801379
-45.84392857 -762.56522857 54.70447429
-38.86006429 -744.38157857 61.90416000
-23.96983333 -735.57520000 114.39248500
-52.65173851 -764.15215777 56.26626400
-40.51605247 -743.35149292 55.95235612
-58.21895000 -804.56660000 165.74491000
-47.50685130 -768.15431039 121.35881000
-75.98544650 -842.74395556 179.17225486
-75.64011757 -842.92324595 180.82923838
-17.16621639 -727.47163487 127.94894493
-40.57013400 -753.25793200 48.94653400
-75.84832000 -843.84252000 177.46194000
-39.03230000 -741.61490000 45.89789333
-75.40304808 -842.94984423 177.36014077
-38.77275140 -737.61091376 16.71893640
-37.76004507 -752.27749115 122.05320849
-43.34131319 -743.56060887 40.74370580
-48.69136302 -772.27896083 128.67699796
-57.21634000 -768.17713000 60.71258000
-35.83693063 -746.60164054 80.63006541
-57.48554459 -800.23338378 161.40700955
-50.02332857 -762.49461648 114.85998747
-40.55118415 -741.82484756 23.57080024
-45.82253529 -769.18716667 119.97315216
-45.39962081 -757.22970805 101.87213047
-45.57003354 -755.75749860 116.10122384
-42.12663158 -740.89906842 29.35995474
-73.92476789 -841.60817132 176.73741842
-31.66033740 -734.71789657 107.34400677
-74.20195181 -841.48595542 180.76976482
-54.19690698 -779.08868023 137.97712047
-45.32671333 -759.76081333 105.40974667
-4.48772639 -707.55502247 128.34286598
-38.29256296 -755.35344239 100.98360033
-67.00926032 -744.80609921 174.99354968
-73.13471933 -839.43947275 179.30959678
-42.16770076 -746.87429771 71.51787832
-73.16382143 -840.02563571 180.68844810
-48.45203682 -757.58179189 140.65787047
-52.87439521 -767.55339408 58.00951493
-42.14595185 -745.73448519 62.15447481
-46.43776216 -796.63897843 153.14731612
-43.88504585 -758.54214601 100.93108841
-42.28912456 -750.39060651 98.28380467
-47.06385929 -758.30089017 106.94106526
-71.46271179 -838.76442802 175.53911049
-71.84405636 -837.96381455 179.78211091
-56.88440000 -768.00733333 60.70602667
-48.41845588 -801.85730000 156.48866588
-40.39540171 -742.91860567 50.10684713
-50.82818788 -753.18396061 51.74780697
-38.57560000 -762.62630000 111.66566000
-46.23182098 -792.22490984 150.89112689
-36.98887522 -738.16374425 101.64596221
-46.51094121 -782.14788609 140.12568321
-70.95614335 -835.90605372 178.69397832
-70.56373753 -836.27538828 176.18540247
-17.58406880 -724.62968384 126.11537365
-70.12299833 -743.17019247 178.53824285
-43.30945939 -752.48156322 113.11803759
-29.76900417 -741.87075833 101.72973917
-69.83362136 -833.40092817 178.72037811
-40.43635012 -743.70873267 59.04401173
-38.77422841 -739.50444735 16.95458117
10.23579582 -704.99581967 130.23657339
6.34637143 -709.24023429 132.79946857
-57.18767222 -769.59596667 60.66785444
-69.43876462 -836.77022462 174.30390000
-44.32087384 -790.45407020 150.17382358
-69.35350894 -743.99554146 177.11120146
-62.93584524 -823.13931667 171.74863381
-69.13900000 -744.70840000 176.35696000
-40.46131149 -743.20098595 44.28114081
-38.93538723 -741.39715532 43.61019617
-49.92703745 -769.78376667 59.06976335
-68.56559244 -832.70673971 175.76129046
-67.88353549 -744.10934018 176.31056223
-53.08664029 -791.52133722 151.60943055
-57.57673265 -752.55383143 162.12232245
-40.94171209 -748.28774127 85.98274311
-46.85914709 -755.78360723 103.87496932
-67.75477500 -828.16187083 177.74830167
-68.97782857 -834.85580000 174.74177429
-52.19166888 -787.46605953 147.00314633
-68.72065686 -837.98037647 173.68744235
-63.71095640 -818.40465368 172.60384147
-44.19924717 -768.89957547 120.27771849
-68.51326720 -830.23076051 178.08759949
-66.12350000 -828.55910000 174.52551000
-34.35037415 -739.62427557 98.04082761
-64.59254395 -745.73556830 172.88156965
-66.62134656 -827.43296896 176.34242153
-68.86858696 -743.38353478 177.73901217
-50.65271053 -783.44671316 141.81813895
-54.70092305 -754.44221970 158.57581725
-68.97688000 -831.85036400 177.92833600
-66.80378164 -745.19922609 173.79272377
-67.57720000 -744.60343333 174.41969333
-38.95796667 -750.82797500 84.25217667
-50.32900260 -755.13713463 149.13313810
-44.26325731 -755.00474792 95.10075108
-61.47448251 -827.09743292 169.84869115
-57.16422857 -769.55771429 60.56501238
-66.10380000 -825.45655000 176.92394333
-47.52798482 -757.10223665 128.20845442
-46.84507642 -798.06937227 153.90612376
-65.71710533 -744.85137867 174.90491600
-28.70908306 -731.22972335 113.16641932
-45.69524925 -750.09092186 146.07756603
-51.43079655 -756.80328621 151.48223241
-40.54457541 -743.24449727 82.96713500
-65.84293492 -826.55799359 175.41755454
-44.62281674 -793.74815535 151.75707721
-53.90069394 -748.89499091 162.86092364
-48.51685633 -762.87729345 114.25067004
-56.76926923 -822.94820577 165.37621000
-13.99522936 -724.68844823 130.29392695
-38.76915941 -749.81034294 86.05601412
-65.31385805 -824.47482043 175.64807971
-62.69874762 -832.06893810 170.66282905
-58.94877523 -815.29766123 166.92681508
3.08753810 -705.82995714 129.56890762
-38.95845814 -741.76626512 30.07923442
-64.77322553 -821.98865532 175.03566851
-23.59018163 -734.66565831 116.39653522
-63.84825075 -821.22483169 173.23486233
-28.56903944 -737.26230569 107.26504748
-47.56101722 -751.09147148 148.78061061
-63.24234154 -815.95326308 171.29638615
-47.49696357 -762.16449588 112.30282289
-63.66952326 -747.87572209 169.06552047
-63.41976603 -830.29025128 171.35404846
-63.29502647 -748.38816176 168.31509529
-63.26963553 -827.36420132 171.43331526
-63.18450000 -816.75543333 171.59469333
-48.64922655 -781.20576991 138.06822549
-40.73379536 -751.75658483 122.03599715
-61.74627665 -746.97576670 170.20886123
-46.18179645 -788.93093452 148.29094756
-61.61912152 -815.21036269 169.79237148
-62.00774817 -829.89841271 170.16177491
-43.49970092 -752.62463526 119.07345985
-51.13119718 -766.56256197 122.65729099
-34.44001503 -738.02002088 101.07042639
-62.85177546 -821.18660613 171.90962748
-48.10290000 -747.49110000 48.85246000
-41.77265472 -777.45600377 132.93235623
-56.90142500 -750.86895625 162.81141000
-12.12288000 -720.55978000 129.67444000
-45.89054046 -757.73772872 109.97878579
-18.42158095 -714.51528571 125.16201714
-42.14940000 -745.22550000 53.99796000
-61.32440686 -748.80266468 167.23342299
-43.39247532 -783.40569091 145.06599506
-61.80251880 -747.79374444 168.85034205
-58.57724064 -824.03556198 167.19002484
-61.70789405 -824.12820691 170.16439858
-57.26052787 -797.07896311 158.63608049
-24.78710719 -736.07839568 112.52059741
-43.66919748 -760.99817447 53.84668176
-52.23153975 -775.65198000 134.84157301
-37.90924250 -743.77105939 83.16182338
-44.65847683 -754.28044279 115.86327840
-1.68596167 -712.98582996 131.39534035
-52.74668000 -771.76818400 60.14493200
-38.93348800 -745.95873200 68.03017600
-43.33228023 -778.00200020 134.88835667
-53.56675611 -794.68320344 154.09230962
-61.53184774 -821.15531746 170.13216452
-46.81851359 -773.28141415 127.98928969
-38.77485224 -744.48265373 78.14763761
-34.71789065 -740.69079852 95.19091658
-40.85827809 -751.54938917 80.14763280
-46.15039473 -755.16346954 131.30690505
-42.41270000 -753.69670000 84.60576000
-38.33191827 -752.46229102 95.05887920
-39.24019200 -755.74770000 100.32418000
-25.86139958 -731.17765155 116.02141356
-47.13306813 -802.01086750 156.33492937
-60.61626711 -811.94052711 168.23746667
-16.96356963 -722.03241879 125.67650072
-60.47221885 -809.88582213 167.94203295
-49.29572176 -763.59902829 115.87684121
-60.37640000 -750.96049841 164.84954095
-60.50159681 -750.34200106 165.36814085
-43.45375691 -769.64953089 122.13090228
-60.22704836 -815.12755984 168.44136082
-40.97996107 -749.50813162 95.06664458
-52.59787538 -797.33890326 154.81180508
-60.41686667 -828.99626667 168.54966000
-52.52879395 -754.91040566 155.09951354
-56.16695369 -821.09496183 164.98745033
-60.32830000 -747.64840000 168.60506000
-42.12586111 -745.13441111 59.64316556
-33.82256400 -731.64580047 109.81344988
-60.13158684 -820.67770000 168.54654421
-38.96820833 -738.53205000 25.78174333
-60.10010000 -823.88181111 168.58776000
0.05170000 -714.69150000 134.33476000
-56.01678059 -764.23809744 58.59408210
-59.03779626 -812.14492421 166.79353854
-59.58192336 -747.29459343 169.07469504
-59.03110409 -809.22633295 166.79924750
-50.49344426 -749.70314115 157.46311909
-40.95601969 -775.24157606 128.73502309
-49.57530994 -794.29431150 151.85185378
-39.94727096 -741.36010363 89.63091413
-47.12490170 -757.01083856 119.28083505
-59.48583279 -826.71332857 167.89233922
-44.62225683 -754.95378643 110.01318811
-43.91566390 -752.26041371 89.14395846
-50.28930357 -762.45006607 54.71881714
-56.31920197 -809.29908483 163.35540663
-39.45205468 -749.45718655 80.08763778
-44.79522623 -754.03150364 122.15614468
-46.73297441 -790.80575320 149.66644653
-60.04530000 -824.57005000 168.66716000
-20.79155759 -727.58702321 123.26009750
-48.51341256 -752.98064141 146.32885701
-47.91420000 -750.75687317 150.93122829
-43.73002936 -782.41689168 142.93791902
-54.51899211 -752.74693045 159.03091038
-31.48856434 -740.29064768 101.33485057
-16.65273781 -716.00172670 125.61196950
-51.58168147 -772.41362238 132.21714566
-58.57241672 -751.43336043 163.55110371
-42.12740000 -739.00722500 12.06148500
-59.85366667 -747.68500000 168.74482667
-58.32978368 -749.91642789 164.76826507
-37.74801026 -752.44859182 118.90731270
-49.09388219 -752.38248036 149.29797367
-52.65739060 -777.04858740 136.12985100
-45.41819155 -754.53681608 98.26684283
-57.06395000 -795.10175000 157.37036000
-55.88502898 -803.28552350 161.03165417
-58.81575833 -747.53545333 168.30744500
-49.38883895 -787.84190873 146.01912978
-55.56138817 -812.16551598 163.59015763
-58.29636992 -806.42297227 166.33192914
-43.74612187 -751.86429755 94.95297590
-40.56676997 -758.07613768 101.18762742
-43.12139592 -780.27093717 139.20456719
-57.62885612 -803.45871011 163.94110122
-57.59600075 -812.18970038 165.03988491
-57.53367054 -809.05183402 164.86950979
-37.65718602 -740.29645449 95.00435914
-56.40868000 -795.12343647 156.91074706
-57.88288182 -801.43987273 162.95178727
-57.21093333 -753.75253333 161.25942667
-57.23150556 -802.18492500 162.31112944
-57.15370000 -765.04355263 59.71454421
-46.03220882 -760.32530076 107.68907259
-40.36824309 -744.29098571 64.97116599
-56.63497041 -748.38317449 166.11473551
-57.09576000 -823.51890000 165.57142000
-50.68996714 -774.10368286 132.86616500
-52.29909575 -794.13727015 152.56355284
-56.97139167 -823.20312500 165.73036000
-56.52218402 -800.48585206 160.36287649
-43.34023099 -760.84855973 104.43869054
-55.87474197 -751.88787537 161.08054403
-56.64542901 -806.38707519 163.23331763
-49.84163969 -767.05334293 122.30181347
-55.87529094 -797.31120978 157.74539937
-45.26637622 -752.25820674 95.49583322
-41.25474396 -750.47077912 103.89966256
-56.96354310 -821.29826034 165.71461000
-55.62527262 -815.18601997 164.22508593
-24.17022500 -732.77755000 117.79653500
-57.01230000 -819.26575000 165.64506000
-57.04640000 -798.59050000 159.71396000
-42.43006848 -744.32880272 77.46648500
-49.49221896 -757.22904164 143.11193612
-40.07885493 -742.47937847 85.99718938
-55.79454708 -749.27574287 163.92753068
-56.91010286 -804.18283714 162.87220857
-38.96829012 -740.85060617 37.74690259
-43.59352570 -773.44939555 127.86589295
-55.41268000 -770.72996400 60.72593200
-56.09678308 -754.01073769 160.26751462
-38.66687500 -754.26583333 95.43588056
-49.65562215 -782.37769577 140.10386619
-43.13724046 -752.17202884 104.10148961
-51.08876667 -765.38086667 119.99909333
-56.35521875 -762.13412063 58.08004500
-29.12763562 -726.04357301 117.16307394
-51.15830274 -769.11629041 128.37795041
-55.06833223 -799.85509551 158.42557270
-55.16109543 -794.12864777 155.49023011
-40.58302736 -754.93581992 92.15933907
-55.29049036 -806.03559446 161.35531786
-55.11935900 -761.13503222 56.66052653
-38.93266601 -749.72046601 83.31540444
-38.45404503 -744.14471060 80.36181762
-54.86669942 -750.12464008 161.79881798
-55.10338684 -771.82093684 60.49798105
-55.28560769 -791.83408791 154.45364407
-54.95171303 -808.87640532 162.11104324
-54.09020000 -765.68710000 57.59226000
-54.92314758 -758.42399928 55.79286072
-55.19456653 -789.12770795 151.34681607
-54.56370055 -781.72226448 140.73841301
-55.45688636 -786.43811667 147.89801909
-54.79105550 -790.60749046 152.64043188
-44.03391213 -750.17280485 142.99277213
-45.11031143 -753.53205143 129.03239429
-54.85920013 -785.33387363 146.00569721
-54.65376679 -763.81068855 57.17129511
-48.17928593 -757.60738667 127.96809630
-49.66870143 -796.27089713 153.29070303
-54.71969507 -784.01501872 144.01349300
-54.54611250 -771.79059375 60.68856625
-53.97980000 -756.54815000 54.66936000
-54.43946532 -802.94437803 159.09805942
-54.40927917 -756.42188333 54.84011833
-54.35399535 -780.22948488 139.07607628
-54.13998889 -755.68193333 54.32479333
-52.67133062 -778.64790880 137.53577882
-52.83515678 -783.14660435 142.34870501
-40.13656707 -768.24628503 121.10574204
-54.13156667 -786.68723333 147.44669333
-38.70390631 -752.36202072 47.17586991
-49.40538981 -799.92142723 155.55753189
-54.06850000 -777.35440000 136.70136000
-52.87887580 -800.75409786 157.06089212
-27.24185000 -726.71730000 117.62766000
-41.42664576 -760.09337684 104.68170802
-45.72300843 -752.89764023 97.78083241
-53.05868540 -751.83359050 157.79410738
-52.78935161 -785.77696127 145.47747438
-47.34731875 -762.73253750 54.53903500
-52.80632721 -788.54855486 148.66144488
-43.15396773 -752.24158676 107.18564604
-53.71068387 -754.54239516 157.21262022
-38.87676182 -742.38671909 44.12189636
-53.58102615 -817.51808538 163.26108154
-44.95778592 -753.82396056 127.50271352
-52.99628852 -749.56682459 160.76807778
-46.67275937 -750.06581663 149.14144170
-41.87626087 -750.51223261 139.07108826
-39.98748129 -738.06042281 22.84536936
-52.57444332 -806.59258529 160.25401588
-53.37073555 -815.35523128 162.95202967
-50.58473849 -770.99611548 130.17711357
-34.75124367 -735.32116456 105.32867076
-53.92982500 -789.53677500 150.72449750
-52.43848166 -755.18113483 53.30935400
-52.39380245 -802.92046052 158.09903755
-46.60255796 -794.05246191 151.88684970
-53.77044478 -812.80085970 162.76067791
-23.47356149 -728.19980207 119.92230870
-46.46009447 -764.39014889 55.73674850
-52.49402915 -784.46889691 143.77899436
-53.53785377 -758.67768491 54.93829774
-42.33942327 -747.34708614 80.17219960
-52.67243874 -780.19833794 139.04326356
-52.35719818 -811.98653172 162.07387737
-2.18568393 -715.49855857 133.71667964
-14.75715000 -724.35753630 129.31819767
-39.85200614 -750.79001754 104.46738018
-46.50627031 -778.41867589 134.79440911
-40.63078021 -745.88772920 68.21400099
-40.65863138 -744.00488878 62.00862258
-45.32549649 -755.97550410 113.48294858
-38.38569373 -737.29433830 13.88763176
-51.98698493 -766.51058167 57.19499503
-53.76490000 -771.67350000 60.62656000
-45.30302500 -744.41976250 43.06864750
-49.53727795 -761.08767220 53.89791507
-52.21474246 -799.71279417 155.98843374
-46.58505964 -752.22294429 143.47779684
-38.72576273 -748.51619182 41.43897364
-51.92197986 -790.49536296 149.73902852
-52.00731729 -758.05793914 53.92731187
-52.01362340 -805.16507943 159.34351390
-51.81520195 -750.02974302 158.49701227
-49.26182500 -762.78067500 54.59653500
-52.21552806 -814.42248561 162.37976216
-52.03367946 -773.70926633 133.32604929
-50.91857241 -768.50913103 126.91593586
-44.23392222 -774.58653333 129.77688222
-51.86614109 -752.36438252 155.37489675
-51.49205476 -760.33696488 54.28586476
-51.55728719 -796.11077635 153.18240187
-51.42963095 -755.34475729 152.40804795
-51.35685086 -770.78433714 130.91090800
-51.25732778 -753.23183556 153.19353889
-22.03798839 -728.25984020 121.92455540
-51.23489070 -751.58265349 51.50342744
-51.19668052 -756.95464805 149.64911844
-51.17063571 -768.48292500 127.08209571
-51.14105000 -756.39065667 150.23969333
-40.55008033 -751.79642112 47.37519395
-45.28680984 -753.37983770 131.50206000
-51.14576667 -765.73373333 120.54556000
-43.55241189 -752.60207214 128.01459619
-51.13630000 -765.55450000 120.84166000
-38.52757824 -765.14198000 115.60418941
-45.82669555 -777.11834212 133.37052027
-46.54045142 -758.45933266 52.21890062
-51.16650000 -793.06570000 150.37846000
-33.15287692 -741.80790000 96.85020615
-49.59331055 -766.88645669 56.94228172
-38.78194972 -740.00931488 25.97610915
-49.82019231 -779.21890615 136.88205497
-49.45775870 -764.18885248 55.48409291
-48.22632727 -768.87782727 123.38550091
-50.82935537 -756.90357273 148.46954760
-49.55171609 -803.03010383 157.60198251
-49.72680141 -770.47636880 128.01023296
-49.80355453 -773.31089856 131.24555743
-49.49219643 -752.18444292 50.75377935
-49.80394312 -806.98823442 159.97084587
-49.41298300 -785.25093883 143.17020091
-49.84780516 -776.21608193 133.93742087
-39.64959293 -756.08549565 97.65957957
-49.28650241 -768.20396552 57.92706000
-49.62553362 -758.19952503 52.85911852
-19.33159856 -719.10703897 124.19435216
-48.16587387 -757.33778559 125.42883658
-50.39400252 -801.40808151 156.78853815
-50.37393371 -768.03965170 124.83686511
-50.57075714 -811.63888199 161.53278360
-49.64274643 -797.76278912 154.27699439
-40.54774350 -767.07950230 119.01937084
-48.69626875 -784.01167431 141.24262042
-44.65179663 -754.54503174 113.21438535
-49.95047260 -808.96345860 160.80335440
-38.97212857 -744.94145714 59.56043143
-47.04044676 -767.08643239 119.07331775
-49.99633768 -765.07979089 118.79853375
-45.20801818 -766.06033636 114.02586000
-50.35675676 -751.06343838 154.60223784
-37.46100202 -745.79448684 79.91920589
-25.57841603 -725.16544871 119.25246333
-49.37733983 -805.57591349 159.12462231
-49.38386228 -750.15331153 155.22771732
-43.19474503 -748.77667298 44.47289525
-7.56411213 -710.28989845 127.66408087
-49.68090336 -751.85400409 151.97936641
-49.40772647 -789.42429265 147.84614824
-41.50159619 -778.30710951 134.12382047
-32.06662236 -742.63553211 98.03711467
-38.82852143 -753.47448571 48.90395286
-46.61667103 -761.08768935 53.64719898
-50.69574643 -777.48832143 135.76350643
-43.64589175 -752.67154120 125.30222837
-49.00704706 -749.56968946 49.83048745
-44.40988373 -758.36780904 103.70333169
-38.90090417 -741.91893854 32.00034333
-48.21812738 -757.79316310 108.14154095
-50.86651667 -765.56158333 120.85466000
-50.92590000 -813.73940000 162.02276000
-41.93037647 -750.76714706 138.79839529
-47.44973050 -755.04016236 139.93869774
-22.27604694 -732.94782993 121.28712054
-39.11613333 -750.69300000 99.21959333
-42.37624702 -751.47767887 80.18900286
-44.15614851 -764.06070368 55.66729281
-49.07008393 -769.59191375 125.58290643
-49.15502605 -761.70755687 113.24273824
-48.73464150 -754.55959706 51.27691719
-48.79091294 -778.24217413 135.03661373
-48.82023614 -775.20513925 132.02791047
-49.85876667 -789.73000000 147.58666000
-40.05278478 -741.53352826 49.39907304
-43.14053176 -767.93653832 119.22083951
-49.26911017 -786.77468305 144.52381424
-48.65888058 -760.20757986 111.04930856
-26.84367049 -735.46855902 111.30196000
-48.39854000 -792.55669000 150.68061000
-48.33458099 -750.46908028 152.95427972
-48.23818353 -756.21690588 141.16454235
-43.06277345 -749.98820996 92.03507025
-43.68409606 -752.44773565 134.14806331
-48.14154746 -757.94914068 130.67342610
-48.12827143 -758.21005714 133.29311714
-48.10562000 -757.27536000 122.97799000
-47.29903234 -764.58677592 115.70966206
-40.38633409 -744.50397424 67.48081000
-47.49919300 -756.95030473 121.82732481
-47.03525850 -751.68434926 145.85439549
-47.47123986 -750.10521369 151.77705653
-35.87506667 -741.49800000 90.24253333
-1.84369907 -709.85797039 129.23052872
-46.51922505 -755.13181804 50.50682036
-21.45112778 -717.86095556 123.69604889
-41.44120226 -751.11457125 136.77134293
-47.81758694 -754.17233153 142.46159333
-40.63986371 -743.07039707 47.17675480
-47.64041553 -756.95628910 125.18508262
-47.41632588 -803.35864146 157.35147005
-46.80691124 -752.37729527 49.44922583
-47.87670000 -747.55694000 48.76183000
-47.33014348 -781.10876341 138.03742739
-40.95581429 -747.55044286 85.45936000
-47.92695357 -749.97397857 153.88737429
-46.89702736 -800.15773042 155.09750044
-46.78165386 -787.30185854 146.33892529
-46.89116109 -761.06277311 110.04985628
-36.94755000 -753.71957500 117.92781000
-47.30058571 -770.78085247 124.84542786
-46.33381991 -772.25742353 125.71744145
-41.06649724 -758.04277920 52.36004997
7.25789494 -704.73758289 130.00246651
-43.63695533 -777.17052346 133.52734649
-46.78417647 -767.57540756 57.99624739
-47.53232593 -749.32932074 48.92562407
-46.31054859 -779.75343633 136.84730534
-40.15206899 -758.90139399 103.79672392
-47.76068750 -805.40827500 158.80671089
-43.49903120 -779.22027731 137.16849258
-47.84816783 -757.46346306 139.24839822
-41.23699444 -750.76461667 75.23104889
-47.98717500 -806.99850000 159.83041000
-47.92405882 -771.52499412 126.79421294
-38.93945256 -741.14503462 41.08365487
-47.37989783 -774.40710652 129.96915130
-44.12705674 -785.14918339 146.27654852
-32.69117976 -743.80599206 92.33012548
-38.20322927 -747.08992317 75.02941732
-40.54174000 -748.66384217 71.06227101
-42.09562500 -743.88331250 53.61696000
-4.99102427 -715.56669954 131.57640823
-40.79130542 -744.93054940 47.55908108
-44.16135685 -749.58740584 46.16411640
-41.33339727 -751.06632318 77.20736682
-40.40591218 -746.66864492 41.18706355
-47.87807000 -765.50922000 117.86516000
-47.82901071 -768.91898571 58.72784929
-12.92625357 -716.21895982 127.07723976
-47.76325833 -783.76702083 141.46535583
5.23660150 -704.88934200 129.79450450
-46.06235909 -785.97587227 145.42127500
-42.06200000 -743.35320000 50.58596000
-46.11538635 -749.04028661 47.72417543
-46.64791667 -774.95276667 129.36291833
-46.05924428 -755.56523726 122.19030501
-46.00270815 -752.80650403 140.08167126
-46.00269947 -755.37790734 125.04565803
-42.50505556 -747.79566667 42.50190444
-47.30560000 -777.71830000 132.50666000
-46.02082937 -755.26210758 128.18959250
-46.38441575 -755.11037608 133.89621925
-46.42933578 -757.14209201 116.03977550
-45.77957771 -783.20846780 142.24418879
-46.03219870 -758.01746061 104.52956552
-40.48289797 -752.06139482 83.13180707
-45.88770593 -755.61741676 119.23690917
-46.04204165 -755.20087960 101.18037366
-37.88800727 -752.38471610 113.12028243
0.15623333 -708.86991667 129.56304333
-45.57941217 -745.69902870 44.62152087
-46.15568421 -753.44784211 100.04209158
-40.40908665 -751.96076518 131.06609304
-45.53182747 -751.56958455 48.19683339
-45.54029722 -762.89335000 110.71624611
-45.43966344 -753.29155459 134.18503459
-10.23419584 -719.49520863 130.60762923
-45.21903077 -750.47183462 144.32795423
-45.20185455 -780.55952727 138.73379636
-45.12800500 -753.85867000 96.26593000
-45.07000000 -751.34066667 93.58429333
-45.05490000 -753.68300000 129.68956000
-44.41613883 -755.33867538 97.95635949
-9.26960385 -717.45841154 129.82695615
-43.72929924 -752.61302399 131.14408907
-42.76528000 -756.72519000 93.38130000
-43.85758103 -763.61194880 110.14373514
-42.38652280 -746.49869223 74.18293979
-44.56597032 -751.00090141 142.39501442
-44.45906566 -791.92915505 150.95001758
-43.62775246 -751.88915135 47.54801885
-43.86410646 -751.45327294 140.05107106
-38.99707143 -748.52237143 77.60680286
-44.98043913 -756.97727391 109.04934696
-42.85415231 -741.39075231 37.86882308
-44.72267083 -754.09996250 119.06770830
-43.82634000 -757.12559070 51.37293767
-42.09227500 -740.59187500 26.69096000
-44.84726862 -753.96224988 124.86862979
-43.57793538 -752.01080577 137.12543766
-44.37171493 -751.93358420 92.08607203
-43.50756321 -758.64465027 52.35201446
-44.72618523 -757.14236591 107.07822705
-43.76117754 -754.72211711 101.28232444
-38.85298511 -742.98678191 50.07267383
-44.95857000 -747.47087000 45.77553000
-44.13385932 -788.10524426 148.70242573
-38.81412258 -754.25114839 49.61294065
-43.71609897 -755.09507983 50.13401453
-43.62424273 -781.21014697 140.69796500
-44.08969147 -746.41766128 43.73550423
-44.89915581 -796.30470698 152.87076930
-43.54174831 -766.53966250 116.11656064
-43.51204464 -753.34092545 48.87301625
-44.76247551 -765.86362449 56.92820898
-44.66033125 -744.50755625 42.79309750
-25.85375910 -734.49069540 113.50844515
-43.36467539 -772.14516523 126.08243578
-42.60674615 -762.47633077 108.91456308
-43.32179434 -771.14607453 124.65040528
-43.07398679 -764.85254214 113.10632902
-44.49572825 -755.10938482 107.12700536
-42.47028350 -750.18492640 94.85974317
-16.26666077 -725.41927618 128.10806463
-43.89980213 -762.98247234 108.01136745
-43.54320866 -752.63857880 122.14100879
-43.38045661 -757.95817337 98.17991214
-43.36855171 -755.17962052 92.31704878
-38.85730000 -744.63180000 63.76246000
-44.19138873 -755.13307755 104.09107195
-38.83351195 -751.19757925 86.29551094
-43.49913055 -749.61752184 89.05991836
-43.46373308 -752.61364714 116.08640307
-43.47739931 -759.99777724 101.98532483
-23.59409091 -735.76477273 114.87113273
-43.36269374 -749.18821950 85.86388544
-43.27416919 -752.09841568 85.95409730
-43.13226449 -752.05335701 100.94984442
-7.20171786 -719.25701630 133.03351233
-43.06498475 -757.15189539 95.38378872
-33.32360435 -732.78653478 108.80027739
-43.18306163 -751.82562974 98.14459155
-42.93023420 -754.52657358 89.34385896
-27.82687395 -733.48542832 112.18974674
-42.58835348 -742.99661244 38.67505577
-42.79111298 -750.40484084 140.67393366
-31.63152251 -737.22844895 104.30605471
-43.08814185 -748.81019419 83.43863227
-42.75812685 -752.01420298 83.36089243
-42.55016364 -774.90851818 129.36083818
-42.59454681 -765.46297234 114.88491957
-42.81260843 -749.01985829 80.20908986
-42.34185519 -746.19318279 76.82261252
-40.99411425 -740.16043370 20.19526252
-42.62522000 -768.59484000 120.73701000
-42.75150000 -747.59265000 85.14903500
-42.59027542 -754.04960678 86.69308966
-42.40020914 -747.43946344 82.87673151
-42.17405165 -750.99561758 77.68337538
-42.22593575 -748.70977826 74.33435469
-42.16098962 -750.48576226 100.76274868
-42.14963158 -746.28392105 68.37923105
-42.11184103 -750.56732308 103.81239846
-42.11209375 -742.32854375 29.61481625
-42.12107000 -741.30702000 31.79772000
-42.12985714 -742.51705714 31.43626000
-42.11918000 -744.36517000 56.51066000
-30.29918222 -726.27965667 116.68517000
-42.11401667 -750.61966667 106.36976000
-40.87879500 -747.71282500 62.82008000
-42.11155714 -744.55345714 58.44766000
-40.25953723 -745.94955885 71.32736881
-42.10279062 -748.07298750 72.02153500
-42.12667500 -745.59035000 55.76063500
-42.13080000 -738.43990000 12.81106000
-42.09686000 -742.35866000 34.82744000
-42.08990000 -747.91550000 67.40106000
-42.07880000 -741.96420000 27.27146000
-40.57887374 -746.15852111 65.07201556
-40.97105313 -773.95006441 127.40161038
-41.16419454 -749.85641787 98.19422971
-40.44487467 -743.05693808 53.17112990
-40.78080278 -745.57895938 77.08318320
-38.48969825 -743.41533493 37.40113336
-41.00009507 -746.22135306 62.36787433
-38.86606588 -743.40768588 53.06792353
-39.14130000 -739.60100000 96.72211000
-40.34535725 -745.76495819 74.15700108
-40.65322549 -760.87923720 107.33664517
-40.50585171 -749.14910919 43.96340658
-41.28383529 -750.57748235 106.33863353
-40.32751635 -740.75817769 38.19461058
-39.53105990 -741.95186386 88.61564713
-40.72074611 -740.06768498 17.14094445
-40.59313012 -751.20836045 110.18738664
-40.53424363 -749.44310700 74.14447382
-40.91887627 -747.39168475 82.64787186
-40.67281112 -751.69777553 118.84930028
-41.58537984 -760.60026512 53.71760884
-41.81619583 -780.37145000 139.11819611
-41.12415662 -748.64966164 89.00121427
-40.86924892 -739.97696107 25.93474373
-17.98103333 -726.82400000 126.57596000
-40.58648016 -763.91139968 113.06518656
-41.75870000 -756.94635686 95.76833255
-41.93234333 -780.91162333 140.33475667
-40.55879362 -745.67729778 56.10622019
-40.68861295 -751.42715637 113.00939979
-40.73848173 -751.85978858 125.21825416
-40.63501494 -772.39772663 125.80278069
-40.86434016 -751.59514544 134.14462055
-40.07433288 -740.93753074 40.99762012
-40.66059115 -748.40114324 83.41728826
-40.65552258 -751.98503529 128.23568251
-38.80182671 -740.66573213 31.86913401
-4.58484472 -710.29132350 128.46121264
-41.11842445 -754.43272320 89.30673398
-41.09304286 -762.98196211 111.02744944
-40.31337684 -769.49056500 122.67984553
-41.09938614 -749.09674542 92.28897398
-40.99167524 -739.96465695 29.25236878
-40.63149184 -771.00733495 124.46832531
-40.41253742 -744.50466903 78.11750516
-40.61900107 -743.32431195 37.99131987
-40.60411545 -766.03154206 117.00902910
-40.50328911 -750.91478696 107.28908977
-38.35120500 -752.15240714 98.34153286
-41.36073333 -776.57690842 130.93231368
-40.66502106 -742.05028071 26.25148749
-4.13595129 -716.66988951 133.44618859
-41.18680667 -746.07854000 43.92511667
-40.71359345 -751.61560355 116.14025782
-40.40129430 -765.21333688 115.56163338
-36.36215915 -735.16656056 105.09438535
-39.79972326 -749.34122309 77.15715066
-40.54934551 -745.90091795 59.10142819
-41.05607750 -757.25988893 98.05422393
-40.37602050 -737.28768971 17.16005887
-26.53057222 -737.93659087 107.59601198
-40.19327156 -755.64365924 95.10120716
-41.54845276 -754.01047165 86.76766236
-40.81592838 -743.07417086 35.01116667
-40.61249874 -745.39476043 53.29045191
-40.69929691 -740.50882233 35.21435335
-41.30778864 -750.34492045 45.96269409
-39.00283333 -744.77676667 57.31369333
-40.46108512 -742.35721866 29.44460023
-40.15734896 -742.90476202 41.06205021
-39.61143333 -748.25519247 42.12365785
-41.98580000 -781.57230000 141.92156000
-40.17170556 -752.73205291 86.11273540
-40.70826781 -745.11382792 50.22272382
-40.77343817 -748.27673486 68.15358621
-40.48331229 -739.91871026 14.25575284
-41.75630000 -753.71300000 84.52516000
-40.75161099 -747.93423132 65.42498967
-40.54325766 -737.20391834 14.02062641
-40.99867391 -777.80113913 132.37211217
-39.21343125 -750.73634479 100.85732875
-40.18305306 -741.18583036 44.18409240
-40.69026842 -741.55371053 87.09870737
-39.63347869 -753.13926667 88.77036492
-40.18703276 -738.49787931 25.51944793
-40.22760000 -741.69946667 21.25796000
-39.52206139 -740.76243391 92.15908252
-40.21010000 -738.64790000 28.04746000
-40.03485000 -735.58395000 21.87741000
-39.53546250 -735.58947500 21.24674750
-39.31251579 -759.46656316 106.10603895
-39.25374615 -750.80770769 45.28710615
-39.15397500 -753.16408500 91.27804500
-39.17390000 -755.39510000 102.88921000
-38.06357093 -752.09415952 104.04778042
-26.10959578 -736.69605150 110.11303769
-37.57684684 -741.15744720 92.06757299
-38.80727798 -751.83575595 130.36456476
-38.53418121 -752.30202832 92.21814786
-37.85701773 -746.35782769 77.22395542
-38.92877541 -738.53567377 23.19875508
-34.32906446 -742.86704057 92.03822983
-38.84731866 -742.19523731 35.18220627
-38.93784872 -749.50520513 80.73897538
-38.67370994 -739.29387692 14.07821000
-38.93228333 -745.60210417 65.09928500
-38.78230769 -739.82385152 23.50966303
-38.20362025 -761.74336573 110.15343040
-37.88966124 -752.28388337 109.99783213
-38.92759252 -740.82790280 35.13840766
-38.92494000 -768.05322286 121.07964571
-38.68902083 -751.01367917 44.65971417
-38.94181429 -746.58934286 71.29557786
-38.36000872 -757.54824302 103.74880826
-21.12011364 -730.54494091 123.70247818
-37.72620784 -752.55389129 116.14828711
-38.88079695 -742.60521527 47.11812870
-37.45116831 -742.17575318 89.01861614
-39.01953750 -750.56565000 95.11976000
-38.37898096 -763.56165457 112.90298005
-38.65965043 -751.72705855 89.26173735
-37.33003392 -743.19546468 86.26168444
-38.85686731 -742.22121731 40.97230038
-38.91671667 -750.58686667 92.26024333
-38.72513044 -740.57798343 29.31422898
-38.78724945 -739.68505277 20.23314635
-38.77941071 -766.68776667 118.86029631
-34.97686046 -744.40875294 86.91886458
-38.44895933 -754.71690367 98.11748133
-38.93707500 -753.86951500 93.19692000
-6.28033750 -714.46549375 129.80566625
-38.63917652 -765.88940522 117.07701739
-38.93621622 -745.39588649 62.27029514
-38.88798169 -743.84786479 55.83253042
-38.88206774 -744.01936452 58.89753097
-38.47293041 -752.03395910 128.06977799
-38.97754000 -769.23218000 122.43755333
-26.86092667 -738.80921333 105.88426000
-38.04398703 -752.00554044 107.57080330
-38.00991775 -754.53888225 104.14328722
-38.28489540 -760.22911034 107.98738874
-38.21442308 -759.11598205 106.42123692
-39.00837500 -750.60890000 97.51406000
-38.90155000 -750.31477381 43.58531714
-37.23187228 -741.56333762 90.11814713
-38.71740526 -756.95722632 102.01844684
-37.88375616 -748.07280137 74.34206000
-38.57572717 -746.81929075 40.39797734
-27.72880232 -736.16085789 109.52560295
-37.56608440 -739.48878066 98.13190072
-38.20626391 -745.31294135 38.79827579
-38.59655849 -750.13854717 88.90075623
-37.57795200 -754.62899273 107.48392800
-37.50607857 -738.93439583 100.29052071
-37.32680279 -754.44992479 109.55867421
-37.47565000 -741.67753750 90.78399750
-36.77363155 -745.29317321 82.88793530
-36.75413721 -736.60916977 103.62800744
-36.97276009 -754.16025459 113.76932560
-36.83826319 -753.90276111 115.69814056
-36.26273158 -744.79842632 84.89749684
-36.15116923 -734.50672308 105.86002154
-32.44735777 -743.19127254 95.34299031
-34.72301394 -743.63107849 89.19643304
-35.39354907 -745.86084427 83.41482933
-35.50261047 -741.07448277 92.41694311
-32.85238462 -744.10453846 89.90411192
-34.45885023 -736.50706544 103.86320147
-34.95420800 -738.74322000 99.78131200
-35.93670000 -746.82950000 78.52396000
-34.72787442 -732.47119302 108.36954837
-33.91756923 -738.55035385 99.34830872
-33.80762703 -742.22558150 94.59517443
-33.21344839 -730.11138065 111.91343742
-31.73985166 -731.84837225 110.67488496
-32.51011667 -738.05473258 101.83845167
-31.16293420 -729.11316200 114.02524580
-31.22155000 -730.44229930 112.52763667
-31.14977824 -733.34359648 109.42101978
-32.93016000 -735.62764000 105.56662000
2.22826813 -707.65710110 129.93172813
-30.81467719 -736.30293080 106.27063643
-22.13898709 -731.06790215 122.05160062
-30.90521789 -727.81516854 115.37077659
-30.91463333 -742.22345225 100.56394153
-30.68910673 -739.26187758 103.25164565
-29.58890643 -729.43476786 114.36160071
-24.80613285 -721.14565401 120.82961182
-28.64517480 -728.14357251 115.95471161
-29.49271319 -738.33986813 105.26655451
-29.86956818 -735.01652273 108.28688576
-28.58184469 -739.61296656 104.26346594
-29.63375181 -741.18185422 102.32360217
-29.52857561 -732.43704390 111.40940390
-28.02647164 -724.93397846 118.13108175
-27.70374101 -729.99397482 114.93251180
-27.53810370 -738.74621852 105.81279333
-26.85107660 -731.74293617 114.34380184
-26.22885947 -728.73580576 116.91779237
-2.90358333 -711.76918333 129.52683778
-25.66427598 -722.45724063 119.98898207
-26.97021000 -739.02447000 105.48025000
-25.00992806 -727.98612403 118.45592776
-15.17548750 -726.02424375 129.73023812
-15.14230000 -720.46606087 126.74953826
-24.95995899 -733.59940605 115.65673141
-24.63900593 -720.10386653 121.39235364
-23.08963996 -733.45583425 119.00552890
-22.62366044 -719.41536265 122.58352044
-13.34941337 -719.27730594 127.77311257
-23.47694009 -731.25813743 119.73083012
-23.90545082 -735.99149836 113.83027803
-6.19943333 -717.52603333 132.77201833
-23.63997976 -725.71656548 120.28117964
-22.17929168 -725.26058983 121.57940090
-21.54962373 -717.25940169 123.85599051
-20.45694972 -725.08458173 123.06611179
-20.99016667 -731.33978333 123.58125167
-20.62918550 -719.88226183 123.40220504
-20.31703022 -722.20929760 123.19878278
-19.26192530 -716.21235207 124.73043397
-19.55623146 -728.28494812 125.21082621
-19.04755992 -725.27949772 124.68778412
-18.80769245 -722.38005453 124.21526434
-18.29690868 -728.40093554 126.89527405
-16.41767234 -719.25396503 125.65566491
-16.22834250 -713.84485125 125.79542500
-15.67335972 -722.63499098 127.25602453
-13.98427602 -721.93416893 128.61590265
-14.82697528 -718.76170899 126.48074315
-14.50156923 -715.87181420 126.41507657
-13.08048966 -711.19343793 126.50938989
-12.74742880 -722.55495910 130.35873391
-12.67948615 -713.39049654 126.78624962
-12.26276216 -711.08058919 126.67066811
-11.26478401 -718.61512254 129.05052435
-10.90700482 -721.65238865 131.51654903
-10.37755702 -716.19945630 128.33351969
-10.24015059 -710.52800569 127.08735078
-9.15738000 -721.14404000 132.66544000
-8.23473127 -715.49366592 129.16211803
-8.78113922 -720.97134314 132.72517569
-8.94583571 -720.86510714 132.58541714
-7.55204496 -713.12797734 128.27205492
-7.22870046 -716.52106014 130.75642105
-0.97047280 -714.20608159 133.23565833
-7.09068324 -708.03639676 127.81136324
-5.29332474 -718.07394947 133.63948895
-4.91044738 -712.45119666 129.07191231
-4.23774969 -713.72266604 130.38857433
-2.81506190 -714.77805714 132.27100286
7.12861769 -707.09471250 131.09054697
-1.17899620 -707.21630333 128.93156879
-0.86065279 -710.72891171 130.09371892
-1.03049120 -705.35447600 128.76474320
1.30206453 -713.19887703 133.48136640
1.17097723 -712.20077522 132.14461072
1.95160992 -704.93170826 129.16008948
1.15514309 -706.69785399 129.33904697
1.75571048 -710.24349380 130.97650749
2.87040000 -711.59270000 132.65426000
4.22411525 -707.23346475 130.32252925
3.73928044 -704.69030622 129.46213156
3.38511429 -712.06162540 133.51748540
4.57739312 -710.65409862 133.05962376
6.24784706 -708.93604853 132.24809824
6.77964286 -708.54901429 132.67164571
9.59999281 -706.18113174 130.87351808
