-27.64320000 -737.34110000 31.43570119
-47.00908831 -738.92382665 12.10542978
-37.80315474 -740.09464769 33.90106843
-71.63357513 -746.40965685 25.18165383
-18.16690526 -741.03255414 28.74273728
-41.34361480 -759.26206258 29.35976147
-26.89669175 -744.05272062 29.51765686
-58.99979969 -745.19139675 28.20856512
-35.11636634 -744.70450874 32.20192473
-15.45210000 -739.22880000 28.67420119
-48.70235600 -738.99966400 12.07635319
-42.01616772 -754.71583585 31.57309603
-81.99604590 -747.16076080 19.95365659
-45.50420000 -742.74830000 28.30920119
-84.20440095 -746.45565498 19.22556849
-30.68844000 -737.77962000 33.30458119
-47.59891316 -740.45335938 17.22977592
-48.07492004 -742.53368274 24.60018095
-28.01066872 -740.20809254 31.25863105
-28.50509875 -737.58264081 32.26259309
-47.63710586 -748.46068363 30.60408922
-27.38657105 -737.52207895 31.64581961
-40.33831831 -744.25780141 32.26419027
-69.80187387 -747.02650721 25.52369939
-79.86927038 -747.75952294 20.50745882
-53.32287268 -742.80195111 33.32693037
-28.91648726 -742.47600100 30.93266228
-46.22032877 -751.84879502 31.55888363
-44.07687785 -754.31183324 31.68526294
-70.91993639 -744.99367306 26.38291598
-59.19314065 -743.75470387 28.65959925
-45.37748000 -741.14698000 16.76138119
-51.32345455 -742.83907273 32.33727392
-52.48398674 -752.06595549 31.86574224
-67.63634047 -747.80964661 25.86962376
-41.44629231 -752.64289231 30.36904734
-70.99467673 -743.49543537 27.29742310
-53.03333810 -743.47741846 26.43914569
-20.01015695 -739.28279525 28.87154201
-78.18879288 -746.66194128 22.29852361
-45.98147938 -756.39991050 30.23681098
-66.62015000 -743.85285000 28.44945119
-44.32828690 -742.73161250 30.65440179
-69.77155455 -742.82609091 28.88104665
-52.03616387 -743.31691387 25.05421866
-76.21756364 -747.26879993 22.71156181
-32.90377922 -744.76544005 31.68890938
-42.38934167 -751.96718333 31.79323452
-45.04291787 -750.58904155 31.39784129
-49.49863125 -746.97439375 28.06310119
-35.05693245 -742.38584530 32.59954950
-45.39835000 -749.68451875 31.23298869
-17.79648643 -737.58143354 28.35554097
-65.02435006 -748.33934067 26.57093556
-73.83393039 -743.61417557 26.12758826
-68.46552903 -743.44655360 28.17635544
-41.31708893 -757.59869725 30.69359505
-76.55385894 -743.72191887 24.91269854
-68.02646493 -750.09844886 24.42832108
-40.92295226 -742.34065279 32.41530193
-84.63140227 -745.64854773 19.53710801
-55.56624124 -743.63248332 27.45466844
-82.82829315 -745.85062470 20.54590320
-15.46049268 -739.03917561 28.30123534
-72.60880000 -749.84960000 22.45110119
-45.32278776 -754.98374313 31.34751324
-78.22085000 -749.78565000 19.35515119
-42.95942168 -742.53393920 31.65477543
-48.52415000 -745.23635000 27.00675119
-29.30274345 -739.34538188 32.12710972
-23.18079092 -737.27895375 29.39889276
-37.84380522 -742.25689809 32.81694864
-60.70189286 -746.92525714 28.47192262
-45.91456073 -753.40275347 31.53492297
-46.91353571 -741.22492143 15.57577262
-78.45830000 -749.90360000 19.40260119
-53.55472390 -744.08862701 26.63021908
-35.83808137 -738.94575490 34.51627864
-29.11833573 -744.37213127 30.29897250
-49.93624561 -750.91486977 30.82944579
-34.97702587 -739.83466109 33.80618013
-82.82509118 -747.72738466 18.92515802
-64.73832367 -744.10632959 28.65409108
-70.74721376 -750.14801356 23.10912485
-52.60973276 -754.17078772 31.30048869
-39.11415000 -758.81727500 28.11380119
-46.77892922 -746.31293358 32.48903973
-44.62752506 -751.93648467 31.75757939
-31.84549745 -739.43406064 33.21173842
-49.15137080 -741.92295107 21.24102703
-57.52240000 -743.82475000 28.45295119
-84.82228108 -747.05758378 18.20318497
-18.83012619 -737.98660238 28.43746071
-66.41795333 -749.73795778 25.38997452
-49.15890318 -748.72212294 30.03429636
-51.18831984 -751.90107741 31.62282771
-32.04640294 -742.19577834 32.04963171
-18.86954894 -737.39819574 28.39249108
-29.96591020 -741.50192675 31.63467942
-46.85894531 -754.40185556 30.77011129
-60.29534085 -747.12697324 28.24842091
-52.75073478 -753.43804108 31.80190316
-47.64668190 -741.15226697 18.47015344
-65.41586497 -749.92180152 25.69911946
-18.15615417 -737.72679896 28.47030744
-30.90755360 -743.38226720 31.30963079
-59.46638573 -744.25016969 28.63851084
-58.03494069 -743.69205241 28.33802671
-56.10282272 -744.42192651 27.65768830
-42.88439355 -759.09867788 29.25854278
-80.52048155 -748.83938280 19.14291714
-52.04073782 -744.00365798 25.18552976
-50.11807656 -742.95895716 24.45915877
-51.11212857 -743.94094286 24.52526310
-50.42698914 -743.29908663 26.69819038
-40.60532224 -759.67708435 28.05022608
-54.58671667 -742.53718333 33.50503452
-51.96605143 -743.41879643 29.55068976
-52.20736296 -744.11671138 29.45810939
-49.50238504 -745.67170796 29.41198385
-49.74407332 -744.80496863 27.27586007
-52.52744118 -743.89184412 31.90505413
-50.57388487 -743.34624313 29.01789854
-47.50629466 -742.70075895 27.11401605
-46.08430152 -742.65659653 29.19447512
-47.35638345 -739.86729745 14.95652425
-48.82304808 -739.30569904 14.80559446
-48.91320670 -740.33946973 17.48429002
-48.83486535 -741.10842948 18.74104253
-47.99014828 -741.76501454 20.77959397
-45.45673750 -740.30533750 15.60846369
-57.51780000 -743.90400000 28.45325119
-44.67421908 -746.39219558 33.79385720
-40.45675634 -740.36786197 33.40921020
-38.01960672 -744.77692808 32.49995349
-36.99765976 -739.06868049 34.49461339
-31.39980296 -744.74509803 31.17652170
-17.57591684 -739.39291050 28.58460939
-26.11972538 -742.12735671 30.10882718
-25.90952707 -739.41618848 30.52831882
-27.47617333 -737.97977333 31.53048119
-68.38234333 -748.95915214 24.92269911
-25.95776768 -737.38427636 30.55433581
-23.13097069 -741.84624961 29.72958394
-23.02566161 -739.31092994 29.56988323
-20.22424693 -741.44377906 29.24234659
-20.20069334 -737.41298179 28.67629262
-16.61030877 -738.66789017 28.36589089
-80.38171448 -745.88653568 21.78163622
-79.38556442 -744.84762746 23.03484943
-77.08577011 -748.57327820 21.22720007
-76.18645499 -749.96016596 20.49326944
-76.96949964 -745.31416119 23.81262824
-74.20335928 -750.05197212 21.43361216
-74.50404935 -749.28249228 21.92310116
-73.78804902 -747.95893203 23.26842544
-74.25661303 -745.67448500 24.67262002
-75.31550000 -743.64345283 25.34270874
-73.42155683 -744.37348560 25.86674293
-72.18533040 -750.17779119 22.30380648
-71.09631921 -748.42060216 24.08272758
-68.07918165 -745.29744773 27.08515760
-66.31421660 -750.07346964 25.24870726
-67.32337141 -743.24629367 28.63368189
-65.14408261 -745.57233985 27.70197382
-65.03130217 -743.43535654 29.03589620
-62.33081067 -747.92879026 27.72045674
-62.25421354 -745.79789229 28.12749205
-61.92450715 -744.41366873 28.74933140
-62.43378783 -743.51526777 29.11817162
-85.05844649 -746.23345819 18.75702226
-72.48080000 -749.81820000 22.41970119
-66.45693636 -743.82266364 28.41879210
-60.47680000 -746.90328333 28.46751786
-52.13284311 -750.49804012 31.18383293
-51.31248148 -753.36925926 31.24955675
-51.38877037 -752.99399259 31.56642341
-47.38441338 -751.37785057 30.97094655
-48.13954305 -746.36264973 30.91536945
-43.90517129 -757.48889572 30.58917013
-46.38881928 -747.50638587 32.57062424
-43.58550703 -756.18051156 31.57075846
-44.73430090 -747.82946624 33.25000720
-41.88706181 -756.13960503 31.48496752
-41.34470672 -754.71016338 31.23211564
-39.38633894 -759.33340885 28.21418526
-39.31333238 -757.87237865 29.49195172
-52.37231406 -749.59173750 30.61937072
-39.37415600 -758.93844000 28.88728519
