-77.19626335 -738.27433279 42.83119411
-42.23781983 -743.40438017 36.90206025
-47.63115584 -757.17015431 48.96486278
-53.99737090 -722.47454094 58.44774503
-56.57284630 -730.50756173 58.42330192
-50.49955000 -751.09595000 43.11447877
-52.64019450 -755.93234660 51.85382778
-44.15085113 -767.04406300 51.90348850
-31.06476522 -748.03103043 43.16675051
-46.86846569 -787.32563354 46.59154176
-85.92646823 -740.31014504 41.94064540
-60.94887188 -730.44257500 60.21397877
-5.83749179 -748.19223923 43.33593107
-52.61778544 -742.64029353 30.52540644
-49.07870769 -741.23693077 34.82998261
-58.32388888 -719.40181659 60.53736970
-49.93789986 -787.19893958 46.64405569
-89.18970260 -742.96237174 40.75324961
-48.11687302 -742.14900317 23.95719543
-57.24843295 -715.22542216 61.50798445
-85.91601645 -743.10472556 40.69200182
-59.22645441 -741.60651912 34.94360744
-43.56735894 -789.26176328 45.72374618
-28.96535822 -741.39455991 45.75978990
-50.66425920 -745.27563805 35.80776943
-68.21377985 -742.71592738 38.90036627
-89.26271300 -740.36583638 41.99261990
-59.50745000 -786.83965000 53.17987877
-53.36951304 -742.65059831 31.79343287
-21.75620000 -750.80970000 43.19092877
-24.48483333 -777.87008333 44.76026210
-17.00098180 -741.32979610 45.61973423
-51.02054159 -743.53017215 41.37164695
-88.38659917 -744.14228926 40.18674364
-52.63949054 -719.65444299 57.94923522
-50.22757543 -770.59275513 53.64799197
-52.36156221 -770.95739142 54.52236932
-48.15500000 -742.11190000 20.06888710
-97.53182874 -740.09898174 42.52266014
-57.94515886 -715.79397267 61.47820294
-86.37016682 -744.50949905 40.15758517
-36.25132371 -754.48293830 46.44351934
-41.47954039 -737.20557155 52.94658977
-44.98960000 -789.85240000 46.95222877
-41.92353293 -751.19858373 49.42396170
-32.34038613 -767.07474803 49.83179971
-28.38252854 -773.82863277 45.96974670
-48.95967880 -755.48502765 48.26189927
-30.13505444 -775.52241249 46.42220445
-4.88523381 -748.26432751 43.16844338
-38.06270270 -770.53923263 50.63566595
-59.53644400 -744.87371400 55.49966277
-95.07637464 -740.39142869 42.18485375
-56.63203475 -714.05978515 61.69844932
-32.85660517 -765.48583539 50.43130054
-50.11904709 -749.45718126 42.55359522
-41.46501702 -763.42432772 52.29309053
-8.40163383 -747.09504547 43.34356152
-54.13116915 -725.23233721 58.49526815
-9.25352516 -741.51004088 43.33090172
-68.21121446 -741.05604683 39.47369343
-50.29498272 -740.31182188 50.94976096
-40.23851638 -789.19897247 42.72810131
-41.31360645 -750.47335904 49.52220323
-50.69312946 -738.25399832 51.86080008
-56.15384763 -725.32996266 59.30345321
-92.17324263 -740.38314088 42.06139461
-92.00240638 -742.68710231 40.91028987
-45.22961250 -742.05947500 16.06370377
-47.13200987 -742.88939221 49.75452882
-46.99429751 -755.03047352 48.43011647
-41.67852445 -776.07741278 49.55213443
-48.58386667 -738.19550000 52.21756210
-45.46425000 -741.53525000 16.16107877
-53.64071048 -754.88789898 52.61097014
-89.32305233 -736.86523366 44.09870015
-26.02198968 -746.48902091 43.85766512
-38.07036034 -775.17477737 49.48847672
-30.98939145 -746.01664829 43.35137749
-47.64579180 -727.92862644 55.56438435
-38.06329420 -773.26222913 50.01514347
-44.87625000 -734.44320000 13.27777877
-17.16388753 -743.14790692 44.74422986
-41.47739283 -762.31499515 52.37244797
-44.06638948 -755.16757352 48.79576037
-55.27574792 -746.09608031 52.01175743
-48.39282075 -742.50233396 26.38874009
-53.36176001 -737.33912599 53.79700883
-48.91890000 -737.89544468 12.17408409
-40.80972054 -743.46927068 38.32320517
-52.61236364 -747.88954545 43.15861968
-51.87221189 -743.83252767 41.64710777
-38.36571091 -782.56367335 45.44536257
-55.76725706 -760.39124716 51.76721671
-3.13081209 -745.75089463 43.10726175
-29.05833370 -746.05171482 43.68068416
-97.71038547 -738.93391919 43.35761016
-53.08136667 -741.69330000 35.44016210
-53.23964215 -748.60049079 44.73857559
-61.89538667 -741.54696638 36.45846152
-44.29740000 -741.70852000 35.78782877
-14.18111955 -743.27137783 44.21183472
-55.94840617 -784.57105556 52.14633371
-9.35033287 -742.16519441 43.29096513
-56.82868887 -784.53804341 52.56055706
-58.03601752 -743.83521606 54.93356356
-14.89841034 -747.90307759 43.31153739
-26.07945760 -749.14814751 43.66010654
-56.03307349 -776.81914455 54.41861608
-28.76564834 -778.55183551 45.70238109
-50.43261374 -722.37100068 57.17824880
-43.96515245 -793.40794767 41.44219997
-69.17541579 -740.07412384 40.54534641
-42.99273000 -765.84608000 52.26081877
-55.91121272 -728.07122027 58.75085611
-43.70493689 -782.77006425 48.97843020
-33.12755562 -769.48220501 49.44181808
-48.85865862 -792.90258621 40.39000291
-89.07412267 -735.54406002 44.75974822
-56.43441662 -736.66604233 56.53437158
-10.12954109 -744.11221300 43.15169923
-39.89566923 -744.92578462 37.92890569
-51.97565229 -743.51025313 44.23899133
-56.13735219 -743.31544527 53.72941712
-3.18215587 -744.01621317 43.12960035
-54.39070000 -735.86449189 55.31185309
-47.35574148 -744.22371087 48.45836796
-58.77396317 -782.82242814 54.01799748
-52.17195252 -734.82903463 54.76376499
-61.04840569 -779.24185219 55.69623372
-89.20960877 -738.47679649 43.07951899
-83.29844028 -736.76751613 43.83572429
-51.33365875 -733.10390000 55.37572085
-49.48187799 -741.00389417 23.61010255
-40.77897137 -770.46437870 51.06532098
-35.07502631 -770.32651141 49.87297224
-41.20299286 -762.60746071 52.22732162
-74.20167252 -738.38124490 42.76281707
-44.11883978 -751.66122058 49.68275745
-92.16807499 -736.91036404 44.24974328
-36.28126404 -756.95688772 45.60435245
-46.47951273 -773.52450179 51.98377672
-26.08655788 -773.71561291 45.74134868
-48.44264286 -752.55281429 45.76940020
-58.60755219 -731.13811191 59.06053488
-51.03026497 -753.55201210 51.94449246
-42.31534296 -793.20763333 40.83371983
-17.42211615 -748.13752830 43.33257200
-48.76863732 -793.13597746 39.86191609
-71.23084192 -743.38522851 39.75709749
-8.28926296 -741.56683951 43.12117938
-43.85761135 -792.29344229 42.71254939
-54.59465000 -744.80590000 52.26812877
-49.31839714 -741.48100000 33.84224448
-50.00651000 -741.59981750 49.06813127
-76.88523135 -744.28060777 40.14598938
-51.70567500 -741.71227500 30.16512877
-24.40468472 -776.35003601 45.04591219
-39.72448333 -743.65008333 40.32437877
-85.97436550 -736.83990162 43.88448543
-51.78299231 -742.06416154 49.01512877
-8.17593368 -748.40337406 43.37537335
-55.24597319 -758.96992314 52.04166066
-83.18369695 -738.27263049 42.97901617
-2.30927963 -744.42182994 43.37082938
-26.49065348 -741.52437521 46.11084019
-74.07213854 -745.40766376 40.00719128
-55.88952104 -755.22505041 53.20383380
-27.20669761 -771.44885418 46.86472399
-30.28281840 -766.66618000 49.37190837
-49.00258571 -737.24466000 14.50992591
-51.12249187 -720.00981908 57.67256057
-44.01035435 -794.23900088 39.04938890
-54.20948750 -751.12954375 46.77476627
-39.31415000 -736.25480000 52.23057877
-49.73619179 -742.13540821 24.20234966
-55.66036010 -740.76700814 54.52256517
-35.15561869 -753.57071308 46.02959232
-42.73148852 -792.59632787 34.44556483
-57.54965000 -741.69730000 34.29847877
-61.08085874 -757.21592902 53.51935149
-79.98860000 -737.01147525 43.65840741
-31.98234409 -776.24874517 47.15647198
-54.24225000 -749.97537093 46.64960784
-61.62324437 -784.13362840 54.89089734
-84.33252500 -735.75823333 44.18299543
-102.70133462 -737.18072692 44.79809800
-85.14798758 -745.02027453 40.09140516
-71.88750246 -738.57502982 42.40072210
-5.42533588 -747.37101765 43.32380906
-44.28603631 -764.39103352 52.00802550
-30.38816473 -778.49239082 46.35517273
-50.18824459 -725.33000650 56.90876635
-49.51530572 -751.37299618 44.60715436
-46.55057778 -794.06642222 37.15338432
-44.10730806 -787.76900338 46.83737387
-41.06062278 -782.26620890 47.84791198
-50.72110000 -740.89360000 45.12847877
-51.37691117 -778.40613270 52.34003231
-43.96758035 -790.94373292 44.43012961
-71.40069462 -740.11870859 41.12561107
-22.12782045 -750.58225000 43.16943331
-48.45046000 -740.90947064 26.88800409
-28.85456677 -748.69838225 43.56629356
-54.10749221 -742.21400026 52.67754773
-51.15877657 -743.78702622 38.83358283
-50.03174225 -743.07665554 48.63948746
-37.13100114 -783.46393200 42.91676134
-46.59067917 -735.32719583 15.12104127
-50.23212872 -749.89869457 44.04674505
-79.89018939 -740.28380745 41.72377546
-31.19204916 -768.16675345 49.01002387
-9.66676667 -741.38356667 43.20816210
-74.46983598 -742.31664446 40.42638759
-11.37783574 -741.49236066 43.77650172
-47.31063333 -792.77313333 40.22849543
-22.72910000 -741.79790000 46.26542877
-47.79382654 -726.45012808 55.88390877
-55.22885333 -746.48400667 42.94454210
-97.73808748 -737.24418780 44.49535075
-49.03366364 -757.58453485 48.82593937
-71.74296125 -745.11755745 39.75975858
-49.01561760 -791.53139569 42.26118972
-38.25321373 -752.42985652 47.94462935
-83.19736141 -743.02376698 40.67753912
-14.36964683 -748.93946056 42.81292796
-33.65572941 -742.44689412 43.29690524
-38.31782308 -744.90910769 39.56966723
-52.88219379 -731.32602404 56.97433257
-44.26363169 -770.61142274 51.61152396
-56.12418407 -719.32888904 59.20598472
-20.71669250 -741.21039000 46.33325752
-65.15548550 -742.36227083 37.82397477
-65.23655822 -741.38905405 38.13868751
-63.91578072 -742.44683614 36.88927335
-62.10926857 -742.45967135 36.45483853
-63.26736000 -741.44811500 37.35748210
-63.51963636 -741.96886364 37.28191059
-59.20039310 -742.37180423 35.13105412
-58.19837778 -742.91405000 34.03081766
-57.84748197 -752.31306557 49.09220909
-57.33806216 -742.28540811 34.38608282
-56.01718289 -742.51235793 33.22011148
-56.34099046 -751.37201469 48.55492310
-56.39625694 -741.69645139 33.30859682
-55.62337184 -749.90026115 47.55722081
-55.16181077 -748.38857385 45.80501723
-52.72298408 -746.54265187 44.33082184
-50.05530273 -743.47300517 32.83054138
-52.33645840 -746.21020277 41.73140307
-53.56515620 -746.59291121 48.05967047
-50.87959714 -745.10089333 33.52766686
-50.30738178 -745.88491540 45.10972626
-51.09985034 -745.46592213 41.77352989
-50.73067735 -744.06792196 45.32873654
-49.08366937 -745.13811218 46.62361327
-51.08339354 -745.99411042 38.54629231
-99.89729167 -738.86105833 43.40096210
-47.41871634 -761.36572347 50.89592075
-47.60530054 -739.53080268 15.08590187
-44.17012771 -773.02236605 51.20803345
-46.76434285 -764.34832428 51.76020774
-47.67385133 -758.70367731 49.80080138
-47.99981994 -745.13314044 47.41316921
-47.68467901 -739.91439339 17.46376090
-46.64959231 -741.98072308 18.61796723
-46.47882500 -741.93605000 14.58532877
-43.77621144 -743.26172698 35.73814431
-38.85085153 -743.65409989 39.54556312
-37.77712299 -743.79920788 40.72545851
-36.94505625 -744.85132500 40.86086627
-34.83284303 -743.55614331 42.15332820
-34.56527219 -745.32697563 42.10307189
-46.74266184 -753.21278905 48.72769237
-48.39464000 -746.55624000 40.53220877
-95.07546070 -735.52011853 45.31997190
-49.05750908 -740.63909866 20.55343633
-50.54945171 -758.10070392 50.73776884
-49.33207037 -741.89047037 21.00676951
-50.43253905 -743.65354202 35.56959398
-51.97528967 -745.63350475 39.53902532
-44.00968638 -737.62652188 53.57699047
-50.05158293 -760.25575366 50.57952145
-50.45497122 -755.57593123 50.72847352
-55.66212273 -731.59438290 57.82526698
-48.45781429 -749.49078571 42.55850020
-47.67723146 -740.06586370 20.65632159
-47.11662207 -742.77495100 32.62722225
-46.95531177 -737.86560073 14.66478153
-45.37329167 -736.28858333 12.28939266
-48.96858571 -753.48198571 46.65795734
-36.51400000 -783.75350000 42.94672877
-48.86593400 -739.91108000 14.78831077
-47.28410815 -738.29886785 17.54651588
-48.86849377 -740.26768347 18.02819841
-50.18903636 -741.86693636 17.88532877
-47.36501264 -738.60654598 19.98050808
-47.97149079 -740.09167699 23.64329488
-49.02932902 -741.17469640 27.55790694
-49.53265960 -742.48898462 27.53209282
-49.60657316 -741.48274492 29.28740673
-49.79387617 -742.76995059 29.79161489
-48.28922959 -741.59657755 30.44989611
-40.27318187 -750.43945259 49.12070934
-53.74790000 -741.71110000 32.25022877
-48.26571596 -742.62937440 30.70426310
-58.53062857 -741.58721071 34.11846448
-64.33098478 -741.35475870 36.85367442
-47.34993684 -741.68910000 31.62710771
-52.08795273 -742.92867091 35.31064877
-51.75813125 -745.30408750 35.10216627
-51.72575242 -744.26417974 39.22656489
-50.91247500 -747.92315000 39.07162877
-51.74688750 -741.65308750 45.81489127
-45.24496712 -742.68789589 33.83021370
-54.97770000 -743.18950000 31.19222877
-46.13025396 -743.02968921 34.63142805
-51.82741549 -745.95444085 33.24245834
-43.12714872 -743.61136923 37.50044672
-45.43115000 -739.92393333 12.21507877
-48.69161000 -738.48993000 17.77138877
-49.08528000 -738.70639000 19.89614877
-36.54480000 -744.07670000 39.93562877
-32.68370467 -744.07079856 42.91215699
-32.43742537 -745.88249207 42.93182390
-31.84548532 -742.96549282 43.85484426
-31.42568846 -741.54526282 44.80282300
-30.72523478 -748.05914783 43.32466355
-29.04140748 -743.31572167 44.53189783
-26.13682373 -743.34688343 44.96720242
-25.81019770 -741.23597533 46.42379176
-22.94368187 -748.96450330 43.54628661
-23.08240426 -746.34651320 43.94988201
-23.02183117 -743.36489058 45.12015839
-23.20498051 -741.28573591 46.40327656
-79.89035000 -738.25570803 42.90869750
-23.13819609 -741.63747148 46.17442369
-20.40526280 -748.89311862 43.39214335
-19.65576769 -749.72719693 43.10561447
-20.13058562 -746.27213892 43.92314619
-20.09792091 -743.29578479 45.05796251
-19.79794766 -741.45323120 46.08484471
-47.22852244 -731.62925581 54.34597967
-17.04533859 -749.34151018 42.92983630
-17.09367840 -746.17430564 43.74330459
-15.80488800 -747.66087600 43.22269277
-14.25174454 -745.88311467 43.50836736
-14.00800430 -747.37995638 43.16835631
-14.22947828 -741.40183277 44.83200087
-11.35943544 -745.98047313 43.34851305
-10.77435720 -746.10654446 43.18219748
-11.36521873 -748.77836954 43.01113454
-11.41819404 -743.35436282 43.57685308
-10.30094667 -748.27971451 43.32033347
-8.47677917 -748.99380000 43.15024543
-100.97194615 -737.33704372 44.66010318
-8.17940821 -743.63165276 42.90447269
-8.20798219 -745.65058721 43.00051269
-5.22010446 -743.74004411 42.85185757
-5.14600599 -745.80174904 42.90532123
-1.98783597 -746.16178240 43.52395288
-2.89983030 -747.93667803 43.32359998
-3.14978148 -748.09177407 43.18464914
-0.40658978 -746.33337299 43.83189081
-75.52186667 -737.63480000 43.25219543
-29.33087500 -749.22050000 43.21845377
-22.38130000 -750.78910000 43.27562877
-27.92411667 -741.35901667 46.25829543
-97.12966103 -735.61933824 45.43428391
-29.69370387 -767.79206989 48.71924003
-95.15538135 -736.97905197 44.32650085
-96.25274167 -738.88187500 43.28965377
-94.58758328 -742.09031605 41.24007793
-55.57682295 -729.65669016 58.19199762
-94.72240388 -738.63179320 43.14360547
-92.10440110 -735.53061484 45.11181668
-92.13629968 -738.60247581 43.10024586
-86.59942348 -735.56106783 44.45112007
-85.83248117 -738.34294978 43.01605821
-83.17258431 -740.25515224 41.88061351
-82.89351667 -744.64035000 40.20974127
-58.03175968 -717.01629355 61.01755921
-43.54714787 -750.64111043 49.84790554
-83.01557694 -745.27197198 40.05563954
-80.00028487 -742.90710921 40.67255628
-54.68682000 -743.05552000 52.20146877
-79.78617184 -744.51057429 40.18972346
-79.83268849 -745.52381436 40.06189094
-77.37249678 -737.31572175 43.50232800
-77.14544221 -740.28380804 41.58935785
-77.25673998 -742.77163793 40.60662444
-77.11016392 -745.52016804 40.08783260
-74.01593713 -740.27034110 41.36947326
-73.76452661 -743.70935481 40.02703746
-72.82912632 -741.69804737 40.21554456
-70.86226842 -741.40511037 39.88870995
-99.77544000 -739.24282500 43.00711877
-79.20630000 -745.24320000 40.25322877
-59.33364585 -784.87454094 53.72749320
-56.17235485 -782.54302006 52.79658697
-56.03940115 -779.01195896 53.74429930
-56.25758486 -773.54994472 55.70525637
-55.09972558 -773.81643606 55.07267122
-54.80313714 -783.35566286 52.20993162
-53.98428600 -781.65791366 52.43603997
-53.59189372 -782.08313769 52.15479083
-53.10146204 -779.09368298 52.77589487
-52.99915257 -773.21375621 54.36713043
-52.89312798 -776.65771932 53.40795871
-52.09913008 -780.01797293 52.14840396
-49.72870396 -785.29514290 47.68856594
-49.58228098 -788.64083788 45.48363038
-49.17053837 -779.16830614 50.65750205
-50.65297467 -776.28464352 52.65574650
-49.26900172 -790.44213337 43.85509949
-49.25735152 -783.16221803 48.84860638
-49.10117822 -776.32175037 51.72907751
-49.18578719 -781.72305826 49.54609094
-50.15413913 -773.09293340 53.25650385
-60.92551622 -741.64910811 57.17451796
-47.37848710 -791.63920910 42.07900827
-46.72801095 -793.03355684 40.63035214
-47.14545256 -793.56048607 39.20943108
-47.51100612 -788.62574275 45.35350258
-47.01306781 -790.42697506 43.83290629
-47.20761714 -785.26440511 47.73052990
-47.36103573 -783.15584808 48.86549623
-47.10292925 -781.70424177 49.49348344
-47.11266065 -779.12902372 50.40422326
-48.81833000 -774.69911000 52.22044877
-53.58051970 -716.92516184 58.91500055
-47.07586890 -776.46546054 51.24917481
-47.48748000 -772.76716765 52.58245032
-47.39354720 -767.71032086 52.65150092
-47.35318584 -770.42005353 52.62345952
-46.35073109 -766.86556946 52.08900783
-47.28190000 -765.62740000 52.26199543
-46.00261123 -770.29251630 52.07522080
-44.04546458 -785.25393681 48.08055457
-44.44204294 -781.74502568 49.43757833
-43.98439111 -779.22394743 49.81560642
-44.12574159 -776.40282081 50.43483766
-43.25333000 -793.90299090 35.49194742
-44.38116145 -762.35353216 52.03770630
-39.54666364 -749.84544545 49.61399240
-42.15552759 -790.44037283 43.96941989
-41.45563395 -791.12081889 42.09166493
-42.90748193 -780.47376988 49.15853720
-41.24249194 -788.14214196 45.11437069
-41.41790718 -785.09811670 47.24987029
-42.22551226 -787.34139281 46.59777359
-43.04047105 -762.12960000 52.31950421
-42.36846863 -778.67317412 49.37493759
-40.84337422 -779.24256240 48.25706752
-42.98771176 -765.34430252 52.27258717
-40.84968160 -773.09445789 50.44899273
-42.51663333 -765.84783333 52.25039543
-40.92109487 -767.08772868 51.88807764
-40.48792848 -776.78718455 48.74105733
-40.10023220 -785.86282060 45.95287050
-40.87891834 -764.65853014 52.03156728
-40.57404960 -791.47292150 39.11506675
-39.36194667 -789.94572889 40.54284432
-38.54206051 -787.94042494 41.94544919
-39.30582790 -790.18984248 39.41365588
-39.07372400 -787.35228749 43.89642714
-38.54105887 -785.13511537 44.80669199
-39.65663333 -783.69695000 46.22359543
-39.33109255 -781.90001628 46.57037407
-38.82437312 -789.41093953 39.95907343
-39.15456819 -779.46835071 47.10150653
-37.26289595 -775.86314648 48.93303281
-39.00567949 -785.65635641 46.36253902
-38.20350939 -767.06674164 51.60252341
-38.27039964 -780.62130688 45.91987768
-38.18408158 -764.96707683 51.79006358
-36.88398310 -774.65493662 49.17089778
-35.78538766 -772.86652394 49.52552777
-34.54567160 -773.56088887 48.84575548
-35.01720447 -776.03414144 48.40091919
-34.82483057 -767.23838806 50.65190300
-35.11776724 -765.23505536 51.13422204
-33.86600639 -771.30850274 49.16138082
-33.83144615 -777.85084615 47.49668261
-31.90451224 -778.21416913 46.93732671
-31.95811285 -773.41064531 47.83531153
-32.00496765 -770.39845082 48.71802896
-26.14241979 -776.07164277 45.26811418
-28.94851056 -776.29894149 45.80006379
-29.50146284 -772.95768851 46.91080475
-29.10938757 -770.62428787 47.62005149
-26.38517894 -778.31252886 45.11321567
-26.90406468 -772.25681664 46.46325231
-24.52437674 -774.56622093 45.31500319
-42.09772388 -793.33627795 36.29038625
-42.14814440 -793.59838906 38.98349985
-41.33942664 -792.25796846 36.03649956
-37.26425291 -785.54683969 42.64909729
-36.46272000 -785.20076667 42.09656877
-36.37333333 -784.00766667 43.56976210
-61.39689133 -782.79720767 55.11837143
-61.79736667 -781.57945659 55.36892722
-58.78246774 -778.98886879 54.75864350
-42.32332727 -738.87706364 52.31594695
-30.70105455 -776.97772424 46.19112877
-48.37591792 -730.43472925 55.35962877
-60.74460000 -780.65192500 55.17519127
-60.14263752 -778.64321580 55.50452863
-58.17050559 -777.27808012 54.97533343
-59.33296048 -776.48154424 56.01918280
-60.93991111 -776.96948722 56.62287377
-57.28694583 -775.16017500 55.39919335
-58.24438193 -774.31773916 56.30689533
-54.46500588 -772.07658824 55.31591112
-49.36512941 -768.45155441 53.54972436
-49.10534000 -792.72788000 40.18604877
-43.72680000 -793.19496667 43.28556210
-30.65913333 -778.98910000 46.22582877
-47.65113750 -792.91358750 43.31494127
-36.45082500 -774.84032500 49.26267877
-43.42106226 -792.99955660 34.07840047
-43.07287000 -792.59617333 34.07099543
-58.86064872 -755.51616966 53.59571128
-58.97698260 -757.58556510 53.17590036
-57.99094211 -760.05632632 52.34390508
-57.89956949 -760.51394746 52.05316097
-56.10844809 -757.69099779 52.58982904
-57.46192000 -760.00762000 52.29494877
-55.67619705 -753.46513494 53.63427237
-53.26337783 -760.42178662 51.42872940
-53.16878129 -758.35065859 51.57553236
-54.45464048 -756.88449286 52.32530734
-53.22140227 -753.50370177 52.80087245
-61.07389478 -756.13791217 53.70109138
-51.65378571 -753.48035714 52.20574305
-45.90589221 -756.02511818 49.27178201
-43.91525903 -753.28218678 49.04518799
-45.13173967 -756.14326467 49.26622279
-45.21595238 -756.89465714 49.25168115
-43.83345407 -757.33999756 48.84130112
-40.96090696 -755.25088024 48.17705654
-40.85357113 -757.59859403 47.72171836
-40.88529531 -752.33952282 48.91801512
-38.00592071 -755.28028290 47.12364159
-38.61802202 -757.34969262 46.77649399
-38.95143415 -750.43019787 48.69121322
-37.14596429 -757.19849610 45.99730734
-36.76971949 -756.52098814 46.06862114
-35.43267131 -755.26814434 45.68680519
-36.13001250 -757.41207500 46.50769127
-36.12335261 -753.09039144 46.70479620
-46.15978682 -751.98763127 49.57565952
-58.04308394 -732.50090949 58.08388789
-57.95238671 -733.16912832 57.53765189
-58.32428459 -722.22313169 60.35885455
-58.13601918 -725.03278890 59.97126795
-57.79270234 -736.29216875 58.05709674
-55.81936713 -734.14984256 56.47875393
-58.99189839 -728.75536505 59.82531586
-56.08269629 -722.33884423 59.25505149
-55.07336586 -737.55824229 54.53963412
-56.04268210 -716.27684414 60.03405210
-57.74937500 -714.46706786 61.75841805
-53.74840966 -740.66204979 53.42866775
-55.75681891 -714.48662185 60.89271196
-53.31930725 -733.87352646 55.91736487
-47.12802628 -740.96981656 51.22062936
-54.33590193 -727.98611691 58.36666548
-52.62657707 -728.23817095 57.63809374
-53.31605533 -718.58321670 58.42085017
-52.44148341 -725.32181491 57.79915977
-52.34297192 -740.02956858 51.30556628
-51.98613136 -738.17443136 51.94017685
-52.41173066 -722.25758968 57.76257894
-50.26756983 -736.91048093 52.92305640
-50.20859893 -734.21810060 54.62906424
-50.33947860 -731.12771342 55.93026964
-50.28997124 -728.29336836 56.78454937
-51.47710000 -718.60015000 58.26022877
-49.36408536 -732.54075509 55.08705805
-49.29374679 -740.08260780 52.71715186
-47.21568239 -737.58153857 53.68045692
-47.25867762 -734.11297507 53.51313156
-46.99228054 -729.14439455 54.99527799
-45.35002276 -732.17326911 53.76214503
-44.67906857 -734.09324000 53.40001877
-51.70420000 -741.00318571 49.07898591
-60.91723611 -729.45086667 60.47408432
-53.06652667 -717.24937333 58.11784210
-61.17831062 -742.89783194 57.05715171
-59.42320000 -743.11238932 56.06086924
-58.80487893 -741.46422885 56.15265875
-58.42545492 -745.07744663 54.67994897
-56.00265419 -745.66962240 52.71545948
-57.40385050 -741.29768020 55.37032481
-57.47388667 -742.03967667 55.30344543
-53.15798456 -743.46391758 51.09535679
-53.43366861 -745.31477006 51.15377459
-50.20777876 -743.13976814 49.50619639
-50.29942857 -744.93815714 49.87641448
-47.14260000 -739.49836332 53.07268272
-44.68517471 -742.44413956 49.68593992
-44.13738039 -740.71415504 51.39925207
-44.12318698 -742.84360111 49.02186533
-44.42229364 -739.25652780 52.70520221
-41.77944381 -739.63197050 51.50266095
-40.76365165 -738.18274046 51.95808322
-40.98387167 -735.14591092 53.59400590
-39.38017671 -736.21106164 52.45353562
-39.32962182 -735.02263273 52.84442877
