-47.03917810 -743.71508571 21.56003656
-53.97700259 -745.11334322 23.83032539
-36.02715616 -741.64758806 25.49015407
-61.79843333 -746.73657746 21.79058964
-56.93576818 -745.14756541 23.69717021
-46.14019554 -740.20323168 16.41559094
-43.81593440 -741.06024640 25.01914966
-47.10737201 -740.97549767 18.03189823
-56.99768913 -747.76591545 22.48190421
-64.37265000 -749.50495000 18.47538846
-32.90417739 -736.83525081 25.17385266
-51.96075382 -747.19055446 23.43077300
-65.53155142 -747.80779612 19.44520631
-66.48200149 -748.78145350 18.15602083
-65.42652351 -749.87459315 17.86961934
-60.41974945 -748.60177584 21.21185311
-31.27589648 -737.20990000 24.76313065
-31.84086344 -735.94983184 24.56460143
-64.08883303 -750.14291113 18.44249071
-64.80440330 -746.41210769 20.60217912
-63.07150148 -748.17316227 20.44052187
-62.80653209 -750.03922547 19.27357276
-30.74216734 -738.78484386 24.79628139
-63.64986229 -746.28294786 21.28466275
-57.86692841 -749.30524318 21.56506855
-59.82819001 -745.67233214 22.89580263
-60.12421267 -750.06827510 20.41954162
-62.18401655 -745.97833448 22.04614757
-39.01611633 -739.29901877 26.60809603
-55.36066667 -749.61290000 22.02573846
-59.71245441 -747.40653959 22.06972157
-35.61953694 -737.10061367 26.42796377
-43.31959181 -742.52859147 24.60177703
-29.97575304 -736.27562239 24.22750836
-57.73502673 -749.82696066 21.34393888
-50.76637272 -743.27031068 23.41862618
-56.37783111 -749.60966889 21.79934291
-45.56893879 -744.62288697 23.70545519
-54.23473050 -747.73902995 22.96140532
-55.71367143 -743.51371429 24.30535275
-46.00981724 -739.79273936 13.80107248
-53.54996543 -743.32584244 24.35591439
-51.18260634 -744.93494173 23.57188754
-48.20839731 -743.96693894 22.34940051
-48.22817786 -743.01682347 22.13362682
-47.44887110 -742.25096913 20.53210248
-46.91245214 -739.77146106 14.24611950
-46.65851923 -740.73654231 14.23763077
-46.92090920 -740.26791280 16.42282406
-45.04173938 -742.08661253 23.16000484
-46.11457720 -741.71808804 20.74951462
-46.07534476 -741.34903886 17.49281865
-37.74105000 -737.42587500 26.96718846
-41.84091510 -742.11221687 25.39813230
-43.63742333 -740.42821333 25.32527846
-41.67248312 -739.69251974 26.48401638
-31.38836364 -740.63804545 24.22732937
-41.10074338 -743.66841838 25.37304287
-39.32601546 -743.73385395 25.52761675
-39.08019299 -741.89520841 25.78715549
-37.26395000 -743.57938571 25.32705275
-55.23450000 -743.99782500 24.73938846
-35.59695461 -739.39715768 25.85928477
-34.06708517 -741.26937776 24.90309035
-33.08111558 -741.27222343 24.45806527
-33.12235758 -739.08608237 25.19602421
-32.04391040 -740.24921960 24.56260206
-29.53265572 -738.70376948 24.56087141
-27.48738769 -738.06293959 24.02848896
-27.15686751 -736.30113550 23.50975279
-45.76493226 -740.70213468 14.78655782
-25.34725193 -736.33201878 22.94222078
-67.54220000 -749.56930000 16.57283846
-68.00652608 -748.53626334 16.99830126
-64.59985000 -749.57585000 18.75363846
