-69.17899426 -751.69290035 18.25173722
-65.77398611 -745.34556667 25.13348611
-63.28155684 -749.60642291 23.54316449
-46.44500602 -747.64081015 27.87382143
-23.84159296 -740.41904773 28.19846539
-75.61694399 -749.59328362 15.50693144
-57.28867231 -745.11816303 27.08308192
-63.59318799 -747.60430713 24.71574344
-51.00402959 -745.53785510 28.59642041
-66.67876350 -750.05999944 21.37875942
-48.30725298 -746.90551154 26.75263867
-47.02180000 -742.33785000 25.46992500
-27.79951391 -742.90318510 28.26416854
-36.36198257 -743.58384457 30.64911695
-39.29348136 -743.51760371 30.82579045
-60.29427368 -746.86719604 26.26111937
-67.59682813 -748.17239688 22.33146250
-62.38855333 -751.50498222 22.65280333
-54.09556391 -744.89227603 26.27449719
-45.99766199 -743.20985882 27.48701065
-67.94808571 -751.44484286 19.44407857
-48.17433750 -745.28867750 29.18415250
-74.77765851 -748.98847471 17.01764523
-54.89857953 -746.05839635 26.59719866
-74.79902937 -747.78571323 18.08667468
-73.24589800 -750.85043430 16.03811334
-43.30277831 -750.38573529 29.60011176
-72.34772979 -749.78340853 17.96762584
-72.07224062 -747.44170321 20.39187426
-72.30452807 -751.48846491 16.13918333
-46.56156485 -740.88370545 17.54473267
-71.26378545 -751.59084225 16.87515704
-73.24056041 -748.09878192 19.01453890
-46.80628333 -741.56453333 20.14095000
-71.47767862 -748.70834056 19.73906845
-69.93037593 -750.69575773 18.73365898
-39.32655713 -741.99019874 31.13037576
-69.16836457 -749.46267542 20.41402785
-27.77098105 -742.56621734 28.48113992
-65.17519573 -745.61708754 25.58466744
-42.87823478 -753.89322174 28.29003696
-69.74047825 -747.63630961 21.66141514
-51.12608462 -743.92566614 24.66328914
-27.37868582 -740.78305265 28.88749819
-46.17614022 -739.15768893 14.03004483
-67.49142752 -751.74515369 19.20944664
-36.28859489 -741.65224215 31.05870713
-66.22734506 -751.66989724 20.16779240
-27.36431153 -738.25659069 28.77843745
-68.67479440 -746.71315381 22.95529101
-66.39679190 -747.01517598 23.94578812
-65.78125964 -748.89034143 22.81234293
-64.27560277 -750.94559808 22.04844467
-63.90838946 -751.65317775 21.65656850
-61.47774853 -748.04968290 25.20987684
-46.55836822 -749.98643003 28.12958499
-38.40256408 -739.26979903 32.49095388
-50.68152500 -749.19835000 28.38592500
-65.10343690 -745.32126071 25.62406548
-62.95065850 -746.28505074 25.90332743
-63.27662033 -745.20303774 26.46119536
-61.54025319 -751.44007660 23.23072234
-60.73207990 -749.87925839 24.58393083
-59.43812875 -748.95109038 25.62438023
-44.73167803 -752.32101658 29.08358329
-34.35595833 -745.51606667 29.79752500
-36.50050436 -745.68245470 30.33650336
-58.07597014 -749.12058779 26.07638226
-60.36552861 -745.03240129 27.23359102
-44.67828062 -743.10612433 29.00834190
-42.45015429 -752.76238765 29.70382707
-58.70176071 -750.36473452 25.20296667
-51.10320372 -745.11167602 28.51556561
-57.39509647 -746.75127251 26.71555253
-47.77768244 -745.96714972 29.41063343
-46.32114385 -740.38109734 14.61963009
-42.36862826 -741.79130562 30.76332713
-50.54369560 -747.60176286 27.17610035
-51.48145302 -744.57924501 26.35417530
-50.95400810 -749.25118150 27.69202347
-47.72774314 -749.49584736 27.47857083
-47.74606372 -741.05646687 18.14377266
-46.20615444 -748.04100806 28.75178250
-48.63291650 -743.29128755 24.20643544
-48.44968841 -743.97216204 26.47768910
-47.21935444 -748.64034556 28.75170667
-48.20670436 -741.82592836 20.69469764
-48.72425731 -742.66650637 21.25542429
-48.81030870 -745.48907826 25.35145000
-48.06885135 -742.26632432 23.38618919
-47.50203757 -739.99680259 14.58914843
-45.63560252 -752.31316863 27.98749258
-47.31646119 -739.22230746 14.20140672
-45.31039370 -749.61361699 29.22143939
-34.34533902 -739.69989735 31.57296288
-46.05185000 -742.32771875 27.29888958
-44.32413729 -742.24448576 29.56304390
-40.72798000 -753.37375600 29.21219267
-42.49611200 -743.24046571 30.13643942
-38.97661660 -745.65799723 30.58286581
-76.47112222 -748.27336528 16.02905069
-41.54749202 -740.62003313 31.64700378
-39.12756894 -740.57205663 31.95543644
-33.43036448 -743.57437847 29.92476921
-36.57363881 -740.31128199 31.83821152
-35.99378413 -739.03513741 32.35133685
-25.53565882 -742.47441176 28.31529706
-33.29538062 -741.13377816 30.61801473
-33.76051640 -738.61006545 31.81086193
-73.95166667 -747.19643889 19.45727778
-30.67779588 -743.26920154 28.95387489
-32.35743382 -738.59587721 31.12795662
-30.39735762 -740.86544589 29.68599272
-29.35918182 -743.51938091 28.26998091
-30.32478425 -738.30773045 30.04941777
-25.15765914 -740.66865617 28.53592606
-26.20479003 -737.36065956 28.29879321
-25.74790392 -738.89576765 28.40925000
-24.29203481 -738.02266006 27.89217921
-21.79910572 -740.02732067 27.64694673
-21.57121885 -738.32305709 27.39021391
-77.07536667 -748.32942500 15.23156389
-19.62580940 -738.51371379 27.02430329
-47.35144123 -739.87619076 12.16418863
-77.23593378 -748.80006365 14.74029703
-46.80118000 -743.73906000 25.35607000
-19.79860000 -739.51070000 27.25675000
-25.80760000 -742.41830000 28.39855000
-49.89955000 -742.99270000 22.28880000
-53.18536735 -744.47866735 25.26179490
-67.80035000 -751.37185000 19.32952500
-47.08866667 -742.57213333 19.27345000
