-52.92236667 -744.65781111 28.37211429
-66.68520653 -742.34114339 33.84583093
-51.41720000 -755.14898571 37.27144286
-51.84520000 -749.47180000 34.39871429
-61.91080000 -768.61420000 37.40421429
-56.03890000 -752.52490000 40.36256429
-88.21538599 -736.27575910 28.03941429
-48.82170527 -756.61615066 39.71965249
-48.03935886 -771.41326964 35.47821933
-86.39020178 -743.29979882 24.99862020
-50.07826604 -776.25599811 28.89612183
-79.38748896 -739.33354126 31.03336133
-86.12794167 -737.38302500 28.59840873
-48.22829004 -759.48039478 39.09287633
-51.80849435 -745.02308644 39.05684461
-55.19331953 -764.73655664 38.00101194
-86.80615124 -736.22779453 28.90712258
-18.12865586 -750.05482570 35.27386263
-23.41093506 -748.52877273 37.24174935
-50.43119574 -745.19712908 41.22759372
-50.46596270 -770.72827774 34.86036758
-51.50222667 -767.65356000 37.64248762
-9.51903152 -747.87109600 33.68211707
-53.34534390 -749.22952927 37.02736063
-80.30192099 -743.56331471 28.63608619
-49.13014444 -743.27338889 24.92411429
-53.23131896 -767.71512370 35.23647258
-38.86863583 -747.23518171 38.28651908
-46.19099580 -762.80958664 38.24540074
-55.09329093 -750.98070095 40.95857634
-56.87901457 -760.61645743 39.93309657
-55.29776244 -743.51546904 40.87214779
-90.33514980 -736.01197905 26.87376489
-49.22528750 -743.40936800 27.46151429
-13.62679355 -749.53092581 34.51415730
-12.07271770 -749.47617321 34.00275998
-50.97820900 -753.10060925 36.98191234
-42.49919756 -758.96729024 40.83302160
-35.85080618 -749.84137891 38.64439283
-42.94587102 -745.38387337 36.24795711
-48.35583228 -750.73378030 39.06796114
-91.97491364 -740.21205455 23.07471656
-45.47037105 -742.13424211 35.42346429
-50.16066667 -739.96370000 24.27318095
-55.20049333 -739.08807848 44.09344519
-43.72326400 -775.87988000 28.07072629
-46.40559304 -765.00617000 37.67391689
-46.71684737 -740.73354211 15.48236692
-40.48113529 -763.93785882 39.30375546
-41.01560800 -745.44432800 37.65588629
-14.08627778 -745.61046032 34.34581429
-45.97362857 -763.47944286 37.35158571
-20.29472241 -745.65903879 37.11374963
-13.74249286 -744.87617143 34.46447143
-60.59148758 -738.07300510 46.90130465
-46.15473412 -750.66491941 40.11438899
-46.42083274 -757.21461416 40.95576119
-47.99012560 -736.38547680 14.62103989
-83.70768234 -738.45601198 29.27997969
-49.52307456 -775.79521842 30.80929850
-54.05029817 -759.90979716 39.34838335
-44.93732308 -746.17927692 34.25805275
-60.47700623 -765.69133528 38.88703697
-72.38678315 -741.59979169 33.01047675
-91.00525894 -739.18149714 24.39334946
-43.79053333 -736.70683333 12.39948095
-18.14861027 -747.68094678 35.73110107
-43.70290500 -776.65921000 28.00046929
-57.24632420 -738.58417433 45.16133048
-51.91268387 -747.41234624 35.22948669
-50.12747853 -741.98796186 24.07002294
-54.48769262 -762.37277219 38.94312397
-69.22737456 -744.46776354 32.91442841
-51.31700789 -768.20395211 35.99030497
-41.80459200 -763.17105714 39.31173371
-62.31924588 -737.68813333 46.87106231
-85.20027693 -739.41303066 27.87789038
-72.21910765 -744.22696830 32.09720471
-42.78182195 -769.44039756 33.62531185
-69.34104950 -741.96957642 33.72515852
-95.21952979 -736.59977021 23.25412918
-29.09494000 -752.46132000 37.32716429
-70.25272807 -739.91137368 34.64058972
-50.73320000 -743.11980000 25.31938929
-79.54770914 -745.85600254 28.29125693
-84.45008677 -741.72868555 27.09797542
-54.63942221 -744.20369896 30.11122798
-43.53292926 -773.49518617 32.05493503
-53.67041875 -742.94331875 29.56265179
-46.52030308 -776.19311538 31.57939582
-51.44252312 -771.83507249 33.23628019
-53.31293644 -771.30765836 32.39142223
-52.62250000 -763.96528571 37.25432857
-78.53048176 -744.36744293 29.29930331
-52.41582184 -769.58811839 34.11307980
-46.86990000 -776.11885000 24.07606429
-18.19325614 -745.23834428 36.13034282
-49.30058571 -746.13784286 41.03867143
-48.35097221 -776.85451447 30.23453411
-43.56034684 -774.84602785 30.21069125
-49.05015063 -766.57230521 37.25470741
-51.53161088 -766.12582710 36.79499447
-56.84670859 -762.51935770 39.64705696
-49.43852956 -742.63883645 26.81255222
-50.35914375 -776.57510500 27.92043804
-51.11381536 -750.81173710 36.19958994
-58.85327500 -760.50840000 40.35956429
-50.53305131 -765.16905833 37.77663079
-33.83543132 -747.50172307 39.27842493
-77.81030488 -746.23327188 29.13451468
-75.96593630 -742.39642739 31.11931037
-59.18301458 -742.45334167 42.94432054
-14.22047778 -746.99236768 34.30768196
-28.29040357 -745.66341250 40.08295536
-27.40072246 -747.60647343 38.67293005
-56.09744151 -747.42457358 39.89176523
-53.71157128 -766.32132026 36.30852147
-55.73405000 -744.49925000 31.44751429
-87.47687971 -738.87783675 26.85702978
-15.68448790 -745.08068763 35.00385684
-46.38548125 -758.33123333 40.67880179
-45.70438409 -776.89113479 29.90715332
-60.57013473 -767.67706853 37.88434881
-59.09427000 -743.87603000 31.35990429
-71.92643934 -746.68766607 31.90530558
-72.90070535 -739.43226531 34.05586932
-67.71725000 -746.08520000 32.86421429
-88.71371429 -739.99408571 25.38291429
-27.09284348 -752.29616039 36.83110173
-48.20346490 -762.72087596 38.19473257
-91.87880000 -737.26053333 25.47401429
-90.32804168 -740.69609462 23.84472052
-42.31851915 -746.48063830 36.42952067
-92.76504167 -738.32323433 23.84213019
-57.52789829 -765.39785256 38.23168846
-26.58850110 -751.05210755 37.06507665
-18.65420000 -751.25200000 34.41921429
-47.01177143 -758.17335714 40.56138571
-21.34141110 -750.23246338 35.81381671
-62.27097083 -765.96403021 38.85354970
-48.27520862 -774.65874596 33.07893243
-35.26530127 -744.62084703 40.71315878
-48.14999051 -765.54582564 37.71290822
-63.65319280 -744.08454110 33.07907777
-64.01458286 -742.84466905 33.49802095
-60.38201712 -744.10348176 32.47145270
-60.58297027 -742.91588378 32.65373050
-58.02156883 -744.12110909 31.77379202
-56.55749798 -744.29797321 31.00995572
-62.49265498 -735.81279968 47.19543814
-59.58972647 -744.71562353 40.01187605
-48.13171927 -740.92773452 21.20424183
-57.69437391 -740.99677209 44.18116758
-59.75849517 -743.97846853 41.69546351
-48.78898756 -741.50440317 23.63092681
-62.07520331 -738.86330265 46.01394210
-59.96965024 -739.17315638 46.02366227
-59.96561817 -741.06683232 44.92754697
-51.19322484 -743.54815528 27.45856025
-56.05480000 -742.99400000 31.02391429
-51.22467534 -744.30730663 29.91028005
-60.61770174 -736.06643136 47.21238153
-57.55082863 -744.07162955 41.42441864
-56.75518187 -745.10016289 39.19449134
-53.50442703 -746.62245135 31.29335212
-53.26820364 -747.15700030 32.86321610
-56.84398294 -742.28434369 42.75954022
-53.45216145 -747.97280319 36.38247023
-51.60830459 -746.98567143 33.04712561
-54.67172077 -744.57151384 39.10023535
-51.42378180 -759.42142962 38.78005494
-51.53855376 -745.21990968 32.77766206
-53.41139367 -744.74692025 36.24031302
-58.69736667 -736.40898889 46.47562540
-55.20485238 -746.98032063 38.91108889
-56.22204831 -751.30997303 41.37446672
-56.09384808 -752.29533269 40.84462198
-57.79000429 -736.63311667 46.01487524
-53.94013077 -752.72272970 39.00333861
-54.54829259 -741.67582873 42.07403875
-55.47465290 -752.63552754 40.59222153
-55.41697300 -740.37844700 43.64898829
-52.21924459 -744.99971039 35.51748203
-53.61387103 -750.97848798 39.68194664
-51.25149683 -753.92571527 38.06202639
-52.26968023 -742.16516045 39.71969734
-50.71914568 -746.53157469 38.63730132
-52.58224211 -741.18896053 41.44910376
-51.84287645 -750.73600029 38.46299190
-49.16158846 -748.52936154 39.10682775
-49.92110000 -746.12320000 40.61643929
-49.42949023 -745.23496241 41.70495865
-45.99195381 -744.90904080 33.42353832
-46.49060000 -748.97772500 40.20578929
-44.65024459 -745.22893261 35.03762593
-45.70081304 -749.85984928 40.50812733
-39.13833788 -745.52615788 38.67374519
-40.76276667 -746.77626667 37.37517429
-44.20536667 -746.18010000 34.99933095
-47.67083054 -744.67073014 32.14532483
-50.47228368 -742.43580299 27.03632670
-47.82930415 -740.62182876 18.28915936
-46.03020000 -736.97420000 13.89281429
-46.55657073 -738.65164186 14.65678896
-47.51059611 -738.55955568 15.17670039
-48.63884921 -744.25026234 30.23642283
-49.99695789 -741.30445000 21.42433797
-66.43849167 -744.30069819 33.18457984
-49.80733333 -746.41970000 31.95818095
-43.49070714 -737.70324286 13.25400000
-47.13566050 -740.38490756 15.78046387
-47.93736881 -738.92616895 18.04007667
-46.25427876 -739.37308850 17.59665499
-50.12128667 -741.00447333 18.17547429
-46.07812892 -739.92737470 20.56375284
-48.34228739 -739.65684958 20.40742353
-46.30527075 -740.30808503 20.63997687
-51.73675333 -746.25936444 30.69962984
-12.62978475 -745.32840711 34.17100961
-46.57403333 -740.26537500 16.71268095
-49.17803750 -742.92821250 28.52293929
-51.25607333 -742.95360000 28.58219429
-53.97778000 -739.58064421 42.52596692
-53.03972353 -742.63794118 40.21199664
-36.36189961 -747.50685497 38.94439086
-36.33109270 -745.39616569 39.87082013
-33.70912890 -750.44935568 38.63576023
-34.04444272 -745.72578146 40.15165170
-33.78857212 -744.75586771 40.90960883
-32.38252000 -752.10768000 38.02045429
-30.11595421 -750.51499836 38.09886475
-30.20278269 -752.23635577 37.67698159
-30.15865599 -747.47269761 39.15043197
-30.30659497 -744.73349182 41.04426051
-30.07476923 -745.76083419 40.20395018
-27.64352825 -750.06060803 37.71871013
-28.49097843 -744.72803137 40.85195742
-25.00032326 -752.14958372 36.05846080
-24.18440335 -750.45966398 36.55326636
-24.39182273 -747.37257701 38.01354026
-25.50987778 -749.21439630 37.53366243
-58.00010791 -767.64885231 36.80627802
-24.13495830 -745.57901660 38.94007461
-22.64730000 -752.06870000 35.18501429
-21.18196461 -747.88723495 36.71767075
-22.24705294 -746.53529804 37.63423716
-21.69071969 -745.15901365 38.03629670
-15.76299912 -747.70876379 34.96543759
-15.56554703 -749.89190571 34.89794006
-14.47711000 -750.69345000 34.39817429
-12.26487128 -747.73751090 33.93397712
-10.58757143 -745.85787857 33.76913571
-13.66753846 -748.62344615 34.47531429
-9.89942753 -749.31590445 33.68840012
-89.77193063 -738.07472435 25.94281119
-87.81345617 -741.82703620 24.88890764
-86.80012534 -741.08521382 25.97278956
-85.89601538 -743.17075385 25.48526044
-85.49558308 -743.75788154 25.32599429
-84.10447182 -743.68403642 26.36177337
-84.15524293 -736.49535411 30.06337446
-82.97628760 -740.39063527 28.56720382
-81.47575159 -744.33599711 27.70468958
-82.33243441 -742.40065464 28.00521341
-81.04044818 -741.34389448 29.20578744
-81.31912982 -738.67759040 30.39780699
-81.92748269 -736.70361020 30.93042248
-80.35651847 -736.90101720 31.62082957
-80.16615671 -737.51727945 31.63832442
-79.85140000 -746.14692000 28.12419429
-79.33892299 -746.16884713 28.27704992
-78.76972661 -741.61949258 30.21246926
-79.41698471 -736.95558706 31.88646370
-78.25822265 -738.29989224 32.11001940
-77.17840169 -740.33893729 31.60064649
-75.38135925 -744.50155921 30.79483662
-75.25759779 -746.49225550 30.45969077
-75.07109060 -741.34219645 32.04090877
-75.43510435 -739.01700176 33.15042762
-74.23058431 -743.57610219 31.56894932
-73.59165328 -745.34662131 31.31725199
-73.40492416 -746.61995056 31.24801577
-71.30137544 -739.80115614 34.51372306
-71.05496429 -740.12721429 34.49842143
-69.67768435 -746.56388875 32.63929438
-69.42373244 -740.54622178 34.61526806
-95.01457368 -737.32057105 22.87004586
-93.72652580 -736.52727128 24.38428849
-92.16697592 -735.89359424 25.79489439
-53.55584588 -769.31430706 33.81341017
-52.63407500 -772.92221000 31.28947429
-53.08164878 -772.72217561 31.20163868
-52.95195000 -773.79403636 30.90939610
-51.24510586 -774.63698874 30.29610421
-51.23686500 -775.85240750 28.18367429
-50.49666716 -773.94787320 32.27394580
-49.05516625 -777.22307125 27.95357929
-51.55972925 -762.61693545 38.29713601
-50.89907767 -756.44567011 38.53480948
-47.82359384 -776.34409746 31.72017842
-49.24990492 -772.73846639 34.27232740
-48.35893514 -768.41523539 36.85538657
-48.61492000 -754.93043200 39.93750629
-45.68757035 -774.46940412 32.71459650
-47.59895926 -773.65286667 34.65129947
-45.64058258 -771.55814898 35.24657350
-46.80090000 -773.09510000 34.65751429
-44.58128923 -772.60105538 34.00593152
-48.14710000 -754.95870000 40.51041429
-45.35008383 -768.33850097 36.46616571
-47.34993491 -756.94044245 40.62381334
-45.85283090 -766.21859919 37.04098284
-46.20263500 -759.82398071 39.76939500
-43.52459000 -769.34563917 35.08516012
-43.51659281 -770.67364371 34.76939153
-43.50551818 -757.71146364 41.46912338
-42.21481667 -760.32541429 40.16355714
-41.45282510 -764.69835521 38.54021892
-39.92352493 -765.05913420 38.45425400
-56.48838745 -766.63657417 37.10869639
-60.05493844 -768.52679266 36.90666115
-43.12641790 -771.90600408 33.29892215
-44.42737868 -775.37606524 30.63335492
-43.71313333 -776.27368333 29.32188095
-44.87661472 -777.24948374 27.27871490
-45.33762609 -776.61243043 24.81340559
-60.15335021 -762.70342437 39.94607429
-60.64251429 -763.13331429 40.48337143
-62.30065000 -767.73593662 38.33174668
-58.25716667 -767.10386667 37.61764762
-57.85155714 -762.83408571 40.46822857
-52.83495000 -767.90390000 37.46986429
-46.36815000 -776.01180000 23.99336429
-43.83580000 -776.03270000 27.78811429
-49.90056667 -755.92700000 40.46668095
