-51.34389244 -745.98710244 25.10325128
-50.37281527 -743.97085609 25.43240565
-51.14275761 -743.25509130 25.95778518
-31.30472977 -738.74765601 27.55346434
-46.60751903 -741.90056918 23.17432244
-33.25952143 -737.30592720 27.52328951
-44.03612037 -740.36263241 24.58428472
-45.25241029 -738.83899942 15.26405581
-52.37699644 -747.72504344 24.71581657
-34.11589717 -738.93451533 27.64929523
-41.34571600 -743.09290500 25.21248583
-49.14271615 -745.09168422 24.54292843
-48.60791308 -742.73180932 24.69937499
-42.56637534 -740.05294326 26.36944186
-55.19779954 -747.17910137 25.59284118
-53.21351891 -746.75911510 25.43167127
-55.03953688 -748.62509358 24.71264209
-55.59514830 -749.66476273 24.07323937
-54.72195371 -745.65032134 26.05654399
-47.38207011 -744.19508013 23.97652664
-52.25392157 -744.76536294 25.87008662
-49.95443319 -746.92498014 24.33607462
-45.33748886 -739.39986621 17.84973350
-35.77697273 -737.44151818 27.78347992
-44.54833525 -738.78550432 15.08252335
-43.27127453 -741.43532061 24.46919375
-49.98892068 -742.98349973 25.52162812
-42.26998674 -741.07902713 25.65472004
-29.10167388 -738.20876193 27.07921975
-45.25395070 -740.33038404 22.88398492
-44.56856458 -739.26118958 17.25467500
-45.76964088 -741.06765964 21.70191733
-45.44498411 -740.00639019 20.02807815
-40.22642209 -741.72440759 26.16055330
-40.09513190 -739.48206298 27.51160391
-37.28132147 -741.42696984 26.78233840
-37.17252613 -739.11278103 27.71041776
-34.50361547 -741.01142448 26.86341178
-32.16160977 -740.62906678 27.33998549
-29.24708066 -737.30059562 26.83012302
-31.17353027 -737.21096544 27.29871330
-56.84501000 -746.35368222 25.81700083
-57.56366095 -747.36447262 25.56145956
-60.35591674 -748.93879444 24.00468541
-58.26880413 -748.69739645 24.67292245
-60.41237038 -749.68184278 23.41026805
-58.23139572 -749.76842148 23.81595734
-44.57884444 -740.22319444 20.55514306
-44.50251786 -740.59462857 21.81359940
-38.99311000 -738.49952000 28.33852083
-38.17406000 -738.39402000 28.31668512
