-43.52084353 -747.33488096 29.53207911
-50.22069677 -749.51433548 30.79546328
-54.16891807 -755.34391752 27.66706439
-36.01875435 -743.45449130 34.08437492
-21.87829309 -743.29218955 32.97803925
-54.55657442 -751.45311177 30.37621089
-43.82740000 -743.46856000 25.25007231
-27.48021133 -743.28369699 34.13244098
-43.41121895 -744.51295498 26.69604368
-52.86301829 -754.98831341 27.73311914
-21.61203870 -745.15847859 32.22641771
-48.88211825 -751.12905596 29.79683918
-51.27312823 -749.02513588 31.31624901
-27.67748601 -747.42738839 32.17668282
-30.71547590 -745.16256784 33.45356337
-43.90193860 -743.73884854 31.31261687
-62.77370259 -755.26895933 27.66327184
-52.10630975 -749.82027061 30.98755880
-55.42707568 -755.90805273 27.39776635
-61.25899449 -755.47633622 27.76793640
-28.04152431 -743.86371705 33.96173902
-43.23160000 -743.58150000 21.70969231
-25.97135974 -743.17046948 33.88418452
-40.80349986 -745.75588539 30.53637245
-60.62258455 -756.35791362 26.80365188
-57.78596616 -756.33346346 27.13866355
-59.32625714 -755.56464286 27.84056374
-43.73868107 -743.28439178 31.72431946
-47.07283333 -749.59716667 29.99899231
-57.72708545 -755.61388182 27.87090413
-57.56454110 -754.22973140 28.81313191
-24.62533305 -745.31051672 32.83580059
-55.92385000 -755.57422500 27.83191731
-54.60211012 -753.82482248 28.95045700
-54.57174273 -750.18320136 31.16925272
-63.50931672 -756.83118973 26.43396956
-43.56921273 -743.72363818 22.93910140
-43.42610000 -743.47876000 30.80499231
-35.90940412 -744.06294493 33.97505206
-51.81351446 -753.45000064 28.83600318
-51.44531805 -751.35807370 30.10190597
-43.36863212 -740.02613049 13.85445297
-49.61811166 -752.95773089 28.78888604
-30.69567033 -743.27759539 34.06158139
-49.23594905 -748.43803229 31.09803294
-48.11478988 -748.75585069 30.45609781
-57.47015356 -751.71674515 30.28634542
-30.71715469 -743.87011683 33.93740348
-46.16189040 -747.48921027 29.50981153
-44.46159940 -745.31279642 27.26737619
-44.85959785 -745.36567788 29.17516022
-44.41725758 -740.65747576 12.15989231
-44.40921154 -740.42268846 12.19289615
-45.13856350 -743.23121977 33.23705141
-45.13833973 -743.90260713 31.67037046
-45.68270947 -742.69318299 34.41937722
-42.63109218 -745.05577251 29.38237515
-33.65683530 -745.44387609 33.31358541
-60.47704221 -754.43135299 28.65502470
-39.19992198 -745.61962136 31.95710899
-24.97097885 -747.19529427 32.04263451
-43.67051033 -742.19313768 20.35001660
-38.82193456 -746.91065324 31.54524499
-36.46021640 -747.58678221 31.98607269
-36.66763403 -745.41866438 33.01470148
-37.16020000 -743.50165000 33.69004231
-65.43104897 -757.62937690 25.82323886
-33.66760152 -747.94465902 32.08616089
-33.57577578 -744.01747400 34.07071274
-33.16725426 -743.31436341 34.35717970
-30.57663180 -747.59528156 32.08962619
-26.23197500 -743.51147500 33.79864231
-27.61399511 -745.16603857 33.33512127
-44.19519818 -741.70383091 20.13460503
-44.25858846 -741.00058846 18.48485000
-24.86987779 -743.28028070 33.45776943
-43.36355879 -740.41317333 16.25966019
-43.03881892 -741.02415464 14.42972627
-43.48673991 -741.34219474 17.37958009
-53.69958243 -749.40065541 31.52887406
-56.43395123 -750.66834310 30.94866300
-39.81792500 -746.67995000 30.79871731
-44.11880000 -743.71890000 22.63639231
-57.55752432 -755.53252973 27.80346528
-22.15513447 -746.86791519 31.73262746
-19.13318665 -744.53137183 31.63466907
-62.52699689 -754.74394658 28.19438299
-19.60903600 -743.46112400 32.19893231
-59.39777603 -752.31516983 29.97033694
-43.71084540 -742.96032788 22.83535893
-44.17941765 -742.62443529 22.53117466
-44.17843333 -739.46003333 13.45809231
