-62.04872927 -740.40691669 50.27218277
-107.33491487 -703.39698459 45.28157234
-108.91122988 -700.95718396 44.39522033
-45.76904829 -761.64823575 54.43232005
-87.90022522 -751.34389088 50.18864084
-108.61279685 -703.22314247 44.44697101
-67.44269375 -764.00150000 57.85378750
-28.12662577 -738.93973556 58.45843459
-107.31509333 -701.00850720 45.27504524
-101.57250287 -701.53807701 51.23571753
-75.32467448 -733.07001392 64.28227088
-105.84813829 -701.05863711 46.61183761
-61.36149871 -746.34061809 62.41056758
-108.20379649 -706.01547649 44.92151027
-59.87580000 -747.11680000 58.13410000
-102.98882588 -706.55759276 49.79109921
-31.33621675 -736.61795302 58.54013188
-64.34929874 -771.27875654 46.15722819
-102.81404285 -703.35424723 49.54418226
-51.88258571 -741.50234286 12.62778571
-72.87816391 -768.90207397 46.72406205
-103.59700798 -727.58105219 52.73377725
-104.48086555 -706.18451698 48.31727398
-63.36140000 -726.60530000 69.82490000
-88.59436627 -726.79778313 61.38797349
-105.92113340 -703.35454458 46.52619244
-85.57516000 -706.12006000 69.94264000
-62.40537143 -740.40086905 55.34492619
-83.44386288 -768.27160644 35.97038864
-78.70667659 -755.72662659 42.46887937
-100.46246337 -727.70290603 54.04872612
-79.45914735 -739.12016730 61.18735469
-107.54163036 -706.20764636 45.39496582
-79.77219011 -765.73466842 38.09399632
-85.34871975 -739.90157242 59.69796705
-88.29569677 -749.19474017 51.36009221
-105.97578125 -706.60445186 46.99108849
-59.83710000 -744.05050000 41.16030000
-46.52513259 -763.44868145 53.52092178
-104.29711709 -701.13032575 48.18095021
-51.83562929 -740.36096350 43.95209301
-77.13904487 -764.05995724 39.41275053
-85.46046486 -761.76490811 39.54588378
-79.82167734 -742.47547138 59.95032011
-105.80579677 -722.74491247 52.86955358
-108.00733333 -708.24852500 45.43775000
-99.23517838 -725.17549865 54.96452838
-69.13284000 -731.79016000 63.38038000
-91.95346304 -731.09781678 57.22617854
-82.34883498 -721.59509315 65.15189166
-62.03371374 -748.12793248 59.48980309
-61.36045527 -773.60765853 42.32892775
-104.28380522 -703.30939454 48.08249902
-98.68072853 -704.31534460 54.37943767
-107.75159800 -708.43321400 45.62656800
-32.18301483 -741.20271699 55.07130742
-102.96428115 -701.29919786 49.74643280
-72.92201235 -727.80623649 68.24631024
-50.60078667 -741.23250359 22.78206513
-67.17792786 -733.36293764 67.36385511
-106.28154264 -709.45599051 47.02459037
-96.43868280 -732.39024516 54.88848280
-95.35897778 -707.83182963 57.84740741
-70.39564190 -762.90267577 56.02750705
-82.74815170 -718.46847830 65.76121619
-81.77481686 -724.23344242 64.51065901
-66.90001739 -735.06839565 66.85544348
-87.24757628 -741.47379455 58.42120032
-91.33728715 -770.04361255 33.41638813
-106.28012151 -712.37022004 47.23607625
-101.41822329 -703.55672999 51.04873561
-69.56441682 -749.71882960 65.37202151
-70.98211102 -753.87338143 42.07286465
-105.11820000 -708.02230000 49.12380000
-58.59090000 -762.14870000 58.32990000
-64.24574014 -724.06875682 70.09704388
-83.03479255 -749.06287725 54.17445984
-85.48891976 -721.61395455 62.70856612
-105.01887500 -715.93678929 48.83170357
-41.45202103 -737.76313047 54.58338112
-50.92010000 -737.68220000 25.39463333
-73.07939940 -752.31712901 65.86637729
-73.24198455 -736.23860989 62.27819841
-104.62980137 -709.65376530 48.45469111
-53.75632604 -776.49820937 39.48455625
-105.78820125 -715.01064417 48.05027973
-103.16987147 -709.50653390 50.00021567
-62.19640110 -754.47418791 57.66893516
-17.74976765 -738.12124706 63.14942059
-100.06510177 -703.57120094 52.88241983
-100.90077643 -701.84853429 52.15691429
-68.32975152 -735.60129297 66.39686350
-64.41552225 -725.49007280 69.62216935
-67.04215742 -722.23856287 70.55482682
-60.09330000 -780.42550000 36.79070000
-65.20543333 -753.12276667 60.81040000
-73.38312722 -753.45758765 65.36898538
-88.34043363 -730.54101926 59.22653654
-100.46370214 -724.42242334 53.96068543
-67.60482348 -748.85759147 64.52645297
-78.54030166 -742.21656020 61.15299102
-71.62246727 -735.80097273 63.35390390
-104.60720716 -712.56312515 48.45375280
-54.31534453 -740.63574141 26.09368672
-101.37103101 -706.21208014 51.20202811
-61.74288166 -754.84721570 58.98822363
-86.39755587 -709.81180213 66.24065561
-93.78335863 -712.52163560 58.57923028
-99.26967421 -726.96137328 55.07853506
-103.33313673 -724.30226134 52.66976090
-60.63466310 -746.42189843 64.69999497
-83.75297917 -713.71813333 66.69150833
-103.14451020 -712.39333296 50.06009387
-85.67106285 -712.58228335 65.80396438
-70.44144811 -727.48375589 68.39104687
-96.21343750 -727.31838750 58.13903750
-64.35175466 -727.51082316 69.14360766
-58.64420000 -759.08790000 61.26130000
-65.17174589 -751.30744637 61.14667935
-89.74051440 -732.55840640 57.64339040
-85.72766733 -743.15582689 57.12316417
-47.54205278 -741.23568889 16.16629444
-63.66196032 -719.68294841 71.22448433
-53.87542857 -777.33053571 38.74365000
-88.12182824 -712.22654737 64.28847172
-78.04982000 -737.60636000 60.72192000
-42.79628837 -764.57668954 51.51926209
-104.74495052 -714.69679072 48.63370928
-59.63064680 -746.73430244 66.11007896
-55.50719869 -772.16808120 44.31822671
-99.91414691 -706.42245406 52.92756364
-53.40597436 -770.45584312 47.66777426
-101.76918821 -709.48823429 51.55337143
-63.16617838 -752.20445676 57.32774054
-44.36769843 -760.52392404 55.32946237
-103.33379120 -715.61356632 50.02911286
-98.51495749 -718.56370246 54.39757823
-64.65400460 -768.70885498 49.74456303
-17.44341958 -737.28155549 63.57052244
-47.25903564 -740.38508721 16.95469434
-100.28345766 -709.58784484 53.02464432
-98.55840324 -709.45299143 54.46858248
-108.82926403 -725.12859246 51.12756431
-85.50090703 -754.39056765 49.76373836
-109.14287557 -727.43550667 50.57216832
-98.09781174 -704.65082019 55.10752864
-76.55191250 -747.07031250 61.14482500
-76.29065212 -742.55531615 61.58188557
-65.55044351 -738.55146234 55.01307013
-86.32342857 -756.06464286 48.87515000
-78.82713720 -734.75439614 63.27287874
-101.73191053 -712.66911805 51.55557068
-47.51231623 -739.86898994 48.21804513
-108.24188611 -723.95529444 51.98881111
-85.80366781 -768.84800174 35.38088245
-95.20303720 -718.48115281 57.30180510
-98.51789157 -706.37667170 54.34652655
-95.52351645 -709.51569899 57.27530221
-82.22018514 -758.13970662 41.61910460
-100.29518820 -712.35785488 53.17427083
-95.34362006 -712.39099574 57.22148156
-102.64179718 -717.51275204 50.67449467
-106.40730806 -723.60703235 52.22504120
-46.87418633 -740.08149207 14.22745729
-70.49929943 -751.43490499 64.91556158
-100.09476015 -715.76650809 53.24524136
-64.36680379 -757.70456221 59.02040841
-91.42289981 -718.49505553 59.75966831
-66.60157552 -758.56812375 59.97569793
-106.59965283 -724.99492977 51.41182660
-64.89771498 -730.12456178 68.47420652
-85.63332359 -706.61252407 68.53123678
-94.56670618 -709.99386366 58.26460865
-55.79804756 -741.61161010 41.31357720
-22.13773455 -738.49875045 61.34654532
-97.25729598 -706.47166283 55.91346054
-52.03365401 -740.20481350 23.66934124
-101.68060232 -715.65585129 51.50557603
-37.15782008 -734.58795755 58.36238949
-106.70460584 -727.71026517 51.25556332
-108.24138889 -729.13338095 50.37250952
-55.51134029 -770.16871927 47.36531583
-53.30325968 -772.77423449 44.46135331
-80.82353778 -727.59773333 62.84137222
-26.65038837 -740.82511938 57.60844031
-65.18660472 -733.29327047 68.13537810
-81.95999586 -715.16674715 67.63590763
-96.89031361 -709.66129440 55.81887946
-50.78054000 -740.45156500 25.16913000
-101.51840075 -717.77387811 51.49910264
-55.23985306 -741.71684306 32.34457187
-106.08358688 -729.49875603 51.07186823
-103.24858476 -722.52255114 53.62744527
-96.70271451 -730.18703353 55.21329514
-84.08799682 -737.35039936 61.92630892
-58.46559926 -773.51146202 42.20600842
-98.82972105 -712.44926754 54.64285789
-79.36091328 -736.46663555 62.35020098
-86.25340806 -718.72959187 63.26840303
-99.90931192 -718.13569128 53.10202040
-58.30359694 -757.72771725 59.48147376
-72.58956504 -763.60414724 55.85283252
-91.52512611 -724.47962360 58.91572219
-61.69905708 -719.50078351 71.21489716
-97.37948886 -712.43590637 55.76569174
-28.42292842 -736.65285606 59.63343325
-105.41729006 -727.39976711 51.95603384
-58.50636122 -779.48156565 36.36125413
-98.95803333 -712.46066667 54.79170000
-79.37677551 -745.09733571 61.70807755
-78.38635886 -748.03860333 58.12536759
-98.35428762 -720.50975644 54.54835099
-76.66545744 -736.45345222 61.79323864
-67.65378052 -767.19541519 50.98123422
-95.64618151 -707.65210959 57.49157603
-84.49451252 -730.62020278 61.01736591
-98.83180262 -715.83535206 54.65414906
-59.20089353 -770.86106513 45.62800993
-37.56524718 -741.70875696 53.99446978
-104.85227059 -728.83094706 51.75193529
-56.23780000 -765.05850000 54.87660000
-82.93825631 -724.75796085 62.99471627
-51.99370000 -744.13096667 22.87873333
-97.49450111 -715.64518541 55.84899983
-52.73887089 -741.58375520 26.18088488
-100.82301484 -722.32265521 54.32708573
-104.49443144 -729.67925989 51.59050976
-103.11099534 -729.68709168 52.31043428
-97.08817205 -718.47941512 55.95065108
-77.35985693 -745.52817935 60.05254937
-86.01670171 -727.33671970 60.51019607
-81.17127879 -726.24170303 63.91476667
-58.53392752 -764.36631863 54.10654594
-82.40171438 -727.45189692 61.89413836
-61.22130455 -744.43711212 47.02065758
-99.42343534 -722.39421504 54.90699624
-62.96762500 -741.24212500 59.47717500
-71.54025165 -734.40235586 59.63805165
-61.99932957 -751.64642181 58.22192770
-16.67938523 -734.36982292 64.91578316
-67.75790633 -750.84142240 41.14600452
-79.92140909 -761.24444545 39.13929091
-52.43466500 -758.20798386 59.82044113
-76.14237169 -732.86098360 60.34593132
-92.93140000 -771.00960000 33.19640000
-55.35976343 -759.72019272 58.26084592
-85.37638289 -724.30625641 61.62711715
-95.25956808 -715.84542245 57.35719080
-59.37468332 -741.89262614 46.96915755
-81.33129051 -717.94049422 67.21718855
-90.02500000 -711.40730000 63.99090000
-96.91867236 -721.46344503 55.71080062
-100.39584585 -729.82232765 53.44213506
-97.84398660 -730.46297582 54.44854319
-85.26395936 -715.55623964 65.13179038
-72.76957518 -765.30428673 52.15204275
-97.32812908 -724.42695090 55.63396281
-73.56004161 -757.50887273 41.81472762
-90.02457326 -709.07963023 65.03893488
-40.24731168 -736.44290847 56.15040229
-49.36312098 -763.89251031 53.96229580
-95.95350000 -720.92220000 57.82950000
-98.73417891 -724.26270156 54.68784063
-53.54024783 -774.24575435 43.18473043
-89.14157296 -721.67112217 60.33012579
-85.02235128 -709.23308066 67.75577684
-93.47240270 -729.19872162 57.91485946
-76.47037429 -757.47601786 41.60731219
-87.56409006 -744.64397329 55.18086015
-93.82699862 -715.63248419 58.33226398
-76.45970558 -733.15359594 61.88076548
-74.44371263 -742.04746282 62.40717325
-83.42257418 -709.74743825 68.74005240
-65.71972000 -737.80972500 54.46399000
-92.66841242 -713.22439430 59.58786812
-81.54392498 -744.80038473 58.13356261
-60.61719884 -742.15473881 47.47571712
-55.72093793 -766.14948047 52.85421856
-97.54279490 -727.48054714 55.70851904
-53.35583128 -740.63532793 31.60465307
-93.74672937 -718.36608967 58.31809743
-58.42745537 -778.04219379 37.76865852
-61.78540207 -745.90089206 59.45024218
-95.07153631 -721.55242015 57.10638850
-85.45638281 -748.41460932 53.18487748
-88.39424714 -709.44970334 65.33680639
-90.25942414 -718.53339310 60.90829885
-60.05850000 -742.81150000 36.72800000
-92.08404935 -715.86667896 59.63394504
-63.48877771 -775.23625152 41.48333962
-87.67137659 -743.00014508 56.61413883
-91.06889077 -730.00937330 58.23290251
-98.66547381 -728.72979841 54.66377540
-62.45878408 -740.37660000 52.53138857
-73.33121140 -734.23513495 60.01424379
-53.61711367 -768.94749787 49.70897836
-68.47877304 -771.70824787 45.18671903
-88.38752877 -727.50312224 59.81444232
-87.97540152 -705.93073153 67.28100582
-63.89618538 -769.82078636 47.55557640
-80.66890612 -720.37731905 66.93624014
-70.42431952 -764.22606227 53.80943968
-88.82115322 -707.08521899 66.28984417
-94.76621894 -724.50330588 57.05202314
-91.45350610 -769.14692600 35.18849200
-87.95034288 -704.29688131 68.29242969
-67.88248408 -737.27923685 56.45765852
-62.58647945 -740.85608288 59.93268562
-67.57618931 -727.42341277 68.74791933
-93.58867519 -721.43119619 58.14613134
-58.46121826 -771.99020308 44.19763443
-53.52858043 -775.04673022 41.39504986
-81.63099231 -712.38931250 69.87675192
-59.56311912 -746.78283235 57.98218824
-94.73217319 -727.54081165 57.10189100
-81.51851241 -730.09218540 60.37635620
-64.40073436 -721.53147926 70.82084023
-86.28567540 -704.35307747 69.25518115
-91.37206866 -721.44856849 59.23054693
-54.68510405 -740.23679479 29.62118089
-96.79947410 -732.72640909 54.40955433
-88.04925521 -745.87303260 54.00473709
-87.41396047 -755.09998876 48.64520736
-71.86027778 -756.18908889 42.16531111
-93.31104642 -724.39673433 57.99347045
-89.03162650 -713.39497500 63.64050432
-54.90783704 -741.32853704 20.56794815
-79.45291623 -745.35076382 58.96094621
-94.48055160 -730.51726462 56.25770627
-82.28395731 -738.65805564 61.07696247
-80.68664592 -715.58308399 68.55972659
-44.49819167 -741.25004167 15.68390000
-69.69974574 -736.81616857 57.22930467
-88.35487252 -715.63556840 63.23507824
-86.86205000 -707.96335000 66.73980000
-68.89375000 -770.98980000 45.77335000
-93.48065781 -727.55880000 58.09656142
-94.51955786 -732.49777549 55.34323244
-88.23987625 -718.39424108 62.10937077
-55.77152573 -777.80864571 37.97572783
-95.62006746 -733.00130574 54.65618565
-70.43937071 -733.43602337 65.48312517
-89.54272161 -719.53039598 60.60929698
-91.50219146 -727.57470906 58.82175074
-57.70554816 -742.16204416 36.01247504
-65.06649091 -768.13970000 52.50936364
-79.33536187 -762.39067802 39.96190323
-87.58169857 -714.71939595 63.99440905
-14.61805704 -734.81618741 65.55504370
-61.17480817 -742.30391767 50.48331861
-83.67442754 -722.64212657 63.56831546
-67.43247292 -751.55921550 62.53742741
-79.55763606 -763.90902584 39.12123668
-69.76811313 -771.34520505 46.21297475
-87.63743959 -721.33225635 61.27417386
-85.43794419 -763.78940005 39.07866916
-88.42234979 -724.57341691 59.98992700
-63.50698168 -741.82959069 50.54444685
-86.64635563 -716.70042254 63.59460563
-88.44179948 -732.36121950 58.58565067
-91.42668881 -732.34459038 56.83706753
-83.79357059 -707.62417647 69.26119412
-72.93119275 -770.21316918 44.98419593
-84.37360864 -711.84487160 67.05504969
-31.55678266 -739.64738567 56.49729889
-64.09700000 -744.11160000 53.68610000
-61.24321250 -744.25860625 42.40778125
-69.55350625 -726.55158125 69.95476250
-63.88962501 -748.76165061 59.94453029
-84.61548994 -732.68010112 60.98149916
-84.92402221 -718.22713246 64.49987491
-87.05500000 -756.00670000 48.52250000
-56.82346724 -756.53647931 64.06265000
-70.76176775 -731.08603159 66.12517255
-82.56275402 -712.65001284 68.37579405
-80.80779895 -713.64211895 69.36894000
-78.14171212 -732.13741212 60.34398788
-80.64194763 -718.35607532 67.57697091
-49.40247071 -740.28396636 19.90312365
-87.72364356 -723.88282178 61.15191386
-82.08190490 -748.05104083 55.61674498
-83.16803519 -715.99353413 66.34292014
-62.40706364 -747.10428182 38.95243636
-62.16531780 -725.46233079 69.66501288
-90.14639412 -732.26035294 58.13501176
-91.32761164 -766.75013317 38.16652239
-82.72810956 -729.97211796 61.18711282
-86.42651517 -725.38221323 60.52471481
-61.88282350 -745.45801061 56.28480261
-84.23709893 -720.74652705 63.97101637
-69.45885874 -760.87270014 58.06064481
-32.83498571 -741.62591429 54.76355714
-72.71151119 -766.51085182 50.15070673
-73.37875145 -730.92941250 65.97556406
-83.33640048 -753.54371048 51.14694613
-85.88025833 -730.38604914 60.34069538
-84.52567004 -727.33923466 60.96163863
-79.82157269 -748.47177892 56.63256021
-75.03251600 -731.55103400 65.71936000
-85.92300012 -733.12858235 60.21316315
-61.87128116 -748.22803116 56.96119585
-87.43760000 -752.83480000 48.69130000
-73.85006217 -760.22379565 41.10998038
-80.76277436 -721.39638436 66.41998231
-25.98962113 -737.15238251 60.37137703
-58.52665000 -768.18430000 52.54981667
-87.32222928 -740.55523088 58.97512669
-87.98278559 -747.95661709 52.37487118
-63.51412469 -755.40246852 59.47735926
-80.82322769 -724.79411000 65.01998077
-83.78915600 -732.25522400 61.13342667
-85.23217379 -741.70089456 58.43415692
-80.83435455 -726.43244848 63.93440000
-64.47472821 -774.16823574 43.51964734
-77.43651682 -731.52731051 60.89468919
-85.31082680 -745.18391247 55.76612908
-61.46874624 -765.59449993 52.39198347
-86.15123849 -746.41277075 54.39266540
-79.52890895 -730.44412353 61.05269756
-66.39756640 -738.89798000 54.13075160
-38.05729275 -740.49254145 54.49903692
-82.36637014 -737.07327946 62.14462486
-84.55827662 -738.71631753 61.16166169
-79.48302703 -730.72842282 60.37469207
-76.32441782 -755.32913885 42.44876287
-87.51889413 -753.99049755 49.18205245
-85.67513422 -751.64594605 50.84371107
-94.10621305 -769.96143334 35.34795436
-37.40926702 -735.15525198 57.94781119
-93.41414045 -770.72065636 33.55653909
-67.40117307 -765.84137076 52.57772780
-82.63606910 -739.89564744 60.24303948
-70.30688497 -729.80217861 67.22256707
-86.39419699 -749.76700683 51.54114126
-58.38883986 -775.01745542 40.71459118
-90.31575719 -764.69519094 39.59404719
-66.08820000 -765.14525000 54.95375000
-82.44743221 -742.31406305 58.90126459
-90.58181547 -767.82796243 36.51015083
-84.53572692 -750.47987279 52.22661365
-73.47165076 -729.54490716 67.22558079
-70.36629590 -725.19627382 69.39524898
-77.08296028 -731.60376170 60.38638404
-83.49203829 -743.74354369 57.59848018
-82.78787180 -745.52422665 56.84914368
-88.51999226 -766.23562019 37.90286611
-84.24161636 -747.14706545 54.87443636
-86.45726837 -756.04882041 48.50959796
-82.81258114 -767.34274178 36.48815455
-88.29297614 -767.57635326 36.42547369
-90.25327391 -764.38238012 39.91058075
-88.50521535 -769.09180957 34.92980407
-87.44233896 -761.43583178 40.27424093
-69.28318273 -752.27285543 63.54748510
-37.24852296 -739.27619759 55.35678170
-88.52341679 -763.05753700 39.96836897
-88.24253868 -764.11217698 39.32029542
-29.14676589 -734.39263636 60.40659983
-89.28605884 -770.06041591 33.51947172
-85.31036813 -760.78180824 40.65521590
-64.22346719 -746.45882969 60.10160312
-79.90035110 -740.16998107 60.38900801
-85.48441508 -762.38113847 39.94656596
-63.16341868 -777.22041209 39.38694176
-49.40368423 -760.86960872 56.57671104
-82.46346558 -751.16828902 53.06262096
-48.93757967 -739.88600769 47.27796698
-83.53149336 -752.57362837 51.50827648
-69.64151180 -753.41865650 63.30454630
-85.53243410 -765.96677492 37.66044716
-85.51407403 -767.38229149 36.37533695
-70.65007857 -736.06254140 58.52754944
-82.59947451 -753.09216275 51.87460588
-52.72356000 -737.43432000 29.42544000
-80.52609651 -746.67318256 57.58088333
-42.80454797 -737.57732922 54.22423531
-76.39941547 -739.58011878 61.89690746
-71.17609077 -753.37408254 64.33447223
-72.99476403 -733.96415351 62.63280299
-64.70339184 -748.42044042 62.26707086
-82.65793876 -762.28096181 39.93940198
-82.40065548 -763.75510655 38.97183183
-78.96665203 -750.33059510 56.40815245
-80.62441704 -750.51217590 54.45159139
-64.54029750 -739.39377709 53.18850090
-61.55551426 -760.64540231 56.43446861
-82.48343292 -760.63143513 40.58455142
-73.63040742 -732.62296912 64.55578542
-75.54835064 -736.18108927 60.37323648
-72.27264171 -725.58226925 69.40609706
-76.65460384 -762.61089222 40.03139875
-73.02346401 -735.50629449 59.48205357
-82.37149940 -765.94168634 37.65125153
-69.92690288 -724.08933101 70.10872909
-77.12691786 -743.53837143 60.70148095
-61.51575797 -766.95374910 50.65765930
-75.04762439 -729.47029024 67.44582439
-74.42447087 -739.75153844 62.45261140
-79.47017863 -760.74003896 40.54567477
-68.31474114 -734.20744891 66.50629591
-77.66789677 -748.42661028 58.36763209
-76.32265576 -745.20020312 61.20068391
-57.98940812 -741.88931220 41.27945030
-71.47686798 -772.47452528 42.57543539
-67.41078287 -723.72263995 70.05536005
-71.74298648 -733.90213876 62.89660521
-77.78560465 -749.79845116 57.65639535
-77.84829022 -750.23386957 57.47876957
-67.52406701 -725.20188710 69.51580188
-63.97641905 -746.64751905 39.89035238
-70.31212387 -735.75407625 64.93022465
-80.63894286 -766.72239286 36.72794286
-76.53220226 -760.60189045 40.76702264
-67.54026847 -730.47741816 67.85798522
-77.69257218 -765.15029323 38.97069173
-46.30581645 -739.55551932 50.10882141
-61.62956189 -770.85996722 45.59126976
-67.49813701 -764.36663168 54.08700974
-68.27238750 -731.57450000 66.22039375
-69.31244392 -732.80231111 67.32269206
-55.64322034 -767.44375604 51.08809204
-46.69609600 -765.45170526 52.11667027
-68.00440714 -737.23722143 58.04166429
-69.16219000 -738.59845000 57.02570000
-67.07816288 -738.42058480 55.60036265
-62.02637501 -724.04394687 70.09459920
-63.91419031 -767.25110319 50.84031290
-75.11719138 -752.88763276 65.82885172
-61.79549459 -721.45309887 70.80316583
-75.13735025 -753.33905473 65.83726617
-74.54849091 -762.44730909 40.19249720
-74.84443333 -763.15870000 39.77353333
-75.01462222 -728.87227778 67.66496667
-58.44868670 -747.15551773 66.99316995
-69.71412877 -761.58985277 57.35576477
-60.60092179 -771.29258846 46.57811282
-65.72930000 -737.87181250 55.30070625
-66.58241259 -749.28431113 40.63314854
-61.59641083 -763.92906296 53.93193187
-65.13271669 -748.21232423 40.16600013
-72.96836465 -767.61871319 48.28775524
-43.67508866 -765.45546336 51.20007357
-72.52364453 -764.41100412 53.10721111
-72.59355523 -771.40754131 43.63801432
-62.58428438 -726.83939427 69.34732283
-64.17060937 -747.55334656 39.46113994
-63.48982446 -740.25452961 51.10194077
-63.36501120 -746.47224827 39.28686606
-72.43561452 -772.33627298 42.49923710
-58.51218485 -742.53652763 37.80478007
-70.15163651 -765.49117739 52.39619356
-60.13928519 -780.10024444 36.27454074
-70.40342801 -766.90616749 50.38251944
-68.48763482 -750.43357835 64.09363188
-71.58614528 -767.81901761 48.55524214
-70.33110254 -769.40731322 47.15228499
-70.94121484 -770.59068573 45.29484423
-61.40234086 -769.55954339 47.41027161
-70.30372316 -771.73570176 44.25919365
-68.20517621 -753.20397963 62.35982550
-61.91249474 -745.35688445 38.77721630
-59.29808312 -747.45916384 65.40274414
-60.41971845 -743.52489199 37.93623398
-66.67457996 -749.23332156 62.96238565
-54.70203410 -741.81057543 29.53590667
-69.81975074 -768.22238269 49.16252456
-61.96437905 -742.40709132 53.08189295
-60.14388732 -747.35664905 64.22671649
-63.11295139 -742.33689861 52.84929583
-61.50818142 -762.53811620 55.24393925
-67.47237395 -759.80404233 58.53042583
-68.28525714 -722.89608571 69.75875714
-63.41974722 -746.42694630 61.28507870
-47.70396582 -762.06491139 54.86302532
-47.34323242 -741.60650856 13.82259511
-66.39188889 -749.02652222 39.64518889
-67.41356970 -761.20772537 57.14927738
-67.49921803 -762.83356309 55.69108729
-67.21955291 -768.77301085 49.58050996
-67.60786380 -770.10294916 47.68695507
-67.66136122 -771.28279865 46.37989075
-61.87733270 -742.44758965 56.35538106
-81.14699259 -720.58594815 66.88679259
-64.85514986 -748.00632937 64.19655946
-90.56047222 -725.03421667 61.11258889
-64.20759801 -751.48107554 60.56316111
-62.20363602 -741.77758206 59.05952825
-65.21868992 -759.38827155 58.04517334
-64.26823680 -760.72583603 56.75056191
-64.40721841 -762.77228905 55.39371897
-58.30645413 -761.36853166 57.15694002
-64.25676595 -764.20406079 54.18930819
-64.50132715 -766.13202338 52.75555215
-61.13954902 -747.48152287 62.20303159
-62.13557815 -751.23664333 57.54579296
-64.02041378 -772.46722053 44.48944460
-63.33075685 -758.73006129 57.64036532
-58.87118061 -741.80739815 44.22306336
-56.12088440 -741.52064254 38.12594821
-63.35706776 -770.86771585 45.60071366
-61.61034285 -756.73678326 58.49612589
-63.38092148 -773.81382741 42.63152815
-61.80967186 -758.14552271 57.43083855
-63.28048788 -776.89493030 39.70563636
-41.73831120 -763.24705135 52.21986023
-55.87546076 -741.71576591 35.13798883
-61.40352589 -768.34294950 49.18327656
-61.54652268 -772.00066134 44.22833033
-61.63810117 -775.22528291 40.83290830
-61.14953719 -776.54714413 39.43760537
-86.32984978 -755.81067665 48.62479119
-58.31940000 -755.96400000 63.83640000
-61.32273503 -778.08282401 38.20584296
-59.48347647 -740.37182824 46.14543941
-56.78638000 -742.40018000 43.24095000
-54.29672031 -741.43165937 26.88128906
-55.58526130 -740.58948740 38.27264000
-53.27725032 -741.55990000 28.82175579
-52.00922437 -741.58218738 23.08723688
-59.53620250 -747.74036750 62.96528750
-53.66790581 -741.20640698 31.65453837
-60.33283736 -779.58303187 36.51937143
-60.68601799 -755.20043598 61.92991499
-54.42646223 -740.54340000 40.68327682
-58.88952818 -746.71971640 67.11710191
-58.02617913 -756.67260568 62.08039258
-59.53558988 -755.59080183 62.54112476
-60.09427925 -759.67941321 58.55974151
-58.45198246 -776.38474215 39.27597463
-53.05266003 -740.48310297 41.91272426
-53.41712304 -741.11846267 41.54354101
-58.28374108 -759.96613843 58.24148362
-58.27975575 -762.99630519 55.74050310
-58.31921301 -765.84180466 52.65513519
-58.43051881 -767.31793777 50.79174572
-50.14495287 -741.65542171 19.87168217
-58.26839132 -768.49992600 49.35945279
-58.40275501 -769.95066135 47.31985552
-58.38629931 -780.55200173 35.45198201
-44.51114240 -739.56997365 51.37979797
-57.62849058 -756.42111583 63.98695491
-57.62086828 -771.24071559 46.43490323
-55.78533766 -773.64529716 42.37589294
-55.51012450 -775.18364590 40.80946806
-55.72389557 -776.56356769 39.31015836
-56.21360581 -779.34786988 36.33563991
-56.52371698 -780.59943458 35.23174720
-55.55609393 -758.24705622 59.81020383
-55.41524224 -757.04099562 61.92875653
-55.36547383 -768.70401277 49.61272198
-55.46567532 -771.16982765 46.09391072
-55.32199220 -761.17947193 57.31630844
-55.36778502 -762.91603490 56.15008181
-34.36818915 -741.30807382 55.03356768
-56.48962350 -764.70810622 54.40172212
-52.43333864 -759.66293479 58.29490951
-50.34909318 -740.15048300 45.07178983
-57.46510455 -740.26905000 29.34300000
-55.01213333 -770.93068889 45.50897778
-22.31843873 -733.81148782 62.87632109
-52.53536030 -757.08137536 62.08021241
-52.45394707 -761.03495525 57.01564999
-53.25110072 -771.45824280 46.42410847
-53.56038516 -773.86707031 42.46247891
-52.57945112 -762.91309179 55.56900945
-51.92166499 -764.26965803 54.32693838
-69.88048494 -752.30326371 41.78271315
-54.91453333 -755.68485000 62.42990000
-51.28517121 -765.08714394 53.58284394
-49.19819848 -765.33646995 52.84180463
-49.44734997 -758.11873126 59.35523609
-49.68310151 -759.41581787 58.14520116
-49.77699683 -762.49636024 55.21132400
-50.76575739 -756.93002635 62.44795000
-45.11735845 -738.72986831 52.00597746
-43.25935140 -739.09019156 52.89922160
-46.58980627 -760.45083277 56.11886671
-42.29937053 -736.65743415 55.31072825
-47.91285000 -740.82880000 19.01560000
-46.71808692 -758.39282618 58.82927062
-45.77998067 -765.82269255 51.56222695
-73.33965259 -754.94606297 42.18274477
-42.15381481 -741.06260185 52.53176296
-40.53011497 -739.56670640 53.97803447
-40.30945293 -741.33689979 53.14391090
-58.49670000 -765.85600000 54.81090000
-43.79546310 -761.43706752 54.07843728
-43.66479172 -763.22875800 52.66511548
-44.65558667 -765.28478111 51.88063667
-39.57978131 -734.88769813 57.53781916
-39.57424136 -738.34500665 54.99022819
-39.06499091 -734.81844545 57.83931364
-37.48683542 -736.70737781 56.69711849
-41.51096449 -764.39503980 51.33131163
-41.43642178 -765.36298766 50.55129948
-66.08994167 -751.01126667 60.25240000
-34.44054483 -734.19097243 58.70216925
-59.67232500 -741.56330833 51.93913333
-36.13859259 -741.12181481 54.85843889
-34.21964338 -735.64959284 58.08455310
-34.63967085 -737.17716645 57.20003427
-34.41433071 -739.66633862 55.98226857
-34.86982101 -741.88902824 54.55576057
-50.37755670 -740.49707958 22.98913513
-55.04192353 -777.18542941 40.15056471
-80.93170000 -712.93760000 69.79600000
-31.41631719 -733.96133179 59.48999643
-32.51717494 -737.66602237 57.61969732
-80.93020000 -728.89640000 60.64460000
-30.52692477 -738.27349445 57.99980462
-39.02984000 -735.02198000 57.84438000
-82.49540034 -728.00734169 60.27932881
-28.15596683 -733.47461381 61.41143156
-87.14132857 -708.04458571 66.81964286
-28.75092853 -740.13079700 56.96197972
-96.47834571 -772.21340286 33.62762857
-27.14420000 -735.16874655 60.86608276
-25.52405356 -733.49412521 62.02623966
-24.99062334 -736.21943002 61.18856858
-25.49026207 -739.51917137 59.17981949
-22.44982195 -736.69539074 62.02690239
-24.10584773 -738.08416591 60.85432955
-23.08099289 -739.40895271 60.13375954
-52.44847362 -740.13716455 26.05197362
-21.12997255 -732.94313431 63.87088627
-96.11935752 -770.69560000 35.34002389
-19.17522981 -733.59950281 64.17662381
-20.11960324 -734.13225870 63.46456656
-19.52703852 -736.76585432 63.09982059
-19.77323434 -738.44838383 62.34861662
-18.27085596 -735.81967645 63.90549584
-16.51998262 -736.20330392 64.47024708
-55.07493565 -740.40224243 32.36221009
-14.60146881 -735.33924975 65.26776634
-30.00758500 -733.18385000 60.83417500
-60.81874240 -740.77934639 47.68982624
-48.92090602 -740.29983112 14.42504277
-53.31682393 -740.31275150 29.13725757
-66.75447460 -758.31642804 60.97684974
-63.01686538 -743.22177692 56.59215769
-82.35354400 -761.81838400 39.55678000
-84.16039130 -758.87049130 41.70949565
-90.01871515 -707.36744848 65.77990000
-75.81350937 -740.05838750 59.94922500
-63.11767619 -777.14493810 40.14521429
-46.99158916 -759.09691680 57.95163604
-96.36099413 -771.74066244 34.67565493
-95.01953285 -771.48623294 34.29419792
-81.04558000 -743.65016000 60.97306000
-102.04660000 -715.74050000 52.93105000
-53.77220444 -767.76080444 51.13206741
-73.27471667 -752.27337778 66.88725000
-41.87440000 -761.96880000 53.04110000
-50.72623750 -741.12600000 24.91888750
-93.73551330 -768.18307110 37.07161972
-91.91435176 -768.16343206 36.94104471
-93.40795232 -767.59952863 37.70376601
-93.52701111 -767.91351111 36.77035556
-79.44598261 -757.23947156 41.75640977
-72.05971111 -735.73021111 64.32355556
-80.78422609 -749.89121739 54.71079130
-25.92620909 -741.00812727 58.16521818
-104.79365714 -724.82476571 51.73842000
-98.99380000 -716.69335000 55.51555000
-107.98755000 -709.40260000 45.97330000
-69.45319394 -722.86689091 70.85700000
-62.97271667 -740.94021667 59.70731667
-48.10855833 -739.42791667 48.85515833
-59.54197800 -746.50776600 56.79465000
-63.30505000 -747.64237045 57.38579773
-61.19389600 -756.24754000 61.33362800
-76.88704094 -755.01619134 42.83972598
-78.36422292 -755.53598958 42.88600417
-72.21032250 -725.34083750 69.91103750
-94.37224271 -771.54080888 33.46895796
-56.33275000 -762.19702500 59.30967500
-52.93887059 -737.60112941 26.65621176
-51.33155000 -738.71262500 12.53110000
-48.69839671 -741.65747126 14.71417934
-44.68858000 -740.31023500 13.71524000
-48.93842798 -740.26715027 17.70162424
-44.66450968 -740.13392258 17.25931613
-49.33685161 -741.64867032 17.51137509
-51.21972381 -740.67648095 18.09333333
-87.22086667 -729.68958333 61.71613333
-51.58293781 -740.54596070 20.34121617
-47.94700000 -741.03300000 19.02580000
-51.65298557 -741.45539055 20.55176244
-54.72963621 -740.59172759 24.64563448
-50.82720000 -740.95283333 28.31053333
-50.43576905 -741.11981429 28.67541190
-105.44123750 -707.91436250 49.18167500
-57.09036667 -740.88596667 33.65295000
-55.64584350 -740.53482316 35.03650846
-57.29121644 -740.76652397 35.50298973
-57.60421650 -740.74782386 38.56108731
-58.02340046 -740.77723558 41.24140445
-60.58723750 -742.77649375 42.24561250
-59.13247063 -740.80505823 44.26931545
-60.42175659 -741.66542614 44.73210818
-60.16675556 -740.87407778 45.23987037
-96.21337500 -710.50656250 57.94820000
-63.11950000 -742.56105000 44.91130000
-56.74571250 -742.33750000 46.80662500
-87.76993333 -761.85823333 39.70625000
-63.09186667 -741.36096667 48.44873333
-88.41832500 -724.69446250 57.43975625
-59.59638976 -742.39729921 49.60364724
-66.84287719 -737.81863158 54.61128947
-83.85363333 -746.91443333 54.49156667
-38.65085000 -734.96067500 57.71322500
-63.72414848 -745.55420606 56.33011818
-79.62294000 -735.37448000 63.95878667
-65.99190000 -747.03230000 59.53130000
-59.37988235 -746.43276176 61.83543824
-92.39290000 -720.05820000 57.56190000
-92.65805000 -719.68421667 57.64468333
-53.84090000 -740.36738750 39.68867500
-57.09852778 -741.62322778 32.91116111
-55.51541111 -774.45638889 43.20722222
-105.06322857 -729.31528571 51.82971429
-50.70260000 -744.06620000 18.11650000
-70.63140000 -731.99530000 59.56310000
-92.83070000 -715.91770000 60.78830000
-47.21140000 -741.28018000 48.59394000
-62.80703000 -777.14946500 39.85910000
-46.19477500 -758.96660000 57.29311250
-60.78100000 -774.00050000 43.50650000
-61.63009890 -744.48728352 50.78415934
-61.58331500 -744.68802885 53.65355923
-69.45616667 -739.46605556 59.05046667
-69.91737778 -765.38221111 55.54885556
-65.57646471 -730.35411176 66.67739412
-76.77599167 -741.66140000 63.90399167
-85.37096667 -744.15246667 58.44483333
-67.51390000 -759.02810000 60.86610000
-65.22410847 -756.91523729 60.93144915
-61.40200000 -747.43910000 54.27110000
-59.41970714 -744.74816071 43.59880357
-58.43210000 -774.43245000 43.12520000
-52.33460909 -741.07720455 43.46645000
-51.57765588 -741.20645294 17.74443529
-61.15074667 -744.60207333 45.04157333
-59.91383333 -755.98246667 60.65266667
-52.59716154 -756.56083077 63.91300000
-23.81557000 -737.94471000 60.76203000
-75.73099167 -739.45266667 64.03860000
-87.25785000 -734.02652500 60.82442500
-90.37018889 -721.27437222 61.32476111
-84.67744167 -724.59043333 64.07537500
-72.50816667 -726.14019167 70.00325000
-87.39096154 -717.47524615 64.39059231
-84.23741667 -717.18116667 67.02298333
-85.55122500 -704.46580000 69.82335000
-90.79452500 -726.53372500 60.83250000
-102.05845000 -722.23355000 54.81355000
-78.89787500 -734.91555000 63.80097500
-54.18917143 -741.56690000 22.53700000
-44.31186667 -741.04556667 15.81100000
-50.84090000 -741.01430000 45.83740000
-59.93405000 -744.04310000 37.60560000
-66.31316667 -768.19791429 52.10503810
-59.90015000 -739.92305000 49.80260000
-71.99740000 -768.45830000 49.49812000
-55.41371176 -768.13380000 52.55355294
-55.97200000 -739.23900000 42.84070000
-64.63450000 -765.13160000 55.95170000
-70.93927500 -762.56206250 57.87582500
-81.90056000 -737.27670000 64.46919000
