-71.28265465 -730.15320279 36.50215931
-40.41691324 -731.88641275 52.50080515
-67.63907749 -760.57095787 36.70527015
-60.08274277 -753.28613464 40.61395271
-64.65407410 -759.33739784 37.71420851
-48.05546417 -752.82897917 48.82244917
-42.08800612 -734.84019388 51.29101429
-51.04622934 -739.58563114 42.68489102
-58.72534825 -743.93854600 43.17077675
-51.31680000 -738.92994348 43.69013478
-48.76199391 -742.41845358 26.86993978
-69.95206438 -738.03862827 36.66694676
-66.92072927 -740.40701041 40.83475010
-66.49568157 -735.58822159 40.60500998
-70.74804522 -760.41495294 36.53800871
-48.88423370 -751.06743590 49.51577509
-66.56198397 -733.23017093 40.67174176
-55.07954139 -743.38142081 46.98526938
-52.01430000 -743.69690000 34.42390000
-37.51010858 -724.22801165 55.91300550
-47.28423853 -736.46491583 48.87878994
-55.13657268 -742.23554171 39.49071403
-62.89701791 -744.09632146 41.88758189
-72.29386316 -734.78202105 34.83763158
-69.10779167 -738.54292262 37.27460476
-52.27900652 -750.55979986 45.30605615
-46.57554308 -733.19133104 50.23444632
-68.33711178 -744.58650095 40.09568613
-54.41926930 -747.40861228 43.24325000
-61.41923310 -751.93036655 40.75236776
-59.59580877 -736.80323976 46.03531880
-62.84321507 -761.03695328 37.08523821
-69.84854244 -728.36959975 37.88271095
-49.73330000 -731.65900000 49.37160000
-63.13367500 -734.48398000 42.69067000
-34.65687743 -721.22935516 57.05147040
-40.73283879 -730.07248296 53.24977283
-70.85421382 -765.74096410 32.71528440
-54.86756548 -744.13016093 47.00014472
-67.01159693 -754.81510128 39.57750996
-56.86203964 -747.38032055 39.58104073
-49.90653641 -751.25047140 48.19985302
-56.27049595 -742.45892756 42.07513379
-68.25834256 -730.30901921 39.29646033
-68.89644578 -728.50691325 38.70290482
-48.12930000 -740.63900000 25.59890000
-54.07878710 -748.04928925 43.26211505
-48.89984995 -732.57458903 49.64511336
-72.58361160 -732.82961253 34.87002941
-64.65412445 -744.13326335 41.35501076
-51.51774720 -739.94959741 41.96138731
-54.11057229 -744.89440909 41.91036407
-64.60800441 -739.02466827 41.25990119
-65.96300658 -764.18422469 34.12785720
-50.07361466 -737.43108405 46.02810172
-49.48763931 -733.68259852 48.95953061
-65.08795445 -762.60813640 35.49062614
-60.67223333 -755.92621333 40.45371333
-57.29093571 -746.50289286 39.19474286
-59.80927020 -733.45112252 47.13379299
-46.35137337 -742.08973369 20.94544351
-60.30287368 -734.97263684 46.71860526
-47.13824369 -737.82772995 48.39949167
-67.63031346 -764.23763888 34.03770579
-68.01895943 -765.46716293 32.91728071
-47.35266292 -742.44304006 23.77173745
-67.67899203 -762.74037233 35.24790005
-51.13170000 -743.75615000 32.33307500
-40.75356109 -727.23277120 54.10409196
-60.66937486 -738.27411682 44.23966642
-52.16524341 -748.14522294 47.38922944
-53.63278477 -745.79132496 45.08891335
-64.66186042 -754.63268651 39.85349505
-38.17456352 -727.46547357 54.96627351
-73.07975802 -732.53711615 34.13063197
-64.93150077 -760.76409435 36.82679016
-50.28972484 -738.57069090 45.14700082
-67.49014622 -742.04773383 40.79090665
-67.57219530 -759.03731045 37.60407441
-62.05478514 -759.59771745 38.06438807
-48.72720429 -752.79011714 48.26526250
-67.55381834 -757.31994381 38.47573188
-57.43692203 -742.44701525 39.85690169
-44.98642000 -737.35546000 49.31974000
-63.12830000 -761.74968000 36.50666000
-64.76039849 -736.21731148 41.55304403
-64.77737611 -757.19848740 38.75934079
-64.74567763 -742.20415811 41.60603042
-55.23895229 -745.08323131 44.56498159
-61.72271447 -757.07912182 39.37985832
-50.97052632 -751.87165132 46.08014123
-58.04931742 -748.43349443 39.96703281
-50.60102759 -748.28887931 49.46056207
-57.70585636 -747.93051787 44.36650267
-60.08526527 -756.42397741 39.91505983
-61.97579218 -754.59296603 40.08789185
-36.63310000 -728.82925000 55.41025000
-64.34867523 -753.15374577 40.56889049
-51.18530000 -746.51848571 47.83118571
-45.40816042 -741.96193125 15.56136667
-59.31737713 -750.44419149 40.09061607
-34.90690592 -723.96343125 56.87938676
-63.78959957 -752.40558739 40.78056000
-35.67390053 -726.58626387 56.02667360
-61.26992858 -753.54816835 40.55591708
-74.05665255 -728.15727801 33.47737308
-67.56637670 -738.48027808 38.83214165
-60.09492723 -754.77657634 40.24751786
-69.29345692 -737.85996462 37.45188154
-61.22704157 -736.32043311 44.85608837
-62.79365882 -736.60333933 42.54829795
-48.07758909 -752.44709455 49.06959818
-59.53657313 -751.04551103 40.60702700
-71.30235484 -767.79425699 29.95331828
-70.82694154 -736.11083975 36.23686972
-67.17475000 -744.23811418 40.68381511
-60.58827664 -751.48417956 40.13625036
-59.81068611 -740.28267963 42.62394630
-58.47359017 -745.35759923 44.31554112
-72.66741061 -728.12874545 34.99367212
-71.32540023 -733.19505331 36.32433659
-68.84971060 -742.49417758 40.20314259
-73.70293655 -730.02042258 33.66507871
-58.36447351 -748.89836523 40.65363113
-69.61855011 -735.85306860 37.76118187
-67.83238221 -736.28803760 39.27541023
-72.64667607 -730.32538400 34.95946233
-46.16934767 -740.26636919 20.35864128
-69.87755692 -733.06046022 37.96988292
-65.95045870 -739.19032681 40.12232262
-61.95595822 -741.88430788 42.10407231
-46.58825873 -730.25971328 51.02813826
-68.14947661 -733.21151602 39.43837798
-55.89408080 -745.60564697 38.95945453
-56.05972975 -747.67880384 44.21570331
-69.80608686 -730.15841803 37.90934034
-51.57011395 -750.20119349 46.92736186
-71.28053612 -728.23285326 36.49976244
-61.80437434 -739.24655848 42.20197774
-52.60117751 -746.23440979 46.83458753
-53.49841316 -748.31373965 44.89026453
-58.69259500 -741.80408721 42.03736445
-45.82824543 -728.07376967 51.46148557
-65.07439387 -733.33351808 41.67597933
-57.56519201 -741.69009472 44.71896733
-55.04965585 -744.95005454 42.93606263
-72.86460359 -767.35873520 30.87377601
-58.25674000 -737.95246000 46.52519000
-56.00021047 -742.88681365 44.81310425
-59.37619018 -739.07289062 44.84224907
-66.65982551 -730.86214014 40.61073130
-65.71588170 -731.25996538 41.19163753
-50.68248181 -748.77084423 48.69335529
-46.23940000 -737.67250000 49.41360000
-49.20452841 -736.25589655 47.81364219
-33.02287226 -723.03783212 57.43660219
-61.76812862 -733.40140904 45.69482890
-37.13134253 -726.48141756 55.67104941
-59.05857298 -735.98210767 46.71316354
-40.57305296 -724.32103193 54.62631803
-45.61394301 -741.54497118 18.25009541
-49.11230559 -738.01028793 46.94617675
-48.33921000 -741.91026000 25.32774000
-72.72421836 -761.10963231 36.00003480
-76.04148554 -769.34313581 30.04333527
-47.91073636 -734.37653690 49.30525134
-46.00207436 -735.83086642 49.78086343
-44.14836788 -735.69839937 50.62155032
-38.57030568 -722.28452159 55.21101989
-48.61900000 -740.65670000 25.35190000
-48.58016855 -730.92865407 50.28542489
-43.72701972 -733.16762854 51.42556421
-70.07448078 -742.70189256 39.70977544
-44.13098957 -730.39359402 51.92098567
-41.26733361 -732.91808133 51.97416647
-44.51049296 -727.57165221 51.98290621
-42.06645714 -731.54994935 52.34275325
-69.94102658 -757.86850276 38.15093016
-42.82165786 -729.67816318 52.66927428
-70.79973455 -767.21076013 30.79461528
-43.08533751 -727.07559433 53.06353375
-39.14402000 -731.73087000 52.60946000
-38.27563894 -729.87197961 54.10849040
-42.97981609 -725.13185363 53.54015152
-69.15775714 -767.01321429 31.28921429
-32.63317174 -720.98660681 57.62328936
-36.14817143 -728.91468571 54.94685714
-36.16269167 -728.26339167 55.29738333
-38.91370547 -724.37713374 55.24926615
-40.03318000 -722.46264450 54.72354800
-70.20025245 -758.90526859 37.55963343
-34.26014255 -719.29607612 57.11335543
-32.46353016 -718.95018115 57.56391410
-65.09920000 -752.53680000 40.36390000
-60.96635341 -731.30895453 46.87374346
-60.71252948 -732.65076350 46.86721889
-48.12110000 -751.85614000 49.41094000
-66.30180000 -753.74940000 40.45980000
-71.26110000 -758.56500000 37.28790000
-70.62171515 -762.83893699 35.21424762
-66.16902500 -764.76832500 33.70122500
-73.33863121 -763.06352455 35.19811107
-60.18950000 -731.59860000 47.25040000
-70.59969489 -764.33173679 34.12472978
-73.68043324 -766.16956000 32.74719711
-75.52470707 -766.11706605 32.74463871
-44.94242367 -741.66507569 17.15895309
-70.21183002 -744.26626501 39.41295494
-48.02538889 -743.71501111 26.30856667
-61.75310909 -731.54078636 46.28832500
-44.61195535 -739.81371839 14.78104831
-49.89996732 -742.62353941 29.80066463
-52.10342254 -741.11115164 41.16634225
-73.42600446 -764.47290198 34.22667673
-37.19742698 -721.63116987 56.04171839
-75.65490000 -767.42642055 31.16963836
-73.98325992 -768.54981822 30.01554099
-76.62487500 -770.71810000 28.73243750
-51.51768673 -742.62023894 33.75995811
-51.55640000 -742.80270000 31.32990000
-47.62164000 -740.29360000 25.04684000
-42.42040000 -731.77863333 52.42170000
-54.05589822 -744.02929290 39.76725325
-53.28813715 -742.45693834 38.92401528
-54.54512500 -744.84052500 37.14477500
-49.60750465 -743.75680930 30.01835116
-48.70341579 -743.99856053 27.79616053
-47.98710170 -742.43496818 25.84159148
-48.36300000 -740.59032500 25.53845000
-47.59898000 -743.74096000 24.64899333
-45.14960000 -743.23750000 19.91080000
-45.49970989 -740.22977692 17.81539505
-74.74107000 -764.84546000 34.45975000
-44.97872632 -740.12727237 17.22689956
-45.33064179 -740.13362537 16.03625672
-44.63055402 -741.23061089 15.05292310
-45.42370000 -743.76060000 19.81030000
-69.27475000 -741.95826667 40.39128333
-45.05186364 -740.34103636 19.81853636
-50.92585978 -742.55098292 32.60434408
-51.76953333 -743.77520000 33.71778889
-52.13096189 -742.61515291 35.14528738
-51.87880278 -740.42295556 39.71808056
-74.77226000 -767.72364000 31.44279000
-66.10163636 -732.15355455 40.12896364
-69.72939412 -744.41297647 40.46898235
-65.36126250 -736.40166250 40.01525000
-39.13004000 -731.76234000 52.27674000
-38.96917500 -731.56045000 52.33365000
-54.29765000 -743.42355000 37.36555000
