-64.07906923 -796.35045911 76.72444365
-72.02120000 -771.16247500 92.12683529
-131.42755000 -741.29315000 72.63183529
-55.74401591 -803.30852352 72.00065521
-49.04836597 -742.62992676 14.34872653
-22.70097735 -808.25900725 43.91356075
-49.00452000 -787.65658000 80.26953529
-87.85298609 -770.19066783 47.00362182
-125.45125000 -765.18585000 69.64298529
-44.68490000 -807.20090000 54.62913529
-63.38802718 -772.36526829 84.21973878
-131.23620124 -761.60118242 66.15176709
-92.16254629 -779.12739340 74.45479517
-74.81459500 -761.82707000 71.60333529
-93.84969331 -751.74753228 89.00852297
-11.56002500 -751.73980000 66.61931029
-46.15458069 -808.61801674 53.12123228
-127.64150493 -770.10241052 65.97779186
-56.64998333 -750.15973333 39.72691863
-10.73380611 -750.84504931 67.88631960
-111.53709953 -786.79123452 64.34531968
-99.72983917 -754.80206133 86.45010941
-65.05507403 -766.89486783 88.14121514
-146.48450000 -753.18020000 54.57713529
-63.96265000 -794.07454132 80.07656925
-51.43010000 -805.93633380 62.16869811
-141.25727019 -752.69817507 61.33550494
-84.87381727 -769.60221110 47.16410869
-59.02252429 -760.96271524 65.16201625
-26.48431481 -798.76270000 58.60806492
-36.80273765 -800.56464794 62.93896220
-60.45960000 -777.22560000 81.74003529
-37.03622387 -805.29552285 58.98596760
-78.76059293 -761.79939002 75.28692428
-111.13284773 -739.78626975 86.06466006
-99.95284498 -742.73237784 88.56863570
-71.46042500 -765.57828750 46.54966654
-86.11009843 -777.49664488 41.52236207
-53.52326667 -783.13273333 78.60050196
-60.99951780 -795.44856268 78.99819592
-50.21047212 -819.52773558 35.48052856
-97.01908131 -778.01078197 41.38036072
-150.76882844 -755.92397422 48.29914863
-129.07155645 -753.89810516 72.00643594
-123.71608880 -772.48903647 67.73233643
-137.84169710 -765.66674203 57.89935269
-96.82914182 -783.28616727 69.71697711
-46.27374296 -794.46107537 71.75238119
-61.42734171 -760.18097912 62.20458957
-109.05399894 -785.43016476 65.72812392
-51.75292494 -793.18012210 78.83446358
-32.51567143 -813.22037143 36.54716387
-32.45484815 -780.60254815 84.73297974
-136.57068800 -779.07140813 54.14509730
-123.47570000 -771.30415000 69.98227101
-64.02938610 -769.78117602 86.47613364
-82.19065659 -762.86115990 76.21607026
-99.43856703 -767.17204396 79.22646332
-139.28201741 -766.68282109 56.19386424
-122.05205709 -770.71799377 69.40040277
-56.29202500 -774.72667000 78.47083529
-78.81595944 -762.88324895 74.66188556
-46.53977194 -791.70587914 74.85157127
-147.82206368 -752.93700048 53.61659244
-53.50503333 -750.34563333 33.86390196
-57.99343733 -810.64776833 51.09753281
-50.33445000 -743.33295000 29.60120196
-64.77521956 -803.72319972 66.00279313
-108.11505000 -789.14257500 60.51716342
-134.83863490 -766.02953647 60.96436392
-51.20293451 -785.50060634 83.51192349
-128.71341250 -753.31581250 73.22758529
-51.01692308 -743.68626154 24.99506991
-139.08328649 -753.16766486 63.96980016
-58.90223685 -757.75904415 55.99233845
-94.29965042 -784.38059467 68.48294304
-47.17502108 -816.59491029 38.91144926
-128.03400441 -777.48955699 60.98378456
-69.73710646 -772.47882642 89.79516395
-71.53186667 -801.15638333 63.59345196
-40.08106402 -808.38077386 50.24160094
-44.23146286 -750.51173714 48.43500958
-58.88723214 -760.12192321 62.23618708
-105.93679219 -793.43711763 56.10335219
-143.50636667 -758.81254000 54.56863863
-59.11923583 -797.92414042 75.40865654
-95.10750556 -785.92329118 66.38194820
-147.87979792 -757.75707719 50.17378212
-96.49118505 -776.84180988 42.29547682
-102.95722070 -790.72301914 59.23935742
-54.58408125 -750.45327500 33.42551654
-74.34108333 -771.46366667 45.28869641
-37.12669940 -781.61645933 85.56824153
-127.99995753 -746.10013349 75.42107806
-21.49103318 -753.45126866 59.54028184
-125.30818116 -776.70137681 63.54409327
-49.11686278 -789.88256467 76.29852883
-120.50283581 -763.46774599 73.20724265
-37.51080754 -806.93982048 53.75488159
-53.33236159 -791.91539404 78.61564258
-44.18261887 -807.35397547 54.99499756
-73.86310000 -804.02137396 57.45731759
-142.21037108 -766.80023550 53.07838218
-94.49505000 -749.17900000 90.73648529
-52.76441923 -747.62709615 24.28493914
-51.99637048 -788.97827619 81.15047625
-92.38315172 -774.04670230 78.28700311
-52.32581016 -785.10417758 78.41533675
-31.06085941 -816.49837690 28.39314167
-54.44325106 -813.73038557 43.85179700
-61.77069366 -767.69648963 76.76387391
-77.20655385 -771.32863077 45.70229683
-98.04855838 -766.14801053 79.24992381
-53.83969677 -807.59077742 63.19366917
-128.45218519 -740.82604815 75.50654270
-100.21972524 -785.81298172 66.14350866
-45.55949701 -795.87754886 70.36178686
-96.84509865 -775.39922056 76.48770259
-149.23930000 -753.19840000 51.57843529
-54.65676132 -809.99405278 50.91098529
-122.64850000 -756.26920000 75.85333529
-129.87418061 -760.73938542 68.00281728
-130.06578887 -742.54621973 74.26422283
-28.21065347 -752.63630730 57.17256536
-30.67082622 -797.18907185 62.65168058
-91.69588352 -763.01247713 78.89103804
-98.67005000 -783.26420000 69.69908529
-26.07687418 -773.61887927 82.91302748
-29.36298033 -774.85613770 84.79815497
-50.46252258 -799.53028710 76.69720949
-28.87599734 -778.39175275 83.65732144
-100.81374753 -795.00679560 54.50631771
-50.85743571 -801.71728929 66.81965137
-42.86745270 -808.74974827 50.42436107
-20.46400909 -807.51833636 42.86086257
-92.45826000 -773.71507333 78.77584196
-52.15977424 -784.12611146 79.27212711
-140.49963333 -767.17672222 54.62937974
-49.94127880 -744.85151237 17.01944271
-94.70174304 -787.72232356 64.98554946
-54.51954925 -779.20173100 79.33375054
-36.39478519 -750.97641009 55.11639624
-104.76440000 -765.29765000 78.58938529
-53.91115000 -807.10696250 63.35692279
-32.25979231 -810.16273846 45.51417376
-63.45353482 -764.53028571 73.53069601
-54.10788155 -806.51556155 58.33868336
-145.05665087 -757.80967670 53.21206058
-105.26593947 -789.34010263 60.81276073
-65.28976914 -758.19643580 42.81353776
-51.56403413 -786.86159461 78.08010625
-149.70570000 -762.33645000 46.85653529
-102.96165078 -793.44637475 55.80319480
-33.14493313 -753.58722750 54.93512592
-60.43042547 -757.37659371 50.46737806
-100.12649251 -752.00590994 87.23216187
-64.01372993 -760.99250758 65.46288008
-144.64132339 -754.36955523 55.78152850
-61.45838750 -759.32085000 52.13659779
-57.05409559 -813.04087059 45.40988529
-120.65828000 -754.85350000 78.99461529
-58.05676667 -755.58832281 59.42270722
-50.34985333 -785.83476333 78.03243196
-40.25200112 -801.06645281 63.50937462
-42.98469261 -750.59805248 50.28552354
-107.67743108 -737.67508919 87.73507448
-105.96549726 -745.69885356 87.30496138
-59.67231111 -752.69830000 36.60729085
-94.15231630 -749.15179449 89.59242318
-45.92402868 -813.62441865 43.36723669
-19.62787498 -799.50999970 50.66172824
-65.87217358 -758.32668585 42.31145699
-104.58250000 -765.36700000 78.64033529
-33.75803601 -746.99187292 59.97808753
-66.06652693 -804.62941534 64.09004121
-30.59455337 -779.01112523 84.27873228
-136.37420834 -757.96593047 62.72730340
-56.11550659 -774.82529780 80.94446277
-54.03080000 -771.18676667 88.20713529
-70.26270498 -762.48498525 70.66558012
-36.61617627 -778.90052264 86.81638071
-43.08171983 -749.92370172 50.20027797
-141.78563617 -754.51401285 58.98270802
-103.20950774 -769.32553783 79.35336970
-82.11770051 -771.55921851 45.86516074
-149.28901358 -758.23558738 48.29895977
-129.14683552 -758.19638366 70.18876460
-24.98420130 -806.11024991 47.52450590
-110.78221529 -734.85196000 85.54798353
-69.11862360 -761.33121296 45.08919970
-34.13723153 -794.67139779 71.11876576
-34.01446828 -805.80222312 56.14420605
-26.53752000 -814.03510000 38.35160863
-66.14823398 -793.90723108 79.36111433
-28.84633840 -812.89877384 39.03334624
-62.14619775 -755.09312322 40.07184129
-39.98840634 -784.17740759 85.04244192
-27.30337882 -816.45021588 31.35271794
-28.03982562 -797.64680451 60.01933739
-57.27538060 -752.91351294 46.67324425
-22.79053181 -797.42167221 55.34391696
-46.32123505 -802.04794019 64.91805295
-103.22902720 -742.77995873 88.22534947
-38.22477862 -794.86866981 72.78657366
-91.37556190 -762.12284762 78.81645593
-106.09447302 -785.46208849 65.73022930
-54.70424516 -748.47150968 23.77884175
-132.99032882 -772.58762711 59.40184197
-61.04621333 -771.88420278 82.69728789
-58.32171356 -756.93593425 50.51380877
-52.93213704 -749.49928715 38.61571699
-50.54705000 -782.95035000 80.65738529
-56.20276566 -778.24450060 82.42151963
-36.04437021 -747.13404681 58.58670125
-88.20151294 -776.65816727 42.04561138
-105.48875790 -742.50067005 87.85828282
-31.27420684 -775.81861738 85.57648912
-46.01666188 -810.53203237 49.40938050
-46.57464938 -742.11468148 16.58538468
-59.36793902 -759.43481220 56.83601822
-25.55261639 -752.84941304 57.30159954
-132.99972178 -778.77349444 56.65476448
-61.08298097 -767.64801283 73.85506693
-105.98750848 -758.04690089 84.24622319
-55.53477299 -750.02930427 40.16403482
-56.23900508 -753.88445519 44.34016046
-57.96314025 -796.70815646 76.78680682
-132.11763978 -748.22318662 71.31528195
-48.09151714 -791.08867714 75.07246958
-63.70830725 -765.92602029 68.20978602
-44.79989643 -750.07409286 48.97011029
-65.76240000 -766.36946667 69.22283529
-64.89078133 -800.94545581 69.35470368
-132.38789123 -757.40264807 67.33477447
-58.13598337 -793.83568929 80.24771927
-18.97311456 -751.82150559 62.30833370
-93.81541950 -775.14681480 44.25491633
-129.29421018 -769.77544523 64.46017055
-89.97478049 -765.58065854 76.47659139
-52.17065000 -750.39295000 26.74048529
-94.37537461 -755.83188470 87.53709408
-65.85089259 -761.32386111 66.36271307
-81.91598977 -761.83481649 76.36272632
-130.75933889 -764.12245296 65.77178314
-153.12398613 -760.09420271 45.31821059
-54.40889693 -748.56753663 29.35011775
-57.98725077 -810.15080769 51.34044299
-100.20347999 -772.73333686 77.31531796
-57.69476947 -754.68937112 47.24291553
-93.23927719 -773.88164298 45.78544845
-19.84801590 -802.01567367 46.53352542
-76.01207346 -761.74421822 74.19399520
-59.01480000 -762.50040000 58.26238529
-142.55810421 -763.96110546 53.30881193
-49.47969875 -743.11803247 20.15065007
-60.70455745 -759.82620000 50.58912040
-120.99368635 -766.86541600 71.89509304
-52.41344578 -746.04825770 28.83068340
-134.44898571 -780.37790000 54.51540672
-132.56668614 -769.36722017 61.27871189
-125.76952381 -750.50155714 75.80083053
-50.12165785 -749.86957625 41.88768702
-50.02146327 -750.67111122 42.25181489
-57.54398004 -751.31660749 36.25515545
-127.83689094 -755.05326096 72.31393101
-51.72712336 -745.30878105 20.15499942
-62.47728571 -783.36931429 84.70804958
-34.95085929 -798.68209749 64.38826007
-143.78326296 -757.08303086 54.87397542
-140.68690000 -759.38800000 57.87836029
-66.40431248 -801.74279969 67.38556033
-59.22546495 -758.23559860 58.98212478
-105.46125076 -731.39440979 85.82072887
-130.07180957 -740.26279064 73.81311188
-146.32163641 -758.60536793 51.44386519
-111.76342080 -784.08723724 67.72732087
-101.44360000 -734.94645000 88.08086029
-31.14626996 -809.91485648 47.44885472
-59.66180000 -771.42570000 77.50933529
-26.33332703 -753.32112162 56.60808935
-97.14716558 -770.12736805 79.61410324
-52.35250644 -794.28705700 78.47366158
-112.52290000 -777.22560000 72.63613529
-69.17019206 -804.64962635 61.21384138
-63.19350606 -763.62603636 62.23910954
-10.27422023 -749.31176427 69.04015177
-42.50290440 -797.21265269 70.87383705
-41.87088000 -750.61694286 51.95789529
-141.24898782 -763.21937325 55.40371048
-19.85427783 -798.52976217 51.96945138
-81.61417352 -763.28637281 75.19876588
-38.76555780 -804.43702569 61.66638667
-107.87297652 -760.49210043 83.32128182
-24.05714313 -794.98569810 60.47021018
-132.20074010 -777.68725418 57.91426202
-104.90715938 -767.97403125 79.82980404
-92.20149882 -784.04243058 70.14144645
-52.09356341 -796.74392546 77.57792913
-79.90350562 -761.80634875 75.80942467
-55.97331333 -755.15293333 55.40774863
-66.97366898 -796.65955121 74.10595714
-134.82996364 -754.95310227 66.87307620
-49.21557269 -817.25741600 37.78738313
-79.23627964 -766.73018634 47.48894372
-59.81673289 -755.73254950 50.59295523
-49.75545055 -744.52145165 14.62065617
-56.50434545 -767.02561818 78.17866257
-54.91156796 -809.18731687 53.25743231
-31.81646414 -804.73770552 55.31403805
-127.05755359 -766.64660472 67.92587417
-35.76756190 -816.94890476 27.39595196
-74.89154194 -772.69950726 92.27038933
-103.08153884 -779.70618935 72.17627105
-94.62018810 -762.66065563 84.06728735
-23.29670455 -794.65136364 60.86492166
-115.64412221 -764.06922916 75.35070565
-50.45250588 -783.87101765 80.80177059
-63.32189091 -764.87884545 80.09937166
-85.05170924 -775.19554354 43.48947846
-49.09650175 -742.42175191 17.42640131
-56.19558478 -753.00504565 46.19383747
-27.96060062 -814.80716740 35.07726762
-145.46260134 -763.92393118 50.49532109
-24.01047784 -746.14901031 63.95165334
-88.12247114 -772.08540218 46.23925744
-59.71053333 -752.42543333 43.62090196
-126.25447091 -748.36009388 76.08611348
-99.82841658 -757.31301672 85.21700861
-113.48598571 -767.88355238 75.60571148
-50.26665205 -745.21552603 19.47223803
-57.63952333 -805.81501778 69.59614974
-24.77738258 -797.62300116 56.78742368
-120.81681494 -769.53403419 70.92707679
-47.00743798 -741.64689135 14.14318770
-133.53396317 -770.27599759 60.11591941
-103.13196374 -770.77503671 78.40390552
-112.06913800 -763.67818433 76.88041681
-33.77662377 -797.29417659 65.36426425
-30.91678875 -805.80447990 53.36027749
-132.53341854 -739.97040000 71.07325342
-97.03093698 -763.73401356 79.49414132
-110.88314495 -747.99745247 85.47802497
-59.14826667 -762.77724667 61.74142196
-107.70585000 -795.40249286 53.89914244
-32.49990000 -754.03220000 54.65773529
-53.73814048 -819.49620000 35.18025196
-152.21626642 -760.54600075 45.52933529
-66.76877773 -784.42249426 85.63468071
-46.72794667 -816.32239556 39.79031529
-41.25420197 -750.58563618 51.34908727
-100.02032139 -775.02742463 76.14182981
-41.24919857 -749.90698571 51.32779244
-131.23246400 -738.02638600 72.07657429
-46.08531416 -811.40195334 47.30815560
-25.75130419 -799.20172433 55.95189508
-139.46694878 -757.85572038 59.48469784
-102.87854961 -762.86176869 82.81731728
-35.07913333 -794.24050000 72.75790196
-63.09538235 -769.06887647 72.18621176
-129.07618398 -751.41717993 73.05730237
-53.32555758 -748.47244175 34.54367401
-109.14300169 -745.68672507 86.51731188
-92.38543317 -751.79425048 89.33545164
-53.29518060 -779.70904179 79.29071888
-50.63070000 -750.42960000 42.84223529
-73.64690455 -761.68033097 73.14866098
-53.03739947 -748.35573272 29.25989545
-96.93541389 -742.92936310 89.55833924
-49.22275018 -810.64848778 49.76438058
-33.80283846 -806.86266272 54.20619624
-116.68202500 -771.36792500 72.70806029
-52.55271250 -747.51910000 20.88096029
-92.03896642 -776.02888527 77.32327682
-28.12590596 -746.39591966 61.36969106
-27.51852151 -794.85920563 62.49712330
-103.18134219 -781.42406569 70.59546831
-43.09911424 -787.56601271 83.74525168
-144.17005028 -763.21098134 52.16506217
-34.12353966 -796.09375979 68.21718780
-136.09140780 -755.05028006 65.08899103
-54.67923546 -798.75126670 76.08669209
-30.75052444 -746.55214518 61.08351994
-71.60500000 -794.96700000 75.51263529
-114.48287686 -772.31553142 74.27070910
-26.32899508 -774.73465817 82.82060151
-42.91776486 -806.15364858 56.42470773
-97.24239230 -751.75104586 88.18199884
-107.99135502 -757.03780957 84.80532046
-34.20378410 -808.61015154 50.13647467
-134.44513000 -780.13086000 54.62787529
-16.87930248 -746.84746304 66.06758374
-38.94458911 -814.94679505 32.87320658
-136.11368391 -780.45266261 53.91631095
-119.94335067 -765.97888800 72.79900863
-63.18645636 -759.86273091 54.11242620
-127.01194474 -772.68440196 65.13888673
-118.02329211 -766.78823221 73.64934550
-94.60210185 -777.77360401 40.64771455
-97.00771351 -784.54653733 67.98320110
-151.01590521 -757.82257712 47.20974466
-137.86048437 -759.85383750 60.89755951
-112.72877590 -771.75528916 75.90630558
-51.64710443 -811.85659269 47.14914287
-140.89040000 -768.26750000 54.69593529
-127.46928827 -763.67127306 68.76334806
-94.97536004 -743.15637664 90.19415610
-68.08180782 -803.90197275 63.12449359
-16.89570836 -752.47158290 62.96328373
-63.03802944 -801.41346222 69.94197585
-54.06764366 -781.34698433 79.13039667
-104.10502600 -731.92309800 86.76848863
-136.71580000 -771.09235789 57.51057740
-128.18078949 -767.45163538 66.28889504
-59.15532333 -795.38574778 78.87184641
-123.14758162 -754.08823503 76.03084998
-52.77400000 -783.19505000 84.12463529
-69.12125000 -794.99432500 78.74233529
-97.33947649 -760.83327687 83.25393568
-67.34402803 -804.81331126 62.73081213
-131.28463805 -739.50400796 72.29685366
-130.19944530 -778.05036195 58.95400601
-45.42365816 -800.74367386 66.06044048
-130.95664381 -748.88724171 72.15411193
-107.67591236 -738.90492022 87.73093192
-109.11198652 -783.95660714 67.73201109
-62.74230227 -755.26207955 39.47257166
-46.87562754 -793.13676522 73.17491742
-71.70965395 -796.66870526 69.82623266
-72.95216620 -762.69340234 71.85467448
-70.80417407 -795.08815630 75.46224270
-23.69650000 -810.27550000 43.16333529
-33.87029553 -748.06665834 58.80310806
-127.56895809 -775.81267310 62.37802795
-61.09122693 -792.66336715 82.13743250
-97.21310103 -783.07639764 69.50321482
-70.32723944 -800.44580813 65.66284858
-58.08090000 -755.97061333 55.33031307
-64.19657968 -792.79571314 82.30376269
-58.39830187 -772.30091676 76.87923361
-33.06006084 -800.95139487 60.35808028
-42.77122557 -803.80755093 60.01589171
-109.27225366 -751.74370514 85.46710894
-108.44987631 -772.89552666 76.89648508
-38.20277358 -798.50076698 66.90080888
-61.07884090 -760.14664344 59.21954332
-140.28112500 -768.30392500 55.23098529
-12.87942962 -748.60651678 67.59426116
-103.02585259 -768.01874470 80.11926534
-23.79737073 -801.03942195 51.35778895
-97.50518462 -765.90471538 78.58396606
-57.13711466 -789.52059634 84.80927823
-54.10596392 -818.61005443 36.17111567
-21.54014877 -809.17034329 42.08820769
-143.80017143 -753.38165000 57.84824958
-52.07824722 -745.32371773 25.92823283
-105.60750245 -756.87249416 84.85526712
-45.97376148 -809.79458744 50.69018899
-45.98334558 -787.61377052 83.55055874
-105.94162848 -790.56476676 59.11264105
-19.22900076 -803.22758664 44.52328289
-39.88629349 -797.81109341 68.56758910
-139.97526770 -752.96837766 62.68565454
-90.53865357 -777.65595765 40.59904142
-51.29445909 -749.91666091 40.84952052
-96.45998824 -764.52952275 78.51774392
-51.76431904 -818.62001860 35.95457024
-121.66251183 -764.17157593 72.23737302
-13.43667358 -751.73244101 65.84001605
-146.80141359 -752.63329728 55.02442008
-108.98502277 -778.08651402 73.28434009
-100.22775335 -764.37785543 78.42792459
-34.00798174 -751.61270703 55.83835380
-54.70681742 -791.47029658 80.60803980
-76.18937176 -762.72561318 73.70427192
-41.75620769 -777.11037692 90.53884299
-31.16600310 -809.03582211 50.27423043
-106.20142158 -733.87749398 87.17719199
-34.19956777 -807.82292302 53.12536485
-61.63750706 -763.25395166 65.65316355
-98.27212308 -793.09311868 57.23636661
-59.52280000 -757.40520000 61.59281029
-52.85813882 -782.17356310 79.32489476
-40.19203772 -796.44912525 71.42288608
-109.14807168 -734.07852100 86.04024744
-131.37984132 -746.78222314 72.47705100
-138.08770835 -774.85596223 55.10023052
-31.47604425 -796.16183854 64.79259998
-119.11320913 -773.75904792 69.34048834
-58.06044642 -802.62594116 71.40011529
-48.10598672 -803.97443706 62.97123529
-61.21732663 -804.66369499 67.26824491
-40.02750561 -785.62232195 84.26160429
-128.12842649 -773.93141589 63.47480880
-94.01087679 -777.67270893 39.56786387
-104.90049032 -744.64500323 87.69270949
-63.17944769 -761.09164692 59.05830991
-97.99296028 -792.50837621 58.13560689
-132.80380967 -742.71072489 71.41973952
-116.77093385 -756.65731308 78.91294606
-143.39312222 -753.14553333 57.46807974
-58.21475610 -764.38465122 78.44163529
-12.17613186 -750.91838588 67.02976797
-63.01237000 -765.09006000 86.09706029
-130.56768994 -776.30407497 59.87037633
-38.06348333 -813.39115000 36.88226863
-63.42028024 -766.56334969 74.34128234
-50.74820000 -744.09616000 29.29149529
-91.17526256 -775.40283041 43.77525782
-64.03542857 -766.09414286 63.11099720
-56.37140317 -753.96296018 46.53580271
-16.17599808 -748.86515042 65.61540174
-122.28058906 -777.47017344 65.12586186
-63.03313605 -766.78777551 77.00312849
-59.12961656 -771.86723576 75.04574324
-87.76246361 -773.56040328 45.16435988
-19.80680607 -804.97237897 43.54868144
-126.00783588 -756.76838605 72.95824725
-105.54534364 -734.87170182 87.72433529
-75.88700850 -766.69432999 47.08270912
-102.81453815 -763.54545527 78.93973200
-34.23895383 -809.50281447 47.27107880
-61.49274286 -763.50324286 74.06897815
-100.05484782 -781.51376087 70.94126329
-43.03387743 -802.41784782 62.13425002
-124.28758324 -769.94735905 68.73057814
-29.90914778 -776.75613778 84.51486085
-94.21979387 -763.38843312 79.24341334
-79.84063917 -774.75553708 43.88714363
-57.00256761 -774.55976338 80.66289163
-28.85901784 -818.33978918 24.04439231
-60.02793732 -752.78647814 38.13801158
-67.56258793 -763.19939483 70.28389564
-116.07613791 -758.35731990 78.22495167
-39.75630856 -802.76266691 62.16298172
-52.19528947 -747.49210000 15.76979845
-59.82380000 -758.18353125 67.40269154
-96.32284286 -776.37450130 42.89497101
-50.16663543 -793.26869604 78.92771501
-94.65809948 -789.97338351 62.99394481
-134.15425868 -775.97930292 57.22609443
-109.10269441 -742.73174638 86.86247561
-126.82731094 -760.54469673 70.66748637
-91.00332882 -772.67720935 46.29347377
-108.63106456 -731.03164304 84.42614795
-127.00007385 -758.19262456 71.56781421
-56.58200000 -766.73930000 78.68133529
-123.99736009 -748.71386372 77.03493645
-57.30686986 -761.98166164 80.65763940
-99.37312034 -766.32948475 78.62385224
-58.82652500 -757.39780000 63.77056029
-36.27215000 -810.57436667 49.27866863
-45.99241448 -784.67415094 83.70810971
-111.62405670 -782.57916853 69.15302311
-41.61405000 -813.46625000 36.83033529
-135.71990620 -760.57941361 62.35264802
-135.30952144 -757.33602997 64.31849348
-91.86760881 -780.68887020 73.12860876
-47.53535000 -744.31845000 19.44938529
-25.80812185 -805.02457042 49.28315395
-47.85139667 -750.37588333 45.96049863
-60.51253556 -759.89452036 56.17108788
-131.95492436 -745.22647949 72.83351606
-123.64458161 -777.92075425 64.23437579
-56.00437263 -752.03128095 43.76184026
-23.53200000 -752.82600000 57.60393529
-48.89376779 -787.55170913 82.56762986
-34.83300225 -775.47158427 87.87329709
-124.46947979 -743.40444193 77.55549389
-26.97405443 -806.96649051 48.37415998
-126.60453101 -754.56317818 73.49508933
-105.68043439 -795.98651064 53.20342598
-83.04044000 -766.92912000 48.71145529
-143.49033000 -765.03632000 51.56760029
-128.04879425 -761.52171658 69.15158166
-89.76828387 -771.08220968 46.92616755
-106.21363468 -763.84161044 78.04369013
-61.30303085 -783.82816315 84.05846894
-45.75182762 -806.73688076 56.57903832
-116.41203889 -762.10948889 75.60121307
-43.40993334 -805.18468423 58.54341885
-103.23726271 -764.17606508 78.36170531
-96.32722560 -771.83702500 79.10311759
-37.11279700 -810.54071449 43.74203941
-33.61560823 -782.45416018 84.33266652
-150.22569035 -755.29682682 49.45457694
-37.33152148 -795.97315245 70.83842778
-118.33820000 -774.26540000 69.69733529
-97.33245942 -762.46904879 82.79610583
-124.43439116 -760.97769817 71.88699830
-45.15545974 -797.24676479 68.78461928
-41.64744412 -814.05065294 35.78954118
-79.10442442 -772.85983601 45.03463997
-91.80136607 -756.80569704 88.01845599
-42.31202546 -810.88183353 44.16078947
-60.91616976 -758.85096557 61.43985745
-25.39322215 -746.32853682 62.60350950
-123.92912048 -757.51442996 73.88353550
-96.78364351 -762.11314084 81.21410781
-59.42961000 -767.88753000 74.44576529
-105.86723995 -751.71751324 86.14045346
-132.58256367 -745.78643051 71.64147048
-26.54230000 -816.47184167 31.40781029
-56.91313656 -775.03509570 82.53120196
-145.40550084 -752.68969204 56.24827003
-103.01481197 -788.18535045 62.46849852
-105.36222941 -763.35936732 78.79697386
-51.99351074 -799.50240115 76.20398434
-102.48316386 -734.53385723 87.92686903
-36.98461345 -812.45130059 38.11821553
-57.30180363 -801.56536079 72.94279799
-109.64470061 -789.45502209 60.90609143
-138.06598910 -757.56232844 61.19980401
-84.13278522 -767.85456261 47.91276051
-121.28266190 -747.07885238 79.06885434
-109.11149147 -739.80526296 87.00307277
-51.00000000 -743.73782857 12.15720672
-14.98456746 -747.54746825 66.89825752
-108.97459861 -763.82799727 77.47029490
-99.86677022 -763.71207374 79.21599222
-133.12638980 -766.38504895 62.39350866
-60.14067717 -769.51471680 74.42730192
-94.08636924 -764.20695773 78.31809018
-127.44400779 -748.91178575 75.08056901
-93.75914423 -762.14448846 79.54992376
-61.99391789 -781.04563975 85.19051915
-90.87267985 -763.63843021 78.21805163
-90.46108710 -762.06888306 78.47894658
-46.20781927 -803.52818160 62.39036899
-87.78963500 -762.01283400 78.02079363
-65.67712857 -798.27240000 72.78514958
-88.02759656 -763.21869764 77.74780887
-32.76561176 -746.68268824 60.77230882
-85.12678162 -761.92674039 77.32360103
-85.24322124 -763.12869884 76.97612373
-83.96507222 -763.47628333 75.53799085
-62.50740000 -804.17135000 66.59978529
-75.25062737 -762.91563184 72.33483474
-20.12054545 -801.01835545 48.18963802
-73.98310931 -762.53914241 72.98533357
-72.40265652 -761.47480859 71.47053469
-70.15779429 -761.32634887 70.91360633
-103.14843960 -760.84936566 83.47364616
-69.88080141 -761.76557136 45.89554093
-70.85009848 -763.32582390 46.31632134
-120.41847079 -748.60896854 78.82684653
-69.15133191 -762.47926915 69.30525976
-124.85355569 -773.43283079 66.13436821
-60.97996307 -761.83088889 67.30273333
-67.70889614 -760.34056789 44.35798134
-69.93836400 -762.62170400 45.48400329
-66.27840065 -758.72192549 43.25497784
-67.99969855 -761.30852491 70.12819675
-109.22760844 -748.77059010 85.93351167
-130.08714310 -751.68190024 71.95259235
-64.50327003 -757.24238361 41.70300165
-93.63532689 -780.44716014 72.88653705
-66.79645741 -761.24422852 68.48584404
-63.27154360 -755.84018051 40.74774586
-69.79476686 -794.75463227 76.67140604
-61.13218545 -754.20079743 38.90051666
-66.35745000 -766.92554000 70.36519529
-64.01933180 -766.01635069 70.72645004
-25.81234904 -749.72723857 60.35060967
-63.59850937 -763.28030000 58.87734779
-36.36389622 -816.52765144 28.57644375
-50.19877531 -743.68043180 22.36892107
-63.83772500 -764.24217500 57.58328529
-107.85997077 -794.78607615 54.32110914
-63.12261647 -762.99378471 65.64496235
-58.71357778 -759.33057778 51.87379085
-33.33110000 -813.27290000 39.78453529
-63.02984331 -767.03586220 79.66105419
-97.09933690 -745.71182318 89.27629974
-59.31230445 -769.93396559 75.25658955
-63.01457400 -766.21814500 65.73680729
-49.02774864 -805.99017187 59.02592013
-62.08433881 -765.68686269 65.42465320
-57.17118043 -767.02623652 78.17972355
-63.25353099 -769.37248592 74.05186205
-61.51405487 -763.27320000 62.21713940
-103.24153908 -748.82112846 87.16119084
-61.56966761 -766.90144119 71.49093757
-61.94792500 -765.74847500 62.04621029
-61.59105942 -763.18754058 58.64292225
-29.09869167 -798.31615833 61.33118529
-60.92079661 -768.89732712 72.02636919
-58.25421964 -756.56642679 47.70028887
-52.93028402 -747.80880000 26.50950287
-60.60263341 -768.98452098 77.62170261
-34.27943398 -816.45122968 28.26866242
-58.78810342 -770.53056745 76.41823296
-59.65328333 -771.48526667 74.91958529
-58.05697554 -772.75446780 80.58168514
-147.69421400 -754.28201874 52.48194923
-100.25435142 -776.46495007 75.09393122
-45.90903682 -749.94110835 47.04331729
-34.47188514 -807.51987937 55.30573372
-46.02623835 -750.51678071 47.02191735
-93.33492967 -774.05884258 45.42036544
-57.51424842 -774.71397263 77.73508898
-47.08941093 -750.53115668 45.32989359
-56.32322857 -773.85041429 78.11932101
-41.78836341 -749.96041463 51.92870115
-40.15255344 -749.78533836 53.31901415
-40.37470673 -750.79586958 52.53847145
-54.24756655 -781.88655673 78.53935202
-54.89833324 -793.93942783 78.29079001
-112.69086676 -769.70304851 76.07212469
-54.04722800 -783.75114800 78.30818529
-52.71884340 -788.50963489 82.36274168
-106.41110000 -729.17186000 83.56581529
-49.85421073 -788.06483785 77.26778340
-66.55794954 -773.04464449 87.09143330
-45.54039091 -790.99658182 76.53722848
-43.22178615 -797.77545279 68.54845142
-49.90591452 -794.61174979 78.48994276
-59.01676000 -764.85757000 64.36854529
-57.73436317 -754.33724652 44.33355685
-55.57495300 -751.52971547 40.99289707
-54.96549298 -751.31724801 38.01009602
-60.77484706 -763.22612353 55.56944118
-57.44562845 -753.68563343 41.68272708
-53.88073253 -746.64977108 24.32842325
-55.11204338 -750.79627350 35.42792214
-54.31394709 -748.91317396 35.03691057
-61.54990649 -765.89906364 68.86113789
-20.34675000 -801.31820000 50.27453529
-60.41595359 -757.23953414 53.24298240
-19.88342355 -749.57730145 63.34278239
-62.95898383 -763.88077021 68.44831189
-61.28745849 -763.24892873 68.08272855
-58.14797270 -751.81017467 37.56051036
-80.12427823 -762.57323468 75.78294094
-52.99590504 -748.18950375 32.08400106
-43.63233333 -794.13346667 74.35626863
-30.27639810 -750.74651569 57.91031529
-49.15028483 -785.06701291 82.83181959
-34.36126462 -815.80063517 29.54066131
-45.03587088 -804.04641429 60.37876771
-65.56360000 -759.28060000 42.79413529
-58.63157991 -792.58970046 82.11059937
-138.20499735 -753.91542703 64.08415968
-62.30395714 -756.30535714 40.01804958
-58.59333846 -759.99571538 51.40844299
-59.20032018 -770.51685965 80.73369143
-59.45079167 -759.85639740 59.02440561
-120.66912670 -757.21296636 76.18180681
-60.77634930 -791.45666116 83.69506088
-58.40479248 -757.41808081 53.07351853
-60.14381731 -769.60603269 79.66100068
-133.78510000 -780.38687843 55.18215686
-57.35846401 -751.78430682 41.12304733
-60.72603273 -757.74211147 56.27727836
-58.02649173 -755.06016119 50.36710894
-57.58860975 -752.21999448 43.81111864
-92.29046572 -784.97997795 69.22215713
-128.65226667 -777.34962000 60.73017529
-63.74368081 -764.36406532 71.00509624
-61.07883538 -761.27531436 65.37752779
-93.69799174 -762.45871696 84.81304877
-121.63126554 -758.05431706 75.10508338
-59.70935294 -755.63211765 48.34904706
-31.00233238 -812.85490325 38.40304346
-60.85941715 -758.40956503 59.09781063
-62.84882217 -760.70717000 62.64381660
-59.89939569 -755.96076554 52.97904237
-61.81167544 -766.82384561 80.06709494
-67.62636139 -762.37555050 68.64196599
-64.87746149 -761.09770608 67.47952431
-62.03824043 -763.66436170 70.30773104
-63.12139118 -763.81725294 76.35912059
-126.68782316 -745.73073370 76.32296477
-60.75421043 -758.45003391 64.22999703
-64.46370000 -766.78600000 82.65563529
-47.19104938 -749.89836790 45.24624147
-48.74917948 -749.93184504 43.74607042
-46.60002878 -781.26432747 88.44136283
-48.93474992 -750.51690047 44.11443094
-56.71760227 -750.11056591 38.04658984
-110.33710000 -764.40540000 75.48757815
-44.33859327 -749.88307115 48.19648241
-89.26570000 -762.28360000 78.67553529
-76.73800000 -761.00108333 76.48033529
-59.41479091 -753.30750000 37.48916257
-53.90165000 -747.59455000 18.87828529
-26.03340000 -801.48320000 55.16943529
-47.76465833 -794.12581250 71.61051863
-54.84081242 -748.83537421 32.46744886
-138.90791245 -760.73471308 58.97629486
-47.93882989 -792.74914138 73.52493070
-116.36634082 -770.97016122 72.51409652
-144.66423977 -760.58517861 52.88603391
-54.12976505 -747.84917097 26.84550572
-56.25539880 -753.50589521 42.06412990
-22.02602030 -748.98716471 62.71621237
-93.44482162 -786.50507838 68.81786232
-55.25194737 -779.49378632 78.42125003
-51.50750500 -750.51523974 40.90898714
-46.83819899 -740.65855960 13.47577368
-52.92811419 -750.39216486 38.86030692
-52.40202500 -750.97565000 32.22641029
-137.29546805 -761.46619046 60.34522077
-132.06566561 -737.86078471 71.13890599
-34.39547059 -749.55461600 57.05598318
-52.29113621 -745.52461606 23.40550146
-137.17287443 -755.78142820 63.21108841
-20.00574268 -753.64811585 60.39261395
-34.39310872 -810.07744954 45.22266328
-47.97208000 -741.01937692 13.55317991
-50.90948095 -743.68267619 15.18816387
-51.30664253 -745.43898276 14.27802495
-97.07861893 -773.02728237 77.92607043
-51.01375013 -743.54122569 17.48104184
-51.23813554 -745.11435537 17.30303819
-51.36232953 -743.61567577 20.21118014
-47.04019167 -741.90721111 20.08134641
-67.13691717 -802.86294423 65.35655184
-51.14403607 -743.87428754 22.79663365
-50.10309252 -744.50865701 23.35417268
-53.99153272 -746.60911108 26.50793793
-108.20931714 -756.94279464 84.44276315
-50.35085000 -745.02977619 25.11951148
-54.09747669 -746.58827797 28.79235351
-52.81521266 -746.63556834 31.52092316
-117.65522687 -769.20587932 72.92939938
-53.92643958 -747.04211250 31.67164988
-56.76199302 -750.06304884 35.98803529
-36.85341929 -752.03001161 54.19866955
-54.66842613 -749.52973453 38.21209554
-59.80768462 -755.87823846 44.43104299
-60.03570000 -756.26160000 44.58843529
-44.87068652 -750.42474944 49.05465102
-60.16585000 -756.41252500 48.27158529
-56.04194043 -754.21658936 49.49375232
-58.50745074 -755.66545318 52.89320875
-30.59407090 -818.05744699 24.24571071
-56.05785714 -755.17761429 54.06561148
-63.56783878 -760.45978776 56.71046795
-58.76752879 -761.18710606 66.75834135
-51.89840514 -784.06779950 88.51514820
-69.47396721 -761.38731084 69.18944153
-148.06497293 -762.91280051 47.96068047
-75.94975875 -771.02356926 45.57743646
-106.24519810 -786.62574304 64.21195381
-59.36886154 -763.33549077 68.51962299
-48.99713746 -806.90460830 57.04332874
-56.14988125 -756.53281875 55.91446029
-59.26120000 -757.01300000 44.30413529
-47.82845714 -750.18597143 45.91753529
-49.09743548 -739.55071290 17.53526433
-44.49850000 -740.80440000 13.36503529
-47.25604706 -740.44293529 16.68358824
-38.96454000 -750.35638000 54.75219529
-51.94408182 -747.81935455 14.78082620
-50.33819130 -742.58138261 25.29090921
-55.17990000 -751.42640000 49.79523529
-57.69603333 -752.71362222 49.25440196
-105.98181437 -736.93239477 87.98531797
-62.47570000 -765.46370000 60.65693529
-59.84660000 -756.09370000 55.77883529
-38.93884174 -749.32941739 55.05948008
-119.33891579 -767.69999158 72.49976529
-48.52082014 -800.62998743 67.53329349
-37.23824539 -748.99716702 56.32397507
-36.26599286 -747.79279929 58.10389291
-35.20286829 -752.96481057 54.34392716
-31.54453867 -747.07967969 60.47041928
-31.10558213 -748.71828995 59.07651616
-34.07025594 -753.56315664 54.40955557
-32.14948889 -750.04996250 57.50164779
-31.16620000 -751.97092073 56.81675400
-27.67116386 -747.59057259 60.89790321
-28.30984892 -748.89712744 59.89630440
-31.12051481 -753.73392434 55.64336988
-29.93873120 -806.72725920 51.32080169
-27.89066618 -751.29284086 58.38638612
-29.93138000 -810.30930000 48.90693529
-25.02557189 -748.48057302 61.62140705
-28.47374626 -753.52496456 56.40868658
-25.12121264 -751.65825491 58.93305165
-30.95573104 -815.97795331 29.60845947
-22.05392689 -746.36685351 64.68665649
-49.27215840 -784.03140465 85.87044031
-23.36601818 -747.06122955 63.52981029
-21.20364639 -747.65425090 63.94133710
-84.89832979 -773.28319226 45.07528218
-23.87139545 -750.47825227 60.83105120
-37.77530895 -777.75379815 88.22820999
-151.04652372 -760.36667214 46.40569252
-19.14482604 -746.48327926 65.40024969
-21.77130191 -751.13100134 61.37619375
-105.90330948 -748.75666445 86.71387790
-31.08842400 -817.24060933 26.06090654
-22.47292353 -752.38099647 59.76476294
-18.91738150 -748.47991972 64.42310709
-15.42548850 -746.79859178 67.18664609
-17.98457696 -750.64383403 63.87964786
-20.32676923 -753.06007692 60.52125068
-19.17420090 -753.43718744 60.95682274
-15.88112851 -751.50077317 64.60233535
-13.84713829 -746.97005707 67.94673042
-14.11611860 -749.59270814 66.38366291
-9.35445238 -749.52816667 69.75564006
-80.66560000 -765.21500000 47.89603529
-143.44996447 -765.96031447 51.55416556
-38.15803684 -749.74705789 54.15593529
-29.23290000 -747.20350000 60.64488529
-29.83050000 -747.25030000 60.67583529
-48.83863706 -814.75567679 41.17379605
-73.36876446 -769.14764413 46.08955290
-73.80666054 -770.43054619 45.52436579
-73.21859310 -766.74620345 46.68982942
-73.05572819 -763.99105362 47.01413223
-82.02998388 -775.07186852 43.48935287
-82.15093764 -773.14659083 44.87163398
-76.29635665 -772.16459986 45.18060566
-78.30090909 -771.14009091 45.63819893
-76.29018329 -769.80382146 46.16893466
-78.84532358 -769.60718132 46.49589002
-87.88864517 -777.67045753 41.21394350
-88.24517632 -775.39837829 43.52187893
-140.56663333 -759.14560000 57.51513529
-135.35465392 -763.44233763 61.79163359
-85.24631021 -776.65569745 42.21620930
-83.03096986 -776.33036575 42.51764625
-84.99501515 -771.86706919 46.04959089
-49.95182379 -804.55058308 64.30181921
-82.10856764 -769.79061690 46.74246739
-82.14703949 -766.99618305 47.89082823
-79.80770662 -771.44032185 45.78075384
-78.61962218 -764.82300040 48.22451252
-75.83577126 -764.34569158 47.84909716
-77.99961864 -764.44895254 48.77451157
-140.96501406 -757.21520781 58.13324623
-92.20153333 -777.83356667 39.59504482
-91.13471983 -776.49874819 41.79057979
-103.27590798 -758.53482812 84.32795621
-93.76041637 -776.63904549 41.72439436
-95.93066250 -778.32785417 39.62275613
-98.82242525 -778.80993131 40.89647317
-91.10890181 -773.73779675 45.22126598
-77.16994314 -764.15904118 48.76687255
-153.26431005 -758.77641859 45.49522374
-152.90507756 -758.38357506 46.04903480
-148.90137463 -760.94159673 47.75368412
-109.14960036 -776.03715588 74.76826293
-148.55606721 -755.17465764 50.87373588
-147.33049325 -760.51181346 49.80796587
-41.69598333 -812.55107708 38.75649154
-147.00883839 -763.17875393 49.13623303
-96.22877524 -753.90404075 87.88936194
-146.23706201 -760.93664568 51.07920107
-144.35082622 -766.25545960 51.17917713
-146.75345735 -756.75480294 51.84865735
-145.69352365 -755.17446390 53.78428340
-143.81444706 -767.21735147 51.82299314
-142.28128824 -768.32790588 52.98404706
-143.15502646 -761.00965619 54.18500457
-61.25524483 -766.31636322 83.49191748
-142.28087476 -757.73253213 56.28369657
-57.46687968 -805.01555517 70.19882852
-21.94841316 -802.95797048 47.31316593
-141.72224981 -760.72985019 55.99533001
-143.04902154 -755.15553726 56.98155116
-143.90847700 -752.46650798 58.12504985
-142.70617666 -752.64692738 59.45887218
-139.71809392 -763.81965229 56.57604737
-109.15757714 -736.80585143 86.80277399
-138.36510633 -776.29190077 54.23440324
-26.77592000 -804.04098333 51.38944863
-138.13334570 -778.49994139 53.63729920
-140.22967661 -761.47616659 57.32884264
-137.70692000 -780.36361000 53.32159529
-138.06392717 -773.58314340 55.60361190
-64.06900644 -797.67473802 74.67643275
-137.19590935 -776.73476043 54.49987630
-140.89543129 -753.56839184 61.12026863
-140.01740134 -755.33502550 60.13662909
-138.28510121 -763.26884422 58.60209348
-28.89612125 -816.05289744 30.04520892
-136.22489198 -772.94645465 56.80442009
-24.67018601 -800.20253379 53.45671537
-135.95248942 -775.53078409 55.78965226
-20.70477500 -801.10161000 48.41546029
-138.99098695 -754.68660702 62.13258490
-137.35662667 -767.03155333 57.51445363
-135.30039930 -778.37995221 55.34234181
-136.28387704 -766.28474794 58.97668763
-136.77656696 -763.92734198 59.83337139
-121.31656401 -751.75587499 77.51790727
-56.19950000 -816.37490000 40.11933529
-135.40818795 -770.45249069 58.94324701
-135.31591654 -771.75775186 58.19641968
-134.29189106 -773.69897642 57.40445725
-30.63249601 -810.42334247 46.41114963
-132.70689452 -775.79708053 58.75346165
-133.88291118 -764.07260734 62.79076635
-99.91668844 -758.75160305 84.44133870
-131.22531675 -779.00816492 57.36764681
-65.16671032 -769.14174413 87.99987373
-36.92181549 -810.02846431 45.08393087
-134.33575683 -761.10141494 63.31562819
-133.56537414 -757.93773240 65.63829516
-132.87106730 -760.68200662 65.10710573
-132.52940776 -763.60751395 64.42171253
-131.43651864 -773.85482203 60.52169462
-131.76303333 -772.16050111 60.87122048
-130.38128561 -772.87212925 62.28530710
-134.27419847 -755.83960077 66.29736901
-130.74058186 -769.80947291 62.57240094
-129.47821042 -775.19537908 61.45170043
-133.57641090 -755.64052705 67.32556017
-132.08147512 -765.68013498 64.04898529
-130.78683427 -767.22841961 63.25445518
-129.97328624 -766.35524516 65.02527484
-128.31501316 -777.62736776 60.42734977
-128.46410556 -777.12662222 60.60879641
-129.24464032 -772.04550428 64.14332761
-131.80390417 -759.77703333 66.81252141
-130.60137825 -758.21514509 68.65746579
-129.36001932 -763.71375171 67.25212678
-125.13782819 -752.40638621 75.40736040
-128.87422211 -765.61592362 66.96393379
-126.21357930 -774.78424846 64.13330093
-131.80200324 -743.07561012 72.92695513
-123.93007684 -775.50715214 65.26899018
-124.77236583 -777.93822750 63.51028113
-130.12692801 -745.81998881 74.06730778
-108.91748690 -779.41976383 72.08057817
-126.24980430 -769.53754091 67.41888856
-129.58915283 -748.46585889 73.54864695
-124.92559671 -767.15528459 69.24045206
-126.96262965 -751.84080207 74.32452067
-128.38550000 -753.17050000 72.66763529
-126.00904386 -763.50074354 70.01760882
-124.04118393 -763.70060695 71.16261216
-121.95570204 -776.15443743 66.06404335
-95.17432537 -789.06540597 63.50886440
-123.66402629 -766.57282735 70.40596507
-121.19358800 -773.01747883 68.62841684
-120.82481432 -774.92874379 67.58912876
-35.72343810 -807.34922857 56.38815910
-128.36811250 -742.89615859 75.48351068
-125.06665490 -758.73911814 72.34580515
-127.13338942 -742.96889064 76.37522645
-123.06133714 -768.99683445 70.01600218
-108.62715046 -731.77893578 85.21933438
-124.44212188 -755.02339269 74.74155947
-123.14807924 -760.18848055 73.05414091
-59.78508043 -764.94460435 81.19635051
-123.75974974 -751.70163069 76.41439662
-120.13692995 -771.79946570 70.06798360
-109.46047000 -792.48872000 57.92887529
-122.39322500 -762.10138333 72.59690196
-119.13960277 -774.58771827 68.94267884
-116.75471111 -762.53600000 75.77302418
-124.02631118 -745.79309295 77.49205749
-121.09706781 -760.75731354 74.16615027
-118.21594673 -772.44360998 70.71901533
-118.43768408 -769.99999166 72.00286045
-122.34086000 -755.90178348 75.54440312
-105.76335450 -760.60916120 83.49821664
-121.27514933 -754.71731990 76.73442652
-27.87446815 -803.33677505 53.35996464
-118.12664196 -763.71493392 74.37044284
-62.69298889 -770.72461852 84.38064270
-105.93837604 -776.24750386 74.98963629
-108.96590136 -781.26088711 70.51377314
-121.43333612 -748.85466936 78.00794557
-122.00855866 -746.27459638 78.03378594
-118.53541412 -761.46895737 75.17055162
-41.91014073 -811.61627723 41.64489179
-119.57690000 -759.23390000 75.66753529
-116.21121466 -771.95966207 72.26011202
-25.50609039 -794.61880271 61.52960263
-118.10973816 -757.74324598 77.30368612
-117.78346025 -760.34201335 76.30291849
-118.57768282 -754.87676125 78.09462264
-114.84416892 -769.73195517 74.30846066
-118.97508393 -751.89889010 78.41867633
-115.15786791 -766.77415237 75.00781563
-119.40286566 -749.80952626 78.50598681
-92.51800000 -750.14205000 90.34831029
-115.07778942 -760.94064755 77.48803957
-114.53024820 -763.40222868 76.16024212
-118.37220000 -752.09341070 78.90486629
-53.19582602 -789.57531951 82.09035481
-97.40136984 -788.72306256 62.88213597
-117.28927214 -754.91899398 78.91690050
-106.15598515 -784.08443257 67.42772451
-113.26259798 -772.37422125 75.33341118
-115.60976463 -757.81813391 79.10443064
-116.48495000 -756.06551111 79.30251307
-113.40197367 -770.16807038 75.50733479
-65.65213333 -770.49620000 87.61617696
-113.92849886 -766.16331745 75.87139524
-112.83672850 -766.73776741 76.27770980
-114.26082135 -759.72140769 78.86211645
-113.05497605 -761.57285310 78.20762785
-113.16862706 -760.68905642 78.82424080
-119.21072200 -749.83094000 78.88796929
-122.96601849 -774.54278571 66.85402773
-59.70100000 -779.04460000 78.48093529
-57.82270329 -778.91363977 83.34829750
-125.89728684 -771.57836316 66.76641161
-128.77282203 -759.53155254 69.96398953
-134.86285556 -760.00385778 63.92052529
-134.73753000 -780.39593000 54.73634529
-140.71898866 -766.83677320 54.81605282
-146.69090000 -753.26790000 54.67833529
-149.94951351 -756.42512703 48.78487583
-152.96302881 -759.61425763 45.79537089
-152.39343333 -759.06173333 45.63590196
-119.92861136 -759.64582727 75.79745348
-131.61225000 -741.15075000 72.73561029
-128.26317059 -741.00792353 75.80334118
-131.65173333 -750.27773333 71.10566863
-63.68763312 -798.63130990 73.24490072
-125.90319667 -765.67423333 69.90470529
-113.76455333 -768.53730667 75.81036863
-124.38649091 -762.96104545 72.82868075
-113.66670000 -772.69230000 75.83453529
-128.63310000 -743.77835000 75.97828529
-129.01400000 -741.09546667 75.77690196
-57.48707038 -809.44322614 53.07892138
-56.67864583 -808.13576667 54.89847279
-37.24644000 -810.25836000 45.78401529
-58.16119299 -810.43027006 51.92111428
-54.95621776 -807.90761696 55.71092674
-54.54867352 -807.01510978 57.11406055
-51.18637822 -803.31411751 65.80331957
-49.12066336 -801.50680138 66.89010073
-49.15947871 -803.05012898 65.29639398
-51.98750201 -805.59320178 64.59528630
-51.94758337 -806.28492580 58.99891665
-53.67490588 -807.08969412 63.84590588
-53.15326429 -807.40052054 63.90360583
-53.16266228 -807.53148323 63.17265386
-46.07968838 -800.03512383 67.71088869
-51.87332368 -807.01747400 57.19427687
-47.87133810 -801.14937619 66.57189244
-52.03106421 -807.79429292 55.85898716
-54.78118943 -810.54822923 49.66967661
-57.00602897 -812.00119624 47.01043376
-55.56055085 -811.93989444 47.18275600
-48.94510033 -804.74750295 62.02146818
-57.17992296 -794.90959643 77.95728249
-52.15731410 -809.10253927 53.18806452
-43.45837969 -798.73067260 67.34009645
-40.40716818 -795.43950142 72.77266939
-56.89961250 -813.38918250 45.11323529
-39.67015324 -795.06782338 72.89201983
-43.06917230 -800.07110522 65.36300494
-92.27703888 -781.85599028 71.77420613
-52.20736654 -809.99789777 51.23472526
-29.27262857 -780.43890714 84.13526387
-55.11653409 -813.07774838 45.30771451
-38.90531905 -795.15715714 72.55002101
-36.74360396 -794.83814386 72.11125009
-43.77502764 -801.56217562 64.10995455
-46.69154906 -804.45918255 61.18031886
-49.16472030 -807.76763543 55.65753553
-51.97719331 -810.71699447 49.99711076
-40.18173976 -798.57171569 67.22384667
-39.88815977 -799.66934333 65.35320627
-45.93803341 -805.30177748 59.21383063
-48.96365070 -809.05804881 53.13940686
-42.06089140 -801.13005699 63.49276863
-37.07053480 -797.25720041 68.17570931
-54.75113908 -814.95969407 41.16506509
-46.29541350 -807.60049233 55.32073654
-48.72566948 -809.92581939 50.95339064
-51.93026011 -812.84598777 44.80743689
-35.05894855 -795.47561082 70.06962738
-70.75900315 -797.75888917 69.04435445
-36.94658929 -799.26322585 64.81736658
-52.08023377 -813.70119670 43.40279570
-36.32783656 -797.95461392 66.25026478
-49.04703220 -811.57879381 47.13751837
-54.51579563 -815.93669126 39.26488568
-52.28030535 -814.93170509 41.21271444
-54.68042130 -816.96370811 38.06004420
-44.35545642 -810.62003514 49.38586333
-33.33973785 -795.02745521 69.22702696
-61.16196829 -800.66089053 71.93797972
-39.69119524 -801.47499286 63.76896625
-40.40906170 -803.74727872 59.73879096
-30.79037577 -794.93971490 68.15165152
-49.14470143 -812.72645829 44.75847701
-37.54671905 -802.35054270 61.89065384
-39.91571908 -804.64936657 58.41306849
-42.46168154 -806.93313203 54.00595694
-31.19687761 -810.90830200 44.17082816
-43.32070951 -807.88638198 53.10859183
-31.67035450 -795.64692382 67.44676545
-40.25950964 -805.95538736 55.95712124
-105.84519197 -769.61871037 79.16597740
-49.22789400 -813.61891695 43.42198002
-51.95331915 -815.96436242 39.21460948
-51.73571152 -817.04022608 37.87385336
-33.97466618 -799.92784846 62.22485658
-36.34951922 -803.43023154 60.02784044
-39.96133973 -806.90312172 53.90696758
-46.07183272 -812.66475904 44.62633701
-29.02468350 -794.75016723 67.22820228
-32.83083151 -798.08324863 63.49416132
-38.20870733 -804.57878132 61.04728584
-34.87441579 -801.52693821 60.96028793
-28.99398763 -794.89558428 65.86106305
-94.18216222 -778.83474903 74.22886663
-105.94218236 -772.65703168 77.30503795
-30.08472808 -795.10304498 65.06969169
-31.51146597 -799.05937213 61.50291645
-40.04211946 -807.53578261 52.63120177
-48.97515434 -815.86379454 39.08103431
-40.17809774 -811.44855883 41.12641152
-29.23838077 -795.38336154 64.54786222
-33.95137719 -802.70963271 59.20159558
-37.36082762 -806.18161396 56.16458661
-28.34229612 -796.38577378 61.62267314
-44.34050313 -811.49975117 47.55527436
-46.60135146 -814.83745122 41.26578510
-62.93149808 -795.32652885 78.80656991
-52.02357513 -819.80044539 34.90292001
-42.15473116 -809.43293664 47.16415210
-30.81051852 -800.21442590 59.69740161
-40.09122453 -809.38491264 47.10588082
-34.95248507 -804.64695784 57.99891752
-31.81401803 -801.79564936 58.64248885
-49.83428038 -818.56450585 36.20478633
-41.97847458 -810.02014576 45.18983826
-29.60460000 -798.22550000 60.63303529
-28.61038028 -799.02359917 59.07397445
-37.21382791 -807.63012817 52.55108394
-26.06216780 -795.51198136 60.99229236
-33.15851434 -803.83870233 57.24196088
-36.91442317 -808.35016684 50.37351003
-40.10732715 -809.97648533 44.89033132
-108.47107082 -791.96514669 57.47516292
-40.35281549 -810.56391522 43.67599639
-29.48710000 -795.40664444 68.15394641
-24.92659475 -796.34966843 59.12969430
-30.87257124 -803.05784096 56.41002048
-27.65547966 -800.17702154 56.71524576
-29.75161818 -801.10651818 57.55220348
-46.95481653 -816.03528686 39.38355055
-97.84014728 -791.18384699 59.54526072
-23.05067268 -795.00116694 60.17437983
-37.27069793 -809.35417918 47.27567900
-28.74026127 -802.07565921 55.68294001
-23.07814964 -795.76023314 59.16073430
-29.79341864 -804.04028644 54.41413868
-31.81073443 -808.15183656 52.39866041
-28.79458561 -804.87078140 52.36556991
-40.18768636 -812.46616691 38.33374480
-22.54076667 -798.56244444 54.97382418
-25.72057120 -801.93426748 52.79492371
-37.24505166 -811.32376171 41.32456403
-21.77302991 -797.77550693 53.84238959
-22.53187869 -798.90708164 52.81862611
-27.85442345 -805.85460174 50.31847018
-40.92947143 -813.37666000 36.92205958
-41.59170000 -813.22800000 36.50303529
-33.95050357 -810.71204661 43.89861634
-98.33195263 -753.03070877 87.59671512
-39.86120979 -813.98973641 35.14222015
-20.04931520 -797.96494657 52.60619167
-24.64554355 -802.96762402 50.42093241
-39.19790452 -813.09372429 36.35436919
-21.86495770 -800.35407564 50.40016810
-28.91475417 -808.01829263 49.32983465
-67.02560482 -769.81348836 89.17353151
-34.02139161 -811.66504577 41.23702588
-100.18297734 -793.54445415 56.03557201
-22.67064769 -802.04450275 49.34296536
-37.05798493 -813.00065809 36.11544026
-37.40623491 -813.81549754 34.74867376
-27.52040483 -808.25414362 47.82874099
-34.21358473 -812.57681844 38.34105222
-29.13900673 -810.73631097 46.86152881
-30.94930531 -811.97627157 41.11006256
-23.85267368 -803.96911053 48.34323398
-36.83723569 -814.94232768 32.02302443
-25.62578386 -808.06471269 46.39401764
-34.40338540 -813.10236934 36.25784989
-58.07317050 -763.59511399 80.18206369
-22.88937327 -805.22145058 46.36309202
-28.47566843 -811.65738207 43.85834084
-33.77001264 -813.73245170 34.93479738
-96.77879119 -787.23729468 64.97318207
-28.47463022 -812.36290736 41.20116596
-34.24346130 -814.61627340 32.24933445
-36.63813108 -815.76891921 29.96657163
-24.43844318 -808.80695453 44.80278115
-20.94609851 -803.83068955 45.26215818
-21.66185794 -805.86920327 44.69317416
-30.90857676 -813.44796474 37.29432167
-105.74557855 -754.68494797 85.38046338
-31.30632809 -813.90863817 35.27593410
-27.95967467 -813.79114245 37.93424674
-31.09672459 -815.11378306 32.23086433
-111.59919468 -743.03173146 86.14352461
-33.72300912 -817.15085290 26.55026474
-18.75298202 -806.05015763 41.76502179
-26.48380000 -813.30982500 39.76111029
-17.38486923 -806.39231346 40.97457760
-18.89289710 -808.26520269 40.56680731
-101.08266834 -749.42158920 87.49874535
-28.19185780 -815.67394272 32.27765264
-26.47392830 -815.24123962 34.59746360
-17.34330280 -807.82771308 40.13783249
-27.99840692 -816.71480485 29.07036145
-26.42869821 -815.89146964 32.58384422
-18.20227586 -808.74754655 39.47780771
-93.29411274 -783.63564360 70.00661305
-28.68577293 -817.41347490 26.34369832
-111.03036242 -751.65378102 85.35434447
-17.36910000 -808.68117273 39.50236257
-27.13771304 -813.40946087 40.09982225
-109.32075948 -782.66066942 69.19092308
-17.57180000 -804.36820000 42.67323529
-41.67973000 -795.65469500 72.81324529
-50.62875000 -801.16940000 67.09193529
-63.85219282 -782.04722046 85.57523594
-42.47810000 -798.30825000 69.87398529
-38.44080000 -816.38150000 30.79733529
-53.71397647 -807.41018235 63.91852353
-33.17217053 -813.39293789 37.04247950
-32.99118125 -810.30400000 45.81053842
-106.55705500 -789.08441300 60.47159979
-20.64533333 -806.97750000 42.61290196
-18.08227143 -804.15594286 42.58254958
-23.64468571 -807.15851429 45.54543529
-41.75756667 -804.50940000 61.63863529
-47.40375161 -801.31463871 66.79449013
-99.87702706 -745.70719812 88.32522093
-29.63083333 -795.18720000 63.63076863
-35.24981279 -786.64565814 83.83008181
-111.46560052 -745.52483417 85.89532357
-108.71991694 -754.10908051 85.00778054
-110.98994304 -737.00895098 85.76521274
-108.27510690 -755.60668966 84.61605254
-109.66892500 -732.43255000 84.60498529
-107.15130000 -756.18150000 84.64643529
-106.47053039 -730.00417402 84.18351324
-105.03045701 -762.49229065 82.63823296
-106.82937090 -735.64624021 87.57741360
-107.42327010 -740.71954330 87.60447447
-106.82648589 -743.09133973 87.50509235
-105.92300188 -739.74087712 88.08321795
-103.00170263 -757.15749170 84.99422482
-103.13823256 -754.71010091 85.78886465
-103.16365813 -751.72733304 86.60216560
-103.60275105 -733.94932138 87.29979430
-103.67269718 -735.43146408 87.62360642
-103.19096205 -736.89301697 87.95324077
-102.72546548 -745.48534929 87.94284837
-104.00367965 -746.20337874 87.50099743
-103.24166631 -739.81987112 88.38224271
-100.42030135 -763.02182655 82.87938235
-99.99980858 -760.65665727 83.51566497
-101.96385479 -747.54814932 87.72831543
-101.04942629 -737.13483843 88.35974709
-100.30775505 -739.89425591 88.58744266
-99.60507810 -748.62077695 88.10589434
-104.55770000 -744.20050000 87.65893529
-99.07158472 -751.06003656 87.83915805
-98.30699603 -758.97197103 84.39212815
-94.59755714 -743.34805714 90.79471387
-97.23063426 -757.85610131 85.92376527
-97.61299422 -754.98472040 87.08853570
-68.36981097 -801.10210774 66.49443787
-96.20871535 -759.66166123 85.06887116
-97.21385592 -748.78192993 88.80714733
-94.07307022 -760.45523512 85.24056043
-94.79386587 -761.42854306 84.30899629
-94.00209946 -757.82041491 86.77828112
-94.58542321 -745.81564208 89.78459265
-93.80600698 -754.55614341 88.08647350
-92.92753333 -756.42397963 87.72506122
-92.03916972 -758.17439042 86.80995151
-92.10237308 -760.14451449 85.49247733
-91.99548068 -755.78313128 88.28393512
-92.46931429 -761.41804286 84.63393529
-59.20281169 -779.05619740 85.28011322
-108.61011444 -793.29219060 56.33362270
-110.84557063 -790.48250066 59.76569371
-109.05547909 -790.62371815 59.07516704
-61.09081607 -794.18829691 80.37084735
-111.27529526 -788.07705934 62.64225510
-110.91825789 -789.56450316 60.96344003
-106.13170746 -794.90757647 54.33074376
-111.32338849 -785.58584689 65.77755447
-108.96972026 -788.08511092 62.43297615
-104.85389600 -797.28578000 51.43330529
-111.05487054 -779.38003466 71.72525609
-102.95810193 -797.74508396 51.25152556
-106.10888639 -792.04923306 57.51323918
-58.31535000 -765.83021818 79.77102090
-103.14704460 -796.41164517 53.09791612
-109.07086515 -786.71149354 64.29230500
-103.01249231 -798.28557308 50.71100068
-103.08016210 -794.90492229 54.42222477
-106.06440811 -787.99222486 62.21025185
-111.22369005 -781.34330952 70.16406336
-101.43556491 -797.66638246 51.46520898
-102.94567092 -792.04632231 57.37596737
-100.92069502 -796.11054857 53.51988652
-111.44473689 -776.52358596 74.22584606
-111.38417007 -777.74846859 73.33108096
-102.38497500 -792.39316875 57.96135404
-106.13007028 -782.62909192 69.04138064
-102.77180225 -789.54107807 61.04498566
-100.74823976 -792.07323253 57.48064132
-100.13319379 -791.01783212 59.24174067
-102.94803433 -786.78646818 64.40002886
-106.13861403 -781.17660996 70.83679146
-103.44625950 -785.59847908 65.74819366
-110.06108333 -774.12888333 75.60323529
-106.36841889 -779.72991952 72.17822705
-100.04986232 -789.65550924 61.32769824
-99.05715676 -792.37578649 57.96506683
-108.65263865 -774.62026292 75.94953191
-103.04076763 -784.10962058 67.67914280
-100.14508227 -788.53286000 62.79559245
-105.97756877 -778.25763630 73.50548210
-103.14148616 -782.71945522 69.20168187
-39.99276733 -781.93693978 86.14200777
-108.40524946 -770.72874388 78.27404058
-100.14229425 -787.10479600 64.63611352
-105.85371274 -774.81971051 76.10558695
-97.18558836 -789.75741734 61.66497452
-100.18125779 -784.36174316 67.97655647
-107.95372545 -770.09200982 78.85453708
-106.06024293 -770.77702207 78.37538535
-103.20700950 -778.20990689 73.63878746
-103.36476111 -776.41420295 75.07380702
-100.59839202 -782.93259534 69.37867557
-103.17249342 -774.96752876 76.12105831
-103.25382269 -772.75383962 77.41727430
-56.33454038 -788.96309808 84.79742183
-96.84452471 -785.95662572 66.34890850
-100.13168315 -779.88005443 72.38093288
-99.88741281 -778.46109843 73.70777836
-97.12326662 -781.67208962 71.13490880
-100.15145936 -770.41324857 78.33621048
-99.60845000 -780.30192500 73.78118529
-100.30396048 -769.03717827 79.10711555
-97.41218111 -780.05887049 72.48225739
-97.05628907 -778.71947225 73.85096604
-97.23287490 -776.82690848 75.34604256
-93.88160205 -789.44334710 63.86050458
-94.93570466 -783.12711356 69.51100224
-94.16749823 -781.86124817 71.25299167
-98.20456182 -770.92245227 78.53484075
-61.14378478 -803.28774606 68.64193020
-95.24533478 -780.15038696 72.54990486
-95.04807584 -777.08287651 75.54067690
-94.11840282 -775.74334421 76.88254802
-94.30417178 -773.80730758 78.29513851
-94.41263377 -772.56956587 79.41621383
-95.27384760 -770.90224428 80.41216149
-93.37192186 -777.41229774 75.86381117
-91.63832714 -777.85405286 76.32944286
-108.49150000 -795.40045000 55.28368529
-99.54597500 -795.30675000 54.72282904
-96.15099083 -780.37899000 72.79999029
-110.62915000 -774.91505000 75.70178529
-95.74180000 -777.25585000 75.68628529
-71.89881259 -797.23080874 69.07923390
-72.92120911 -803.33563229 59.25185920
-72.03917827 -799.98074487 64.70742010
-72.60785210 -800.88258156 62.90801465
-72.42675355 -801.93282596 61.57643429
-69.51257418 -795.59561133 74.96584467
-69.89991067 -797.07658933 70.70767369
-69.59640421 -799.28434830 67.84381535
-71.66140000 -798.57868000 67.00047529
-73.31104333 -804.45663167 57.32239946
-69.11522250 -795.37363417 75.89060696
-72.23370142 -804.42963149 58.42606803
-67.30072243 -794.69713302 77.71608958
-70.12461690 -803.04921665 62.30567408
-69.49958076 -801.86602198 64.53829424
-66.59697392 -795.60980949 76.55266339
-71.12594009 -803.92383028 60.13132876
-67.62258571 -797.62067332 71.95596921
-68.83609294 -798.42051294 69.84450588
-70.62032572 -804.59613775 59.70126360
-66.69642672 -799.08546799 70.77357964
-63.11721778 -792.11842222 82.58884863
-65.88575455 -792.18403636 82.16028075
-65.82703468 -792.63495766 82.06064295
-67.46923840 -800.39632242 68.30313574
-64.76438814 -794.97093923 78.32075370
-64.12323924 -799.95091197 71.18921412
-63.94956349 -802.48479357 68.08596351
-61.25296330 -796.55425649 77.21185262
-57.89101709 -791.07883135 83.21053001
-61.39689031 -797.92139847 75.00354519
-64.48064342 -804.80463184 65.04811301
-60.85988366 -799.17203746 73.74801497
-56.92551136 -789.09624318 84.88699439
-62.26455000 -798.94785000 76.34231029
-60.66643071 -801.90917764 70.47668459
-54.66373523 -788.87963920 83.64382564
-56.41513158 -789.36574737 84.74118793
-55.46770828 -790.38300126 82.79289066
-56.69993529 -792.02121176 81.53892353
-55.71281157 -792.87346006 79.79972268
-58.20206205 -799.92974531 73.94561469
-61.89094070 -805.08510452 66.47358957
-59.05740071 -800.97908377 72.37151642
-55.22173794 -796.78375989 77.17152007
-52.52149251 -790.86995660 79.52984179
-57.24675108 -798.40982944 75.77601971
-53.90815319 -791.88915691 78.59379487
-59.46182793 -803.33346306 69.46190647
-55.29955382 -800.13927277 74.79923317
-55.42922074 -801.97759829 73.24495071
-52.74123235 -800.69769922 75.45949564
-59.81065259 -772.20229310 80.75773271
-50.12038813 -796.42478006 77.98868446
-56.08268477 -804.75093514 70.81089328
-52.13238263 -801.59522118 75.28573892
-51.44716667 -801.30581111 75.69907974
-59.60340000 -790.46720000 84.76783529
-65.48418571 -805.33470000 63.62140672
-62.80565312 -804.36632188 66.79014154
-50.50491818 -792.04239091 79.44154439
-51.63236615 -784.71215246 86.15588790
-48.15026459 -781.62323040 88.74067967
-48.95758750 -780.83248750 83.79449779
-50.41060741 -783.88633333 87.94974270
-48.40728905 -782.80640489 86.97444666
-45.13946382 -779.60919756 89.13368895
-45.98312019 -782.58614845 86.56144783
-42.89098172 -778.90685708 89.32685305
-46.06726575 -783.45069969 85.12344187
-43.04335614 -780.72652855 88.04950866
-43.19222346 -782.27783024 86.53483921
-48.35869720 -789.44274206 82.38887782
-40.25291367 -778.75437607 88.51620893
-42.77454416 -783.95665331 84.95794456
-43.41390824 -785.11653051 84.29362303
-41.20755628 -780.57534233 87.91037902
-36.99765833 -776.67349077 88.30705669
-41.01800000 -776.97257187 90.38621342
-39.34623036 -779.95252679 87.54358976
-45.07797500 -789.44153750 83.17538738
-35.85721338 -776.87811274 87.41372447
-43.24215533 -789.76844158 83.38172666
-34.04294200 -776.27730356 86.82491790
-34.24606646 -778.88412252 85.88101594
-40.30262833 -787.36157120 83.52437823
-37.75295660 -783.81787303 84.89007687
-34.43134577 -781.13135636 85.11073685
-37.17463576 -785.18420115 84.21593179
-31.66640000 -775.31120000 87.78653529
-31.85660243 -778.39624924 85.00632557
-29.76938182 -774.13078182 85.28268984
-37.15384582 -786.87721237 83.61321291
-35.68095294 -782.95985294 84.62215294
-29.17687619 -774.00079524 84.92742101
-34.36455683 -784.03929155 84.06509329
-27.23086067 -773.73641042 83.73518521
-27.87784735 -775.70356015 83.66969593
-31.49492470 -781.42047568 84.03808319
-31.84811111 -783.36501852 84.36638344
-43.53576667 -777.43060000 90.73820196
-42.32397015 -776.84872388 90.91350694
-41.36990667 -776.50264000 90.80508196
-66.01667121 -782.89457348 86.05467696
-64.48680317 -783.97247498 85.00563814
-63.55530263 -784.51780548 84.46620043
-62.82605000 -780.08543889 85.97191307
-60.79700000 -777.09628333 81.02961863
-60.98991760 -779.67758964 85.54368884
-60.61821667 -777.34871667 80.93721863
-62.69682000 -782.55080500 84.62008529
-60.94387523 -782.04852967 84.20637057
-59.94311919 -780.03838081 84.28806661
-58.25602761 -781.31133343 83.55231260
-59.28687692 -783.68036154 84.10956606
-55.29432397 -774.68273672 82.61500095
-56.51451429 -780.85678571 83.21645672
-59.42350000 -779.02860000 78.67193529
-59.51680000 -779.09410000 78.60373529
-59.93455000 -777.18445000 85.26528529
-56.80662886 -773.63599530 82.66607892
-54.71135367 -772.72531180 86.08310157
-55.45905560 -773.67514702 83.52310178
-54.14092986 -771.63770139 87.89741793
-53.44836636 -772.68527636 86.43992802
-56.36633000 -773.29340000 81.08866529
-53.52498000 -771.77480000 87.75129529
-72.82543540 -772.47414181 91.70643718
-69.94390814 -770.51756352 91.20005614
-70.99530771 -771.84939362 91.12088237
-71.85790227 -773.19859318 90.51326257
-68.97238608 -770.70381845 90.29805762
-66.48125000 -767.40399886 89.19623120
-67.51951853 -772.32153081 88.45949817
-63.66208293 -767.00670806 86.75449511
-62.01817512 -763.85844178 84.94694985
-61.04652776 -764.53986555 83.84805402
-64.40247197 -772.12926445 85.82653857
-62.15116279 -766.43556977 85.22607638
-61.34007758 -769.99904795 83.23611353
-61.99987851 -769.02465124 85.12895017
-62.29690000 -768.09135000 87.72123529
