-33.50413333 -749.58380000 127.16668333
-25.95272584 -673.13387327 154.95990912
-32.22791292 -729.62761742 113.68545843
-34.74083819 -730.57602203 113.93566107
-40.64087622 -742.74551000 18.00536067
-45.32130000 -755.39305556 58.57267222
-32.06552967 -711.56768676 137.70446340
-34.44296496 -769.55123445 176.83325861
-33.23955556 -743.34897778 90.98849444
-33.44490000 -749.59750000 128.19455000
-34.08795000 -696.81951713 151.67134663
-29.55822789 -707.96267483 139.82457993
-48.33804667 -755.27198000 64.42284333
-37.38890792 -745.30998812 32.88510499
-23.06897677 -709.82028710 138.68102452
-40.07577092 -765.36054566 171.06819337
-29.60366567 -791.77846269 202.01845896
-31.16200168 -672.93507542 158.12336480
-37.99167559 -746.94364214 39.04687977
-29.15888750 -735.50271442 107.81225577
-35.92273112 -734.93714855 107.48528568
-37.45209624 -745.49686992 89.50528459
-26.02521356 -652.27874342 159.07956226
-42.47453810 -753.02671429 52.03195952
-39.52217143 -746.89286667 53.83154048
-29.74498772 -734.19024737 108.93564825
-31.44730864 -772.14827878 185.47557083
-40.68856526 -750.88270031 48.00227445
-34.73725943 -774.21646179 183.39821651
-36.11464478 -728.77970299 118.77251119
-40.80200781 -759.95217635 53.91968104
-30.10325769 -767.30683077 178.77870000
-37.20092368 -747.77657599 104.82156447
-35.76650962 -746.41922115 104.90600000
-36.93220370 -749.91199753 104.97865864
-30.93300526 -793.13929474 203.40303826
-34.96685179 -756.92962957 143.72687166
-30.71238800 -776.07988400 190.64099133
-39.96450578 -766.62988902 173.37114827
-27.80666128 -661.24874844 159.23273949
-30.63493243 -738.01488378 103.79093919
-29.93744785 -765.30750263 174.20271244
-39.78916369 -756.04639682 150.23867452
-40.50510883 -759.38016935 51.47752065
-31.93399217 -753.63079728 134.81704554
-50.52176993 -760.10577699 68.06385667
-37.76711567 -741.96474045 92.67913642
-33.33000000 -746.49255000 123.82310000
-41.15594967 -748.17640695 47.42399106
-43.19923593 -748.06935932 48.13176898
-30.81986933 -755.15916844 143.19073000
-37.17610347 -747.75767320 107.86913809
-24.31380000 -701.49440000 145.04205000
-24.21544706 -654.32818824 157.49006765
-35.24198302 -735.65353935 104.66193164
-36.41307500 -755.57625000 135.97145000
-33.24415000 -746.39525000 124.62915000
-21.20223286 -693.70796857 148.68383000
-32.78729621 -722.92567348 124.78680530
-28.82681779 -760.65475045 155.82092241
-40.86942500 -761.33155000 166.54257500
-32.33150303 -748.00635387 125.78485364
-34.66755565 -753.27000469 125.80444808
-50.51156388 -766.01355360 68.52647905
-37.66530695 -744.96554497 53.74218967
-37.33832049 -748.36154313 84.04970903
-34.06085251 -706.93680365 144.68335731
-31.51499817 -718.45414169 129.21352555
-40.14394310 -756.54089340 152.93297617
-29.16851370 -798.55610575 207.42712260
-36.59887227 -709.85385210 141.08371639
-28.64688841 -663.90181159 160.65553213
-47.63275837 -754.14233425 62.62897270
-25.58357284 -693.14166422 148.55772716
-32.84553292 -736.55131446 101.79430969
-35.17336010 -747.75836845 86.66190554
-31.93520410 -765.37266229 171.05849983
-37.86720169 -747.43618146 65.90199157
-33.75973000 -687.01657800 154.55460000
-37.43139372 -748.22711049 134.78141125
-39.93639057 -746.70310377 32.71617264
-35.62654561 -743.22955673 84.27353480
-37.95437701 -750.93812128 128.62202619
-39.63341752 -768.77357372 176.40050401
-42.13949767 -764.24915814 61.60959884
-38.64002360 -750.72447951 134.50424506
-37.73590170 -744.63635646 86.78180918
-33.99557922 -747.86700985 108.06261532
-31.84633472 -761.36790694 157.75057917
-31.68777978 -748.55296264 128.64046692
-25.52499029 -723.17196278 128.28642832
-51.64489434 -761.10476038 69.28630094
-47.21126697 -756.96336652 62.89347785
-47.17943556 -772.01430765 71.29512075
-49.80172642 -771.38484676 72.30563719
-32.62557828 -750.89712986 122.86682919
-31.15999318 -719.27302727 127.00440455
-33.65873214 -770.34041071 178.66643571
-25.64639824 -664.03785912 156.86671923
-39.74803750 -746.59605000 80.77337500
-42.17565507 -761.11023768 58.57505435
-35.06980390 -761.35852078 157.74989026
-34.61316441 -781.73112203 193.90546299
-32.38649681 -774.71198200 185.98407916
-25.72759183 -696.81283317 146.91492716
-39.51271569 -746.85437843 50.52645392
-40.21660548 -762.07719726 165.11042626
-35.72799545 -746.34716061 98.98194394
-31.70529181 -769.17302887 179.78101099
-30.17230000 -716.43032000 130.03457000
-23.33522494 -714.93471858 134.85537570
-28.85757460 -721.35672381 126.08815847
-38.40715100 -747.01287794 51.09076375
-32.92605541 -734.00912432 105.45952838
-40.94232236 -762.92031959 57.05500621
-24.14039000 -677.13167000 154.25915500
-36.68693962 -736.95239245 105.10423642
-29.24884214 -715.22690094 132.26122358
-40.31099585 -751.98735401 149.34210964
-20.96590699 -682.20238079 153.68324214
-43.50542361 -765.74371294 63.63484774
-35.74146071 -746.44769286 114.22181429
-37.64784082 -747.40081772 63.01005079
-40.46894620 -745.43783804 42.10598207
-47.51532525 -763.18981943 65.02347099
-35.56125000 -746.43810000 107.73427632
-32.98458810 -740.05781905 96.50337619
-23.01067309 -667.22127211 156.32690734
-40.63300294 -744.90640229 26.91201095
-29.78624298 -763.79043118 170.93321994
-37.50722102 -744.68008796 83.72309000
-37.44707665 -747.98708420 98.80188420
-23.90793136 -718.40328814 132.96531949
-35.10093161 -747.60495984 83.87056551
-44.12407078 -748.61114635 50.79306826
-33.82026250 -731.15060588 111.59209632
-36.15254333 -719.81306667 133.47214000
-23.00378523 -711.55377342 137.25657004
-48.15630587 -759.97585223 64.75859637
-29.59873959 -678.63220041 154.83508796
-33.87585982 -699.17017411 151.52553036
-46.08439156 -768.39066174 66.68484393
-33.32692500 -748.21545000 105.96482500
-39.75262353 -747.26059020 39.16913039
-41.30327652 -755.08169545 154.98529394
-24.64558000 -704.62129000 142.46050000
-22.73083953 -708.30042958 140.14896230
-37.29398454 -745.33091875 35.85588997
-31.85947348 -763.65606439 164.83795126
-23.95094444 -655.59380741 156.87419021
-32.17276543 -771.83688581 183.01065634
-32.99426057 -750.32362820 116.93583355
-28.97548918 -759.17268990 153.24759038
-37.31790392 -747.77984157 101.91608193
-26.26164079 -728.83956053 118.93052500
-27.68222500 -725.66700000 121.64368750
-42.99466353 -762.30987293 60.73453534
-35.10053239 -756.22611974 140.72043142
-39.91754339 -753.83827681 146.94858678
-34.84893446 -764.04745723 164.67389215
-41.64392900 -763.19178470 59.60293523
-34.89973051 -762.97896319 161.76522244
-37.60026361 -745.32223195 81.04910473
-29.45054441 -763.25070725 167.86121284
-31.87392687 -697.02110562 149.81332299
-31.82820787 -762.70208923 161.71818375
-39.85648003 -751.45311153 146.74981751
-23.30229710 -686.26917246 151.21870072
-32.47273103 -753.39491752 131.83976007
-23.50271684 -679.46039225 153.97628904
-39.69788491 -746.13195849 81.19780660
-29.71216471 -764.27999216 172.86614216
-45.59148580 -753.34080178 57.70486479
-24.66238899 -655.80144862 157.19577385
-33.97526578 -748.11929578 104.93638111
-45.20845644 -752.02123465 55.85007376
-37.06462080 -747.63604620 110.93924024
-32.26365712 -751.12141669 125.91914810
-50.89842591 -762.99167960 68.32212491
-40.75535238 -764.84587810 57.73235190
-46.01079525 -756.82418836 60.61046378
-25.91693317 -669.97919648 155.68265842
-36.58116238 -728.21064059 120.75312921
-27.49874595 -658.61888378 159.65537568
-34.72418886 -766.47390757 170.94950702
-44.53703804 -754.22186366 56.41449596
-50.05471288 -757.97319924 67.66183258
-37.20759272 -738.65103784 101.69833482
-31.92167695 -786.82244446 198.27790263
-32.87771170 -771.03536117 180.56100638
-25.94547861 -675.22481994 154.59532630
-22.80474966 -691.09969771 149.24254487
-41.63000808 -754.80628182 53.05443737
-35.76110000 -707.53220000 145.49345000
-40.90291837 -744.68715038 18.14302708
-32.08863307 -741.77578054 95.59537568
-32.52951325 -764.81969940 168.39799157
-35.65242368 -747.30013250 74.92882684
-36.88280776 -750.64089741 113.82185259
-35.04519010 -727.27984974 119.99449701
-27.23724400 -659.93585200 160.82179000
-34.15962805 -694.10433902 151.88958815
-41.16190075 -744.52378459 14.82927895
-21.28920000 -696.39200000 148.33775000
-47.04139108 -751.91003596 59.63019147
-37.94243437 -747.73794366 41.95327789
-30.29390000 -767.58080000 178.26785000
-34.76394483 -758.34336345 148.99888655
-50.23545571 -771.66134840 73.55292626
-42.90126731 -746.91546731 45.72985000
-38.02630351 -756.50116134 146.97968051
-28.26307934 -694.57975565 147.89582603
-42.77689752 -759.06030826 57.84873678
-34.44304250 -755.37665937 137.08423437
-40.37949504 -744.68564050 32.74457645
-30.97565455 -770.38820000 184.58595909
-25.13402898 -720.69720511 131.08344432
-30.95635000 -706.92917571 141.76430571
-36.75382887 -743.07146392 87.13525000
-35.18441019 -749.61712315 99.31915000
-37.72309528 -744.71142677 50.93061502
-31.95928936 -780.21118457 192.42484628
-28.94329602 -730.55070653 114.27194716
-43.92749466 -763.26612431 62.33736719
-30.75207368 -697.92892842 147.91471737
-36.16391656 -745.53487616 56.67582020
-24.23235000 -719.97675000 132.25670714
-29.52785406 -786.93232409 198.40132815
-28.89218424 -685.03893120 152.58153627
-38.44291363 -744.50212537 17.95124609
-39.61485714 -764.68295714 169.19326429
-34.85293824 -768.10635511 174.19451295
-33.89795812 -767.20814188 173.09928504
-31.90799235 -759.48674904 152.77199365
-40.15194744 -745.08481496 38.98986410
-41.46910150 -760.22156441 56.44702732
-31.20793697 -710.06106121 138.74477788
-30.30282000 -749.21096000 133.16945000
-36.73999185 -711.11713037 139.81863370
-39.16021538 -750.20206442 145.98454904
-37.36581763 -756.11338167 143.83386415
-22.86315000 -686.52247500 151.35965000
-37.58719499 -742.09900489 17.28797548
-29.69302550 -755.95200916 147.10300936
-22.75370294 -676.00303204 155.42485836
-29.43602500 -725.19687500 120.95740192
-31.45145318 -694.02791162 150.50986397
-35.85650980 -746.38752157 101.92325392
-36.79927204 -755.84547303 141.02010461
-43.63210469 -756.87004669 56.94869561
-27.01400980 -731.20968431 114.94402451
-37.98408560 -766.44595244 170.88070193
-35.13965455 -740.41114545 90.95678636
-34.64112857 -740.35630000 16.20161429
-35.68916655 -745.43664382 74.91178336
-20.92909025 -684.89231011 152.21184531
-28.89860000 -698.38545000 145.26217500
-37.30982145 -745.01142294 41.80245249
-37.67672904 -742.75245227 90.00501313
-36.28981250 -747.25351250 136.41976250
-41.39210883 -757.68805891 158.65668997
-41.58536860 -767.89298017 63.73017479
-36.91571667 -740.39891667 17.11131667
-32.03794937 -705.91401873 143.85406756
-43.25483536 -753.80264901 54.09659401
-23.03430485 -703.60320448 144.35177537
-29.81614182 -781.13473745 194.47821327
-36.18204437 -745.39436159 53.84458311
-43.74471328 -768.99271906 66.15989589
-38.49041538 -746.57713077 30.50421154
-35.48383505 -746.37589897 116.95951082
-36.72944762 -776.07347857 187.86768571
-33.26116625 -749.72100500 111.24565625
-41.98848378 -757.84190405 55.92597500
-52.15867091 -766.44713978 71.23418160
-35.42243567 -723.83695142 128.62655440
-32.33425086 -702.98594116 146.83886414
-40.00762190 -746.87448381 36.07284810
-31.16527628 -740.92036923 98.62791538
-24.79371509 -658.17385585 157.07381528
-30.11332500 -722.46365000 124.28007500
-30.17744231 -681.23565000 154.46405769
-39.47642857 -743.43007143 34.84634286
-38.53658252 -757.97904033 152.54319033
-28.89641209 -724.02177978 122.76161330
-46.76369362 -765.94810597 65.83301533
-41.51882542 -758.31530508 160.63446017
-31.48846201 -713.00142346 135.82951201
-39.57790056 -756.44000904 49.04973249
-41.82233574 -751.64426895 50.12652726
-33.35120000 -725.52530000 121.38735000
-39.78805111 -743.25307778 29.47290556
-40.82876419 -744.71129814 23.82878276
-35.58951979 -745.42021383 77.91830851
-30.02310482 -738.13243012 104.67507530
-30.27390000 -749.59310000 133.23655000
-36.57579091 -758.62554091 150.94622727
-32.00752144 -708.83576559 140.62522997
-35.19943736 -732.70221574 110.66782727
-26.45443077 -704.26581410 142.10860256
-27.26200000 -666.21028571 157.45057857
-26.00794746 -724.16880424 125.85024534
-51.41184516 -767.76810968 70.19710806
-35.16545561 -720.93977168 131.68477312
-30.21893333 -749.35986667 133.63428333
-31.75886215 -751.00089719 128.83945090
-26.39967982 -657.91494522 158.43981396
-38.08290143 -744.95542311 23.85338988
-37.73536460 -747.52726557 68.78230319
-27.60360606 -667.70742121 157.09629697
-30.50330000 -795.88478667 205.53935000
-40.51822705 -764.01653279 169.95419508
-42.90855500 -755.82457000 54.99532500
-31.78188265 -735.87336054 104.55301327
-29.20225272 -718.35777174 129.11615109
-36.96153917 -750.90531982 116.84575323
-34.65584369 -780.31464738 192.13992938
-35.32244937 -729.36161524 116.57075111
-40.16527312 -742.97230364 23.70552699
-29.24466044 -793.32842113 203.55899865
-34.41227697 -728.14820727 117.66016212
-39.13505392 -755.23629118 146.05041176
-37.64867558 -745.21427279 29.76720023
-32.28976125 -758.73007625 150.72256375
-35.54471585 -726.36979803 122.67981886
-51.65179658 -765.81601746 69.85236537
-52.37178000 -763.92802250 70.58294000
-51.71160993 -763.06277908 69.49361755
-39.86858686 -747.90687829 42.39893457
-37.41709879 -745.42010121 74.91680985
-51.69974582 -768.54870383 71.61209838
-49.43750728 -768.65616070 69.25752739
-26.51371818 -686.69548182 151.39825455
-36.58894857 -746.39088857 98.67142429
-38.29023677 -742.50864708 20.73405446
-50.84716719 -769.79012216 72.10709206
-49.04110821 -756.95963227 65.96314433
-37.56621765 -743.42795882 47.45846176
-37.82266694 -744.91595477 59.78530903
-40.26222821 -745.99565064 44.51263333
-37.51761067 -748.15812566 89.76968427
-39.93317946 -743.10987723 26.83703795
-36.79008488 -727.72532355 122.94379055
-39.58600952 -743.38785714 33.28097857
-30.51638000 -767.42756000 178.42437000
-34.60783892 -753.81974129 128.86900849
-28.74144090 -673.10076830 156.25229990
-47.22270403 -769.44163548 68.20227245
-28.28134464 -717.03180714 130.87907857
-35.35505775 -747.13720849 131.85713981
-34.99226044 -759.66772340 152.76076448
-36.83423495 -753.36546456 128.72369207
-38.37798753 -750.80552017 132.02269389
-38.40927022 -747.51373652 44.86547781
-49.28759876 -762.79062910 66.31208905
-39.39697500 -746.34620000 58.49477500
-32.49516245 -730.89891724 111.29205728
-28.71680792 -733.19831204 111.01593098
-49.23584084 -759.86786384 66.24595590
-49.03615470 -765.25455385 66.97244231
-48.68476552 -754.99490241 64.93367103
-48.44621765 -754.21492549 64.12660686
-43.10810000 -770.58650000 66.98145000
-29.20823675 -754.06313910 143.86164959
-34.94839205 -758.90396959 150.41835521
-25.92370085 -685.01911149 151.90411553
-35.63890313 -746.30821771 95.53618229
-40.90231657 -762.18653494 54.55943765
-48.19396563 -757.29597589 64.72932634
-34.20677508 -724.76574608 123.32629828
-30.70694134 -670.41370950 159.31073715
-29.57417500 -761.42761667 157.59688542
-32.06999500 -728.73407750 115.70422375
-40.00456364 -746.56004545 30.61432273
-36.03946750 -737.82884875 101.04325750
-34.28804065 -773.00187236 181.90760854
-48.16331538 -767.29406154 67.44038846
-39.43195833 -755.63581667 148.07070000
-36.23921111 -755.57243333 135.71150556
-40.23011076 -744.83348955 35.74217152
-30.85173824 -734.87434118 107.03153235
-39.51158689 -746.07061311 50.92665000
-46.51904203 -771.14626087 69.54187198
-46.83828751 -759.91007543 63.09127014
-28.58492500 -752.42400000 142.64393750
-47.62048667 -752.39136000 61.56798333
-37.48958333 -752.61063333 46.30426667
-46.24567463 -762.59976220 63.70514171
-46.28162647 -753.97766247 59.76767565
-32.20143588 -777.40394274 189.34386187
-46.20203856 -751.11615189 56.74686730
-45.97731818 -749.86349394 54.90933788
-45.86300625 -749.03482500 53.87788854
-45.55376000 -759.04655750 61.10812000
-45.42410000 -764.55685000 64.20425000
-44.32119491 -751.15040240 53.66954521
-27.86699653 -661.16019028 160.60794653
-43.99272569 -759.97620720 59.79063643
-36.50177500 -746.41462500 114.10570000
-45.04244400 -761.01934600 61.56673800
-28.83247220 -697.06210426 146.99802546
-37.42120000 -737.64446522 106.60688043
-36.57306571 -719.79641143 133.63610429
-44.57455112 -771.16555335 68.85611358
-45.00841078 -748.94720294 52.85814216
-44.45616914 -770.16273642 67.64367099
-44.32852696 -766.86167884 64.69796672
-41.05496322 -744.54883777 21.02992110
-40.90813168 -754.35297084 152.61695526
-37.27203178 -770.73971121 177.75753879
-44.79498704 -757.20102445 58.90351846
-22.93115598 -682.09908304 153.33514667
-30.23998333 -768.94290000 181.93756667
-45.29400000 -771.95180000 70.38275000
-37.66713151 -745.40069895 71.96609790
-30.92983552 -749.00923279 131.94620137
-43.12830360 -750.61109369 51.27192950
-40.14384550 -757.01206340 50.86160561
-34.87723956 -746.89477511 113.77119920
-42.58678261 -746.23738261 44.25545870
-34.49950795 -750.97660765 113.78336560
-42.04318731 -768.77550000 65.00192463
-37.19884379 -736.05611463 108.12354867
-34.79615228 -752.77474632 122.77198018
-41.65930933 -766.21616884 62.52783060
-40.71259909 -748.20202918 45.05955623
-40.57097299 -754.04132181 50.85189960
-41.05378068 -757.14667283 53.68009662
-34.67812534 -754.38098695 131.69997438
-40.97937977 -765.54741465 60.31376977
-40.72110195 -742.48121426 14.57093634
-40.84554169 -760.04703933 161.66291663
-40.78791814 -756.99948252 155.86416460
-40.46849045 -759.36013941 159.15147639
-41.04173321 -760.88561387 164.56913686
-40.08068426 -749.78754444 45.92775093
-37.25415000 -749.57660714 87.31344286
-40.42672407 -762.99655870 167.76067611
-40.37227974 -742.84080295 20.90230083
-40.53034181 -744.73879454 29.67202078
-40.37325885 -753.98041883 149.88964143
-31.84235206 -688.04666467 153.04883208
-39.20374615 -758.37927692 154.66071154
-39.74524016 -758.82981557 156.62889590
-39.76795821 -767.85689851 174.67914254
-34.65429572 -748.08494847 95.54297324
-39.79446607 -745.09342738 83.91636071
-39.71316364 -761.63438485 162.96493485
-24.39630000 -653.47930000 157.31205000
-39.68761159 -753.30741954 144.06555911
-39.64456190 -744.34863175 86.74904524
-39.49573212 -754.00083285 49.03383905
-39.62644737 -751.27619212 143.81202160
-39.52836786 -745.96416429 47.78888571
-39.50615909 -743.78395000 89.18215000
-36.07911385 -745.52640101 59.96817568
-39.71040000 -767.49070000 175.55925000
-29.16611541 -762.98527919 164.84921378
-39.46417831 -751.64364752 141.43411136
-34.69753628 -715.31649809 135.43406615
-34.17805039 -737.04759258 99.52224180
-39.43892525 -752.82658990 141.70887525
-39.46580690 -746.11721724 53.79796724
-39.45296364 -746.74328182 56.69881364
-28.95982339 -691.08409304 150.13853952
-39.41861000 -743.39704000 90.79213000
-39.41156471 -746.29472941 56.53113235
-25.97673179 -709.22267629 138.38149605
-21.20554839 -676.67067097 156.07863710
-39.44260000 -743.19080000 91.61495000
-39.41610000 -770.42790000 178.58645000
-39.38230000 -746.68680000 59.34995000
-33.56081228 -752.32509298 121.95874474
-38.82486667 -754.76394772 143.59696749
-38.71727917 -753.97811157 47.85639479
-38.51751765 -754.11728496 140.81492783
-39.18333786 -750.68273338 140.68103467
-37.94227679 -769.82550402 176.63958125
-38.62844940 -751.68581833 47.01096713
-31.14007595 -767.03065357 176.17447452
-38.13578310 -746.94622535 48.00550258
-33.27100000 -713.59190000 136.35105000
-37.78875937 -744.93513409 56.77940034
-34.52783646 -733.50340890 108.00265096
-37.86770924 -742.07454008 15.52150245
-38.09138395 -757.31996856 149.82639130
-39.20932614 -755.81697045 48.41688295
-26.06385728 -702.94322532 143.19484051
-38.16759659 -743.19425805 33.00677146
-37.86106074 -745.11249853 26.98154926
-38.55362767 -742.74486759 23.75840968
-32.90570577 -767.67783462 174.96662308
-37.58659387 -744.54638901 48.05984874
-38.20395632 -744.65792663 20.98911188
-34.40983122 -752.09143891 119.81309367
-39.12577465 -749.88463884 143.67883047
-38.40159470 -744.20235976 15.07509313
-37.54251344 -744.78960153 44.80676156
-31.91905103 -724.88508272 120.54127181
-38.02887115 -760.80566608 158.86376538
-38.49614741 -764.09357259 167.10084407
-33.86120456 -688.43302700 153.84957015
-38.96563810 -761.26610714 160.90751190
-37.05968476 -745.27330616 38.66069976
-31.39550850 -781.61015408 193.97593265
-38.07812165 -746.79511169 35.74006732
-38.31034031 -743.04298372 29.45768101
-22.01341406 -696.51601562 148.47811979
-37.91777454 -759.63335240 155.94862159
-36.92285076 -740.11419188 96.47571497
-38.06773032 -750.79805671 45.74119213
-38.44549967 -742.89133913 26.84880686
-37.75255014 -747.22557123 59.91757507
-26.07780206 -712.57625575 135.64205236
-21.13228286 -679.06324171 155.06456086
-37.70871429 -762.15775859 161.82625352
-32.92265615 -750.72998962 119.98380596
-37.81145244 -763.32015630 164.75462995
-33.46542973 -679.94554324 155.97587432
-38.97194729 -750.91388479 137.91680344
-28.92194597 -706.08166873 141.04581326
-37.64029158 -765.05735092 168.34655916
-38.52099800 -746.67563400 32.91261200
-34.68606294 -746.94877716 119.74632739
-29.43677100 -699.42583100 146.11055367
-37.73766457 -768.37105879 173.97851382
-37.81416194 -771.56670522 179.59093619
-24.24640000 -653.34277500 157.57437500
-37.90461271 -743.25904492 35.85828644
-25.71616396 -711.12441201 136.95734152
-38.07811429 -767.42015000 172.81035000
-38.17625851 -747.09989740 53.83908490
-34.31738462 -740.76027692 94.58819615
-35.71862736 -723.09997311 130.92087358
-39.14510000 -770.21115000 178.62580000
-37.83153227 -745.02541510 62.96680400
-37.33167826 -747.99887950 80.89149161
-37.93190202 -747.12792702 56.82775429
-38.13948674 -741.14206772 95.66862839
-29.33569339 -796.55160631 206.08530856
-28.87849161 -681.89423240 153.49829435
-37.76876393 -745.11221210 65.80956096
-37.68490959 -754.31800256 138.00026087
-32.22526559 -727.46998833 116.94267435
-38.64017782 -749.20141617 143.17783872
-38.34601362 -748.69835872 140.68452084
-35.05009699 -741.89890985 89.68562679
-37.61914061 -747.64060531 71.76633816
-37.73825193 -745.26697937 68.81553619
-28.70706955 -666.96682930 158.90847484
-38.61659091 -740.70823864 98.02611364
-37.80264843 -748.22364168 137.73120303
-22.79327443 -673.02039580 155.95338047
-37.77559884 -747.57865491 74.89630408
-37.35536304 -754.00976040 134.87759125
-37.15165556 -758.95196667 153.02817735
-35.94377800 -745.66168400 62.64380167
-37.36878187 -739.51656213 98.97129293
-35.92396610 -745.47702508 65.78627475
-37.65991039 -772.95062338 182.09105649
-37.91030375 -747.54440202 77.94552205
-38.12836667 -740.48100000 16.04135000
-35.21223032 -740.96111625 92.63405000
-37.50746358 -748.41857667 132.04531375
-37.45366735 -743.38639796 42.28653367
-37.39827952 -745.55441656 78.14143998
-37.48364210 -748.44791638 128.74705629
-37.09471287 -753.68821884 131.94400205
-37.05037101 -773.91458986 183.46717899
-37.76806296 -743.38804444 44.84899259
-37.30574326 -732.76854232 113.74805898
-37.52214901 -747.95520769 95.83156011
-37.46473730 -734.99499132 110.15288248
-37.03533002 -733.90702812 111.29412907
-37.36741350 -748.45036803 86.87834307
-37.66450988 -731.92843372 116.06588081
-37.01714749 -730.59348065 117.13050556
-37.66221705 -750.98755342 126.35860490
-37.30244485 -748.26535620 126.21913445
-37.56828337 -747.95494886 92.80864376
-33.51583875 -697.33907250 151.22556375
-35.43982926 -778.95337926 191.01166968
-37.19230554 -729.59777874 119.71618131
-37.01685592 -775.08869079 185.97101184
-36.27500370 -746.60087407 60.14387593
-31.85792129 -721.13232537 125.89647027
-36.67789048 -746.35513810 95.66380079
-37.22342552 -738.08703448 104.63907483
-37.15992175 -748.19038109 122.87801809
-30.88623333 -791.75021212 202.07656515
-37.44447639 -743.31028333 38.43975694
-37.35834430 -750.94453926 122.90568859
-37.07182967 -748.30312634 116.82667097
-37.00683353 -747.89302935 113.79298439
-37.47123000 -743.46378000 50.29845000
-34.46018543 -748.22807177 98.73893452
-31.05458010 -769.75194872 182.41258214
-37.28693676 -728.86245882 121.94196029
-37.07303166 -748.32447071 119.85105369
-32.34794087 -788.09307826 199.78599957
-36.83984545 -761.70944444 159.83869242
-32.81099896 -744.78939818 89.58443073
-37.10040368 -751.00802546 119.84910276
-37.46122857 -749.56221429 89.32137143
-20.66307931 -686.23244828 151.23540862
-36.92746750 -714.32989200 137.03037700
-36.90987169 -712.55440457 138.46224589
-36.88455301 -715.79297108 135.90719518
-36.77524286 -749.57015714 99.66497381
-20.93006515 -687.89383273 150.49977879
-37.23170000 -740.21811667 20.54493333
-36.78936854 -717.82781776 134.67481854
-36.94970377 -749.74657547 102.18312170
-36.66464115 -726.76027263 125.53699835
-36.87481338 -750.13745478 107.88219968
-32.38085534 -726.16123463 119.43203414
-36.91105431 -750.30715991 110.84222284
-28.69430819 -726.59434095 119.61958147
-36.71828772 -753.12437544 126.39277206
-36.76668831 -746.30583896 92.81573052
-36.54859429 -731.29056286 114.90801286
-26.66190227 -724.91306288 123.68609394
-36.72555000 -749.56737500 43.03980000
-34.76312082 -771.59969475 179.66337432
-36.53465690 -776.83484483 188.69882931
-36.59825000 -752.58418000 121.00006000
-36.59301039 -752.81121299 123.04814610
-36.45161792 -755.63530000 138.16507736
-36.50130000 -737.37194667 102.87438333
-33.28597000 -752.57520000 124.06396000
-36.50463529 -743.36103529 84.92455588
-28.28220833 -761.54719167 157.26445000
-36.52306250 -746.44203125 101.49831875
-36.47346154 -720.73369231 133.02569615
-36.43164667 -725.88944000 127.63983667
-36.45613333 -708.94806667 142.60467222
-28.93093119 -712.46068857 135.25178721
-36.42190000 -734.45830000 108.82915000
-36.17672290 -746.75984962 62.87146527
-36.39480000 -746.48440000 103.69465000
-34.71471701 -747.01450156 110.91045048
-32.15390384 -733.09734460 108.13921043
-35.00202382 -748.02495207 89.61757278
-34.40285993 -750.47560853 110.91829119
-34.94549122 -757.79351104 146.90178694
-35.48117168 -747.41488863 77.66964827
-36.32331333 -744.49882667 45.01546333
-31.81683437 -783.69602578 195.44329487
-35.44863582 -755.80701971 138.24034135
-35.94623750 -747.07710213 68.91647165
-35.79741259 -747.21571569 72.14412793
-35.20213956 -747.19737582 128.71597703
-35.17590116 -738.19054107 98.71460220
-34.99238360 -708.13095047 143.55980205
-35.42002188 -747.22416412 125.81186069
-30.56497500 -794.91098864 204.76884545
-28.88795092 -756.87921987 149.84208389
-36.25729216 -725.68389412 127.78734216
-35.90547509 -747.17843226 134.75881566
-35.76919429 -745.44943704 72.13081111
-35.17696372 -710.96535836 139.81718470
-35.46426916 -742.61586871 86.92830261
-36.08933808 -725.91345178 125.68082781
-35.95236640 -731.88775640 113.13442560
-34.94390394 -739.23501866 95.79448202
-35.44665494 -741.32854627 17.59242764
-34.94014535 -760.77286298 155.90373217
-26.80088793 -729.96074698 116.83079672
-34.73408446 -709.61101399 141.25603238
-35.86388544 -745.41057658 69.09296667
-36.04415422 -746.89991446 65.89062048
-35.07972372 -778.00934414 189.14429865
-35.34248559 -745.11606914 80.98477275
-34.75330447 -712.38273905 138.16644657
-35.33264828 -752.54809310 121.14022586
-35.35850105 -713.98454031 136.88570288
-34.35822616 -744.76625581 89.21756686
-31.53116575 -732.12479803 110.29460512
-22.82824336 -688.03032273 150.47688100
-35.41171554 -717.62919820 134.13010293
-34.88361479 -754.98983342 134.71525904
-35.65046212 -746.23144697 93.01017273
-34.60586329 -747.02501647 122.75816012
-34.94361581 -744.85183387 83.86393952
-34.78098641 -762.00638297 159.16515688
-34.55091002 -751.57424172 117.06174394
-35.52342500 -758.51277500 148.33037500
-36.19171226 -745.12421509 51.14821321
-34.82204008 -748.22622996 93.17878381
-34.82484586 -747.01271096 116.78967975
-33.70234490 -785.03128163 196.69459490
-35.21226424 -770.74988278 178.05490364
-33.21456000 -755.54522000 138.62501000
-34.93729499 -765.22027159 167.90952521
-22.72082641 -684.82800650 152.18754901
-34.07744824 -748.17669842 101.79546391
-34.40427156 -750.13278862 107.90873183
-36.24815385 -744.68229744 47.93726795
-34.79802204 -775.81680108 185.69024946
-35.65438947 -746.47039474 110.66786053
-32.57415536 -684.62140510 154.99568750
-34.85458564 -749.79015028 102.00002182
-35.19071544 -747.60338009 81.00327864
-33.03088822 -748.72495657 113.90632609
-30.32396667 -779.56900000 193.20808333
-34.42887077 -744.91628058 86.83235605
-28.98236236 -752.03375424 140.68094594
-35.01999600 -740.04637046 93.29100077
-36.33350000 -744.25650000 43.17205000
-34.67576925 -736.32028843 102.01314726
-33.25204000 -719.60566000 130.45053000
-31.30214974 -700.15799688 147.40067149
-34.61587433 -749.96149693 104.98130172
-36.31630000 -746.54860000 58.28905000
-36.28610000 -747.82870000 41.57850000
-33.96489561 -734.09958070 105.40255263
-34.85115180 -724.08882227 126.06763351
-34.68222000 -776.86693667 187.16876667
-34.15730401 -718.61298338 132.36295946
-34.37114610 -705.92293966 146.54121090
-34.78328667 -764.59661778 165.87111000
-29.97814189 -766.53433811 176.71075302
-34.86988545 -740.37596727 17.04176455
-34.06139907 -721.49788717 128.87483773
-34.65229057 -746.35371132 119.65671792
-34.96444000 -749.58308000 96.48495000
-33.17087297 -748.75200210 110.79811903
-34.09482776 -691.00262871 152.78595800
-34.06096464 -783.58565967 195.25554890
-34.68470000 -737.47450000 97.18865000
-34.26354921 -704.80255873 148.60461984
-32.93958933 -745.71720000 87.27552640
-33.69832595 -703.16400324 149.54429427
-33.80670308 -746.38800462 122.44442231
-33.66906508 -685.28189418 155.12514101
-33.68925597 -722.12635031 126.77558333
-33.60397444 -704.10463667 147.82206667
-33.56173333 -700.05188462 150.94952253
-28.36398669 -729.39748362 116.19174317
-33.51927021 -785.96980000 197.68453298
-33.47243214 -682.00211071 155.96022143
-33.45125000 -719.40155000 130.29307500
-33.29388205 -748.71325812 108.71543547
-32.60891541 -699.90790031 149.60677002
-32.56172500 -742.86050000 93.12415903
-32.24748986 -723.77132940 122.85016309
-32.68411757 -720.22382889 128.41762618
-23.17699392 -699.98137589 147.02078208
-32.05128024 -714.58821364 134.53289073
-28.17782143 -755.41460714 148.59723571
-33.10391402 -752.76880183 126.08996768
-33.10733838 -749.97219192 113.99668990
-32.95628393 -748.67978255 116.77646690
-32.90503324 -748.42433528 119.78960569
-32.93260536 -707.76346964 142.70531786
-32.06554191 -756.10803938 143.91384688
-32.65038109 -748.05663328 123.06876710
-32.76838766 -753.09090447 129.23163234
-29.86788252 -704.96589091 142.69476678
-33.07653204 -702.17998803 149.19726845
-31.30224825 -738.98299499 101.42075167
-32.74781550 -755.75450078 141.23524806
-32.19046467 -739.14670199 99.35747663
-33.13774286 -710.56995000 139.54981429
-31.77586967 -756.97070284 146.83919810
-33.03944465 -705.01821824 145.90236447
-31.93561580 -678.95566224 156.01671398
-32.38491924 -768.32120196 176.95463364
-32.98765937 -773.85896875 183.88249375
-33.03335524 -747.15701429 84.02978905
-32.27056925 -717.57908547 131.36396226
-31.75069029 -754.26404189 137.90274069
-31.62477110 -758.03190100 149.47514169
-32.81483206 -693.57872824 151.58686336
-31.85414728 -761.90365835 159.27156992
-33.22827692 -737.30816154 99.94617821
-31.93916059 -682.11694096 155.30454096
-32.04703968 -690.81634140 152.10809000
-31.60802176 -766.30653901 173.86909724
-33.09331176 -696.15637059 151.44889118
-30.75880561 -682.88042523 154.09865935
-31.86365131 -760.68533394 155.88169788
-31.40985407 -778.40818060 191.32292718
-33.22430000 -746.43843333 85.14385000
-31.60543953 -785.05748837 196.68375155
-33.03162273 -686.95100909 154.50805455
-33.19787500 -748.02887500 82.02050000
-33.09956000 -776.68564000 187.17979000
-31.33415056 -764.09933234 167.63878978
-31.11416656 -715.86311187 132.18633250
-31.44253201 -754.82757921 140.74513729
-32.26656818 -728.30860455 114.95087955
-31.53425321 -676.38203774 156.75909830
-31.24126754 -685.30320327 153.62936721
-32.74825000 -746.57114000 85.64390000
-26.02286967 -726.37998949 122.64367312
-32.22960282 -743.88374507 92.24014859
-31.40196738 -775.23296367 188.76023965
-31.89031134 -675.10096082 157.65501804
-31.50014603 -789.84713220 200.90007290
-21.56825714 -680.75451429 154.40480714
-31.15589864 -751.22812974 131.70920902
-30.98181277 -703.58914559 144.57815274
-31.47165096 -722.03752548 123.89967994
-30.79825186 -691.66419119 150.95802932
-31.42578571 -791.33194286 202.66216429
-30.69465856 -764.26088739 170.25138153
-31.17410233 -773.10933488 187.78991512
-30.59157701 -751.56554118 134.39700936
-30.62807308 -673.97256923 157.18018077
-30.83842500 -740.55085000 100.66332500
-30.52485000 -749.31471154 133.82915000
-29.05785927 -702.89641313 143.54601306
-29.74200204 -783.37485918 195.80982007
-30.12622907 -750.83658667 135.47620653
-30.09626075 -778.25516935 192.38375108
-28.94745847 -675.83607903 155.45266263
-30.10377983 -752.84782353 138.23579790
-29.95907653 -672.17780510 157.69336327
-29.26249788 -789.85924663 200.78466233
-30.14170000 -731.34352857 112.19827857
-27.26550000 -728.32182500 118.23350000
-29.58528243 -753.30883996 141.13662029
-28.94247414 -709.38256881 138.14860063
-29.42799459 -795.09969189 204.91938311
-30.21675114 -767.93083295 179.78237045
-29.23321818 -710.95746738 136.90034626
-30.23521250 -755.60225000 145.17002500
-29.12601915 -762.55580946 161.77309326
-30.22012500 -701.79807500 145.42000000
-29.40563365 -669.83793939 158.46362189
-30.04998030 -695.82585152 148.55065758
-29.26792355 -693.76712467 149.08692944
-29.27107068 -727.91019398 117.53930188
-29.87258478 -736.96108152 105.71830217
-28.97834816 -761.95145779 158.99220324
-29.35438815 -687.71858389 151.83975037
-28.91645256 -713.91282051 133.86083526
-30.28785000 -776.31970000 191.10108333
-30.28223333 -739.20850000 103.23758333
-30.15116000 -689.96553333 151.48353667
-29.51110000 -784.70842000 196.89854562
-29.69492780 -751.39874898 137.50790627
-30.22848333 -764.62000833 172.09291667
-28.19723011 -720.01443333 127.94002742
-28.68154462 -700.49922923 144.63764200
-29.24588529 -666.41665196 160.54221765
-28.28905389 -758.07366527 152.02627395
-28.26790410 -688.53446519 150.94724863
-25.82844421 -690.95508298 149.43285561
-28.66079830 -754.78295032 146.39673747
-29.87644000 -779.30410000 193.52563000
-28.31447690 -679.44723357 153.91857094
-29.01265400 -788.30466200 199.61660800
-28.00460049 -732.13976127 113.01728039
-28.90178553 -799.96770263 208.59257632
-28.34452110 -704.32400092 142.12022431
-28.83662386 -801.14540455 209.09277386
-27.94676875 -722.90166875 124.77386667
-28.01974409 -670.21862652 156.70794073
-28.12983571 -664.02019575 158.97348333
-28.59836667 -707.42040000 139.21018333
-28.82860000 -791.49630000 202.56685000
-28.26436875 -734.63434375 109.52731875
-28.34030000 -692.47820000 148.34185000
-27.64953333 -677.03450000 154.28839167
-27.51788947 -659.17905789 160.55575000
-27.29090000 -733.19813333 112.03961667
-25.78981494 -667.10275143 156.38242857
-26.04460725 -694.43320797 147.93920966
-26.94462682 -657.94812179 160.62128296
-25.48259256 -707.82467273 139.62770207
-25.72543095 -714.52386164 134.27334386
-27.14486023 -732.05931364 113.76396023
-26.52539234 -727.66438927 120.10993123
-25.77709632 -679.07557975 153.64168696
-25.77458691 -688.12436148 150.64640996
-25.78927547 -681.81582421 152.91947041
-26.62607043 -660.78486673 157.84858949
-25.44487723 -699.13640297 145.87424010
-27.01518538 -663.73547154 157.62144692
-26.18025776 -655.00108239 158.76397290
-26.51158280 -715.88939140 132.73125108
-26.24289533 -700.61160935 144.70098364
-26.79019028 -718.97549444 130.00224861
-25.83730157 -705.89569187 141.04626940
-25.83042725 -718.00564185 131.73714803
-25.81437690 -676.53383354 154.14189082
-26.96286750 -722.08674500 126.71780250
-26.12776489 -721.30356241 129.05231844
-26.69637461 -655.16595855 160.47138264
-25.47022963 -686.29115926 151.29472407
-26.25355333 -649.89555067 159.66978000
-25.20008690 -660.91059395 157.06487267
-25.43657692 -725.72709231 124.68169103
-24.56851250 -716.82323750 133.45290000
-23.26468393 -713.06822143 136.05261161
-22.75409987 -669.81591051 156.22589128
-23.24517080 -661.04841126 156.40173667
-23.30231368 -697.19984195 147.87803480
-23.64934657 -657.98293249 156.42858032
-23.58486304 -717.04196522 133.66783261
-23.86321481 -695.07402407 148.17868333
-22.99309479 -706.50073629 141.69354961
-22.72733612 -693.75557191 148.68397167
-22.88190261 -664.12429217 156.46802409
-22.67569275 -705.33966677 142.97050378
-24.32100000 -653.41380000 157.24865000
-22.14845501 -678.83669075 154.82288805
-22.68358211 -702.19410368 146.08745737
-22.10525000 -698.75942000 148.40774000
-21.29828333 -665.14961667 156.35735000
-21.22541579 -667.32950702 156.66423070
-21.04055556 -680.83462222 154.44241111
-21.22510291 -669.64682816 156.79843058
-21.30804000 -695.83686000 148.46110000
-21.01959502 -690.94425721 149.20432363
-21.28160000 -672.17066429 156.76822143
-20.90510000 -686.50400000 151.51235000
