-34.40563333 -817.05480000 169.08691111
-34.06879813 -778.62118598 114.40908744
-10.28908333 -711.59657083 177.51904444
-33.03710704 -869.43256133 213.06085189
-33.14661850 -786.06572150 155.40224583
-36.01358876 -848.52509545 200.38818523
-22.65057500 -834.76278750 190.27783194
-37.32719583 -828.92212500 184.14021111
-41.02213730 -844.83909286 201.20370000
-31.62530857 -787.42607857 155.81191159
-30.01847333 -792.14255349 248.51960462
-38.47708634 -757.83991421 56.82522887
-35.81162436 -866.67506687 212.85559134
-35.94770135 -773.04246216 102.01421201
-55.18250231 -759.23669630 61.26520787
-15.04912620 -716.99215269 173.22055131
-25.39470000 -802.04820000 154.42374444
-30.24718914 -791.65635035 161.46468019
-23.26649422 -908.92333217 229.62653011
-29.98337015 -866.15140662 210.48306491
-37.48215833 -747.37211667 26.87706111
-21.16723337 -710.20486576 178.51677523
-24.33955915 -815.72875452 167.49465206
-30.05714422 -858.29091450 205.60474728
-36.03895721 -795.04751104 206.37551672
-27.26024200 -797.47727122 209.52962800
-25.16274936 -790.87798383 269.23794742
-36.60161768 -760.86123881 116.58453991
-30.03626992 -852.02489645 200.90618260
-29.96062944 -795.00664355 203.51818206
-33.47335317 -790.01794581 175.85321272
-35.99778649 -780.82138568 140.05393093
-28.37166099 -796.05196861 206.46858211
-29.85779077 -791.69198171 167.47223877
-25.64535000 -754.39710000 133.14884444
-25.60235000 -897.88230000 225.97399444
-36.26123646 -778.81708750 111.09215174
-41.23163246 -800.76006316 155.59393129
-32.96020465 -899.55316395 223.75604096
-28.12241429 -908.06982222 225.73910476
-33.73489724 -783.48676009 146.30019597
-39.93143532 -791.13598042 164.01501085
-17.90424512 -716.96082620 173.24991965
-26.99825035 -738.44464660 158.52015955
-40.89453406 -753.29562287 47.45952693
-40.11950000 -775.29630000 114.63239444
-32.35838374 -841.82167886 192.38674201
-28.40424346 -796.90545401 174.28743221
-11.47266713 -689.64272191 182.88218623
-39.11546060 -848.54329851 203.35829227
-43.71794615 -750.44081923 39.73109829
-26.39577529 -799.55330729 200.31910939
-39.61815677 -755.05643534 56.66113542
-12.18813537 -689.39199300 184.87841231
-41.04426972 -798.18485245 194.51680152
-28.17392859 -792.75884813 248.79989818
-33.32640641 -758.07617403 119.13828610
-38.62970924 -881.32855347 222.17576689
-32.97657477 -875.66194685 215.99245135
-21.37428787 -870.17065264 212.18234151
-26.59194928 -861.82810861 208.20130090
-33.31248486 -842.92848593 194.14902163
-25.46416667 -790.02399524 267.47688254
-36.08949720 -764.42162269 92.56067442
-46.41259489 -752.76509635 46.21592182
-24.82598891 -914.60660172 228.69994735
-30.43066556 -746.32524327 149.11769886
-32.30157302 -878.06753651 216.67772063
-38.17836726 -751.06617699 46.59282232
-11.80105062 -692.84614909 181.87146769
-38.35582039 -875.06495874 219.22817066
-35.61915483 -789.93093601 173.42937129
-23.40596923 -786.85125318 287.26767053
-40.63445000 -790.15255000 142.58859444
-14.15338261 -982.81363913 228.21330097
-35.80505021 -775.85620487 122.88152156
-30.68052833 -835.49295667 186.65126778
-35.53476207 -742.56815862 13.21746858
-27.08320341 -810.00930621 161.40763994
-34.04639933 -771.54010533 104.50260711
-16.05310909 -700.33259091 183.98636263
-27.21583336 -797.48742810 212.54303089
-27.88931197 -796.72598521 147.64241487
-9.57481064 -987.22342207 228.55833168
-38.20475033 -762.54803046 107.45917425
-21.69605135 -873.92834324 214.21099309
-33.95535253 -786.92926384 161.32628808
-22.42283333 -928.99479444 234.15527778
-39.65456341 -863.84009310 214.67027031
-22.82677901 -730.03682840 165.72045185
-25.16029722 -753.57391389 134.98022500
-34.18154615 -909.57994423 226.08975021
-29.96912682 -941.66435216 227.21266694
-37.14604872 -763.52633077 98.19038034
-10.95218519 -985.77669630 229.42731481
-34.71180000 -940.46685000 226.36609444
-38.74611053 -813.96921579 169.63049708
-24.20367051 -917.38589092 229.36159593
-39.85298077 -789.56419231 149.77384675
-39.62166691 -744.41896037 17.49112269
-26.39397185 -920.78559685 229.32092155
-30.28152768 -811.68273716 162.39456140
-38.34586387 -756.98346903 67.81804896
-45.43387902 -752.84301859 44.28741251
-39.62234923 -831.45272051 187.40913932
-33.52601373 -772.03372941 106.72579150
-30.11798827 -739.66988622 157.67835793
-28.38852745 -793.06140000 246.54502484
-22.76428000 -752.12406000 142.91132444
-40.13160952 -789.02121429 140.33211111
-41.29259029 -755.13256929 39.39116820
-25.60475000 -730.20800000 168.87224444
-32.24753431 -748.82874380 148.43995685
-18.27231559 -738.23969529 158.36136915
-21.75678866 -888.36537423 223.43361249
-40.77257500 -793.88495000 147.24630694
-20.55456714 -743.82776119 151.66479232
-21.73460323 -854.37505742 203.68524063
-39.35767342 -794.24067557 182.48317977
-14.28459984 -696.20565299 182.20274979
-40.40709412 -791.50866029 158.27603709
-42.58713735 -757.91834259 41.62554851
-24.55215147 -856.54815441 204.64448268
-32.48806677 -785.57008212 149.55612268
-24.11680952 -718.74770873 175.24009206
-30.73256000 -763.28536000 112.10930444
-27.39177087 -798.12739319 149.32147443
-35.24260136 -773.75432760 113.58302815
-33.52212013 -782.96983197 143.40167329
-47.29454841 -755.62871420 47.84686379
-30.41782477 -783.27056890 125.41922340
-37.03861770 -867.53719823 214.28902409
-39.70060000 -894.24240000 229.01314444
-33.74796000 -790.22038000 178.20544444
-39.74019231 -775.81022418 117.24353346
-37.97049560 -763.03923407 88.56367302
-16.42795000 -975.99829444 230.35410000
-33.06355807 -929.54557872 226.85699301
-28.84695952 -793.99799749 176.41289975
-37.86585000 -745.31420000 18.57724444
-37.91518235 -877.86435882 219.70316209
-33.06758751 -812.27387023 161.77418090
-29.90530854 -849.84386301 199.25556070
-35.65205190 -789.20092152 143.32821913
-53.89896725 -758.57421629 59.57402575
-32.50863505 -844.88078866 195.29921249
-34.10260417 -741.29128958 12.32960694
-28.51406667 -789.99280000 138.32567778
-37.69330000 -763.20760000 102.55464444
-19.49430000 -742.02505000 153.91064444
-39.73500625 -788.66677500 155.52642413
-36.77925628 -741.75203939 12.28257864
-33.00588445 -816.33594908 167.01667064
-59.31463520 -773.73469735 62.67609895
-33.31125064 -903.24681476 224.87991849
-40.16012642 -793.68470285 176.70867061
-35.11667697 -881.86592424 219.53665535
-33.43068046 -782.43739846 140.50221422
-28.73110000 -838.23490000 189.96324444
-50.21206501 -755.80672432 53.39850646
-14.19346184 -699.27790749 180.46213913
-37.14465556 -760.13131944 79.24293889
-35.99295000 -793.09885625 136.16666944
-32.00174792 -757.06185312 119.96412569
-15.75359245 -977.84944557 230.07884028
-62.71455819 -768.11184162 65.29707421
-22.37551613 -963.45157742 235.29937993
-12.69507946 -695.51428010 181.33158963
-35.49967942 -795.69616232 224.38289821
-29.00140065 -793.79388333 182.57115593
-35.59151316 -790.43419211 129.68319444
-37.74295278 -796.75173056 223.35550833
-25.72171905 -930.25924603 232.09663333
-33.71827708 -766.38667917 93.00662361
-35.44461376 -773.74173587 116.39960464
-35.78061144 -884.44668710 220.99226513
-52.82234596 -756.97596335 58.72759165
-30.89248268 -792.92904473 188.21848375
-40.63182619 -793.90561429 162.37189444
-40.68563053 -816.08603368 176.11812971
-33.23626098 -765.71923659 101.26522005
-34.93718207 -811.67485163 162.35852053
-22.34430000 -895.97601500 227.45560944
-36.96358548 -764.34456452 80.55771219
-35.74716374 -741.84779890 13.19032137
-38.11391192 -780.61827047 137.30685118
-31.66930000 -760.34600000 115.17557778
-31.69572020 -789.02836364 151.77158485
-32.92329233 -794.36462208 206.48120784
-42.13939076 -748.58020840 24.15467134
-20.58875000 -748.72446591 148.45365410
-40.85141562 -829.65391250 186.74947569
-38.01826480 -792.98778560 181.96682264
-41.27290258 -797.54753318 188.44068078
-28.68093333 -754.33783333 130.05994444
-36.05694639 -763.64955876 89.80442486
-39.20903803 -888.23090282 226.51660923
-39.42510435 -781.70549855 134.26499952
-11.61528427 -696.21142146 180.61079176
-37.79022727 -760.17559091 79.15204444
-25.83089462 -938.78271058 232.86770271
-34.47761111 -754.33623333 136.49910000
-34.93722500 -789.70157500 146.04797778
-23.37242464 -959.80024212 233.40769401
-50.30284615 -766.54972308 48.62199829
-25.39065455 -757.40342727 128.94318081
-16.65059091 -730.57881818 166.04398081
-41.63734362 -796.68189309 173.49841944
-34.08478947 -741.77767368 13.21730234
-22.71924000 -717.96970000 174.75262444
-15.98704278 -734.43259056 164.69900444
-32.00476667 -871.77368125 213.68023194
-38.93244326 -755.74144349 62.44610165
-27.57695000 -853.30993000 201.88408444
-30.16708014 -824.61089413 176.60989493
-11.05668472 -707.49073472 178.30509213
-27.81803532 -802.68835754 153.38544325
-27.34799333 -796.38813667 244.75728444
-40.79855000 -760.36320000 69.06179444
-39.25577907 -743.85999955 14.63102539
-40.61347273 -761.71479091 77.24524444
-24.05239284 -787.74596524 281.43931050
-41.55855171 -744.37743121 14.54076246
-26.35380286 -799.41233619 209.39506825
-38.67610335 -855.12673505 209.13937692
-36.30476641 -830.87789163 185.05270392
-26.94352671 -899.61661987 225.03044665
-14.38024764 -695.97701545 184.54517535
-26.37866981 -837.82773396 190.35628595
-22.38296667 -824.16366667 179.91564444
-23.06226272 -962.20200710 235.34385332
-37.50085000 -748.29885000 27.85994444
-26.02276697 -732.27282546 167.79119629
-38.78891314 -754.63917628 45.28237182
-16.83714265 -976.77019559 229.97769003
-34.72252941 -778.36695294 129.31752092
-50.03180749 -753.90266257 52.88351396
-21.99649561 -842.25878585 195.25477762
-37.51142222 -751.30508889 36.68675556
-39.14238270 -748.93534941 35.45925470
-33.07916428 -752.66418599 137.49556348
-28.23153241 -795.66365415 239.58203812
-30.17612982 -798.16658682 146.56016428
-33.75886840 -754.71242028 131.02143902
-32.09520606 -761.02834242 112.78561414
-30.02952056 -754.80775312 128.11423712
-28.15376481 -736.51899074 163.68993519
-32.94627225 -905.40089075 225.11842441
-38.49818043 -795.58234979 194.37729614
-36.94615990 -759.04717083 65.24365330
-33.24473229 -755.21503738 128.70531638
-42.62930325 -745.85682276 14.42168875
-23.97585714 -867.22710385 211.25112961
-24.03433349 -851.51918250 201.04773005
-34.48753333 -793.42900000 135.85474444
-24.81165568 -728.24933573 169.76138895
-32.48245586 -777.44497207 116.14555435
-36.09430938 -788.66585861 167.38038570
-36.17192354 -869.93777319 214.89117649
-37.20706957 -754.11700435 58.54338357
-13.44512500 -982.09800000 228.37639444
-36.65543100 -762.35015793 86.57244777
-23.51285556 -754.52256667 136.76336667
-27.51175974 -796.62452403 242.09083925
-37.72983333 -796.16831769 215.28202948
-27.16395618 -737.14339070 161.12402951
-36.32166798 -763.91860169 95.22886860
-31.13601379 -784.62783241 126.23685962
-24.99554286 -752.27024615 137.27996532
-40.76882623 -847.80457705 204.16444281
-39.00913807 -752.44685835 50.51204944
-38.99241119 -836.44990984 191.64165921
-17.00293333 -700.48433333 183.96934444
-27.78965370 -739.55082593 157.34959630
-24.63412813 -811.08362656 163.10224757
-42.20217454 -752.44727664 41.05223901
-34.34855897 -781.14024615 139.26762393
-37.25129094 -749.87874131 35.64463568
-21.01515161 -734.07474334 161.12288582
-38.12415714 -774.63339881 119.10242004
-34.26444397 -777.15580969 122.50015035
-39.45780303 -869.98822340 217.78507088
-32.18491628 -785.69122405 146.49499890
-24.70000796 -911.83699330 228.55764116
-40.63727778 -754.14733333 52.47564444
-25.32656667 -724.28642222 171.99243333
-27.72432741 -893.16595778 222.58257333
-27.92193889 -748.40487778 142.19060556
-31.43572857 -748.42412143 148.10003016
-30.71013183 -794.02083994 161.79938138
-29.62704030 -917.52285661 226.78142312
-16.96610800 -979.63251600 228.12980044
-28.79981359 -793.46034563 244.72629493
-43.98594907 -758.94243123 42.61980318
-35.91283865 -917.39632376 226.73798061
-41.06968477 -794.62227250 170.50339115
-27.41200069 -950.57969243 227.83758275
-26.27298889 -799.37293492 212.53657619
-31.07404496 -790.71135659 135.30466848
-34.19541846 -831.63729846 184.35296137
-34.17419559 -796.90885294 141.12801797
-31.31131538 -793.53264615 159.25693162
-33.11889003 -867.00939383 211.86537908
-37.81308276 -781.07432414 139.45949272
-31.41793158 -757.07606316 120.04401813
-38.25536345 -820.82931111 176.91193363
-41.16921593 -747.73171067 29.26367104
-14.62592884 -705.56119735 177.69679074
-32.93387744 -813.70502030 163.77910464
-24.31276619 -788.13287965 278.41057073
-34.88189231 -883.35348846 219.85929060
-38.04395870 -795.93691549 200.44425209
-26.26715115 -791.19608448 263.21659457
-41.14918465 -744.80465236 17.50476315
-39.18485572 -794.68192646 185.37248072
-22.28612143 -834.96320714 190.13035873
-42.17102618 -746.09380891 17.73113386
-31.51421286 -787.81829000 150.42093159
-28.85051786 -795.84784643 145.43101230
-39.57522837 -745.78734510 23.38255424
-21.62918667 -882.71957667 220.24239611
-39.03867931 -825.32966802 182.29254546
-35.29042381 -875.02108333 216.63871468
-33.24215385 -896.71573385 223.28072752
-53.80565556 -767.97840726 56.63489176
-12.27182587 -710.79563064 176.60046742
-35.12236649 -868.84196915 213.68113115
-30.93016344 -748.84315925 145.93040634
-30.39471613 -806.13461989 155.90250775
-39.02275487 -851.59954085 206.42396447
-40.97316000 -749.49174000 20.77626444
-36.40066174 -774.93944356 122.15187854
-44.21486393 -752.41545070 41.99516337
-23.34657496 -905.73073312 229.48211021
-24.32184177 -722.67830015 172.60753896
-24.49905950 -835.86676950 189.55570044
-29.93728877 -854.92873316 203.17404145
-38.96854919 -773.38017258 113.38455815
-32.58981606 -786.62921855 127.90047725
-38.56603298 -756.38913865 53.26979870
-39.08522926 -779.28225471 128.64419992
-33.06753164 -827.64959054 179.26655850
-33.95324654 -779.48194555 128.68960057
-32.13436571 -865.72209314 210.61285930
-31.77651520 -791.86787840 250.61772684
-32.95062424 -766.29206667 95.10606263
-38.95444648 -753.19914661 53.45742917
-27.50634581 -797.14986434 227.32724444
-30.03937414 -846.57367608 196.54475867
-19.23390000 -736.08218571 159.78000159
-42.39838218 -755.91437398 41.09365107
-33.02316389 -791.43918177 182.43532592
-33.02244758 -756.17834978 125.44635214
-36.57812615 -757.95003462 68.86090060
-17.25049365 -736.92436984 160.56190159
-40.19221304 -781.69245435 128.76617923
-35.62263147 -787.70768274 126.14699114
-23.92064489 -738.54162922 156.36512378
-38.43188033 -755.88594289 50.17056328
-44.09233750 -750.82716250 45.08348056
-30.15611044 -794.46210132 164.49403518
-33.77172609 -761.42612298 107.77238171
-36.16994570 -790.85015909 176.66403988
-33.01479171 -794.75329018 224.38709967
-47.10444394 -753.07001830 47.57200566
-35.25749336 -786.49877345 125.08985352
-35.87686417 -782.92000963 146.35236236
-23.63987013 -872.32168852 213.47801621
-37.75565455 -775.05309091 121.47277172
-13.38499091 -727.90602727 167.84192172
-34.94280846 -790.12981692 175.35614368
-34.11847234 -790.55470000 132.47041572
-24.91286799 -733.87303966 163.75845521
-34.79590000 -787.05843333 139.85930000
-37.87506667 -784.04737778 148.48404074
-36.89585375 -810.93268125 163.33057069
-23.77624823 -933.23035575 235.18286701
-34.28973947 -777.81868813 125.37293436
-39.03609031 -796.89319929 209.38939074
-37.19659000 -750.69852636 44.57046354
-38.60607879 -766.81413030 83.18527172
-41.38762093 -796.60023643 170.48339328
-36.59919762 -784.41388333 150.61932778
-39.64063664 -744.97348933 19.97101914
-33.32963960 -793.38182079 244.87335633
-40.84021156 -745.10782667 19.61227422
-24.28375486 -875.53605028 215.46596555
-31.73359744 -793.10111538 157.35943162
-35.96754063 -779.21797903 134.67417603
-33.92124685 -766.04011712 93.21757688
-37.43844222 -747.89196222 32.40564222
-41.47659129 -745.98980377 20.64170109
-36.52033659 -863.99838008 211.87243142
-32.21878272 -944.81514198 225.84618642
-23.42812317 -959.96460671 235.51720115
-28.45309684 -795.62301421 174.31253918
-38.91597500 -917.32456538 229.06688868
-27.08261655 -801.01710379 152.19333819
-21.45193556 -728.03029026 166.74669904
-30.18750504 -867.48608377 211.25649664
-31.17462857 -763.59326349 110.48077778
-13.80978286 -693.62529714 184.48617873
-38.80115513 -792.30661341 176.41110689
-39.38638947 -776.17889357 119.34375029
-39.52528262 -745.35840000 21.34838946
-28.84597120 -794.38379099 173.33263190
-38.46110411 -796.51330731 215.44715479
-32.87031553 -890.60246667 221.58919285
-18.63186074 -729.43210329 165.36406011
-39.95162632 -788.58018421 152.54749708
-39.36131096 -746.49499323 26.37764674
-29.94690982 -807.54149567 157.77055443
-29.72650043 -794.85284230 143.05167438
-33.04213469 -785.39423154 125.67294405
-40.82509657 -753.80803714 49.82223644
-24.22807681 -725.66120120 170.71643997
-39.82350000 -790.49875000 141.53749444
-23.78852099 -732.03178165 164.55816852
-34.35365745 -761.70474894 104.93580189
-28.36745405 -796.05603243 218.27132958
-23.57501395 -856.05687907 205.07194444
-58.84375311 -767.57517509 60.72301038
-33.10363924 -787.97353325 164.46717019
-29.65151758 -758.05406813 122.25864664
-21.87945898 -965.99638000 227.90847598
-32.45240000 -775.01569333 112.46974444
-11.89800020 -713.70977103 175.67575503
-41.35460446 -840.29612994 196.77962024
-34.47880000 -774.98024000 118.78436444
-27.88604393 -792.38406522 251.64388627
-31.32372500 -762.92630000 111.52943194
-38.30829167 -759.81973600 77.27003511
-26.95277357 -842.87621772 194.09040088
-27.94294086 -795.32141040 182.48018177
-40.45197872 -816.05780638 176.20654657
-27.12995961 -932.56298882 230.27948741
-40.81361429 -758.40694571 65.68951873
-38.92866867 -833.42547600 188.69889394
-48.69899578 -755.86268082 50.21187166
-38.75246611 -830.45990070 186.21288618
-26.73698315 -817.11807416 169.10137141
-23.34692900 -911.66540215 229.39778312
-33.21746967 -788.50931416 167.40503913
-27.53580450 -748.99271085 140.36312037
-29.05376512 -789.55365581 137.01674406
-27.05621694 -890.60621557 221.97209718
-28.15355862 -756.72251724 126.43467893
-33.33041602 -849.33083713 199.64128867
-23.75079636 -825.86000848 181.52063657
-26.92491935 -797.73292984 188.41047071
-26.47613235 -960.16488529 225.87300327
-34.35232444 -778.05829333 127.58194889
-29.37520622 -793.90668469 188.51010878
-56.82209667 -773.02221480 60.21125607
-42.10542365 -748.78994672 26.51199544
-32.68179615 -942.44531154 225.90820214
-31.27159189 -829.40210000 180.76833363
-26.86301163 -806.90199689 158.45603201
-40.39136000 -798.63758000 151.93840444
-11.14884709 -986.03131345 228.40438480
-32.04995686 -783.97665980 124.41732288
-25.96087632 -805.04896316 157.13678655
-26.97653523 -887.65033585 220.72474343
-35.02968616 -759.97011352 113.89029444
-30.03520209 -920.81918986 227.06794058
-23.18376099 -735.84942837 159.48182955
-40.70315000 -850.29930000 206.63249444
-37.41438736 -757.37704943 57.52335019
-24.86706394 -823.51443680 177.65739128
-28.23228766 -932.71879496 228.62724067
-23.52324337 -742.52549036 151.37449264
-30.26998147 -869.48590606 212.25486444
-24.99520676 -750.01550946 140.57752282
-36.82379489 -756.33556058 65.42806488
-27.78624707 -794.66493716 245.65767886
-22.81502667 -882.98204667 220.17703111
-41.45930428 -746.67575013 23.47127083
-35.67120353 -757.81248438 125.09711044
-38.52972604 -893.55214375 227.76305382
-30.86732222 -751.51361190 136.93231984
-39.50559930 -796.96589661 203.42230660
-30.97138902 -781.95928783 122.98389719
-21.56579179 -849.32176908 199.63729420
-25.32511489 -929.00671489 231.71004764
-36.01400000 -796.26460000 233.01794444
-27.13111802 -758.27545225 125.32304715
-33.14962255 -789.10588222 170.41458858
-32.91439242 -761.43736364 110.30168232
-30.19364901 -753.30342184 131.42654792
-27.12211058 -797.59921975 221.48614938
-37.36139318 -852.60987727 205.27218763
-39.10200000 -766.37085000 81.18229444
-35.67198947 -763.41521053 87.41992339
-26.05280461 -735.81439124 162.11562463
-38.54760857 -769.08366857 103.68517016
-55.95777128 -759.91989504 61.82801111
-32.35174896 -835.70387187 186.56192778
-35.88502363 -778.54440548 131.65689924
-30.10038952 -794.99111485 206.32977584
-25.14924775 -950.74852505 233.38848444
-29.06706713 -793.82670491 185.48109108
-27.53428606 -797.20015019 179.58165141
-35.32878421 -784.13145789 151.24656550
-32.97825618 -794.69087249 218.39402717
-21.96501039 -917.34833636 229.85984899
-30.51116657 -755.66073524 125.79884444
-23.40495170 -915.00006404 229.29698186
-28.14842841 -793.86499659 144.28334899
-26.68812142 -956.41350206 226.84973670
-32.83652996 -923.81876722 226.80833779
-28.75996429 -792.95455238 142.39955397
-19.24457519 -969.65001163 230.36022817
-22.04152903 -840.14202488 193.81484583
-37.40667414 -747.62063793 29.75421686
-18.45007067 -712.99019883 175.34565940
-40.31748333 -797.17528333 150.12682778
-32.97852891 -917.37986605 226.30025187
-22.68835714 -859.14165714 207.98868730
-38.53225188 -899.97278500 229.30746632
-35.57676831 -857.64440305 207.03810011
-35.13790000 -796.30850000 138.57484444
-38.42125021 -762.69477427 86.50505606
-41.36867059 -751.01668235 40.61233520
-31.05128167 -762.30057167 113.09014278
-29.82007136 -794.97736263 200.62943387
-52.39909314 -770.04377771 55.28407359
-36.89485177 -846.65396454 199.43273168
-36.14506936 -777.17730432 128.25019717
-35.34459693 -829.88350843 183.36248084
-37.52230000 -746.57540000 24.46804444
-30.17183673 -872.07318010 213.51363883
-41.33901206 -747.20528935 26.33386375
-39.72864593 -791.48650537 167.50412164
-26.16492229 -944.96882604 230.46421812
-38.16706202 -914.60797067 228.34435839
-26.37082059 -744.93771005 147.09803072
-27.12692484 -797.34248812 182.48389051
-29.05904651 -794.41234237 170.49219749
-30.00717554 -890.73937310 221.21835885
-36.24620474 -761.13348065 110.72857178
-36.11494597 -921.33531075 227.02578826
-22.88933571 -745.47464286 148.25491587
-20.82611407 -717.22002428 174.22454387
-27.19477731 -797.55250235 203.48039259
-37.19215000 -879.67716471 220.26617974
-35.58351287 -836.06737129 189.30364741
-37.15358886 -750.52463712 37.98862287
-23.99353743 -840.65098251 193.44567805
-29.93466921 -875.83680235 215.33073213
-11.16191130 -687.57981727 183.43760441
-40.82857975 -748.07466962 31.56125457
-37.88295455 -890.78055909 225.40195808
-39.40807179 -788.93680128 146.41238034
-28.84856010 -789.75430739 262.95241095
-23.98502301 -879.06431810 217.61904782
-32.50165022 -780.39737354 118.92741844
-26.12735432 -885.57317531 220.17202840
-26.32056271 -793.61722542 257.58795546
-31.45580000 -778.47135000 117.85614444
-37.33815000 -796.22695000 143.46804444
-29.18181455 -761.21006364 118.94877172
-21.87633607 -966.17112131 235.12445100
-38.72105103 -753.32403990 41.12994333
-36.15969200 -771.57675200 110.66397644
-34.16853548 -876.86862258 217.17406703
-31.26619167 -945.49505417 225.86422361
-35.32718012 -796.84496044 141.06282258
-38.96488134 -747.22176182 29.65464387
-25.76330417 -892.00130833 223.16555278
-26.85612546 -929.79881142 230.47024488
-24.38456556 -873.55389282 214.37823745
-23.66696737 -720.03648920 174.12282825
-26.83266622 -803.75710103 155.20287441
-37.00183843 -750.70301033 41.37601552
-21.30278333 -865.45252500 210.89659444
-31.88780491 -787.57081840 158.62136530
-41.92770557 -748.96367436 29.53856785
-33.07401085 -921.31900102 226.58850919
-37.00725761 -752.55167014 44.54359461
-26.73868480 -797.79401374 194.52866174
-37.73114000 -892.90970000 225.71488444
-33.07112250 -789.69451333 173.52823954
-32.75799261 -793.12920795 193.70292172
-33.91419836 -779.80713861 131.35239137
-34.09637584 -870.71996577 214.18578337
-28.42506989 -791.29534624 140.75657348
-30.33664278 -911.67556006 225.64051895
-24.88205387 -896.43082694 225.23029327
-38.96179360 -842.77410839 197.54994224
-27.61761061 -796.97704309 236.25374991
-60.13148923 -762.97317846 64.04033368
-23.21097788 -723.63776558 171.33653525
-49.42681667 -753.97410000 52.10160000
-32.16538775 -746.98685515 149.86268072
-38.88754699 -747.83511832 32.39779081
-41.62097824 -749.27828184 32.37373594
-40.90444000 -799.59722000 153.76068444
-22.92192408 -962.12125079 230.12385649
-22.00109673 -923.02163464 231.60977843
-40.06872939 -755.06273092 37.92377536
-37.33678949 -749.37148652 32.69001884
-27.99086757 -797.03185538 176.56733848
-38.61781400 -749.67988894 32.99550878
-38.31008571 -748.15074000 34.38373130
-40.63367727 -792.46533939 161.86223990
-35.15278265 -780.65520578 115.98245737
-41.28640215 -749.67127459 35.34101887
-39.14075054 -749.39228435 38.39820138
-18.13177991 -718.84475070 172.23762234
-26.48994138 -799.31786552 217.92687203
-41.69356282 -750.47423221 38.53953008
-39.87069870 -840.78811429 196.37963665
-27.69483409 -759.48966023 122.71937513
-40.79542000 -760.68353333 71.90203111
-36.83023732 -752.98396184 50.40195010
-36.07431970 -923.79863165 227.14361077
-41.96112420 -752.89493885 38.96077575
-34.86030000 -914.27071667 225.87939444
-39.31771690 -750.17271051 41.37937994
-27.73257212 -808.50402596 159.62255021
-44.22511533 -750.93299556 40.91932711
-38.30740865 -782.75696649 143.32537093
-41.44934167 -801.87014167 157.31062778
-39.13949884 -750.77251541 44.11431639
-43.97908210 -755.29758152 42.29067416
-31.39755000 -777.55183889 117.07793333
-41.11305911 -752.54342606 44.42532220
-24.18488333 -745.95294762 146.65026451
-39.07523501 -752.72490735 44.62023004
-36.18636054 -911.86645553 227.07994507
-37.28986889 -751.10562889 46.80462889
-45.10742254 -755.92168148 44.30944887
-30.72504588 -780.72218608 121.91186970
-54.96192692 -761.72120117 58.69637839
-52.88898553 -759.40506213 57.15622870
-35.22659861 -774.55148889 106.82390278
-36.93463136 -753.14052771 47.25893275
-39.55730227 -752.04366411 47.46591792
-37.40803333 -763.35050000 100.67830000
-45.11502996 -758.66164966 44.50796974
-24.65551236 -932.72506388 233.81422536
-46.36427482 -755.29522305 46.31532920
-12.99091000 -714.77333909 174.72830626
-57.18534027 -767.53662708 59.39074807
-28.27409848 -795.39901890 176.73619964
-48.52541259 -753.23172976 50.26725609
-29.33897748 -820.04547117 172.13638048
-31.25640000 -823.38015517 174.82565479
-27.07894124 -851.81677412 200.89686386
-33.37947096 -777.10021683 113.31763454
-46.24480977 -759.00416136 46.38570376
-41.10176759 -754.66028483 50.38419065
-41.01226552 -757.59437586 60.08498238
-35.97977380 -780.03809888 137.36598166
-49.66470000 -753.35340000 51.72445214
-21.67333896 -724.95244632 169.50636653
-38.45756842 -779.11667679 130.99737411
-36.80584523 -753.32907784 53.16092282
-13.01963333 -981.02253333 233.02532778
-39.88509091 -782.46316364 132.14789899
-40.90147554 -755.01385324 53.47247970
-38.70739205 -753.72763068 56.05030723
-31.52394444 -787.15023333 153.14910000
-30.47382388 -791.56517031 137.49110203
-51.52816139 -755.98012605 56.50711206
-25.29986250 -898.76034583 225.67512778
-34.43855714 -757.33156429 124.18156587
-37.00254348 -753.75106087 56.27707343
-40.87607589 -755.88545177 56.58823239
-30.06362551 -905.56558699 224.74693400
-36.88926053 -756.19645892 56.15672120
-34.40026000 -775.42024000 108.73108444
-35.92167281 -845.52597684 197.81108778
-38.13895000 -754.11533000 58.24875111
-39.42870481 -755.17454509 59.56262360
-36.81219106 -755.20778681 59.68898359
-30.64585972 -758.83283056 119.06850880
-21.36401199 -965.52776814 230.18426464
-28.37164440 -796.06141207 227.71094272
-22.53430000 -819.33830000 172.79444444
-39.11892759 -897.34826207 229.15144100
-52.42045946 -756.67997432 58.16059580
-23.98527254 -849.55810751 199.53647989
-40.84055135 -756.54861622 59.26497958
-32.36843360 -787.81676250 161.75854542
-53.56184331 -761.90884644 56.57864202
-29.79699427 -791.21547981 254.22105659
-36.73799635 -755.82970036 62.23363313
-25.02758561 -806.69176462 159.02871827
-40.70963023 -756.94956512 61.41994212
-27.35830826 -747.25338735 143.49577193
-40.90128000 -757.73413176 62.12666562
-55.57983333 -760.17123333 60.79964444
-56.21399904 -762.42427113 59.76585209
-57.28420151 -761.20949128 62.36254032
-30.08299699 -794.30385882 236.48455873
-32.77721667 -766.27463333 98.08407778
-16.75024717 -703.00844528 180.65145765
-38.81651408 -756.44812141 65.38013829
-35.96640781 -776.35385078 107.66227569
-55.39679006 -764.12630702 58.09661111
-56.98905418 -764.68552912 59.41750174
-38.53094375 -759.45716406 62.45885538
-39.66082000 -758.23228111 65.58096667
-58.31764423 -763.65825577 61.22583291
-59.17955442 -762.47671908 63.38821971
-59.94185606 -765.12128062 62.14728726
-37.01653254 -756.95059683 67.98324444
-32.50682045 -941.49828662 226.19070392
-25.35460917 -803.77865780 156.00731509
-27.61436330 -829.98198032 183.13131413
-39.53768854 -757.89870453 68.69640506
-61.04948065 -764.22166452 64.45467204
-28.18839412 -745.39835490 148.25839935
-40.73943509 -759.12592807 68.53419181
-25.73188542 -787.91570833 275.03893194
-38.16526404 -783.50115263 146.19705848
-61.98291115 -765.52456918 65.10679002
-36.73789258 -758.18765742 71.50396827
-39.17954046 -758.56756927 71.41306887
-39.68789808 -797.02790415 197.50987352
-27.44738489 -745.95323642 146.23187805
-40.71896438 -759.83371781 70.96684581
-58.07078128 -773.72100858 61.62524700
-31.70979310 -790.34048103 174.30644444
-40.47964035 -793.38861579 170.98417602
-63.00463102 -770.71876545 65.72379965
-22.73555135 -711.57075405 178.32667688
-36.75888537 -758.91285366 74.44793774
-40.04026579 -778.68873684 123.23594708
-38.82221671 -759.19050848 74.31395755
-15.19580259 -707.62960746 177.01691728
-33.55810264 -781.83754063 119.87659685
-60.78904403 -774.17652201 64.51567431
-62.53934523 -773.10839570 65.89559290
-38.74482333 -762.20428333 71.30978444
-20.32353157 -708.00650397 179.64281913
-40.04683788 -760.99771970 74.51012626
-30.38364706 -761.10134314 116.82076993
-27.60748773 -796.81921300 239.32199571
-39.14633714 -788.55728381 158.57259968
-38.76232234 -914.39838376 229.29022465
-40.65899048 -760.97687619 74.13526349
-33.14296155 -794.77636387 221.30055613
-43.49303333 -757.05433333 43.00124444
-36.84075200 -759.75856311 77.49689467
-32.60057549 -792.61554903 136.82911313
-39.68691429 -761.02330883 77.89970367
-36.12122821 -761.28216325 77.75128889
-39.08526449 -866.74291525 215.46843257
-39.06245963 -761.30502232 80.42997839
-36.56740165 -760.95429890 80.53693675
-36.64082530 -761.51934739 83.47489304
-38.80765914 -762.03021747 83.39550842
-39.02540857 -764.69976286 83.11925873
-39.59185750 -763.77057313 86.76598132
-27.05072182 -858.01689334 205.57356849
-35.95231852 -893.63695630 224.22940519
-36.79685633 -762.85309651 89.05412698
-37.86137540 -796.06790963 209.35338616
-38.91674834 -763.93476821 89.38565736
-38.73033000 -764.27278783 92.40023184
-40.59535000 -763.60005000 93.71759444
-35.32216907 -782.93595729 119.28143741
-28.93829319 -793.88910389 179.23418625
-26.97760505 -797.44668621 185.44179391
-55.47212500 -767.56464444 58.01944722
-27.11705094 -836.47089478 188.83305175
-33.66095000 -814.34410000 162.86534444
-36.43725000 -763.23015000 93.91269444
-36.42340088 -760.57422920 118.95609754
-34.86954211 -805.51185395 153.49322076
-40.64161667 -763.45961667 94.83254444
-24.65722593 -814.29946481 165.87934259
-36.22527176 -763.06825647 95.69846209
-39.04938906 -763.87515742 95.38859523
-33.65520093 -765.88356262 95.79534958
-35.05350490 -938.31235686 226.64150327
-36.16007727 -762.82155170 98.47806319
-38.89912289 -795.04032808 188.41272013
-20.95999287 -726.27936720 167.92783110
-38.97371967 -763.72618087 98.24194007
-24.38202605 -827.27847341 182.80705009
-33.62147363 -765.74485604 98.17260159
-41.42250341 -830.91333720 188.02779086
-36.06892646 -762.44890000 101.62225979
-38.83195752 -763.56853982 101.30147807
-24.37055292 -902.94920242 228.24872464
-41.43640000 -808.29323333 165.83861111
-36.10177071 -762.08618436 104.52115073
-38.10882143 -762.96868452 104.80569444
-38.97306102 -763.38262034 103.78428682
-33.02878601 -785.57810133 152.41389535
-27.70893056 -753.68851250 132.08037454
-32.69813077 -764.84081923 105.04162521
-12.77180875 -722.70981490 169.85230236
-36.08380813 -761.59635732 107.41447900
-32.85556691 -795.16758676 140.23247207
-26.58314314 -799.31685686 189.07103464
-39.67861613 -769.75106129 102.21945090
-39.24331429 -769.05872857 102.46521587
-40.76695000 -792.70640000 145.81701111
-32.24206467 -764.10236133 107.33092444
-25.97177953 -788.30807553 271.89786986
-33.90667209 -759.95785659 110.90741421
-35.83457997 -792.69607211 185.35262122
-24.84150357 -747.66063071 143.90068444
-31.39361340 -788.40624759 152.62923242
-41.81041521 -796.96677975 179.84006928
-39.24607765 -770.13631006 104.80255059
-37.99494845 -850.87485464 204.47518362
-36.06221264 -774.38419113 119.29596161
-8.65317222 -988.81752302 228.52793889
-25.86678421 -808.04521053 160.11781287
-38.11656519 -762.06770156 110.49197302
-37.68345000 -838.46195000 192.78405694
-31.48534000 -764.06826000 108.73218444
-31.78770000 -763.54658333 109.45176667
-33.61466164 -759.38182096 113.75724549
-34.67067778 -760.15300000 111.46156667
-13.83868732 -693.58746620 183.25611487
-40.92583333 -795.33276667 149.08458611
-36.37110532 -760.86057083 113.23689213
-30.12825168 -795.11315580 212.41723852
-40.69170161 -793.04965645 170.02753961
-39.44149415 -771.25699947 107.42511785
-37.86766139 -761.67922405 113.00640963
-19.15685447 -746.49492927 150.30261274
-33.34737367 -758.74254498 116.44892940
-28.96087000 -955.63750000 225.89624944
-35.31840108 -759.71705252 116.41853437
-29.93437122 -794.29079715 194.38284745
-26.82072603 -741.71915714 153.20934190
-30.08371722 -821.64358717 173.57128498
-34.71448125 -754.04909062 137.44904601
-40.03280400 -772.53458400 108.43473244
-24.05215395 -743.94803043 149.19908390
-38.49698553 -789.27074704 164.06091440
-37.61538000 -761.48544000 115.15078444
-30.91601667 -759.72845667 117.25354444
-30.92029091 -742.39596545 154.16726626
-32.61837377 -782.89425279 122.33051331
-39.13730496 -771.95652595 109.87092651
-39.68258724 -772.68169835 110.01920782
-35.31564221 -759.34964675 119.01091900
-30.97439885 -756.57225862 122.79558812
-26.38518416 -793.38858812 260.26536425
-31.22609421 -789.98230039 170.33245255
-32.59887593 -756.75559111 122.68343259
-26.64590000 -799.25450000 186.65824444
-33.87220843 -757.58186446 122.10855408
-30.02771262 -794.98250738 224.42385660
-36.01227822 -758.80614276 122.83579863
-28.80360000 -757.44320000 124.44474444
-27.23308962 -856.81782059 204.50805915
-35.50354673 -773.91098131 104.52129491
-39.95570000 -880.07640000 222.96974444
-25.46817302 -945.27231905 231.68613968
-34.91950135 -757.02395946 125.92593093
-30.51801657 -753.97815912 129.43164058
-33.24314742 -782.36236216 134.73964838
-35.30226769 -756.54947249 128.39410842
-34.66027778 -753.69437778 139.25937778
-32.38208578 -791.16104692 152.66265819
-38.68071020 -774.28597143 116.54033118
-26.08942903 -757.61881935 127.76879606
-31.27367908 -947.57473399 225.87603399
-27.65462258 -755.52924097 128.99842509
-36.25990899 -757.47107978 127.58955343
-31.42683333 -751.26953333 139.29517778
-37.45898000 -790.31368000 171.61394444
-33.19572150 -793.51297723 194.47405369
-27.03269428 -754.81173535 130.81333838
-35.12601264 -859.65509885 207.61956169
-32.48340316 -753.83247209 131.57794809
-17.31436705 -708.26141778 177.46263515
-35.31674026 -755.68962857 131.44712600
-24.85118173 -756.21664423 131.67299925
-43.39094000 -750.89337600 44.09525244
-27.19502836 -752.77470768 134.14450948
-30.17921367 -752.16905513 134.32344126
-33.14100045 -753.30926212 134.60045672
-39.36921104 -796.96481987 206.31452938
-36.71137006 -796.42557545 227.06059774
-9.90260154 -689.66827046 181.90748860
-26.78580945 -938.75144695 230.32592869
-34.33781122 -754.45159286 133.82152710
-35.93869687 -795.52363158 218.41973201
-24.30847500 -755.22160263 134.08891155
-26.51803604 -751.57825045 136.73603724
-32.95493821 -794.26700825 203.50852488
-27.35176480 -750.47682040 137.81646004
-29.82445099 -750.71669087 137.82099127
-35.11590063 -754.94630719 134.42650663
-38.86744725 -908.74467473 229.39789170
-34.41305039 -776.40476220 119.73006334
-29.98307040 -749.89808501 140.43551302
-23.98603504 -893.73496080 224.80220145
-34.95138830 -754.52927660 136.68600934
-40.05666761 -801.38936338 154.80808106
-34.89587448 -775.62676069 119.84384789
-38.66096634 -776.45306510 122.49887241
-24.08293000 -751.90711000 139.33765444
-29.78717097 -845.15266956 195.37474666
-26.71989061 -926.71915548 230.02002983
-25.48781667 -942.45976667 231.77521111
-30.54684920 -749.16638272 143.78077759
-30.05583461 -795.09567688 218.38460248
-31.88902613 -750.98286126 140.67952823
-33.23700979 -752.39395196 140.25468662
-24.11714177 -748.70448228 143.56471280
-38.34733502 -863.42000725 213.24792874
-38.39124834 -777.14276298 125.56407732
-29.27325305 -747.82151084 144.18839772
-30.88010400 -853.41379333 201.73658978
-32.00806030 -750.63832117 143.67860342
-32.92124057 -751.90768007 143.18866793
-36.02905166 -776.40368474 125.55068176
-24.86974280 -744.85021070 147.45609835
-27.10725940 -744.13112287 149.40612385
-27.14611962 -791.18569456 260.20250990
-29.53582998 -747.23909842 146.33033268
-39.71050739 -779.41953304 125.81623140
-32.29610610 -745.52766829 151.22633591
-34.66086591 -775.56855795 116.65281149
-21.64636548 -744.48488036 150.21540903
-24.29161656 -741.32000305 152.71697887
-39.37900000 -785.35755873 146.65885238
-29.42570647 -744.71193408 150.32990489
-33.02489862 -793.99917767 239.46826670
-32.14474066 -750.05418361 146.61763526
-32.60065152 -751.40359091 145.37073838
-27.42820522 -742.87590502 151.81583240
-34.00596165 -778.99049705 125.76308840
-41.83854743 -796.85012316 176.42871871
-23.95453796 -885.00601679 220.68219311
-36.45382778 -804.67097037 154.68451349
-17.53501256 -977.44803930 228.13144561
-38.12576231 -777.70761633 127.98010927
-30.03507457 -743.50370640 152.33034014
-21.51744885 -741.48811450 153.36453299
-24.34348267 -739.93514943 154.83622086
-22.96722969 -732.93354375 162.60414601
-32.14919637 -744.13423003 152.44168042
-20.99579386 -740.14534518 154.99193041
-27.07609560 -740.41778908 155.35382631
-34.81603675 -783.77197436 121.58710598
-29.47161154 -737.91907166 161.17108088
-30.07532885 -796.65029712 167.66869925
-29.03906765 -742.06407059 153.77017092
-35.59429675 -887.72427480 221.90680786
-21.34069764 -738.55556936 156.49992929
-24.19914712 -737.36806316 158.24229507
-30.15801547 -741.19836682 155.41389399
-25.96748597 -723.42501131 172.51424037
-41.17221923 -754.39186923 48.22254444
-35.89248333 -781.46318200 141.37139378
-35.72143855 -795.65108782 221.36510406
-13.11118333 -724.17185000 168.90481111
-31.91838578 -741.41334559 155.39791356
-20.97767270 -737.33390798 157.92547543
-24.05900972 -845.73479028 196.98504271
-30.91142750 -950.51454750 225.91774194
-15.35417500 -979.48736500 232.57822944
-31.19461667 -826.34496250 177.80243611
-40.40778558 -791.94926026 162.28187938
-25.14146232 -736.53454493 160.36942415
-29.91872549 -738.84718636 158.98032286
-28.25467788 -792.61208584 142.81185772
-36.23944358 -777.87874647 130.92868097
-23.99214668 -819.56884490 172.77575758
-37.72619565 -778.13957826 130.14087053
-31.20990879 -779.41943773 119.61240525
-36.51165556 -902.54362063 226.99574172
-33.43524012 -779.61821663 116.70543059
-35.77257985 -803.74864061 152.38000085
-21.10327052 -732.41993526 162.54003260
-33.17728914 -809.57541934 158.52111679
-27.51175926 -748.08606111 141.44455000
-33.91197321 -780.35922051 134.40195265
-38.48241437 -782.11118621 140.52694215
-38.35210740 -780.01450219 134.52793924
-19.79970000 -714.89064000 174.86595444
-34.09837279 -780.82700398 137.23025396
-36.23715000 -787.33385000 123.82674444
-39.11185182 -782.08147091 137.55337172
-31.06107192 -789.74385183 167.33625677
-33.12278443 -782.52191544 137.38690480
-29.95311261 -836.91075653 188.21130841
-24.64148518 -956.58282675 230.27884973
-40.20766000 -784.95824000 134.60318444
-35.92230238 -787.45454966 162.41343322
-33.79492788 -885.21603758 220.19371960
-39.96538182 -787.87140000 137.81458990
-36.02385506 -781.99453910 143.44988220
-28.98394286 -798.85520595 148.41424683
-16.35211818 -706.49028182 178.09517172
-24.50975328 -956.81710146 235.67605904
-44.10176000 -750.69270500 46.19395944
-39.60700000 -785.86724839 141.04538961
-23.62125249 -729.04968830 167.63316334
-39.63186512 -785.41675581 143.47325840
-34.21152273 -837.96611364 190.24851717
-18.08357200 -724.08445333 168.85803644
-32.34097317 -785.40738211 143.64713639
-29.82543444 -804.72024570 154.51199180
-40.60825000 -789.37160000 141.49534444
-34.10865694 -783.93653715 148.98743125
-35.70877562 -783.78294205 149.29460982
-11.33075188 -686.75171895 184.71430745
-38.68979724 -785.26365724 149.55457065
-40.19360417 -791.63591667 143.40133194
-33.36433502 -912.36673035 226.10823277
-40.68715000 -791.33460000 144.00614444
-30.70288978 -794.22978950 140.84935853
-36.33209019 -834.08552192 187.99002440
-35.88298227 -784.75177482 152.58759090
-41.31453316 -832.91649947 189.34310594
-41.51301334 -797.20567806 185.40612877
-28.42825000 -955.13820000 225.92529444
-39.06254161 -878.83080876 221.46437364
-29.50527458 -954.24176949 225.90898173
-38.49299051 -785.87264818 152.45962474
-26.12618359 -947.37181688 229.91903861
-39.49543333 -791.53366667 146.57837778
-31.53050000 -787.03450000 149.82944444
-30.51688713 -792.72485634 185.38295692
-22.30732427 -926.13579903 233.10869299
-21.68003397 -875.65855000 215.35278223
-40.19262273 -794.38970455 146.59221717
-35.98051731 -785.54167067 155.32942666
-38.21590674 -786.43442921 155.27260062
-27.81900298 -795.41192213 146.35939636
-32.08137353 -742.48422059 154.18934444
-23.96041231 -857.82597223 206.28261992
-30.82883880 -796.83027923 144.12454062
-31.11773600 -788.82520667 155.64685385
-39.32562754 -791.68483281 170.56911931
-33.53709721 -786.48183886 158.39357978
-26.69203722 -924.09769633 229.75466408
-36.09927005 -786.39376425 158.38128261
-40.23205000 -795.90130000 148.49806944
-32.98535294 -881.96998217 218.74133249
-37.91965172 -786.81710690 157.89701686
-36.04606991 -789.41340904 170.37202202
-40.69905000 -796.67762500 150.15086944
-38.02114114 -900.27527722 228.35604571
-30.90969018 -789.18029038 158.37755426
-46.47013333 -760.46758333 46.16273194
-35.06294182 -787.01595091 161.62986141
-41.03361111 -798.11951111 152.28617778
-27.86376716 -799.88748578 150.47210376
-40.72014804 -792.84683529 167.27351993
-21.24627449 -722.57416858 170.94125132
-30.14501022 -800.86528665 149.71645955
-23.49880588 -844.07391176 196.05499346
-40.35389572 -793.52194492 173.52347011
-40.75970710 -795.98604454 185.17649335
-30.95452091 -789.23259132 161.39026291
-22.38068333 -859.32006667 207.61376111
-38.74161750 -788.78260583 161.54054111
-18.26424063 -742.43180000 154.08461319
-21.74350685 -863.58298128 210.29587093
-25.42830000 -801.14883750 153.20996944
-40.59630000 -791.73624375 159.21182569
-27.63929900 -797.19523313 230.34267159
-38.48751739 -801.44243333 152.81178647
-52.55330000 -757.29020000 57.99134444
-25.80897477 -791.17123131 265.90749117
-29.31396031 -801.81753812 151.37224941
-36.21555728 -787.99726163 164.37585732
-36.86453622 -790.49791505 173.95468934
-30.93370442 -789.51099043 164.34435063
-38.51057857 -764.27625357 76.90530159
-29.94641199 -791.72743445 164.49220268
-40.66654286 -792.70919375 164.23390962
-36.08073605 -860.59797070 209.41574971
-38.11459323 -789.65807849 167.24723488
-41.32204615 -803.13554103 158.59783675
-27.78568723 -805.59819504 156.55565366
-18.40917718 -734.69939295 161.67267100
-23.59535459 -896.91659389 226.98326541
-25.42203333 -961.99916667 225.93031111
-29.92149192 -791.72341561 170.53053070
-37.81454638 -790.05791884 169.76474300
-37.53660000 -765.48970000 81.98144444
-40.99180027 -794.62637108 167.63100634
-18.08523246 -710.64593646 176.56681907
-39.00377038 -791.87791390 173.41240143
-26.90048752 -822.57168708 175.74508850
-41.51655000 -804.58775294 160.82654739
-30.12661521 -791.73199034 173.45949889
-41.50681905 -805.70510952 162.33233968
-25.30566282 -938.68213425 234.19042468
-41.11762409 -794.80734070 173.28812709
-24.87605149 -807.92907525 160.27296128
-27.35059856 -866.03778809 210.35121426
-24.80646547 -809.59947775 161.71807728
-30.31860674 -791.82606582 176.39098496
-41.11077075 -841.95770000 198.30545482
-32.61502772 -790.48566911 176.96154365
-23.02566538 -894.37274038 226.25148675
-33.05110448 -790.85536001 179.39938193
-40.62656000 -796.17422000 187.19957444
-31.96629286 -947.43715810 225.83094397
-35.97698424 -791.45732807 179.66019047
-18.61745453 -974.47700393 228.19578478
-41.15052462 -795.11544924 176.40757039
-30.43964517 -792.10726472 179.33351598
-38.39424771 -792.68388645 179.37116752
-24.61963301 -813.00733159 164.72999267
-39.81555847 -794.04956071 179.72039095
-11.28130741 -715.45078272 175.04772716
-41.01604022 -795.48860299 179.69845034
-28.11383865 -795.33854129 179.44984528
-30.44887472 -792.40500157 182.39957102
-36.10368028 -792.16480713 182.43179315
-23.78181429 -814.18952857 165.95633016
-40.69671000 -881.56640000 223.54224444
-31.40655000 -793.34727500 138.74818194
-33.20459367 -797.69093346 143.30487377
-33.16289359 -792.06105968 185.45372554
-40.91611814 -795.75821504 182.32278879
-41.75524368 -797.04562519 182.53359169
-37.16929829 -793.41713185 185.98837081
-33.31882507 -800.47847767 146.90385088
-27.90154013 -795.45073669 185.42016511
-32.32992896 -798.73256503 145.60147505
-33.12308867 -792.54927806 188.34243402
-15.17905367 -710.74046246 175.79831248
-35.29806918 -792.96255128 188.10221887
-36.66967952 -793.62243530 188.64317936
-36.17019959 -794.96885946 200.42337876
-27.99427355 -795.46027471 188.27714107
-33.65300082 -785.13796844 137.05930756
-40.31650483 -796.52389437 188.82926723
-33.25113544 -872.70725736 214.78759880
-31.23256821 -793.09292769 190.82479880
-33.01992693 -792.97308000 191.23500078
-34.82739545 -793.11634394 190.61877626
-21.84667884 -965.79564573 233.49842226
-36.20002546 -793.86145654 191.45558666
-25.97750870 -950.33895690 229.56304199
-38.08223752 -926.53841194 228.20911778
-22.53365000 -961.17665000 231.88989444
-29.68153137 -794.09793538 191.41772307
-38.73509718 -795.31777867 191.34387588
-26.91523401 -797.82420985 191.46614123
-28.03867511 -795.61859191 191.51142597
-33.87373122 -793.34471902 192.14588298
-40.10647937 -796.73579127 191.63688145
-28.16004429 -926.66984076 228.54689635
-41.14506264 -797.93984195 191.51771208
-36.19005218 -794.30623244 194.41995206
-31.55410000 -787.53210000 129.87224444
-28.07146700 -795.70658498 194.46790171
-39.94700244 -796.96434603 194.44603215
-35.53087157 -777.36550098 110.16572680
-29.92846124 -794.64880814 197.51925772
-33.03082425 -793.79551507 197.37287788
-27.78396203 -905.51017171 225.46255040
-37.35237168 -754.52245796 48.20659754
-36.16037739 -794.73157987 197.48398025
-38.24229703 -795.79918654 197.32266640
-36.98038740 -900.43667638 227.27851295
-22.51997000 -822.06412000 176.75119444
-33.71171739 -773.38817057 107.61470866
-26.94480564 -797.47411948 197.45922747
-28.16533096 -795.89325728 197.38051779
-24.19162611 -824.48778280 179.38240119
-12.36645874 -720.55137546 171.32780653
-32.92364562 -794.07180318 200.58824033
-40.96121688 -798.28921141 197.35752161
-27.16445073 -797.53813866 200.38208218
-31.71745000 -853.34585625 201.81352569
-28.29366102 -796.01330638 200.46766521
-39.52409036 -797.02462298 200.36370479
-23.79766905 -837.23041581 190.91766657
-36.08566724 -795.00622435 203.44008674
-38.02737500 -808.94753864 161.96246717
-40.84314602 -798.17695075 200.13207176
-22.47443333 -825.84970000 182.28097778
-30.11001826 -795.07230575 209.45294959
-28.38846262 -796.03542623 203.40551494
-36.93876667 -761.13210370 71.42690000
-38.01505073 -795.95900084 203.55323171
-40.70409608 -797.90458627 202.90197288
-15.52461667 -733.43183333 166.10477778
-38.01736574 -795.99926240 206.25329820
-36.13553080 -822.10621433 176.01845949
-27.26804513 -797.41155423 206.36244132
-33.00773409 -794.49757812 209.43396111
-35.92221329 -795.15477739 209.39947758
-28.37336452 -796.09933677 209.37119606
-32.97621386 -794.54591072 212.39287763
-35.97274473 -795.29332852 212.49908333
-32.43432196 -848.35676965 198.16421843
-15.06168379 -722.62520137 169.80201129
-28.39690246 -796.09820492 212.63870674
-34.94994000 -892.40838000 222.68790444
-37.80173500 -796.13332071 212.39172873
-38.72053024 -796.64391596 212.43548137
-24.62505066 -905.68355793 228.19138532
-33.01227147 -794.60165021 215.57606121
-30.06705769 -795.10269601 215.61274558
-40.68557059 -849.22632353 205.53651503
-36.01975579 -795.42806414 215.54493694
-32.08799333 -896.29240000 222.72077778
-38.23978450 -823.97328550 180.24608744
-27.20318077 -797.46007974 215.46184581
-36.29927247 -875.91110648 217.83985173
-28.37417699 -796.07125356 215.56773524
-27.14621272 -797.60539775 218.34836428
-37.68777037 -796.19135556 218.03745556
-29.43678084 -790.65320174 257.71692355
-38.13778134 -796.52714713 218.35530976
-22.36869000 -752.12020000 143.80689444
-37.38956042 -796.28766042 219.06637361
-38.04507279 -847.72362313 201.44386621
-30.00896651 -795.07803488 221.30153222
-28.36819357 -796.05614971 221.36303099
-37.17639484 -796.42035707 221.73315939
-15.20952566 -698.69803411 182.22640090
-37.83265404 -796.66203333 221.18852929
-36.95447109 -796.52536127 224.28519484
-27.11527885 -797.56063753 224.44221555
-28.34905915 -796.05636890 224.43197676
-33.00182363 -830.63654930 182.36664891
-29.92735696 -794.95686098 227.48172766
-33.05928112 -794.73444432 227.42684895
-26.36377031 -731.26525647 169.62339846
-33.26847991 -839.89946261 191.24639872
-36.17941667 -908.82310891 226.99845536
-35.49677192 -795.72597013 227.60879542
-29.78158242 -794.87344733 230.45117942
-33.05766080 -794.59116789 230.44102317
-35.48009156 -795.65527718 230.36558207
-28.39064931 -796.00210461 230.03746749
-17.31509278 -702.07605526 182.53983431
-36.44909200 -796.32118800 229.64644444
-57.03836145 -771.08022534 59.47173884
-30.10714040 -794.51281188 233.32132994
-33.03175893 -794.45092939 233.46095933
-40.18478421 -791.52327105 155.55745234
-35.21609946 -795.47090199 233.43825403
-27.97708726 -938.58616062 228.55811896
-9.53171111 -691.09893333 180.87083333
-28.36644701 -795.95124552 233.65437430
-28.64710000 -924.90200000 228.98224444
-21.65121227 -866.95936319 211.24704444
-27.63791039 -797.17448139 233.44724271
-21.63713675 -852.66537456 202.37433172
-24.27461451 -863.53673169 209.60381008
-31.35178750 -802.38833125 150.81768819
-37.96525429 -884.03458857 222.49901016
-33.04395118 -794.28018119 236.55023712
-34.95218433 -795.18219812 236.29478614
-35.95233699 -926.68118628 227.17763060
-32.35582757 -792.80655839 245.84536772
-38.78959444 -911.80418457 229.41296481
-28.27792743 -795.82839115 236.50597940
-30.05821756 -793.96574426 239.45239487
-27.16777999 -914.82048214 227.66962678
-34.75206078 -794.88218529 238.91922484
-35.39691252 -826.84021176 180.26029852
-29.68971974 -793.60648860 242.08241637
-30.61480026 -793.10571923 243.01552137
-37.35872000 -891.31748000 226.25216444
-33.11996671 -793.67133010 242.19375516
-37.23619323 -873.36785489 217.30999181
-31.99898658 -793.14763356 243.08357062
-28.04503037 -795.17460568 242.49090716
-26.92629052 -825.24290384 178.73788493
-30.13020699 -792.70231049 245.74829215
-35.31343918 -792.36131847 134.26525844
-40.30601277 -819.09388298 178.78333593
-29.28257702 -790.37422950 259.54171153
-32.09566807 -792.32755416 248.17666146
-27.44635926 -794.30576496 248.25807893
-30.04936915 -791.67585686 251.29722049
-27.95396410 -956.49254359 225.90648803
-27.04129864 -794.08363186 251.32860173
-27.67313717 -791.96773395 254.46507827
-26.31044815 -799.51783194 197.43345880
-26.62467159 -793.96769659 254.24236433
-27.49183876 -791.41577803 257.86023189
-28.15295290 -790.06754710 261.29589606
-61.61874000 -766.20918000 63.89456444
-29.07838440 -790.05073028 261.05014123
-27.61904529 -789.82507143 263.46160667
-37.38390909 -856.00199091 208.19448990
-29.98701908 -863.84378235 209.17890598
-38.12606471 -793.40363529 152.89859739
-26.91260439 -789.39965628 266.52820318
-25.34593095 -791.34782937 266.92076429
-47.30660700 -758.87447396 47.79307147
-26.28611696 -788.78302106 269.25755526
-25.28813834 -789.54997461 269.68003745
-32.98047688 -824.85628839 176.33011940
-28.06496449 -935.79913225 228.61606184
-25.06583109 -789.11442909 272.18910244
-25.46643333 -792.11786667 263.95356944
-38.10233406 -929.48648428 227.73446104
-24.73272810 -790.53842231 272.05869734
-22.33770233 -963.67864884 228.41485142
-16.85865625 -976.76288750 232.96348194
-24.67632864 -788.63526573 275.46729163
-37.46590000 -763.30110000 75.87534444
-23.54877230 -787.44848263 283.93490172
-13.33909286 -697.53640000 181.09677302
-23.75152271 -787.11702829 284.87092293
-23.26213267 -786.31145060 290.33140341
-23.08281618 -785.99739412 292.69039592
-38.50551635 -826.87505608 183.12435889
-22.51190000 -785.73750000 293.41194444
-21.76035956 -847.89477868 198.62024224
-29.87178870 -788.83219409 134.29005659
-24.09723513 -847.89347278 198.36408368
-21.79596073 -845.80072356 197.46604324
-48.91690981 -758.41420533 50.17276697
-26.93135829 -846.28448021 196.78476797
-26.31166667 -799.37446296 215.30425741
-27.25820263 -844.73939836 195.49050168
-22.88286552 -924.88467586 232.17624013
-25.10665135 -844.42945676 195.87681742
-24.14828952 -842.70043083 194.92653063
-21.87108621 -843.74027356 196.28086513
-27.83257632 -841.50312368 192.74223918
-25.87489762 -841.06811667 193.16308016
-36.06027441 -932.85970324 227.34577886
-42.02524286 -828.77224286 187.06468730
-27.05994728 -839.66258718 191.51616672
-24.10448593 -839.22515766 192.27590197
-22.14388356 -838.64664795 192.59314718
-34.04037805 -772.53004878 105.52526396
-23.81798920 -828.48643052 184.60708106
-22.21467336 -836.99704112 191.43470379
-24.86470132 -953.54590674 233.25146632
-26.28589159 -799.48182150 206.41908089
-26.99122563 -872.12411508 213.54459369
-36.14184296 -825.12121317 179.22711294
-24.01263379 -833.85599796 188.45040998
-26.58902857 -834.54942857 187.55897566
-18.34548908 -720.03503768 171.51286749
-25.29528974 -953.78390256 235.45477265
-26.38014332 -799.53227509 203.26529354
-23.32448415 -831.54242012 187.37124444
-25.36656190 -832.62690476 186.74989206
-27.21879517 -833.30470332 186.20746922
-29.35550530 -897.28254768 223.33574378
-24.36295837 -830.63471407 186.00810110
-9.68770112 -693.09202052 180.46606012
-26.66953954 -831.28631505 184.93735414
-26.92938667 -828.06765642 181.73533079
-26.40000332 -799.43196390 194.19733988
-21.39227838 -735.76262811 159.45574498
-27.16011773 -824.01004193 177.24015557
-23.31636500 -823.13881500 178.11631944
-24.02439262 -822.29531188 176.48107972
-27.71439757 -902.80071460 225.21593058
-26.52602773 -799.40291555 191.68949402
-27.22821489 -821.11520277 173.92118099
-24.25614530 -820.67788249 174.23425013
-26.91037795 -819.84222462 172.50048521
-27.16366967 -818.23179354 170.43005631
-30.09157686 -818.69101128 170.38608693
-24.18638697 -818.13254349 170.67617481
-38.48982909 -920.84536036 228.14597608
-30.90177517 -817.39886913 168.72651626
-41.21221240 -843.35985620 199.80069899
-32.66635330 -788.27953568 146.68700303
-27.11881751 -815.65410187 167.33342088
-30.04637293 -815.98543450 167.38269171
-24.16495273 -817.05743867 169.18566632
-27.23156242 -814.35421007 165.82979075
-30.51469832 -814.50946884 165.58120844
-29.91347678 -813.34922558 164.41882039
-25.67135000 -791.33617500 268.87560694
-27.05977400 -813.09500185 164.51908970
-29.44133800 -794.55604513 167.58481748
-25.24271667 -804.94687879 157.30303990
-30.76398881 -791.53227923 158.24956745
-13.30751467 -695.01825067 184.84632178
-31.93126070 -788.50422302 149.40350258
-39.61607619 -855.83714286 211.26671587
-29.36786574 -792.09924784 140.13341667
-33.49021589 -794.09096957 138.08297216
-33.14242999 -791.38652819 134.56566426
-32.74853173 -785.24298474 140.64782999
-21.99634875 -963.37467527 230.63020609
-32.07621504 -789.96889735 133.33815949
-32.97300588 -789.09913055 131.32658543
-27.66694611 -947.59201332 228.17593648
-30.73759248 -788.07285344 131.81285447
-18.41706213 -731.59577453 164.07193018
-25.07469491 -935.38197680 233.90281555
-33.42849057 -787.81252939 129.02380936
-35.25816501 -788.68009327 128.40958383
-29.58224217 -786.60456965 131.14302368
-30.43240613 -785.59527676 128.57395399
-35.19925000 -905.10672024 225.65111111
-35.98924902 -767.34932549 92.57551307
-33.69497568 -782.18829653 131.39733943
-34.09494667 -784.57652333 123.52059778
-35.51345701 -785.29102783 122.65436797
-34.64363750 -785.84171250 135.62068194
-29.72495526 -783.99292632 127.34640760
-33.82103846 -778.98037308 122.88647521
-35.90393644 -782.12748079 116.63745850
-35.45750000 -778.21610000 133.20804444
-35.68433090 -779.94920365 113.72543569
-34.95638913 -776.27820870 113.11289010
-33.94899268 -776.14882634 110.87151127
-33.23553740 -774.32102290 109.97388414
-16.33986875 -732.15673125 165.76278819
-40.78351111 -752.33290000 32.68212222
-35.21513951 -773.61205679 110.96492716
-36.77598333 -775.93592500 104.79103611
-35.89464545 -771.16893636 107.43558763
-35.69248537 -770.58970976 104.56362249
-29.90569600 -888.18202000 220.34836844
-38.01182083 -844.73961806 198.56028333
-34.44797436 -770.15640769 102.30684701
-35.13057763 -770.94128947 101.30889510
-31.43607143 -745.38587143 151.05215873
-21.56687312 -749.82481613 147.14265412
-26.96999142 -896.77944037 224.16343632
-25.19114649 -947.55556371 233.32149106
-20.65740042 -746.77004219 149.39314339
-31.95139524 -886.72128095 219.67507778
-24.19132341 -929.69387307 233.27402666
-18.89039661 -745.41689661 151.13153089
-18.46072074 -744.02193158 152.37640946
-27.13900054 -734.30437172 166.84207246
-36.38480605 -813.88492630 166.62317173
-26.65661078 -734.71850184 164.68808697
-36.08050429 -914.91154619 227.07538444
-26.03518214 -739.07055000 156.64311587
-24.07522986 -734.71099054 161.63623803
-18.69650000 -971.90398261 232.11319662
-35.59999184 -853.97722587 204.29566030
-16.38402000 -740.48040000 156.76334444
-32.81506013 -804.18432002 152.08384081
-25.70208696 -733.11693696 165.40226401
-29.98356000 -908.61497422 225.26458800
-37.90054400 -818.53198982 173.69969426
-24.74274533 -731.15061184 166.95121478
-16.34799211 -739.59215263 157.71575234
-26.28525886 -728.49230045 170.68518543
-16.25406304 -738.52222609 159.17240097
-16.12428167 -737.10432333 161.10168278
-25.47311429 -730.42422857 169.07333016
-21.25608627 -731.27412628 163.71213668
-26.09832676 -726.29077652 171.31602972
-15.37960093 -731.33480916 166.69037603
-20.91769788 -729.43348245 165.18574256
-22.87258876 -726.85934157 168.61009950
-26.19484118 -724.46607647 172.04090523
-15.08251030 -728.81669964 167.38190360
-17.78939738 -728.25112823 166.49584505
-39.42602500 -760.30720000 63.82341944
-18.16099218 -725.66868086 167.91959323
-15.03194110 -725.69190333 168.36371283
-22.14566842 -721.65825789 172.22480058
-13.07738544 -725.45701899 168.51372609
-17.98581603 -722.56923101 169.88908277
-39.02114200 -905.79153100 229.38215744
-20.99408382 -719.50049002 172.97574797
-15.24137265 -718.68821224 172.30301261
-15.24437083 -724.14496667 168.89914444
-20.12261560 -720.83096379 171.63550545
-23.19644554 -716.88381856 176.18163553
-12.76448636 -724.33272273 168.99446263
-21.83862576 -716.28104545 175.57313687
-28.25410625 -929.89601518 228.58051096
-15.15072040 -720.29197189 171.26312554
-22.93030720 -713.68812246 177.49694487
-21.10945279 -713.60601676 176.49586155
-12.22789819 -718.98677500 172.57381111
-17.74384336 -714.24844060 174.51764871
-12.21929087 -716.65131895 174.12583506
-22.06417149 -924.53000468 232.49035168
-20.64584575 -711.32358742 177.44092075
-29.96152649 -810.36661183 160.96137338
-31.19285333 -778.09682000 118.29349111
-36.29065451 -827.82380522 182.11081728
-15.20200361 -713.97269699 174.51514805
-30.06940513 -884.82708830 219.06930461
-10.40840833 -713.75248889 176.25166250
-32.95693578 -935.65329965 226.80126190
-14.59189267 -712.70199804 175.15165398
-19.31663370 -709.52663152 178.15129227
-18.48786193 -707.28366788 178.96170834
-25.06744704 -941.62852185 235.58414259
-20.11095000 -706.33840000 180.95824444
-17.69065918 -705.09951336 179.86397029
-19.92890909 -705.43202182 181.16556081
-10.19226154 -710.22480000 178.25378803
-10.10756107 -707.43962131 178.79276166
-18.42006030 -704.16650066 181.59686141
-24.00090604 -920.87892261 230.11359450
-12.50951607 -707.72760681 177.28504898
-10.78857917 -709.76277500 178.19987778
-27.92608828 -923.63379089 228.47227257
-15.40549162 -704.30243726 178.65312246
-12.88424939 -705.64843049 177.73777066
-11.96529457 -704.25137705 178.53527321
-31.98706268 -856.91384789 204.64537473
-14.85549911 -702.11315760 179.56295865
-15.97994223 -701.13335152 182.04958941
-9.80420420 -704.52256601 179.13423731
-12.07872786 -701.81762753 179.17066882
-15.75451105 -698.62567072 184.23905770
-23.95307151 -869.84104192 212.26390581
-34.12538560 -828.67371760 181.36470524
-9.68759319 -701.62383070 179.46434564
-11.98730653 -698.58156190 180.10558501
-36.74405556 -772.09421111 113.77073333
-9.51213582 -698.90305364 179.80880217
-9.58388701 -695.69631605 180.10608341
-12.63379922 -692.53823798 184.97312623
-10.78058958 -693.74189375 180.82685278
-10.17604872 -692.04675282 181.18405932
-10.15907528 -687.37750177 183.10122943
-10.33389917 -685.83000083 184.38319528
-41.13887910 -825.59688159 184.49482206
-10.47016000 -685.08214000 185.28640444
-11.10235233 -684.45049326 185.32445481
-23.30769024 -902.87209868 229.43923508
-19.87773543 -705.92912047 180.76429956
-10.50215000 -715.39570000 175.28389444
-10.52120000 -716.25505000 174.69394444
-39.11191494 -807.01639545 160.84921587
-29.33574200 -912.29712200 226.24232844
-14.53298333 -724.29250000 168.99437778
-19.23676121 -732.74853103 162.68503151
-17.36363614 -739.54075301 157.49589324
-18.12812911 -740.86908459 155.62312013
-36.28444093 -905.67308744 226.86015096
-35.27982632 -768.73718158 97.77276550
-35.09256667 -769.15103333 101.07590000
-37.77380000 -772.03545000 112.36224444
-31.08762645 -799.53374876 147.48378081
-30.32313343 -803.34544386 152.60154685
-39.08653881 -884.20624634 224.20681197
-30.23802906 -808.87744974 159.19872154
-27.59173908 -811.45838851 162.69069847
-33.12089342 -818.95288877 170.09346479
-31.23562903 -820.37386774 171.81757348
-32.63905881 -820.58863113 171.47565828
-32.96010452 -821.91258547 173.23019055
-38.63831572 -917.89512201 228.20122180
-32.56009100 -823.56189150 174.52577244
-27.39310773 -827.02175267 180.31115421
-30.20698726 -827.44218299 179.41576693
-32.53687561 -826.56055659 177.59794493
-29.27381422 -828.88768186 181.27686258
-30.26268986 -830.36940445 182.22726694
-32.18848000 -829.65376750 180.67892944
-22.38328974 -833.74814615 189.29345726
-29.99062665 -833.84913881 185.41667472
-31.09013636 -832.46252727 183.73750354
-32.23422500 -832.52906346 183.52982329
-39.31275762 -828.08991633 184.85952650
-41.18920000 -827.64244644 185.83432122
-33.13873779 -833.72195039 185.40896501
-35.62161346 -832.93444856 186.42097329
-34.14912679 -834.83051964 187.31400516
-25.87815012 -935.76967555 232.65670704
-21.76394836 -857.49870000 206.64698342
-33.15384574 -836.85846233 188.29984691
-30.62378447 -838.63065728 189.52134542
-32.35537586 -838.76754397 189.40223755
-36.39296341 -837.17814203 190.81516002
-39.48437403 -834.86058182 190.37612042
-25.10321714 -944.72990171 235.64056587
-41.53439520 -834.31227773 190.81195973
-29.86415360 -840.06839324 191.10078971
-24.77712074 -890.00127111 222.67518444
-41.29628914 -835.93572914 192.21997816
-35.74332145 -839.11539340 192.08568042
-30.37526000 -841.78654326 192.43127003
-36.39996476 -840.44316608 193.65859511
-38.93614644 -839.63193415 194.61357884
-31.68094000 -739.65275000 157.56896944
-30.01369932 -873.55927838 214.28860188
-39.73402613 -837.81559279 193.39922012
-41.47485773 -837.37860155 193.89152640
-21.78486320 -860.66706948 209.00407150
-29.94706484 -843.23826719 193.82335382
-35.77986942 -842.36095664 194.94241337
-41.27238687 -838.88574949 195.26382222
-35.47976948 -820.88961505 174.18670548
-37.98436190 -841.54878571 195.60154921
-33.39796953 -846.08897715 196.98784322
-36.50055600 -843.67851067 196.55359956
-27.20584403 -848.14992079 198.10987521
-30.17914241 -848.25843565 197.85783883
-39.02577578 -845.74910724 200.49563100
-39.93466869 -843.86246465 199.41921212
-21.68550030 -851.39435918 201.17095006
-26.99346327 -849.65074694 199.32266587
-34.96399474 -847.41241579 198.77614971
-33.05768259 -851.30914808 201.05106923
-40.49240000 -814.02140000 173.85464444
-23.96508138 -852.89286862 202.23766651
-39.99714345 -846.72489931 202.41135065
-40.93067983 -846.36421933 202.76461419
-24.07626396 -854.72596907 203.59931743
-35.16583182 -850.68516909 201.60284263
-24.72194498 -926.39135822 231.41250951
-26.98001441 -854.89067608 203.27248387
-37.10792763 -849.79945132 202.38287602
-33.55210269 -852.69152788 202.46801944
-30.01510924 -929.73598678 227.71123854
-35.78958862 -852.17051702 203.19798940
-21.42812067 -855.86009133 205.38883511
-26.45205165 -941.81495547 230.40785959
-32.92367804 -854.78369021 203.73931784
-39.96416081 -849.77615676 205.54774782
-30.03954662 -856.95373895 204.47194535
-29.99019559 -861.94535662 208.14285621
-36.96673770 -888.00522295 223.75555592
-29.77451333 -862.46476000 207.84412444
-36.55625847 -855.20788604 206.12513705
-21.61598621 -858.98410862 208.08410996
-33.02977496 -858.01255115 206.10536124
-33.93664000 -855.97642167 205.14152278
-27.11350199 -867.64271457 211.32439875
-37.87741078 -854.60298137 207.43184150
-34.43090000 -781.24210000 117.94474444
-39.80054127 -852.64585397 208.36333492
-23.89441269 -861.19123794 208.58193092
-24.47109598 -859.86256231 207.54758565
-27.14172018 -860.50713303 207.14220893
-30.09280935 -860.48686671 207.03072926
-32.93614954 -859.90441238 207.32928015
-36.79414680 -858.24535090 208.68913652
-38.18850471 -857.23152636 209.89698053
-27.07526640 -863.73557954 209.14098095
-33.42506693 -861.17113900 208.53064132
-39.08974763 -858.20395278 212.04558352
-32.98709282 -863.62857597 209.77004934
-31.73360000 -949.56703333 225.91594444
-37.28078788 -861.48698939 211.29956869
-53.87891024 -772.54440315 57.36406019
-38.73787998 -860.81399839 212.63163189
-24.33641475 -865.82802377 210.61610100
-35.37817413 -863.16799498 210.38412746
-19.04728000 -972.33994709 228.41619099
-33.99693750 -865.01307708 211.14258819
-39.98077941 -861.61198412 214.27159268
-24.42160909 -877.55176768 216.67868788
-27.07301473 -869.77751218 212.39649742
-21.77657351 -872.14604867 213.09323500
-26.83025459 -873.54786276 214.36122812
-35.83026746 -815.06511225 167.61811834
-38.34398497 -869.34688057 216.28358719
-40.20089459 -868.01776216 217.22973093
-24.21791447 -956.71739737 233.24192438
-26.90467454 -875.83728859 215.54139490
-36.03573113 -872.30664137 215.88068798
-21.53973750 -877.53040313 216.77246319
-38.72977570 -872.66471041 218.53450616
-21.65764731 -878.98449269 217.87241675
-27.60265622 -877.95520207 216.51074514
-29.65866040 -878.41446206 216.57708471
-27.04122916 -953.82228898 227.46000839
-29.29595662 -953.40301963 226.13434810
-26.81970145 -879.54726957 217.33550145
-39.82844862 -873.53995635 220.40419085
-21.78884136 -881.30125864 219.31011111
-25.72534667 -953.05981500 235.70894278
-29.97859799 -879.68545402 217.14923540
-33.14576753 -878.96720295 217.60016658
-24.05874955 -881.62109797 219.00317710
-27.11690655 -881.74356297 218.22601220
-35.84473080 -878.64173308 218.67932429
-39.53875913 -875.45376667 220.83820937
-30.37961562 -881.36305841 217.76479865
-21.72845514 -884.97872192 221.44707390
-24.14486451 -923.66529854 230.92599475
-40.79491250 -820.57795000 180.55087778
-24.86939403 -883.65779851 219.73612504
-27.19252202 -884.79452971 219.42227230
-33.02685401 -884.26451108 219.56692110
-36.47650729 -882.14879271 220.77028979
-50.81497779 -758.86552155 53.34363873
-21.92556798 -886.92925843 222.42287703
-25.69410000 -720.93370000 174.00389444
-24.01052478 -887.64427522 221.91577720
-28.03009677 -886.47266129 219.81886380
-30.25273000 -886.74716500 219.74169087
-39.38079151 -882.46377269 223.49944629
-25.35108196 -941.52653109 233.92899051
-32.97303603 -887.59823434 220.67456364
-22.99301538 -888.58689231 223.11808675
-37.28101429 -885.42666429 223.26865159
-22.22204667 -893.86396444 226.40269556
-16.11164889 -978.36501407 228.53901333
-21.99902930 -890.57790476 224.61506606
-23.77365945 -891.07972836 223.77531111
-26.67091855 -893.93192956 223.37736771
-29.89395774 -893.66082151 222.16713954
-35.24918679 -890.28585660 222.42202369
-36.50552211 -890.85753158 224.11964129
-38.56051456 -887.41415728 225.11979881
-22.17638667 -892.65890667 225.64855778
-32.73117800 -893.45287400 222.32003544
-34.37997273 -894.03322727 223.14522626
-38.65043261 -890.92456304 227.22541292
-37.12127037 -893.87566667 226.68288148
-23.85406522 -899.72149767 228.18970018
-36.05757802 -896.58069890 224.84712796
-22.41470000 -898.48120000 228.50344444
-37.06960286 -896.70252571 226.58679016
-23.24297195 -900.31464932 229.22079512
-37.29370833 -760.64673333 68.45873611
-38.42844510 -896.66517255 227.84299150
-31.57680000 -739.12650000 158.29989444
-22.36977660 -906.04761064 230.05982317
-22.30395683 -908.90618453 230.16682970
-22.15996000 -911.90892541 230.01635093
-24.87177724 -908.65210332 228.30909498
-26.48095830 -908.89167515 227.13324384
-26.98881941 -911.77985178 227.26166364
-38.31522212 -905.80682212 228.18440285
-38.96409753 -902.84578765 229.34125802
-34.52610000 -906.93700000 226.18214444
-38.23827869 -902.74625656 228.27279772
-26.16847819 -905.93538963 226.85368807
-37.47170000 -769.31950000 90.91474444
-22.45652222 -903.39827778 229.82863333
-39.27656442 -790.89734327 150.12547233
-35.18927812 -902.82699821 225.61327078
-26.25102857 -903.16895952 226.49869563
-29.98353350 -903.30469015 224.38051341
-32.94144337 -908.96226429 225.46936383
-32.60340571 -911.37859878 225.70110730
-38.21009244 -908.40598571 228.28693352
-38.18925260 -911.57391908 228.30562132
-29.47386702 -914.91507718 226.55543709
-30.54820000 -914.04192769 225.83787983
-33.05814787 -915.12654026 226.20687376
-22.02639683 -914.90037206 229.81292667
-27.11011174 -917.48428902 228.18758400
-39.10716667 -791.81436852 151.81702222
-25.02574068 -916.69513220 228.80005716
-27.46030666 -920.68496457 228.49370060
-21.84142665 -920.77479373 230.72455730
-30.03429568 -923.80686744 227.50534263
-38.29834063 -923.71843401 228.18867470
-40.12058462 -822.78516923 181.31367521
-30.10310564 -926.61983990 227.64419526
-32.86292230 -926.81614337 226.93836586
-38.72138579 -752.75865503 38.46446975
-23.52851829 -926.91986374 232.65759405
-36.14421830 -929.46634444 227.15429330
-29.91776993 -932.81422845 227.87153621
-32.86392957 -932.85628484 226.86777273
-35.58884384 -935.55765068 227.04502755
-37.85922000 -774.59218000 100.42516444
-30.09444798 -935.56895587 227.74030489
-25.85685089 -932.88719955 232.43974846
-25.73479457 -950.93235294 235.84457883
-26.82321062 -935.87013306 230.49494141
-30.01598793 -938.83758985 227.42101941
-26.82730000 -799.27290000 220.27644444
-32.93376514 -939.08567859 226.44067431
-24.60820408 -936.00625423 235.43259209
-25.29662735 -947.63814843 235.58910947
-22.82068000 -930.97390000 235.02570444
-27.87729746 -941.86672036 228.50661238
-24.97781730 -938.80263734 235.60349636
-25.75769158 -941.76403968 232.74883282
-34.27751458 -799.65144167 144.40189549
-29.92530280 -944.55574604 226.80741402
-32.21825429 -944.15430000 226.00854016
-25.34627903 -945.03628005 233.49499768
-27.78719064 -944.75393174 228.34947894
-29.77239392 -947.82468235 226.65802291
-25.29218557 -948.35947342 231.08400723
-29.81794494 -950.53668884 226.36771612
-25.25949780 -950.68888066 230.84058972
-24.95870799 -953.96376063 230.61518296
-25.38118594 -950.90563594 235.52963507
-25.45627273 -954.53311818 228.74998081
-25.29197602 -956.82247500 228.33141893
-24.73403111 -959.89414022 227.64985044
-26.18569896 -959.55307668 226.35269574
-23.65194634 -959.72739362 230.32637116
-23.93268218 -962.88559963 227.11752897
-25.90754694 -961.78855102 226.07224240
-26.06326667 -962.12646667 225.90736667
-23.20561171 -965.69848651 226.77144821
-22.25249167 -962.93910500 233.20674678
-22.90048640 -962.49301057 233.93504475
-21.35135727 -968.79470959 227.77449721
-22.88715930 -968.26643023 226.84383979
-20.39062239 -968.49681463 230.09053967
-20.40206489 -971.79632990 227.73425208
-18.51243903 -971.82242039 230.05975969
-21.27873764 -968.25170114 234.01980186
-21.61297273 -967.54943636 235.00784444
-19.94741333 -973.88537436 227.64706547
-17.49726202 -974.60355678 230.11325898
-18.02074643 -974.91178929 233.20716052
-14.44666431 -980.20178039 229.89944209
-15.07936266 -980.55400584 228.39387399
-15.79561343 -977.87507313 233.16597430
-40.95825268 -822.26274643 182.15245337
-12.00982355 -984.41648264 228.41091097
-28.71313077 -736.07460385 165.31856752
-9.59381786 -986.31823571 229.55431230
-12.29658023 -983.85756860 229.48924677
-13.35874444 -981.41463333 230.08062222
-19.55740000 -969.35730000 232.01064444
-22.54960000 -961.09270000 232.03034444
-25.80027259 -953.34272741 229.34682889
-31.82046897 -948.79632759 225.99224444
-40.64570000 -876.36780000 221.98534444
-28.79355000 -955.97975667 226.00004111
-25.64228261 -948.56268696 236.10035314
-31.67597188 -949.56922500 226.04277882
-25.65757120 -944.31167772 232.32991184
-53.76001288 -770.69730437 56.93417973
-25.60498000 -946.64175500 232.17367444
-25.60020000 -955.63137500 228.98371944
-22.68396765 -964.70449706 234.21912386
-22.75024800 -965.02856000 235.25967244
-19.73494688 -970.78715000 229.69292257
-20.43927647 -971.42719412 233.63618562
-13.62240000 -982.34963333 229.62141111
-25.57910000 -952.39095000 234.84104444
-25.59435455 -951.37879091 234.81782626
-35.22520556 -794.56502952 137.47594584
-25.99564426 -918.51578446 229.11118769
-29.11861250 -909.47553750 226.12767569
-26.09104074 -900.61872222 226.34983148
-29.62159835 -899.54394945 223.79030873
-30.23171757 -896.01142027 222.69494850
-26.32022963 -853.07083333 202.08120000
-29.60355000 -853.15365714 202.02446587
-22.46635000 -831.74658333 187.94167778
-34.33166667 -840.98965000 193.10024444
-41.03074643 -812.24056071 171.41918730
-29.78760000 -835.13865000 186.98936944
-29.17577500 -831.97519500 184.15883444
-29.27804404 -825.89299694 178.34508573
-29.31134514 -822.97231597 175.27617153
-37.63506000 -805.38132000 156.72166444
-34.17550808 -825.80380404 178.33330101
-37.23764762 -826.06734048 181.23007063
-40.40210385 -825.97741538 184.15176752
-35.58921333 -781.14819333 142.06303778
-35.31025059 -823.90134645 177.27970480
-40.86950698 -824.37861047 183.54228514
-34.24052500 -822.87325735 175.34559444
-38.88976941 -822.07285373 179.04803425
-40.74586143 -819.03226571 179.17276159
-38.77772167 -752.24506650 35.69443607
-34.32623256 -819.90357209 172.26989561
-36.23873554 -819.32987443 172.98832641
-32.81643325 -817.72627745 168.38930759
-35.52757174 -818.06736213 170.99813099
-37.83425714 -793.18081429 184.15458730
-36.13006758 -816.60666696 169.77018397
-33.02639800 -814.90252516 165.09130244
-39.52959091 -815.63457727 173.65029444
-40.72709216 -814.68061176 174.49062680
-40.89003469 -813.31163741 172.85473492
-31.43062143 -790.15549762 172.52432778
-35.74311722 -812.67056476 164.59877558
-38.10721209 -813.37238326 167.42295328
-37.86975787 -814.54547528 168.55272029
-32.01935612 -795.03654286 161.21348424
-38.12440717 -815.39608805 170.06082373
-40.49793333 -796.30198333 186.73602778
-34.06498608 -784.82564557 134.98740900
-38.43159375 -819.61416010 175.78788243
-40.79707000 -817.66060000 177.55926444
-29.27526250 -817.19821250 169.01023194
-34.60495000 -781.21945000 118.03184444
-25.40353750 -826.34561250 180.81029444
-41.17220667 -810.82589333 169.35218444
-32.80463199 -810.84611242 160.43933171
-41.28071389 -809.73616944 167.87730833
-39.11825000 -811.13515000 166.36569444
-38.40135789 -810.07296140 163.85544269
-35.97677858 -809.95369572 161.28083655
-41.41704828 -806.90297241 164.04548238
-32.03160755 -807.91566321 157.33562746
-35.24064607 -808.92758599 158.95311323
-33.01439170 -806.91464933 155.32626889
-33.71062632 -808.58834561 156.47034971
-36.29177720 -807.30229600 158.08584751
-37.28978235 -808.11909412 160.13743268
-55.57625000 -765.75010000 57.93939444
-38.41572234 -806.15166751 158.89820840
-35.55054472 -806.31134837 155.73533297
-41.10247736 -796.48051887 167.95357463
-31.71412500 -805.10765833 154.14711111
-33.56388539 -805.74845388 153.27733805
-39.56724706 -804.46056373 158.07969052
-40.77589717 -794.48313066 164.60780624
-40.77950000 -796.30020000 165.65969444
-35.73298167 -899.56250167 225.12812944
-52.47113846 -765.59060769 55.04090214
-38.60322520 -803.46835433 155.58288696
-40.48187059 -795.59717647 163.42179150
-33.58724098 -803.01643316 149.94312835
-40.39030853 -794.09185213 161.27906435
-32.76286777 -801.58866046 148.81920703
-34.30454706 -787.14681765 163.29006503
-37.72042917 -802.91754375 153.49293611
-36.92700751 -801.89255780 151.48107797
-35.87095150 -801.44156113 149.14954494
-39.87156897 -794.23489655 158.76321341
-41.21190000 -808.13440000 165.94744444
-29.11369167 -736.79027619 163.80126111
-38.33922424 -765.29693030 80.46086263
-37.47155000 -748.14698571 34.14400159
-28.92280909 -787.09964545 133.15932626
-40.74206667 -867.47925000 217.15008333
-41.07903333 -752.55325000 35.12170278
-55.04605627 -771.44402731 58.31439352
-55.01520018 -772.93783481 58.79100043
-40.70761000 -878.82220000 222.46932444
-58.74280611 -770.82880534 60.79919101
-58.59335000 -772.27160000 60.92294444
-60.28985713 -770.69818883 62.23522902
-35.96888215 -797.60319272 143.31082639
-63.46142727 -772.61315909 67.00045808
-36.03087922 -784.56955455 120.18038470
-22.25588095 -747.26620952 147.53825873
-49.46521212 -754.84241818 52.09036869
-60.45289130 -767.54974775 62.04653889
-37.29952500 -823.09125000 178.11048194
-40.60260000 -884.46190000 225.09494444
-48.77589044 -764.08589866 47.91172456
-16.69731818 -699.89190000 184.11853535
-39.67346000 -749.47946000 21.48023444
-38.97096351 -749.51683243 23.74395931
-38.62471313 -749.81098687 26.53580000
-40.90840000 -751.63521667 29.90342778
-39.47218261 -751.52503043 30.00861836
-38.07082222 -750.05443939 29.48460202
-38.90750465 -751.82577209 32.95013592
-37.38609531 -748.74802188 30.13757101
-51.95578859 -769.94881562 54.07415255
-51.58313333 -769.45868333 51.65921111
-50.55216720 -767.14960683 50.99258636
-49.79467647 -765.74135294 48.04260621
-48.39405000 -763.63119545 45.48548990
-47.02992653 -761.90840272 45.32090431
-34.09232500 -787.41205000 141.61021944
-51.49034503 -767.60305127 53.57427878
-46.06492847 -760.74267584 44.56800784
-44.97311176 -760.54014706 42.64076797
-49.97477794 -764.83612635 50.92465946
-47.61837614 -761.65775883 47.55800300
-49.27729526 -764.06837204 49.71140582
-52.35803750 -767.76460071 55.20872087
-51.23233924 -764.92827668 53.28159385
-48.81763810 -762.00355440 49.90462654
-37.36390794 -751.58772222 38.53763571
-49.96804286 -761.68666190 51.44992794
-54.12022098 -764.49828961 56.68573315
-51.45787073 -761.51805988 53.62102307
-37.11165398 -751.95276882 41.85515025
-39.62060000 -754.31230000 42.80904444
-61.52080000 -772.19645000 64.06974444
-52.63153333 -763.46679167 54.87253611
-49.80861922 -758.87256913 51.50941804
-61.98362367 -770.06218082 63.63843628
-52.62173333 -763.00742667 54.86327111
-38.49916791 -755.11503489 47.49066981
-52.38718481 -761.03666296 55.22327111
-61.96236965 -767.98765470 63.46775323
-35.39667317 -800.38140545 146.65598281
-58.84603534 -765.43324549 60.72262828
-49.68398727 -756.86247636 51.71966990
-52.02751689 -758.82796325 55.89090256
-37.16914185 -754.88812219 50.37204164
-38.70470800 -757.35841600 54.56225644
-36.80161032 -755.17904431 53.78718341
-38.70157666 -758.58636548 58.93443796
-34.68043750 -794.40797500 241.41406944
-37.19329444 -757.72444722 59.71662222
-34.71098070 -814.48987544 165.70073041
-38.48724396 -760.67466374 66.05262796
-36.78035806 -758.02698790 62.91456944
-38.72476343 -761.37770224 67.86239967
-37.49780000 -760.30760000 66.76314444
-39.21240909 -763.56860000 73.82588990
-37.10380000 -763.72034286 78.29845873
-36.61734783 -761.62782609 74.69356401
-38.44686667 -769.98961667 90.45026111
-38.30220000 -772.25580000 95.28684444
-38.13375714 -771.75822857 94.54775873
-37.78763636 -770.57355455 92.78451717
-37.11767000 -769.68298000 92.63527444
-36.87164286 -768.31394286 90.62944444
-37.64457143 -773.83417143 99.30475873
-37.14886154 -772.74790000 98.33457521
-36.67478667 -770.58123667 95.71427778
-35.56586311 -770.28798852 98.68559772
-35.59855096 -767.93414712 95.49473868
-36.62710000 -778.25400000 108.86724444
-36.55646949 -781.55608475 114.23642072
-33.61994400 -811.44624000 159.66570444
-34.36948889 -802.40454444 147.75951111
-34.97175000 -793.59735761 135.46276401
-31.12167857 -790.91867090 155.75244418
-35.15933571 -790.93333744 131.79624814
-34.95194510 -799.48010000 144.47098170
-35.17554887 -789.86705210 130.46057131
-35.55410337 -795.73254906 139.74753134
-34.56700000 -787.20920000 127.07204444
-31.98545435 -796.07169348 142.24990531
-25.89542000 -802.01806500 154.14110944
-26.41502857 -799.15427143 151.09565873
-32.28150965 -792.44221042 155.32673749
-28.47480000 -790.14000000 139.36134444
-33.13983182 -793.59603485 156.46389369
-32.44490646 -793.87624422 158.00778628
-31.46544545 -790.49340909 153.65746263
-31.76736250 -795.81583750 163.33814444
-31.08799048 -796.34430000 165.34653016
-31.53023333 -787.18523333 154.22224444
-29.25544481 -796.68614523 170.56132868
-28.31020000 -760.76869200 120.35874444
-27.89560000 -760.41873333 121.26194444
-28.74548325 -796.88059713 172.85741669
-28.64285000 -798.04328333 175.23027778
-25.28365556 -757.06432222 129.68274444
-31.66032500 -754.20117500 129.84166944
-34.60945000 -754.15975000 135.52179444
-29.03235238 -751.12324762 135.73763016
-28.46060000 -751.14150000 135.82269444
-25.32320000 -751.17220000 138.63374444
-23.12835000 -748.37052500 145.42186944
-19.34615556 -739.06480000 156.83373333
-16.20685000 -735.91545000 162.59625444
-16.93361667 -733.81215278 164.04572639
-28.59235000 -735.80945000 166.05846944
-39.44306667 -787.92348889 144.10381111
-27.19750000 -733.31150000 168.96854444
-19.77006364 -724.02590909 168.87051717
-22.68597778 -712.13743333 177.85297778
-16.59616667 -700.19423333 183.57414444
-13.63000000 -697.17770000 180.93784444
-39.65866667 -793.40680000 156.12061111
-19.69140000 -745.30315000 150.98044444
-37.50125000 -792.73275000 151.16519444
-36.28860000 -791.65492000 149.12316444
-33.43624082 -790.71154082 149.79679751
-36.50132692 -790.74265000 146.12117137
-34.52770000 -790.27340000 147.85464444
-31.62900000 -751.22615000 138.78059444
-36.85270000 -790.32445000 144.79614444
-28.81765000 -894.97130000 222.97829444
-35.13196198 -802.88654132 150.07412323
-22.18107500 -751.39517500 145.35024444
-33.48151839 -787.94704023 143.77314100
-34.65920000 -802.66470000 147.56004444
-35.43717879 -788.16174697 140.73711566
-35.30081429 -787.41252857 138.58588730
-34.80256333 -786.59375000 137.44648444
-34.06693412 -781.80289147 129.17930985
-37.60625000 -759.51090000 122.29636944
-34.58740000 -781.32400000 126.65814444
-34.63864000 -782.00256000 127.90718444
-37.50873636 -820.15919091 175.09580808
-37.61416667 -817.35526667 171.76437778
-37.85081500 -811.91110500 165.16580444
-37.66628333 -800.49440000 149.97669444
-36.59351521 -798.57869124 145.93506933
-28.67550000 -790.21640000 139.03524444
-37.56780000 -832.30090000 186.88134444
-37.75420260 -859.99793247 210.59477951
-40.69125758 -863.95733030 215.47512929
-40.68465526 -866.50372895 216.38220760
-37.86748974 -865.73062821 213.62191624
-40.67635882 -868.96647647 218.07395033
-37.76962174 -871.47039130 216.79409227
-23.00390000 -853.27960000 201.93604444
-22.25830000 -856.39657778 204.60421111
-31.73710000 -862.31264000 207.73098444
-28.29720000 -862.35503750 207.76678194
-40.58225000 -862.16050000 214.81149444
-21.42800000 -874.32618571 213.79135873
-35.12210732 -908.62936098 225.73594688
-35.04173846 -912.26190000 225.81509829
-33.10309296 -914.48058873 225.82822191
-28.72966087 -925.79468696 229.07205314
-40.58330000 -874.02700000 221.19074444
-40.66880000 -871.80900000 219.91344444
-42.81615000 -832.04945000 190.04294444
-24.05770000 -811.24320000 162.88254444
-35.24737692 -787.06510769 163.02264444
-25.69865000 -811.21370000 162.98829444
-24.29960000 -790.26040000 274.39474444
-25.62413333 -787.67343333 277.17927778
-23.13147500 -787.30230000 286.51246944
-31.67930000 -791.49510000 253.01134444
-28.58740000 -789.48295000 265.32714444
-40.64177500 -797.52062500 205.78411944
