-60.34417919 -850.33476871 293.46226540
-35.73419028 -751.27571191 152.68328562
-63.48848670 -808.28117713 265.60702059
-67.31358560 -795.07966809 243.56926904
-55.50846694 -783.30611673 225.33893673
-7.72437667 -662.61482000 169.12425524
-38.38544580 -747.87520244 95.69114375
-39.82126667 -747.35535000 59.78892857
-52.08197857 -765.22946250 207.42140179
-35.91058352 -747.17324519 71.64818931
-64.26228843 -811.41673115 263.77624537
-39.96278235 -752.26956639 168.02326471
-33.02916154 -764.84584103 174.14534088
-35.48981237 -751.23437739 149.72245684
-45.71957500 -767.38742500 193.21975357
-59.18082518 -789.49337932 233.98490843
-40.04846250 -746.49937500 39.82860357
-67.98124414 -828.91132231 275.58623711
-40.47353280 -773.84024320 198.18901297
-41.28163942 -778.83497638 212.71783089
-70.21094330 -816.19345464 261.53134610
-38.32117351 -736.03790660 12.23957889
-35.10948655 -769.14985966 185.65228950
-62.46983613 -783.98777238 233.69638726
-29.47609693 -730.88946266 129.31262742
-49.86065397 -754.01810322 65.85571641
-38.25321846 -747.85959580 98.38856074
-25.16826691 -772.91293272 218.18336423
-68.06800225 -814.02038671 260.47947667
-24.13592703 -732.42677322 131.83059786
-38.76631739 -737.01030435 13.27290683
-19.21057500 -679.80036452 168.94312857
-37.33775000 -749.42051667 130.92902857
-24.40588358 -722.16079552 141.79240768
-59.09393491 -794.97782872 240.50714438
-33.71930000 -740.38280000 19.35242857
-63.75610625 -836.98515000 286.12257857
-32.46911413 -725.82808641 142.88970575
-55.60843789 -766.01187763 74.72613528
-51.11957603 -772.03033678 209.69305025
-47.97457489 -769.12187994 200.56169336
-67.11161000 -815.07226400 262.73531257
-55.30792750 -772.56602341 221.79655244
-38.40258651 -745.14535164 44.71347084
-45.39690786 -766.58615472 191.14122448
-40.07913077 -776.51907692 204.97762088
-38.67220822 -750.74187439 134.69369569
-68.86813404 -799.82043362 247.62356474
-70.32314667 -814.40532583 260.00001732
-31.65130135 -760.00525162 179.68865888
-35.94160046 -745.27774787 59.70040889
-35.09063865 -758.00110279 146.38649391
-63.84315000 -809.28234000 264.87763857
-40.81788843 -744.94561979 35.74817973
-26.06131220 -706.48829545 159.13826590
-51.27131791 -760.25850533 67.54584179
-54.23540000 -785.31954118 226.20865798
-60.82266667 -851.59220000 293.23239524
-33.45580219 -751.32636144 128.84307591
-60.97288571 -785.89334286 232.13290000
-46.22019520 -765.39931667 191.93865509
-46.03073333 -761.83236667 63.87980433
-62.90717415 -841.04539113 288.02023120
-68.15789792 -822.97436348 269.55550445
-35.50589503 -748.63110058 119.52271044
-50.74944783 -794.42367826 241.34454161
-38.02405837 -765.26106209 173.67499555
-53.44832268 -777.86805019 218.64650404
-38.19413704 -749.85591111 92.83947143
-63.50756087 -809.95068478 261.00888509
-29.55512372 -733.28615873 125.86392580
-37.74249955 -748.52899910 113.68965492
-36.71115000 -746.55432500 54.70962857
-62.13050161 -796.36507123 242.48895996
-48.96704186 -774.17413256 207.72618206
-43.91992094 -770.91903125 195.31961482
-34.06465278 -751.02216540 119.57221291
-24.55978231 -696.49273605 166.30622653
-46.97511755 -765.97803781 194.68795825
-53.31326411 -786.42325403 227.65990720
-34.26071507 -730.53560386 134.59793537
-67.35469033 -793.21655055 242.77537421
-37.88223547 -744.94232697 32.66237657
-66.88301250 -790.93762500 240.94084940
-41.20707913 -744.49676478 20.67476205
-41.73055921 -779.73618809 216.03030041
-48.85134000 -762.70587600 198.96339857
-62.19889734 -793.45028517 239.36097743
-30.40632000 -742.59888526 114.36576594
-34.12640645 -753.56170000 146.90291002
-63.66721739 -809.61740435 258.88746335
-41.28990630 -776.91502980 206.96645235
-42.03626875 -755.96656688 51.76379107
-45.95608312 -757.93254675 189.69164286
-37.97512940 -761.99379286 161.89231264
-34.01386667 -740.40803333 111.68632857
-39.86198837 -746.70931628 53.26166811
-39.00772713 -776.18365647 202.97649797
-50.44613279 -763.36405351 203.39174641
-46.93043155 -788.23312379 232.39761255
-21.59158016 -727.16482222 140.65378810
-46.70960552 -762.97087293 191.60617180
-62.82484431 -807.99672830 263.66825771
-58.24735474 -775.90502368 226.85112331
-60.88421667 -779.27813333 230.88082857
-22.70007632 -775.48210658 229.90021848
-47.23832965 -780.00784956 216.10720047
-40.94325169 -769.51068847 188.62477807
-32.43459967 -732.45097582 128.55522390
-33.49910123 -767.82267654 182.96856684
-66.95080000 -809.38104000 256.23140857
-59.80380250 -787.85698450 232.72487707
-51.50271258 -769.32280258 209.27067825
-67.04677027 -812.27902703 259.60804479
-38.13558813 -742.82536641 41.60735388
-38.36880239 -745.31303701 47.75070812
-30.37013882 -734.08404145 123.62825555
-42.66525714 -773.42381429 199.27580000
-59.82033356 -784.03940411 230.24968222
-51.59956032 -763.93292381 205.61057619
-49.76398312 -777.53839221 212.81057100
-48.93831053 -755.90684737 64.02162857
-17.99982273 -700.73190668 159.82599488
-54.80473333 -776.60606667 220.08202857
-15.30218783 -666.52344180 172.98892804
-37.90838135 -748.76705544 116.59874412
-12.46187415 -696.30051156 163.48065646
-64.68640968 -808.95298412 256.88067175
-70.00160976 -822.29791707 267.22818792
-31.04466923 -716.38205385 151.11959011
-55.31615513 -765.19522949 72.62288242
-70.22928488 -809.89724070 255.60113322
-67.72208036 -803.83789821 249.95120893
-66.45252368 -831.45500338 279.50455883
-47.95491435 -776.05175556 208.95869940
-39.66498612 -754.04634735 137.50893020
-37.35665000 -743.38890000 58.86189524
-44.76411700 -764.82406600 63.31702057
-38.90559298 -744.05039876 17.72951246
-66.62695584 -818.84284675 267.80213506
-36.72052857 -743.12871429 33.65398571
-35.30174450 -765.28295550 173.68233178
-32.30947674 -756.83976075 170.71516679
-67.12601037 -826.87011950 274.67781031
-53.49699463 -781.14983497 221.27448011
-39.86351875 -755.76131250 134.81356607
-15.81290000 -668.29270000 172.14802857
-42.88751667 -761.57599167 174.83025357
-41.01987490 -761.82070380 164.72298256
-52.13559363 -774.32028726 213.48273048
-67.39865869 -835.09548185 281.18282625
-28.45841464 -763.37768741 194.52307714
-43.84913826 -759.82309380 56.86918029
-41.60214968 -766.68693949 182.39226934
-46.21044082 -771.09808537 198.11194422
-65.60003163 -813.95619194 263.79487249
-54.54973704 -782.17415185 223.34844709
-22.54776815 -729.04304968 137.10575692
-54.49388054 -797.71445772 250.95863461
-35.29294693 -750.78490213 107.77044510
-59.34242758 -801.94116145 254.53182486
-42.23297790 -756.89595513 164.67648894
-36.04850217 -761.59319130 159.68923944
-35.25658506 -740.26142184 19.41758489
-66.66590000 -800.44690000 247.20822857
-50.19548408 -792.39745175 236.90618804
-37.79818493 -745.41963780 77.64114029
-44.33730401 -762.44376362 59.87282985
-11.68216322 -670.10357173 168.96496378
-45.95633333 -776.55115556 208.04612857
-53.84231026 -757.14734242 70.90119524
-47.33400930 -757.14182857 62.36790781
-67.99617216 -833.70384124 279.92019455
-32.83870000 -759.46797162 167.83977722
-39.67857500 -752.86830000 49.23862857
-68.36127576 -830.73599192 276.93366494
-66.49881250 -797.15515313 244.40892857
-66.61711667 -821.89973083 270.69433607
-32.49854502 -755.05379920 176.35347279
-27.40354973 -738.13057059 123.41029969
-47.58384925 -762.96828980 194.70010095
-35.43184000 -745.86147022 98.84086279
-39.88830905 -745.99598000 50.44675190
-63.09675685 -843.50889730 288.65486467
-40.08325288 -739.67323846 13.70806799
-53.34517064 -793.51156805 239.64870217
-40.88771593 -753.84081360 158.82915177
-44.99853986 -747.73009021 53.70039058
-42.43061534 -780.75596761 221.17694732
-33.66923846 -755.62268846 138.34129396
-70.07455152 -806.93310303 252.80677403
-38.60252774 -751.06000165 140.73843926
-35.48553993 -762.00189866 161.99286716
-53.31428182 -785.56483636 226.03433766
-32.27131429 -755.38597143 178.45244286
-58.37344720 -797.19510031 244.85095901
-55.70680201 -786.30652919 228.33938965
-43.05526509 -753.89943787 54.76747177
-26.91232938 -710.80569858 154.49969018
-38.60363589 -751.15043992 143.59846849
-10.45477466 -669.55001115 169.28273769
-45.10327408 -762.94902767 185.71033488
-46.14975660 -768.42887273 195.32413884
-48.85404324 -753.99682027 63.99507452
-66.35188487 -819.78542020 269.91059959
-34.39118629 -752.91303600 164.82807943
-60.04863902 -797.69056423 243.92295134
-38.97773438 -777.25907125 206.48453326
-55.09468462 -768.05644615 76.24333626
-55.53397459 -777.76890765 221.91343346
-45.17259858 -759.97446489 185.69518141
-35.78320662 -745.37344527 68.70487168
-35.36062500 -737.55115000 124.31152857
-39.85362237 -753.61591184 138.33872594
-35.09798031 -753.86805398 125.60010335
-38.53263664 -746.80552287 53.70172279
-59.09275993 -792.54591461 237.33364023
-11.56106105 -672.93481969 168.65163907
-54.58088095 -771.31500476 220.45254444
-65.96594583 -829.24742600 281.49745447
-64.09620000 -794.59499200 241.02950457
-37.54232282 -745.98654315 86.58877297
-58.46640916 -783.45286295 228.48160945
-40.87281152 -772.21099596 194.80711968
-35.23476654 -749.07517913 125.68420219
-46.50745125 -748.13208583 56.63683211
-53.81694187 -769.85919350 218.30215134
-36.19551176 -739.92760588 13.54716975
-64.41548846 -797.66528205 244.00278755
-41.39269627 -765.84208136 179.52479467
-37.79403318 -743.88849032 107.41078341
-57.90232286 -775.94044571 226.01548857
-25.63058800 -718.99526036 144.55269403
-63.72510741 -835.43724630 286.04774153
-43.02079730 -765.19261081 179.87592497
-37.75515452 -745.86157224 83.56688777
-35.67978162 -750.25190662 101.74731791
-46.25117039 -750.34178092 57.46804239
-55.84078617 -788.88420356 231.47088944
-33.43240450 -755.84850180 140.92138533
-68.12378652 -802.01163673 248.73487785
-51.99983787 -768.61577904 210.42061534
-53.11350000 -767.36890000 214.32686190
-11.21955000 -686.53147500 166.17775357
-42.56747506 -755.96317236 173.53875689
-34.19492263 -752.76515474 158.93614098
-65.57565365 -810.36928458 258.03697170
-36.16487105 -746.92967919 65.77089962
-44.84821332 -765.96844482 188.71563719
-38.27104106 -761.02789187 158.50243670
-34.93608494 -754.95247981 131.49714876
-59.45428015 -798.47947998 245.84973302
-63.58636620 -784.77483239 235.53265392
-42.75128571 -763.96572857 178.38322857
-44.30687194 -780.90418448 218.72494051
-40.11504471 -756.68909098 143.64171014
-21.73120000 -728.55930000 138.83772857
-40.03767705 -745.55655496 47.66978211
-37.68843704 -745.52906146 38.51126920
-50.32161735 -786.18413533 227.86618472
-43.15694111 -757.42616455 173.69103446
-40.97472689 -753.89729447 161.55999376
-36.40363027 -744.33427717 44.79805810
-9.53121290 -681.98327016 168.16325680
-63.47164254 -786.95501791 235.51607260
-41.41742893 -762.31976713 167.80767998
-14.38304279 -685.76311375 165.94304232
-34.19572642 -761.25084528 160.87741914
-49.92561801 -759.95906365 66.30405537
-27.50816667 -731.30524242 129.89166190
-37.42431429 -749.35891286 128.31225714
-25.20740000 -716.21410370 147.79473104
-68.80978326 -812.84040271 258.81727789
-38.37498809 -747.87966672 44.63814668
-41.26918421 -753.94303569 170.69690990
-37.50564400 -761.58293600 159.70308657
-42.41694483 -767.13411724 184.94194236
-21.64078000 -683.66048500 169.28882857
-31.42678014 -757.14097859 179.57006505
-51.36651429 -785.51459286 226.07422857
-38.61898264 -771.73301031 191.66443544
-70.11018227 -820.65655035 265.72869453
-66.91233359 -823.20090469 278.21473717
-60.91986635 -847.74679712 292.41002088
-39.46698000 -767.39277000 181.46389857
-9.40145862 -651.92771264 170.84716076
-48.67619565 -757.65834783 64.30409379
-70.29723883 -813.00849515 258.69880527
-52.38868167 -777.30375538 216.44761742
-43.03543864 -757.37653674 54.17276948
-25.02426818 -713.34360909 151.06335130
-26.83317778 -737.60561481 124.31037302
-35.74244992 -745.46325638 71.53945693
-70.27418022 -811.46241154 257.22123516
-68.08516404 -796.19341933 244.96055734
-38.81055261 -746.66910410 50.47750768
-32.94693953 -765.58231791 176.63898060
-36.64023433 -743.89536695 38.73512728
-35.22414134 -759.65804488 152.93269394
-42.80647143 -758.54151429 168.91634286
-64.41399333 -803.31766444 250.37774413
-48.44486667 -788.55316364 232.06257403
-62.52435594 -807.99841162 260.64338685
-20.13524413 -691.07202589 165.26160041
-22.54002944 -685.61832513 168.79632400
-46.55468500 -758.07814500 191.28121607
-57.56901667 -800.22935833 256.33018690
-23.34260775 -690.86721500 166.88907119
-70.12600719 -808.55113885 254.18254728
-25.11147624 -694.14134950 166.79203006
-56.21920593 -793.69005965 239.52932155
-55.27199737 -794.35606842 241.29312068
-40.54806130 -757.08706897 149.65731823
-64.56115799 -841.02702019 286.80600255
-41.30484124 -744.23863093 14.54156904
-37.62451429 -776.57770000 201.72081429
-63.52992412 -810.05760047 263.40298431
-36.63768409 -743.16982727 36.11349448
-67.74810260 -831.93831891 278.53569136
-34.39809600 -736.70724267 122.93328307
-41.22985456 -754.04253885 167.71742660
-35.57375546 -749.33488319 128.27107311
-35.06946845 -739.99257864 18.57715576
-65.41052709 -807.69739962 254.69052389
-26.40823638 -733.11848638 128.91478787
-61.13445104 -783.70986510 231.69923222
-41.03888935 -751.36129952 50.54816115
-23.35282433 -711.61414616 152.28793375
-59.02692082 -786.60466904 231.14206967
-66.13207785 -813.06123945 261.25737034
-69.94071000 -826.16465500 272.20553857
-50.33717335 -762.94769848 67.79431855
-47.61843822 -772.31781545 203.29341718
-33.03896585 -761.66772073 180.58163833
-52.35704322 -768.25390424 72.56599637
-45.72076250 -770.35866250 196.24146607
-44.32790489 -757.21927026 185.63444507
-49.30623392 -762.95552311 200.69172708
-68.94780817 -819.13563555 264.57374150
-65.91056952 -790.02972607 239.48845183
-33.10783158 -758.92168086 170.87577211
-65.06231564 -799.24203631 245.67349601
-50.40902263 -780.92216066 218.57927454
-33.33643262 -731.78509412 130.74200290
-35.66918308 -767.54698615 180.90184703
-68.86337563 -816.07296867 261.68840262
-36.52142262 -744.14242048 41.78488333
-43.55939153 -748.03253598 51.18433439
-66.62360654 -823.46420405 277.91363792
-67.05010467 -836.96542267 282.47310390
-38.79976521 -750.87896381 116.76746389
-46.85996480 -773.92022934 204.17300051
-63.96321752 -809.07291606 266.39053514
-69.01757194 -822.06616276 267.49694592
-35.36787972 -741.85466801 110.71259378
-42.89620000 -770.57500000 193.16242857
-63.99793636 -785.11810545 235.94305766
-53.28524635 -795.06856220 242.75807327
-57.92571869 -778.03227009 225.94130895
-44.30255251 -777.54064482 209.71378994
-66.96600000 -821.14562500 277.35082857
-52.99240428 -774.97336908 215.85663548
-36.35670545 -749.64894182 92.94134312
-69.03773393 -824.96360811 270.57046311
-25.03777857 -710.37257143 154.10430714
-67.16189687 -820.67225783 269.02842231
-70.17848309 -819.41687101 264.39330973
-57.06804542 -777.99815297 224.54680023
-70.18644370 -817.64136975 262.92424538
-20.57257396 -709.87841818 153.71241358
-69.96446835 -805.00562158 251.25855159
-36.15910227 -744.97985042 53.63930817
-36.66770385 -743.27671731 53.59691896
-69.96313750 -824.89038437 270.34586295
-44.88234025 -757.36933491 59.30047724
-41.89469467 -756.81180775 161.55293003
-66.30853078 -820.15296077 275.33061444
-69.94195495 -823.79142418 268.97248462
-69.83831250 -803.16945000 249.91960357
-69.85043333 -803.65716667 250.11669524
-66.63671351 -791.25229730 241.40707992
-66.50075400 -815.93106450 264.58608607
-69.86770000 -828.05090000 274.47242857
-40.34112676 -758.71142254 149.68517364
-68.10928060 -805.01596935 251.01527416
-67.02600000 -791.28304444 241.38610635
-41.16839458 -744.38653898 17.53062416
-19.45447718 -688.81549751 165.89091820
-36.55221250 -740.59645000 115.57028482
-68.12766193 -825.96932196 272.64447360
-56.12054138 -761.12857931 73.43353547
-57.52716053 -781.98991842 226.43336541
-34.51954237 -743.15323051 105.29447942
-68.11467397 -811.30562012 257.54543278
-38.36503411 -750.92698441 104.64305411
-57.87950000 -800.39313333 256.43704524
-64.56215774 -806.15705119 253.51341726
-68.22325015 -806.91825598 252.70449038
-67.94306754 -817.08618020 263.67572256
-57.62071200 -800.70737600 256.57814457
-66.20601845 -826.00021048 275.78234422
-38.54855732 -747.64320498 68.64935536
-29.01408453 -715.81299661 150.67447984
-68.48713891 -809.86719863 255.71307294
-31.20708473 -734.17672214 123.63914613
-68.10998128 -808.38751391 254.21025378
-33.95448205 -763.54118718 187.83701319
-66.17371175 -828.96898696 278.62317198
-52.63949427 -783.04608674 222.28931352
-66.32911082 -822.84444271 272.80873775
-9.33979262 -675.91327819 169.89031918
-44.46167522 -768.77922745 191.76095373
-33.38706815 -745.56410701 105.03310182
-68.06191876 -819.95929698 266.54557432
-25.13136708 -696.99001138 166.64640303
-35.34981903 -762.63335012 164.63214226
-38.60605203 -775.69464390 200.61896651
-68.89781990 -827.78105026 273.78933381
-26.19336771 -715.05405274 149.81886238
-35.44020784 -747.51009303 83.61876411
-69.52957500 -803.39432500 250.21215357
-48.97818712 -750.56270758 63.70824903
-37.74122998 -745.19408148 35.68388022
-67.17896793 -817.73330312 265.84718024
-68.08736872 -798.60709085 246.38474687
-28.55813091 -769.18896879 206.62537857
-52.48686914 -762.72933086 69.32188536
-44.29737167 -754.03591444 56.48446450
-67.21589974 -823.71147308 271.79378165
-67.96826000 -794.37840000 244.21900857
-67.04648313 -830.06005904 277.56685207
-65.10694929 -837.95969642 284.67169775
-66.57553585 -825.00491195 273.66608832
-66.25007030 -823.03445973 275.61081261
-67.01194545 -833.16905909 280.40377857
-66.87674789 -825.09524930 279.49178350
-61.17668253 -781.06668072 231.43614152
-66.08068308 -819.92651162 272.56092652
-66.87790000 -837.87370000 283.38232857
-66.83257000 -821.78736000 276.93578857
-59.13777323 -853.99215197 295.30766952
-66.82401111 -826.23940000 280.38058413
-32.68938987 -756.75358544 158.54548996
-66.84038667 -820.89176000 276.84200190
-66.81395000 -791.70068333 241.02816190
-50.19377208 -765.97106231 203.62440024
-66.35067618 -837.03591206 282.79345563
-66.26429834 -826.08691041 278.44987602
-31.18112000 -716.63920000 151.22338857
-66.31225923 -793.41461923 241.70752242
-65.27809796 -840.15964627 285.51358129
-40.37866154 -767.76531231 183.43818549
-66.47286743 -828.14648982 276.41713061
-64.89959667 -811.33262778 260.54371657
-36.03409492 -747.06263574 68.64745787
-44.47314325 -759.99872239 59.61660935
-35.79249637 -745.37175128 65.68172157
-66.00599722 -835.01773980 282.34305724
-55.45689383 -797.25728401 247.92815921
-40.97973126 -738.88786933 12.21123346
-35.07523141 -748.68739936 104.66475742
-66.08544659 -816.72184452 266.78682398
-65.32154700 -804.85735591 251.52109973
-20.19567567 -697.17715644 161.98154152
-49.41886238 -785.22751287 226.57600481
-33.10005330 -754.50294142 164.66075100
-65.30980506 -796.17218121 243.04021035
-65.86330335 -831.93270898 281.53358315
-65.92704613 -803.77346071 249.90913214
-65.14933937 -802.15674659 248.58261550
-58.87723349 -855.09762249 295.65506254
-62.02001686 -805.17104198 254.48041390
-66.51593656 -826.85333065 280.62546190
-37.35563111 -741.59873457 113.58873993
-66.25262429 -806.72244857 252.94222286
-28.73524650 -721.58009667 143.91197540
-65.73666208 -816.96476489 269.59931261
-32.06839437 -746.68243803 106.79571871
-32.45655508 -756.81667574 149.74900693
-65.20147263 -792.80274859 240.32602908
-41.23918264 -760.24053333 161.63457250
-19.35155899 -694.87733652 162.85622014
-66.60724615 -809.56060000 256.02815165
-55.43278540 -762.92926241 72.24981981
-47.80701383 -767.82852394 69.31934134
-22.77359274 -703.50236301 159.40558698
-24.71902857 -770.20124286 213.37134286
-38.78845418 -750.68952506 128.73460870
-66.63730000 -821.31962500 277.22007857
-9.26184421 -661.33074378 169.33254746
-40.69214645 -742.32444455 26.65582241
-65.06315949 -800.67433671 246.98968300
-33.73980000 -764.47990000 171.86242857
-61.96509398 -841.99289157 289.50659363
-37.86449101 -740.13413895 17.45874955
-11.69127854 -657.94825606 173.13691569
-65.92189205 -818.01023636 274.60294789
-54.51009412 -797.53456176 249.89123151
-53.24125335 -766.01690933 71.59417259
-28.39333508 -718.86212742 147.41487535
-65.68458900 -817.14275773 272.58914521
-65.03618781 -814.01003023 266.59346395
-65.64290635 -788.18289206 238.45667460
-34.35792669 -752.85583055 167.75548548
-64.73758870 -835.04533194 284.52040008
-65.54938750 -830.09654688 283.37766607
-38.50587888 -755.88292789 134.71208993
-47.54771728 -766.35203300 67.88266915
-63.28694595 -800.55995676 247.05733398
-40.27864962 -757.10478008 146.66125038
-15.44444384 -710.88122055 154.62946693
-59.05194450 -802.32821772 257.42485768
-65.03794309 -832.49750424 284.19811965
-65.09968305 -814.80489068 271.72175866
-45.49090000 -782.51886667 222.80922857
-52.01699643 -764.16600179 206.48269464
-36.25106223 -744.77676006 50.46179066
-64.59762209 -786.91311980 236.81438252
-17.86517746 -715.88436230 150.82994456
-64.99841305 -814.07342586 269.54688345
-53.30291072 -796.16879690 245.76197872
-64.54649628 -789.34328191 237.51457751
-64.26593520 -843.41356080 288.00900217
-64.62703563 -811.70256078 268.86813546
-47.95257485 -760.47347564 64.84121332
-39.06471604 -754.38175598 131.45735520
-64.28351565 -811.06974447 266.58891162
-64.06209581 -838.44961545 286.58022674
-33.75398333 -751.02758333 120.53199940
-38.51338186 -745.31200172 101.46588053
-64.05918871 -835.85176613 286.59840760
-55.18205684 -767.99699402 75.48204652
-57.06304856 -794.63854760 240.82915213
-23.35631429 -731.68502245 133.41579388
-63.87287500 -845.16715000 289.19940357
-61.78839447 -846.97300642 290.97527158
-63.89280000 -809.40510000 259.17062857
-59.53136870 -803.05794348 259.67453901
-63.80320000 -845.69550000 289.69212857
-40.91340870 -744.89801618 32.63043751
-63.37975402 -837.96927155 286.93098634
-61.61305390 -802.86634000 251.20426077
-59.07026066 -799.46227956 248.45136290
-62.42231376 -790.30375086 236.48934921
-38.87426144 -750.77159917 125.73786113
-62.46931525 -797.67017695 243.93261230
-29.40092198 -735.99318784 122.71664953
-63.73382667 -809.76079333 265.46434857
-39.91687714 -753.83655958 140.99924081
-35.97173378 -749.77863041 96.02839479
-35.18113871 -757.44512258 143.71600801
-63.54921053 -835.95917135 286.44966600
-62.32555295 -801.67697048 248.71591289
-62.60228822 -804.22874422 252.04962001
-50.52481772 -793.83190278 239.54123237
-42.21164303 -754.20027646 53.20853592
-63.15890815 -807.03044888 255.35675385
-50.77332414 -752.28016897 67.41701133
-38.46380082 -741.95298934 20.60055070
-62.26956929 -799.10048142 245.64191301
-62.00126202 -844.27878827 289.96124807
-62.78888515 -807.76069932 257.82273489
-61.68307600 -792.00098300 237.58593307
-61.86064732 -794.89391190 240.79001488
-35.48187883 -750.97534161 146.74848003
-39.92957649 -756.29895579 140.83816506
-40.54925155 -742.56512174 29.71549472
-38.39864066 -750.36692982 98.67127194
-58.99741786 -778.00105843 227.71106352
-59.78414644 -801.46730927 251.82635973
-17.82612029 -706.60830500 156.64310004
-62.00792982 -786.78224771 233.86077728
-33.17023467 -756.22937911 161.91546324
-21.14107152 -681.64732539 169.72462438
-27.92160714 -770.82984286 211.58397857
-61.64908095 -800.37047143 247.27845714
-21.74840000 -728.34152000 139.00660857
-61.91402864 -781.77564682 232.87294630
-15.49853333 -703.95339048 159.85395397
-61.65787519 -805.88823101 262.94203904
-45.25105292 -757.57215759 188.31575542
-61.38815751 -805.58810220 257.54102067
-61.46925258 -789.02043608 234.75249661
-35.50252573 -753.08702822 119.86988459
-14.35431948 -663.95694532 173.19766153
-61.59077154 -848.94725133 291.78488921
-61.26008262 -805.67122131 260.70462054
-42.51415078 -756.15382106 170.55984054
-52.17784286 -794.51861429 241.08927143
-61.06641732 -849.79707712 292.51666517
-45.87887273 -752.92190909 58.10745584
-61.00354262 -803.21286557 253.61659742
-40.63365772 -759.09989228 152.99717232
-34.76809775 -747.73427348 98.53468091
-50.96005838 -794.94826727 242.58115571
-38.21947410 -745.29363371 71.61917597
-59.59850813 -852.91555207 294.47059332
-38.58238164 -776.71342197 204.24258562
-33.97579375 -734.32360000 126.97570045
-56.90729363 -799.58204726 254.16071879
-41.25057926 -753.86976011 51.20113836
-60.33219789 -804.37472785 260.34492372
-24.74480000 -773.48470000 219.86052857
-60.68993667 -847.87936667 292.75192524
-44.31900526 -761.76184386 57.91342331
-60.78400000 -846.42380000 292.05772857
-46.77193145 -768.97167641 197.56131324
-60.34665314 -800.90230969 249.10136699
-59.28532430 -793.84159042 239.09062226
-39.82992500 -746.18172308 53.25801511
-48.89176585 -760.80751951 198.59040662
-60.31362847 -780.88540706 230.02098648
-59.12262192 -796.25363515 242.48792534
-38.23661174 -760.33730107 155.64661790
-60.30167120 -804.15700583 257.81365398
-56.23748955 -796.70747026 245.65789615
-44.26217201 -778.70370476 212.69029206
-60.49715634 -803.86993380 255.35331777
-39.80483333 -752.26923333 138.19666190
-54.75252632 -775.34613158 220.24167594
-59.69201860 -790.94076977 235.78032764
-60.75890000 -804.93836667 262.35086190
-41.15810816 -756.91416020 155.55379301
-38.64610596 -756.38029725 137.64298912
-47.55048421 -779.23623487 214.60823581
-40.86301716 -759.35175025 155.83358960
-42.17980577 -754.53521566 176.77075616
-47.02278207 -784.80848531 227.27442060
-40.34807830 -753.75575660 146.71761757
-34.09697816 -737.25278046 120.67553892
-38.01462763 -738.99943384 12.29353314
-33.78940000 -749.40210000 130.54902857
-41.25174967 -774.56219495 200.76346294
-31.52166095 -741.67331831 113.42192614
-32.20095529 -736.66481276 119.84134284
-49.27598506 -762.41798918 66.79115433
-60.10109646 -778.72872478 229.83021176
-35.02865644 -749.73591111 129.16854902
-12.88120000 -668.44020000 169.14282857
-58.85574891 -780.84904317 227.77743417
-58.41236277 -799.95003404 251.43571353
-59.22462500 -854.58102500 295.12202857
-58.08413881 -800.21704851 253.99061887
-57.90072500 -780.11327500 225.98382607
-56.35343011 -798.69279257 251.63139782
-56.56420329 -780.88858985 224.71159442
-56.34267235 -795.38480643 242.62912168
-57.68912500 -800.57322813 255.43853795
-53.29782021 -784.36688459 224.63433211
-56.66505535 -798.03261524 248.72437757
-56.03396952 -763.30410907 74.23509003
-22.16018605 -720.03974186 145.58663090
-57.43135411 -797.65097123 246.60976624
-56.34924864 -792.29171020 236.91665441
-57.64988947 -775.15085263 226.38237068
-56.32026406 -787.52101935 230.21088410
-36.28375638 -774.24954681 194.23667857
-29.29956613 -763.16399389 191.58272627
-39.64029500 -778.68786750 212.06456857
-54.05492296 -771.96014479 218.61976153
-35.29690182 -748.44107545 107.76952312
-56.69947857 -784.30852281 227.40121382
-42.13013552 -760.07853371 167.62167789
-31.86111267 -757.48775113 155.60785255
-56.10549856 -790.40458807 233.94598990
-32.22646140 -760.29146692 161.60718120
-56.86828000 -775.00462163 224.57260190
-42.99120000 -743.47600000 14.31682857
-32.47084444 -737.73894815 118.58200000
-38.71026321 -747.95230864 83.63526139
-26.31338836 -717.86771399 146.59175298
-27.70490000 -762.64796000 195.85264857
-33.63075000 -740.09870000 19.04577857
-55.59446333 -791.28382524 235.49563524
-40.86628763 -741.81211484 20.71755719
-19.90529634 -700.62498446 159.75722546
-36.01721600 -745.94180120 89.66160697
-44.64321491 -745.99452719 50.96882769
-34.35804559 -753.03372353 140.88342416
-43.94265452 -768.06064059 188.91189043
-11.28405096 -682.00754318 167.65037813
-57.23541000 -791.59087000 234.98526857
-56.09139189 -773.07668288 223.65103127
-39.99420645 -743.32368226 40.97791244
-38.46142104 -744.41342760 23.69852224
-48.90247500 -749.34488750 62.61541607
-27.72305000 -728.41540000 133.08807857
-55.51413721 -774.95903998 221.68782058
-38.10464963 -766.11072914 176.68887474
-55.34377494 -759.93549258 72.13899046
-55.15960370 -780.11867593 222.57835728
-14.04830052 -667.26114400 170.61503344
-54.93927941 -758.26505882 71.77975798
-38.45554728 -747.55108152 65.71558144
-14.45353684 -704.68110000 160.31414436
-54.84936486 -774.96020000 220.05352857
-54.46653115 -778.55703607 220.67114824
-53.40721619 -768.82915040 74.62819092
-35.63374580 -747.39064416 77.55253524
-40.14072381 -764.73204286 174.33108810
-53.20548138 -790.18136006 233.98989794
-54.16184682 -775.07758156 218.60167194
-53.34812329 -792.07219411 237.13983596
-30.14958363 -760.03211351 185.58108528
-54.38305198 -759.71113861 70.84690679
-53.69420333 -796.89415955 248.18994749
-54.45821714 -767.06498000 73.75038286
-17.29922531 -696.98992960 161.73787148
-33.68384438 -751.56502135 122.93266790
-53.24427896 -787.93278036 230.27900412
-38.27799721 -770.76060651 189.58355880
-38.75610876 -748.11808316 86.61014747
-49.15778411 -761.19378224 200.12316876
-54.16203826 -763.00216376 70.74572522
-44.25545800 -759.90206092 179.56224226
-36.37805806 -752.56800000 114.65558018
-53.66226944 -794.37307500 241.35707302
-25.77386239 -702.71405235 164.17378130
-53.28672135 -791.16944516 235.62510033
-53.27155323 -788.73996198 231.61705367
-54.20319111 -797.36252889 250.45008413
-31.31461398 -725.10244193 141.15841925
-34.19353924 -760.76823038 176.77600325
-40.99306224 -744.76090521 29.77708821
-52.64806316 -759.75188496 68.63303434
-38.93448136 -746.61537061 42.09737015
-51.86277241 -771.06320345 210.94723202
-53.16546518 -769.11743549 215.54518170
-52.37430381 -780.55260159 219.26976286
-53.14672249 -772.02863346 215.70677021
-52.35560861 -756.85399653 68.95394050
-39.73166923 -751.90580000 49.25784396
-52.92468373 -766.91747225 212.24089412
-52.43412137 -766.29907659 209.56145122
-45.58213970 -759.69374719 187.94493981
-52.45038657 -768.99668055 212.61876386
-38.53751253 -750.54627798 101.60931564
-52.85138571 -755.31347857 70.29330000
-38.64468400 -753.53689390 122.70724152
-52.25516385 -771.85587623 212.68217120
-52.14293048 -754.74508288 69.36739090
-51.97939091 -764.90119091 69.85092857
-42.81000000 -755.42550000 177.92602857
-51.34617256 -756.63146751 67.69818315
-51.16643364 -754.09841713 67.95094654
-50.31319553 -784.45260339 224.71803498
-50.24648168 -782.99445254 222.16950672
-38.68214168 -750.93160967 137.67554283
-50.69807314 -778.56498029 215.41450565
-36.20345786 -743.66516289 106.92644618
-49.95919084 -787.75326073 230.65739244
-51.42943089 -795.68839106 245.04190581
-51.25926848 -766.27313084 206.30170975
-39.24340000 -758.45570000 148.48542857
-38.27955785 -745.12186741 68.73802184
-35.00181349 -750.95086551 110.86265670
-50.26415321 -790.01364644 233.73153393
-46.75608067 -759.94807490 191.65845559
-50.46522113 -791.25523169 235.40447153
-21.86520000 -716.53916667 148.29972857
-37.99122377 -744.77927711 29.91845023
-50.45690660 -788.67297222 231.88022753
-34.02398533 -753.11700667 170.03029724
-50.31487828 -782.17556966 220.71807801
-51.71417647 -767.18149412 208.36489328
-38.24530081 -764.17049718 170.00126970
-36.31721473 -744.56381834 47.85276565
-51.68134318 -772.78938409 211.45728084
-51.69046667 -776.31176667 214.38881746
-32.57331592 -744.97236436 107.75322707
-50.99903678 -775.19969373 212.23171495
-24.66993333 -733.96812424 129.71660433
-49.75391179 -771.77155306 206.78154172
-50.35137176 -768.50040275 71.65357563
-37.19522727 -746.21950496 92.42991452
-35.44849430 -750.16107886 134.64465441
-16.68405927 -670.52778467 171.48691370
-29.19127605 -740.91158683 118.97845552
-49.74014648 -765.96049345 68.79352415
-40.96849071 -742.22411106 23.67185335
-51.25166364 -766.97176545 70.47746857
-51.65663333 -779.27898333 217.32939524
-51.26001724 -769.31679241 73.65990167
-49.04560250 -770.92790625 204.62714857
-15.88900000 -707.68315000 157.22897857
-50.42487966 -794.54568983 240.92802518
-37.80841440 -745.65661466 80.70702857
-50.66779352 -768.90976207 206.65514348
-43.13356594 -750.00547609 51.47517133
-43.53220000 -758.95184878 54.62090845
-37.90238184 -742.11146416 14.84035932
-38.44672758 -751.42402547 155.58044805
-50.13974517 -779.81681655 216.59834754
-49.70975668 -774.87947817 209.72941267
-44.76516750 -772.85061059 200.33538082
-50.26673149 -757.02208276 66.11872216
-49.75449212 -751.59959059 65.51106577
-49.51878344 -768.81408896 203.77992920
-22.40617429 -684.13764286 169.38522571
-49.16742778 -767.63260556 69.98241468
-38.71781989 -770.04364775 188.25023467
-42.18178333 -752.15091296 52.75072487
-49.23284636 -765.84748744 200.98956640
-49.21415733 -776.74777733 210.68750857
-48.99483273 -767.95834818 201.62778403
-48.81182500 -764.75465000 199.06772857
-46.78545817 -771.84728590 200.84060178
-35.74449619 -740.99777641 113.40970583
-48.55203776 -769.99592143 202.71107347
-47.80476110 -789.68969161 233.66901638
-47.25597246 -787.21377529 230.80711653
-47.28144932 -778.29048688 212.62744441
-48.36806147 -762.99132114 197.48921178
-48.61639809 -766.50175796 199.62595723
-48.59569737 -768.42608684 70.53518647
-14.84881237 -702.78845172 161.29257644
-47.41018310 -774.99047779 206.71489743
-30.86516250 -711.33355000 154.56446607
-43.85862471 -756.98715239 182.67345658
-24.67136667 -704.59606667 160.26952857
-48.38450836 -792.19346145 236.37128057
-41.80843402 -770.09664742 190.98030589
-48.04580247 -753.88014396 62.44426351
-43.92161521 -750.81276329 53.79043892
-47.06145014 -782.19390592 221.08865759
-48.77140000 -763.41951111 199.25526190
-40.87175418 -768.46622836 185.97488057
-48.72002857 -793.42545714 238.36187143
-47.39370493 -763.08509930 65.70595330
-30.00304459 -728.63461351 133.48037857
-47.30531266 -781.23580686 218.68087936
-42.74290000 -754.84790000 181.59462857
-17.58347065 -684.76666558 166.66828956
-48.14076917 -791.27995667 235.39863357
-47.15449251 -783.50323822 224.84090632
-35.53934137 -750.52949622 104.63878365
-35.61470941 -740.65585294 19.47146622
-39.83021579 -755.12582632 134.88871278
-47.68149654 -782.77467925 222.31174052
-48.47622025 -772.91547848 205.69872604
-48.43446585 -760.63562246 197.31293780
-31.03162341 -757.42299509 182.23832077
-48.57761489 -749.13833830 61.83478176
-48.77820000 -760.82075000 199.85442857
-35.42677401 -758.90933559 149.78239976
-47.62040141 -785.84636033 228.57266707
-38.71262434 -745.95186349 99.25012804
-30.10620789 -723.14286241 143.37244644
-9.63605079 -684.48613968 167.11602381
-48.24575390 -751.32742876 62.44347924
-42.63121625 -761.10870500 172.81516982
-35.46639651 -763.52616535 167.69395601
-48.01712106 -765.98394927 197.55884473
-41.46524676 -764.96748000 176.81476040
-47.04785803 -777.08840257 210.05608489
-13.61593913 -699.39456770 163.28139193
-47.73420000 -748.78213970 59.42092857
-38.42323750 -755.55133625 132.77473482
-46.69096380 -765.37513504 66.59034487
-46.82800110 -759.71310424 63.29172622
-8.75207682 -669.94274266 169.72733877
-47.68899159 -760.16418770 194.59304475
-32.71043779 -756.83197665 167.74607041
-47.13310659 -751.02298698 59.69648018
-43.43877119 -745.59279831 47.98118789
-36.63204407 -743.26063390 47.58894213
-46.69200935 -753.94771065 59.94807194
-46.36699674 -756.49599116 60.58469090
-46.02935625 -746.30975625 54.58172857
-35.29083866 -768.04399369 182.62784948
-46.06700253 -762.69677979 189.06467131
-35.96780791 -745.86167373 86.55686591
-46.04231553 -760.17870631 189.21652590
-45.96198182 -746.83391515 54.92431039
-39.85204091 -752.34839545 141.04541039
-38.67740917 -751.33234954 149.72861504
-29.47690272 -724.08141723 140.54658481
-45.92562727 -770.60355455 195.80092857
-45.84716667 -764.65132667 189.89333524
-45.11642363 -769.62144176 194.36691277
-39.16460000 -746.51896818 39.77571948
-45.56883976 -763.57667008 187.91564983
-42.87478462 -764.77914615 177.36490549
-44.59661600 -779.37142533 214.40538324
-9.38917313 -678.29895563 169.36125107
-44.30481737 -774.80615235 203.63808726
-45.54603636 -786.22960331 230.30933312
-40.11348735 -743.12870120 38.51545327
-45.54462921 -763.79948315 64.64150385
-43.99184326 -776.71672744 207.57097043
-38.08168481 -741.79388669 17.73015792
-32.83923506 -759.16356948 155.83423377
-45.10754134 -784.02140922 227.54187054
-44.31530128 -779.98779167 215.93051767
-39.68046667 -773.40476667 196.29297857
-45.26151635 -746.13569423 53.16231896
-45.13800881 -782.80422124 225.35160940
-45.32689773 -760.46128125 61.78798709
-45.59192258 -754.48668710 58.46663180
-36.27897008 -746.78447165 62.80117030
-44.42532990 -771.76687407 197.68299387
-45.05761203 -751.37403383 56.17370714
-45.42011763 -765.54998712 65.36715061
-44.48037054 -776.00105556 206.15689188
-35.77933453 -747.32988288 74.88174296
-38.25996090 -742.63222829 38.62696202
-32.29708767 -764.09471301 173.16058131
-38.57101855 -747.77160664 71.66446945
-39.80290000 -755.40550000 131.65412857
-45.61885902 -748.74521475 55.48179251
-38.41645511 -758.15034318 146.37683596
-44.15294960 -781.49935795 221.80534582
-32.02038870 -733.68125499 125.79466473
-38.57485768 -750.93966160 107.71347171
-45.69227143 -773.38657143 202.39191429
-45.70695000 -785.50595000 229.06827857
-44.83074068 -763.09433374 62.54454490
-38.94530175 -743.90331004 14.52853468
-45.69730000 -758.19255000 61.22212857
-38.09511610 -748.27333531 101.57945795
-45.21081818 -785.28766591 229.35941494
-44.21708024 -781.98281057 224.34486566
-43.76233251 -773.88581284 201.30147092
-44.72450479 -759.95281969 182.64805682
-39.89320500 -752.32967500 146.68162107
-44.40437028 -762.73930586 182.70392141
-43.94313285 -766.02136485 185.85146016
-42.42686265 -760.53576887 170.48656009
-43.60929385 -757.00795650 56.60453402
-43.78477233 -762.47855929 179.86232699
-43.69444074 -767.54758519 186.95226190
-43.52747489 -756.98316045 179.55470262
-43.78931997 -759.88544009 176.96763062
-43.28357706 -757.13562014 176.98184621
-42.68251256 -755.73207116 176.44482718
-43.34988603 -765.73864804 182.90902354
-43.13349628 -762.10853034 176.96052671
-43.30653133 -759.60126052 173.77518451
-43.21707931 -755.26849138 182.08001478
-42.96827743 -757.51648009 171.00417326
-37.27276196 -743.35587391 56.33751444
-42.98688263 -759.18011127 171.10642200
-42.94889779 -755.13698382 179.97218445
-35.80529103 -741.24022828 18.25294030
-36.64423000 -749.53475000 90.29095857
-42.82334865 -758.02338919 168.93622317
-16.07402241 -701.92811724 160.43239926
-42.83650000 -744.81160000 45.83292857
-42.49653738 -756.35723812 53.15433133
-41.41629500 -773.02824656 197.20413138
-38.91144584 -744.83075514 56.62149709
-36.06844000 -758.57981333 147.68056857
-42.58705219 -763.55538120 176.35545631
-42.56224722 -754.66433148 179.03084894
-42.46487859 -756.68669217 167.69635764
-42.03395920 -776.23895440 205.69269337
-42.08480449 -763.16675755 173.61379087
-14.04546384 -673.06850175 168.63166123
-41.31896655 -775.64401943 203.63494006
-41.80072690 -748.01178426 50.03865852
-41.42298008 -777.90382012 209.74012134
-35.25229789 -742.76244316 107.90901594
-42.11763671 -741.92686750 12.20640792
-38.58302354 -747.93305307 74.83819109
-9.77490000 -686.41690000 166.16552857
-35.34927993 -747.56538361 86.64732507
-41.23227243 -741.57649238 14.53769250
-42.77990000 -755.48930000 178.27612857
-42.02743915 -780.30175887 218.67497252
-41.21578869 -779.32302619 214.64116905
-37.72013295 -749.18707203 125.60715769
-40.60080434 -744.57300024 44.50854014
-40.61212537 -771.05288407 191.86204450
-41.74557095 -760.08950929 164.70564714
-41.37178020 -748.16750272 47.80313798
-41.60725147 -754.16221972 173.58775590
-41.77373156 -762.72587159 170.83571595
-40.82116421 -741.51041104 17.60655667
-41.09286132 -753.97399582 164.69239988
-41.57535831 -756.85103759 158.76931228
-35.11947793 -764.18731572 170.10302723
-34.01382727 -759.46431818 170.87995584
-41.01230915 -744.76095994 23.68457621
-40.52870556 -761.51207500 162.88731190
-40.96840312 -744.80099429 26.55023584
-40.17317356 -750.15214023 48.76522857
-41.08029422 -759.65257043 158.64224040
-40.54841803 -747.38676052 45.00842299
-40.73529746 -753.74538540 155.58906792
-40.82909579 -757.18055396 152.88181050
-40.64634430 -753.71796980 152.81806392
-40.53006906 -753.75211519 149.86804128
-39.88950000 -756.04053043 138.38360683
-40.41766820 -742.75171290 32.48614793
-34.58398558 -732.34247671 131.39517811
-40.67013119 -744.96570624 38.59854520
-40.25299454 -742.93439071 35.67436409
-26.85890000 -704.54140000 163.39282857
-40.40093010 -744.70653209 41.74090071
-40.22321407 -746.68403778 41.95943598
-35.52289935 -747.43275315 80.60837914
-40.09073043 -752.32389130 169.96303872
-29.45731708 -726.04495921 137.30062292
-40.14785209 -753.82799164 143.62233179
-39.89928043 -752.32106087 149.87960031
-39.93280000 -770.52438571 189.98860000
-39.88521452 -752.36835323 152.74539470
-39.86332258 -752.38367742 165.26168986
-39.86240444 -752.32680667 143.85692635
-39.85491600 -752.42221600 155.00069257
-39.83225556 -746.94378889 56.13517302
-39.85315000 -755.62935000 132.58812857
-13.11988043 -661.63013261 171.58798835
-39.16393919 -747.96195360 47.41676506
-39.85100000 -745.44602000 98.97456857
-39.82270000 -752.45053333 162.84566190
-39.81046667 -752.45403333 157.47699524
-38.26436854 -744.60256003 26.54724077
-38.55463777 -774.72954492 197.65558571
-38.29181587 -750.14594797 95.88822193
-39.76031642 -754.86184030 140.18920021
-38.63915348 -745.03316742 50.62014415
-39.76149474 -752.50480000 159.22836015
-38.88033011 -744.87712609 53.36375643
-38.89627620 -739.30204607 13.94981918
-38.17272263 -742.18515888 26.62210789
-38.41413525 -742.39989329 35.68081250
-38.61777085 -751.26273467 146.60953661
-38.19321811 -767.99999134 182.73780141
-8.31747500 -656.30950000 169.14275357
-38.36866350 -757.04472850 140.74271457
-39.52552308 -752.60010000 49.06281319
-39.26321250 -751.81343750 164.63641239
-38.00864791 -762.68381841 164.62089008
-38.14019543 -742.30684935 29.80580118
-38.53542121 -751.56045934 158.67282564
-39.53536878 -753.94240282 134.66586543
-38.65621230 -751.11279496 113.60704208
-38.55103095 -744.67008263 59.76237251
-39.57295349 -751.90905116 167.40265260
-38.23680873 -766.95535212 179.48740926
-38.07469521 -742.38542021 32.45576778
-23.84086081 -724.00601336 140.47501596
-38.83037279 -750.97291932 119.61459781
-38.44341600 -769.04810031 185.71970949
-37.56530598 -745.59710368 41.83645112
-38.31623567 -747.18470857 59.68259346
-38.99738314 -750.66378459 47.92564514
-38.36019004 -741.99226504 23.75266242
-35.42632541 -771.04089863 189.16226300
-38.46388283 -751.27978372 152.82139105
-38.32232632 -758.89845855 149.54810686
-26.69208872 -705.27532487 161.33455370
-39.78620000 -752.05790000 169.31107857
-39.74757500 -752.49586250 161.43236607
-39.00702873 -772.91799729 194.43055405
-38.42502519 -746.98749535 56.77685396
-38.31027024 -759.65244643 152.75013413
-37.95603944 -763.56213310 167.65363937
-38.34298640 -757.62270482 143.78657024
-38.88951310 -751.71175491 161.44887404
-38.60894234 -744.20658508 20.77345559
-39.25863529 -761.29680294 160.76651092
-26.08904324 -767.18941351 205.52065290
-39.27037778 -778.00760741 209.33205265
-39.58315000 -764.41165000 172.26877857
-38.92775670 -754.03823479 128.72664867
-39.74895000 -752.52180000 156.02217857
-38.44725614 -747.39637912 62.76870278
-38.49158546 -744.82433667 62.62225910
-38.39501661 -744.98604655 65.68647653
-38.71554772 -753.81628040 125.72227918
-38.50843032 -750.50503502 131.68138140
-20.33770644 -706.18303354 156.33784355
-38.61518345 -753.19197379 119.71136995
-38.39800337 -748.15148094 77.50341303
-37.90833784 -742.89600027 44.59778938
-38.66681107 -748.04640799 80.80016792
-38.33793611 -752.91867024 116.76295119
-38.60639063 -751.25059827 110.65271070
-38.24259554 -749.60223393 89.84057054
-38.27448848 -752.63354660 114.12610711
-38.09111914 -744.61185545 104.63193880
-38.02218184 -745.34313812 74.57040817
-38.15890228 -773.94267626 195.40501898
-36.07369494 -745.22306966 56.71562123
-38.72928906 -747.83989431 89.67958940
-35.30069661 -750.72168723 140.63092318
-38.23106667 -749.49630000 87.93966190
-38.55679800 -747.79018550 92.74834557
-38.83811099 -750.85058432 122.78445037
-37.59743679 -742.96358860 47.63808038
-33.19633254 -754.42855237 161.56826023
-37.57857952 -764.72123476 171.33065667
-37.55298922 -743.10670803 50.64032903
-37.45634684 -743.24287890 53.27034882
-37.98827963 -748.25474714 104.65517045
-37.91424029 -748.39228182 107.64560151
-37.72259597 -748.35261540 110.72538213
-37.92393364 -748.89166061 119.62345251
-37.83453768 -749.01820482 122.74389628
-37.63137692 -767.52880385 181.03939780
-38.38770000 -743.52065000 109.19747857
-37.32022727 -743.33061023 108.79106153
-37.52842832 -742.68639098 110.72218722
-37.50091034 -758.58481724 147.70123892
-37.37387374 -746.10249944 89.49818779
-38.02070000 -749.67009091 45.91497857
-37.15238065 -740.77077500 115.77537857
-37.05610000 -746.34946667 95.27235406
-36.96636667 -740.27198182 117.07461342
-36.95581667 -740.04006667 19.22894524
-36.84840000 -739.92500000 118.34382857
-35.74053889 -772.46890312 191.33883934
-36.60667241 -746.57805862 57.21935961
-35.28569894 -767.04034355 179.47490369
-35.31557224 -748.66776814 113.82251721
-36.68103333 -743.29199080 41.62376190
-35.30928738 -766.21115785 176.73756411
-36.64727619 -743.26264444 44.75425397
-36.64616000 -743.30951538 38.56279473
-34.94812592 -744.38299834 104.47255650
-35.94412843 -745.74975974 83.63341100
-35.85909046 -745.66447012 80.28592090
-36.44929765 -746.65930176 59.97601916
-35.24999061 -739.48447359 116.78854256
-36.62477500 -743.26770375 50.46879232
-35.11694952 -753.38020072 122.74476843
-35.65272922 -764.66589954 171.40634364
-17.34644733 -691.03894121 164.19512222
-35.04810798 -760.99512582 158.51379148
-36.70267500 -775.26177500 196.61787857
-31.08855050 -715.13293762 151.91427016
-35.08855579 -754.44493542 128.56748991
-30.36557491 -736.68607173 120.55454765
-35.62847895 -755.86699053 134.63021541
-35.26571096 -760.36585616 155.68491898
-23.34854567 -714.61910253 149.32036635
-32.73975625 -739.67943690 113.95579687
-36.05339644 -746.03771922 92.78871362
-36.71463939 -743.68588182 36.39531948
-35.34028539 -750.88551152 143.65916565
-35.01152526 -745.24285155 101.93692570
-35.52686378 -752.13908359 158.71082083
-35.87798865 -745.24242033 62.63841592
-35.35366520 -748.54472451 110.69720553
-35.87962222 -752.76760327 116.95193315
-35.24482413 -750.58515050 137.78190046
-35.95441218 -746.14013109 95.74500504
-35.70612226 -745.59334861 74.69980742
-35.49907837 -751.83806367 155.62754653
-36.67553636 -743.33181818 56.53896494
-35.44655335 -749.89411208 131.59448972
-35.78948286 -745.61437343 77.65396052
-35.30957730 -738.66511667 119.57785641
-35.15255583 -756.85065625 140.75816065
-15.23324667 -694.86259515 163.00820251
-36.62243636 -743.40293636 59.26330130
-35.20347422 -756.27651556 137.65491702
-34.70316677 -751.00869367 113.72335863
-34.05286961 -750.74710539 122.41356387
-35.29738516 -770.16612143 187.72174505
-22.10022791 -697.90565969 162.85136113
-35.87358935 -750.02475858 98.73548478
-35.72681111 -752.15646627 161.49530913
-35.55637359 -748.55585211 116.67886871
-35.39862627 -748.85075843 122.66714347
-34.70465393 -747.71475107 101.52322929
-35.28188123 -747.66673982 89.68523699
-36.07298205 -755.57078205 132.56301062
-9.22937667 -657.80271095 169.48932143
-29.52499391 -760.46723516 188.43100528
-36.68700000 -743.45310000 61.45372857
-17.26854464 -694.46534860 162.76378903
-36.52990000 -773.43570000 193.16772857
-34.92117751 -735.81784624 125.62476509
-35.17413896 -747.66482243 92.70812196
-35.86895714 -773.63449524 193.01393810
-34.52446534 -740.10674894 114.19760159
-33.79150000 -758.49870000 150.68922857
-35.34399056 -738.09179955 122.31295891
-35.35528387 -752.24841161 164.59404986
-34.73639324 -761.26532297 178.89573398
-34.10412424 -749.98428712 125.66557781
-35.04369251 -747.83079350 95.74102532
-35.22496049 -734.80725123 127.68813351
-34.41839180 -761.69870820 180.38937283
-34.30064005 -751.07214668 116.67140134
-34.54708669 -733.68114326 128.84901288
-34.80389655 -752.37298966 166.86366478
-34.36031848 -762.30085435 182.85852531
-34.25764698 -762.92315436 185.65858428
-34.76778148 -731.62780000 133.33283228
-34.35290201 -752.84143087 161.63077488
-34.14617692 -755.16686154 134.31989341
-34.22478511 -760.10043085 173.61926687
-34.19648780 -757.85228780 149.24478711
-34.09454762 -731.22391190 132.72412738
-34.05875596 -729.39535688 137.10948729
-34.03262235 -753.78512059 149.69503681
-27.66795455 -719.59117273 145.50959221
-34.25033696 -753.25321304 143.89115792
-34.24970000 -753.64706667 137.91266190
-34.03943077 -752.72984487 155.94850293
-34.21285926 -755.76972963 152.94396931
-26.29102074 -720.43107657 143.35842475
-33.95460116 -753.48269302 152.44594252
-34.05184848 -756.18946667 155.74108009
-33.97141250 -767.40585000 181.32204107
-33.96382250 -756.65982500 158.33263107
-33.87290000 -758.85007143 168.47282857
-33.90451250 -728.40331250 138.97011607
-33.84845385 -757.25053077 161.13246703
-33.83650000 -728.10780000 139.43709524
-33.80370000 -753.51730000 172.55302857
-32.97754327 -761.90483269 164.95842184
-33.36819326 -758.81711124 153.23592520
-33.32260457 -754.26826802 158.81761487
-33.03946382 -754.28153889 170.81489985
-32.49895091 -735.52038977 122.58633896
-33.58375252 -751.49011727 125.71745123
-33.35854091 -742.75437143 108.22827110
-32.18460843 -738.64904096 116.58023958
-32.30367075 -730.51185016 131.76947913
-32.97866853 -754.51606696 167.71882438
-33.12475795 -756.14597841 143.83136209
-32.95558621 -747.71128805 101.78919662
-33.18304225 -748.84838396 99.11444461
-25.54435445 -732.12271032 130.77257519
-32.71067733 -759.27334644 173.77819479
-32.12731310 -763.89897087 188.61301509
-33.35400889 -751.21586426 131.67900156
-33.48500913 -753.12543699 128.87467789
-32.77172726 -729.38734316 134.32979655
-33.65918267 -752.77505333 126.01816057
-33.70740417 -746.30573750 103.05304107
-33.15377018 -766.58483158 179.57450296
-19.77192113 -717.75165371 148.99216304
-33.66754583 -754.06016042 152.75506538
-33.35313571 -767.29008393 181.63185357
-32.50821000 -763.42105125 170.62505920
-32.40234730 -754.70204324 149.69232722
-33.46954657 -728.82072598 137.06644818
-33.21899114 -753.76915057 134.60029543
-33.49465399 -754.09902776 155.83444074
-33.19706887 -734.82538365 124.86079618
-32.75430788 -754.55080601 173.56426302
-33.65321905 -768.59430476 184.86497143
-32.44433469 -762.47462721 167.83636361
-32.64821407 -742.15703310 110.73821167
-32.26643079 -759.47127134 158.72116699
-32.24523969 -759.65443325 176.81287303
-33.57179231 -761.58363077 163.04817473
-33.33554389 -753.42679891 131.92180543
-32.42909226 -726.51729633 140.45629772
-32.12554028 -762.06178519 182.85231530
-31.89707987 -762.90790516 185.67151012
-29.29043082 -711.10323380 154.71796098
-32.01236083 -757.18823234 152.67178970
-32.83253855 -756.49233600 146.70919730
-32.16809659 -727.34028593 137.75943646
-9.73830000 -651.85508000 172.29900857
-33.28603023 -740.18296977 111.44445648
-20.26160084 -684.98357381 167.74839611
-33.00208750 -754.00466525 137.67487132
-33.68432500 -752.75387500 123.76832857
-11.44428233 -687.96139759 165.32875253
-32.62317623 -747.02347681 104.42389089
-33.19797900 -751.32152520 134.20458710
-32.99517437 -756.60755417 164.77146527
-29.21410671 -729.61402430 131.48726221
-33.70565000 -743.36015000 106.14782857
-27.36307321 -765.75926054 200.69754500
-32.38796727 -764.38162909 190.37322494
-33.16601250 -749.50720000 98.14995357
-31.98617026 -764.93122536 191.68586689
-32.64440519 -753.98415869 140.65425182
-23.27506999 -720.88352755 143.86661021
-32.81706000 -751.83638600 137.63772857
-31.83572164 -760.90149366 164.40680021
-32.26939643 -754.21755607 143.58260929
-32.16532500 -764.53088750 190.08450357
-19.12736889 -673.74958000 171.43390042
-31.60435274 -728.05540822 135.31983268
-32.59594222 -752.23202222 140.04928635
-31.90351170 -737.14526489 117.61562644
-31.63653790 -765.69995860 194.59008717
-31.69284939 -744.40253146 110.21206089
-31.58166397 -724.61759718 143.72170652
-32.05685730 -756.94161501 173.64336224
-31.41268301 -731.23826144 129.78625994
-31.77211521 -757.04905504 176.59056782
-31.96627256 -754.75850427 146.46029869
-31.31583220 -766.46299209 197.44497772
-31.26086295 -723.43022033 146.28504169
-31.07389074 -760.39592810 182.08970179
-31.11159564 -717.84998660 150.44287374
-21.41670000 -704.46720000 157.06652857
-31.07822739 -720.64795975 148.95417172
-31.04173651 -722.05463175 147.81623333
-30.95135469 -712.80775781 153.43722545
-30.95105789 -767.03362368 199.69735489
-30.95669322 -740.77107458 115.43156416
-30.96820833 -743.64516667 112.34595357
-30.92072000 -757.74536000 184.45755857
-30.82240000 -761.41045000 184.25137857
-29.65560197 -765.31112415 194.77538387
-30.65811311 -758.01100146 183.18744508
-30.23017098 -764.80553287 192.23962682
-29.55686371 -717.77758085 149.55450224
-30.59652164 -759.60577784 183.23710553
-26.11766147 -723.27830105 140.07446575
-29.56754293 -738.94211610 119.77016674
-30.42318258 -720.16639382 148.71570498
-29.55128840 -720.85725751 146.60461954
-30.38686339 -739.69386475 117.50689603
-19.72079282 -682.16498141 168.43697660
-29.17218737 -712.57575662 153.35736114
-29.97526360 -762.73451395 188.77815587
-30.41958626 -758.17580000 184.92661483
-29.01196544 -765.99236719 197.67810129
-14.93293219 -697.09101660 162.69813944
-28.81991270 -766.95732599 200.20837631
-10.06451268 -651.89871988 171.55369485
-30.42805503 -762.03392211 186.12747204
-29.61039085 -714.51589467 151.92059701
-29.11457364 -732.08166806 128.04830981
-30.71109643 -744.34357857 111.85835357
-30.60539577 -722.76135070 145.73882012
-30.68498571 -725.54662857 139.27574286
-29.14699690 -727.40763006 134.77159464
-29.88197431 -741.45022662 116.63821896
-30.46558955 -743.73253881 113.00760618
-30.74480000 -758.78956000 181.06420857
-26.68894343 -768.63559551 206.56992075
-30.76430000 -761.55210000 184.15282857
-29.40821710 -767.64205130 201.43663427
-28.79166366 -725.05829661 138.35245882
-22.18236347 -723.27632036 143.13298725
-28.97126450 -709.51885536 156.24284460
-28.90314200 -768.22049211 203.54024755
-28.40696220 -735.11916992 124.84306841
-29.88625000 -731.39995000 127.04797857
-28.72361351 -708.11331946 157.84315560
-19.41034518 -720.36738158 148.52992462
-28.95774710 -761.07249130 191.01834379
-28.34781744 -738.46185894 122.06301996
-28.41875118 -707.03501280 159.43169255
-28.52851099 -728.18988242 132.72969780
-24.09967075 -699.71749196 164.20901750
-28.23404513 -770.00781231 209.17969780
-28.10303750 -706.16900074 160.93047489
-28.15196667 -722.34466111 142.00647302
-27.97319160 -763.94741597 196.83685294
-27.93384074 -770.60724444 210.68698783
-27.81850000 -767.43290000 202.23452857
-27.19557153 -716.86957591 148.49534974
-27.60444488 -763.89832992 198.01832778
-26.36914834 -724.66100318 138.26866562
-26.56076939 -707.89126964 157.69619745
-26.57366935 -730.29406853 131.78512053
-26.13271481 -712.07662097 152.84658485
-26.43821265 -727.45682551 135.10121003
-26.17410435 -709.32503670 155.80532686
-26.80520451 -735.93340465 125.70173209
-27.04714607 -713.85432247 151.49038250
-26.13619478 -769.71611272 209.60871112
-27.65636071 -764.92119048 198.64690714
-27.54699231 -737.08499038 123.88503626
-26.88946991 -766.73191641 203.40198936
-23.59130290 -705.54395806 158.30983228
-27.29874257 -767.93093564 204.27646372
-23.05664426 -709.95034576 153.69002556
-26.27635043 -771.09459794 212.76347471
-18.49436290 -719.81062903 149.10579954
-27.08722952 -770.63804286 210.71189238
-27.47928462 -734.18131538 126.78043434
-26.07851473 -726.11925493 136.90379705
-25.74975117 -728.98278392 133.83898003
-26.09177318 -721.87055426 141.43213127
-27.69970000 -725.46380000 135.79762857
-27.20054762 -764.32463333 199.68650000
-25.53528790 -771.96050908 215.57983851
-25.50518297 -703.61135330 162.24564158
-25.57247560 -734.86987360 127.92276097
-25.23829573 -770.14931646 212.09268223
-25.09452472 -700.50498322 165.45869193
-25.12561429 -773.58350357 219.66415714
-25.22207218 -699.35711203 166.38158120
-24.99744000 -691.56444778 167.06323968
-24.98967561 -773.87991220 220.77567003
-24.88038667 -698.17145333 166.07186190
-15.03037917 -705.96725066 158.81552557
-24.60708364 -771.41109364 216.19864903
-23.60297558 -708.69325632 155.16790236
-24.67720417 -701.63631667 163.44483690
-24.39782389 -731.00491150 132.80801264
-23.63251297 -716.01447304 147.75285997
-24.21028000 -773.85202932 221.91255268
-24.34237612 -725.08982239 138.85084499
-24.02125423 -693.68591732 166.42641496
-23.83398923 -702.52670254 161.29986041
-24.48494200 -772.32482429 218.80120108
-24.14662391 -719.04003551 144.79149306
-24.26031284 -728.01626422 135.84269096
-23.12556011 -717.77156681 146.48368933
-23.63926319 -729.97586753 134.69737359
-23.11374513 -713.06316519 150.79540792
-23.26173083 -697.00883964 164.77085624
-23.45119366 -727.07381368 137.81609738
-22.94159252 -688.09125894 167.89571350
-24.68645000 -734.61375000 129.05082857
-24.68923333 -770.63856667 214.14672857
-22.70326803 -706.71411899 156.52655790
-21.19993409 -725.82888409 142.94968766
-24.15198253 -772.99600532 221.36020629
-23.66851059 -774.25453745 224.65097779
-24.50190000 -770.39383333 214.27922857
-22.78597737 -700.17987444 162.06161896
-23.75326111 -773.33267500 223.60468135
-22.68234501 -694.19063037 165.53382077
-23.06587212 -774.96934550 227.82469044
-22.40553429 -726.60751988 139.73620321
-22.12138778 -692.06346333 165.99694079
-22.05128738 -682.60901359 169.95031401
-21.86821250 -680.06027500 170.30774107
-20.42312216 -693.72668489 164.11048846
-20.57597755 -704.71678010 157.40239898
-21.14995724 -718.40761425 147.48742857
-20.50556080 -715.04751807 149.98689715
-20.44754538 -703.04833062 158.43087558
-20.56849366 -687.80271246 166.83382255
-21.39106882 -690.10972258 166.40006889
-19.28826543 -713.83656420 151.40704339
-20.17503085 -708.41683284 154.83970834
-21.65407105 -722.00954211 144.89940489
-20.52839861 -699.40324570 160.81034769
-20.28567933 -711.79538120 152.42252923
-20.63638483 -720.92150832 147.04561287
-21.33044020 -724.19152402 144.12147808
-21.41664881 -713.21292500 150.90851548
-21.43615620 -695.97922562 163.43435998
-20.34245983 -678.92433604 169.76462601
-20.75454865 -723.20090216 146.06193236
-19.65729750 -676.12787113 170.45960384
-17.28888895 -708.96997019 155.43560957
-17.35763850 -703.01328158 158.97424721
-18.00957887 -675.92787052 169.69162267
-14.10278683 -693.75131327 163.47887540
-17.23622125 -682.00721770 167.34511833
-18.41029143 -686.85494429 166.28319429
-17.24813096 -693.00340418 163.37790474
-17.32968687 -712.14135725 153.27223971
-17.33414014 -672.97254345 170.61097821
-17.21288411 -688.05048534 165.36042214
-18.07908932 -717.85431709 149.91435443
-17.05848725 -699.58256619 160.83394964
-17.25573738 -714.44688953 151.82954618
-17.16397118 -678.90397436 168.14131903
-18.46495152 -710.17533939 154.03741039
-18.59155500 -677.86583500 169.30195357
-16.93916398 -705.50490906 157.84120495
-17.10613881 -669.54405708 172.59100574
-16.72170822 -676.51665464 168.69580205
-16.52722381 -710.84788231 154.51607551
-16.51778203 -685.81692995 165.93513180
-16.21453352 -667.74972386 173.06060187
-15.94489545 -674.16688636 169.08765130
-14.38956898 -676.12206970 168.06243047
-14.39289878 -682.09008141 166.89871805
-14.33917133 -690.99351220 164.10180973
-14.26455720 -687.95624845 165.18368934
-15.58489691 -712.11378557 153.57938940
-14.12282825 -684.31041692 166.42598552
-9.89628286 -650.00306571 171.94741143
-15.24873684 -709.12736809 156.17026574
-14.61159049 -669.81524741 170.02341487
-14.28905733 -678.68822598 167.57199664
-15.06418354 -707.72647595 157.41220958
-14.82790370 -699.91045510 162.33852130
-15.27551628 -672.25811453 169.42436811
-15.76910000 -713.71645000 152.47052857
-13.44202067 -696.84756176 163.34687014
-13.48572645 -664.02036957 171.13835901
-13.32878633 -670.46023900 168.91984057
-13.31234679 -661.36606697 173.17290242
-11.28196342 -661.06816554 170.23232498
-11.65370332 -690.84688557 164.17736906
-12.13961917 -693.82912600 163.58538379
-11.89564220 -686.23333761 166.08172307
-12.49074414 -660.15712973 173.47648353
-11.26732293 -667.02414793 169.38950625
-11.06542587 -664.01116584 169.73333875
-11.41455410 -675.95766253 168.49591556
-11.32310884 -678.86702349 168.31352898
-11.25814521 -684.86268848 166.79270147
-12.33648889 -668.26892222 169.13338783
-11.01954382 -658.06446175 170.64328475
-10.60714124 -655.08822175 170.99506614
-10.91666720 -655.10605563 172.73985011
-10.08060455 -672.91279646 169.33247504
-10.19880355 -652.32838723 172.32625056
-10.02169412 -675.90301699 169.36222530
-9.90608261 -677.98736957 169.24310683
-10.02405000 -650.35520000 172.19232857
-8.54676891 -664.02858893 169.36925171
-9.50214267 -679.50453067 168.97094724
-8.52569514 -666.91438543 169.49714261
-9.10176940 -654.98990373 169.82343977
-9.61857213 -649.85423934 171.82809087
-9.08225967 -672.94992301 169.87783142
-9.73257500 -687.14890000 165.61997857
-8.13556056 -660.95742911 168.83646355
-8.37889662 -658.24386014 168.88382046
