-28.87725267 -745.97047202 109.14449164
-36.86362733 -746.62762857 46.92592147
-39.67628571 -748.03924321 40.72991721
-54.52720681 -699.73758523 145.67726428
-45.17543529 -771.20482168 67.90247286
-15.67882695 -761.60913477 141.02273037
-37.63795714 -750.77880000 102.88162768
-11.25061968 -766.10861508 148.46738688
-40.58060000 -743.13060000 16.06315625
-47.13438531 -718.13675012 131.57526986
-13.72775455 -761.02330606 141.68883504
-54.08385032 -705.61279850 142.89062057
-21.43683762 -756.46152125 131.28085747
-12.20345691 -764.94972500 146.59096165
-27.81133149 -753.16417455 116.61040600
-37.17821838 -753.04501952 43.51262434
-28.12698284 -747.67000743 110.44250193
-45.21341811 -701.61360794 141.88351183
-46.10212762 -769.94398000 66.79741339
-33.20271455 -754.66337036 112.73800758
-41.97500130 -717.26059170 127.60475780
-38.81867919 -764.89221663 56.31612695
-40.95497583 -755.65902180 51.14458753
-37.66884792 -750.26377283 100.53106059
-41.06439018 -729.94455840 110.33131242
-19.37245185 -755.02987778 133.39267477
-37.01801575 -747.98645647 79.98447014
-39.48572807 -738.66185272 89.03494117
-46.62116471 -751.65381765 56.57849743
-41.87485428 -750.60330966 47.13389399
-43.01177442 -737.36860465 108.71267951
-34.39964359 -740.60625897 13.05594599
-34.28995968 -745.02087964 65.18774637
-38.44937692 -739.09039596 83.15166003
-10.42056000 -764.66560667 147.28599625
-40.18095441 -741.39085847 85.83094859
-46.86313529 -764.54582157 63.28810135
-35.61642781 -724.35672446 116.58272318
-34.67537273 -753.81770000 111.93959261
-43.36440094 -725.50108019 120.88196097
-30.65386028 -745.48959730 103.91515169
-41.82771761 -768.05849972 62.73541581
-38.86656510 -731.01747098 105.06496527
-39.29473051 -726.00371855 115.34660410
-39.44083056 -746.28546111 23.72022847
-43.02469864 -748.64150194 46.49367309
-44.17229745 -761.94028418 59.81328516
-39.34194470 -765.68804084 58.92004282
-56.29076371 -693.80081497 149.50761835
-35.96606861 -729.04804836 109.86307596
-43.74941467 -730.97148567 114.11462892
-39.02981595 -743.10929939 25.45893416
-40.23353302 -757.67555234 52.08183320
-39.10151921 -762.48322656 53.15322036
-33.62933227 -732.10702209 106.99220459
-41.28807908 -738.74565543 98.18979019
-46.04001327 -766.49570647 64.00728146
-39.26056811 -744.76479504 28.97423332
-46.30952168 -725.88292462 127.60506442
-43.57870000 -728.12770000 117.32600625
-42.58130152 -766.05201097 61.44500951
-9.60166495 -767.44526598 150.23907687
-33.05356193 -736.58394074 91.90392662
-49.36815000 -767.16097500 69.53720625
-56.12462667 -683.07676000 150.41438292
-35.00177048 -753.53258702 109.76951482
-37.22842991 -747.87641394 82.96653359
-31.20183703 -745.65993455 101.29651375
-24.47269863 -751.40154810 124.77192474
-51.31767671 -716.76092844 135.95875636
-50.95696800 -714.79396304 136.79999648
-25.60674189 -748.89105688 117.95458171
-36.21496437 -747.38522538 59.15466034
-39.96969003 -768.25659968 62.03623204
-35.63524364 -740.83707094 76.60094408
-38.96245888 -744.80894264 70.94210815
-37.18072667 -751.69401022 43.03958736
-44.20435568 -715.93987614 129.26917443
-36.03014475 -745.41615278 89.14158032
-37.97175008 -742.64180292 65.14695025
-26.05470601 -748.59174553 115.90393017
-36.65372711 -744.93538923 46.98273528
-12.90520253 -762.39593685 143.42788701
-36.66583106 -750.15178400 41.40809681
-19.59208750 -761.36981250 138.66227500
-47.23436416 -754.73043712 61.12022535
-42.97377777 -754.20836240 52.46867090
-46.79355149 -731.92189776 116.34192528
-40.68374966 -744.80637793 19.56806246
-13.35739062 -761.05352812 142.16301875
-30.83318954 -750.40149610 101.10590802
-41.46715842 -745.97241733 40.11838496
-50.31505600 -717.71073061 135.00997842
-38.90967308 -743.16964231 28.32532163
-48.99440000 -692.25615000 147.61265625
-45.65141851 -700.19446285 143.14297973
-46.22462659 -759.85733443 61.00228904
-32.84134178 -734.52454671 100.62783841
-40.67900759 -744.33481331 16.77109418
-39.06782878 -727.16033144 113.22933099
-41.03984615 -727.67443011 113.73351469
-49.35626667 -707.45369333 138.60098958
-38.86561702 -719.78945255 124.47741701
-49.39710714 -692.04289286 147.44316339
-23.35741858 -758.93756591 133.49908243
-24.01314681 -758.48246640 131.42614547
-36.94236788 -745.00050785 40.98957905
-36.94792680 -731.05966495 105.16990677
-46.45266158 -723.51295665 129.75099221
-35.08803150 -752.33913443 101.63497127
-38.13630488 -746.79162537 50.29873771
-36.50809258 -745.73790848 86.01507886
-38.19666161 -742.03024970 70.94562480
-15.32056050 -760.11910164 139.84072041
-43.42312576 -722.49926515 123.72496231
-25.39893014 -748.94014990 118.94323370
-36.67196721 -748.07396243 77.02019307
-38.32827643 -746.75482293 46.65853842
-48.40917992 -765.62663169 65.16967361
-31.53805000 -744.74845000 102.53565625
-39.80553467 -751.88847990 46.00034670
-22.59050000 -752.72148000 129.58915625
-35.96745690 -741.27783103 74.10593360
-36.14725194 -749.77292737 86.05135278
-26.10615401 -750.76377326 118.60744648
-30.10104522 -747.60987821 103.98927462
-39.76281459 -741.88062524 83.04860891
-31.22349589 -750.01585068 98.17792255
-41.47111692 -764.84931591 60.02904337
-36.46275813 -751.58038374 100.94430839
-38.54540881 -744.51976572 40.92462889
-38.07802629 -744.80334522 53.19758017
-50.03947506 -719.95110156 134.35914326
-37.74243606 -749.84392803 98.28675343
-39.13341505 -741.75012968 80.13873242
-43.01236120 -760.60282500 57.88071927
-25.95321022 -754.16686662 121.33249440
-38.95705080 -744.67078104 74.04458664
-53.83387568 -710.38132027 141.68826706
-47.02572491 -730.28487473 119.06396479
-45.13444475 -711.47047128 133.68845406
-60.92678036 -679.70866161 155.42642656
-39.25649596 -746.41655362 29.27007731
-36.61353679 -750.59391667 94.87731204
-39.09859544 -746.54967812 32.14309414
-37.58903971 -749.36902500 92.34612243
-46.88328049 -698.42663902 144.79265625
-9.78468494 -766.00563107 149.19534757
-23.98645000 -758.17805000 133.05060625
-29.69897617 -745.73431959 107.07163376
-38.26934748 -744.73181543 46.86106090
-37.76079219 -743.02677292 59.38165677
-39.19831698 -747.77918364 43.51140440
-39.02365137 -735.84430888 95.17557281
-46.58369000 -721.75057000 129.37576125
-37.61711707 -748.21421220 86.63138796
-41.93845593 -748.11567160 43.91217445
-36.02247087 -741.95500968 71.00551638
-41.02024059 -745.32790235 38.99461801
-38.35928653 -741.68831337 74.14763243
-29.39819556 -756.65414814 121.88004003
-37.68908930 -748.57590917 94.83791979
-40.97545669 -741.86705327 89.03761174
-37.18747241 -743.07436138 59.43698384
-32.97662019 -753.20673664 107.03330093
-31.64841436 -746.45285644 97.36801071
-45.63854091 -731.93850321 115.32145897
-33.14075500 -731.36412500 108.68207625
-39.57661464 -762.90086867 55.99053704
-37.04635216 -746.59674962 44.35712368
-37.97043313 -739.89076717 77.12701679
-41.45802667 -707.01193600 135.29843225
-40.83865748 -744.28842497 14.00296518
-38.97459473 -744.51601477 13.94977403
-38.58303333 -737.15356667 87.35858958
-40.66376977 -743.03951705 13.54041982
-39.25578112 -761.69496696 50.81969578
-46.46116471 -752.14683529 57.75842684
-39.00983934 -742.33451465 14.01254692
-47.67313799 -706.63113684 138.11609492
-38.90785879 -749.57968268 41.99876911
-42.33056413 -732.71684366 109.98348831
-43.00676601 -771.23454089 67.25341586
-37.56386635 -748.76498449 92.20978274
-38.36541026 -736.87435338 89.36529122
-35.06467357 -731.52036784 106.17295140
-18.82654869 -756.61440385 134.64944028
-32.42017039 -745.25628978 97.96560726
-54.97368534 -702.34903520 145.09207354
-48.22884008 -708.91183924 137.05634343
-46.37281742 -757.42318438 60.82215595
-33.03140191 -755.07058280 115.01161931
-40.56826250 -743.03047500 84.25264375
-41.81425088 -718.63274912 125.86496576
-41.27592263 -735.78564740 104.25724744
-33.38525682 -740.78599879 79.94596385
-45.95886907 -751.68376654 55.72906033
-36.19862684 -741.52366092 13.84674294
-38.96637966 -744.65410986 17.12688769
-49.34362937 -766.66392698 66.80829673
-34.47195242 -746.83675000 68.90724415
-39.09129766 -742.78236887 17.03225218
-38.00479254 -753.58317500 44.75555212
-33.94665987 -743.80712915 70.81466096
-25.39214737 -755.37679211 123.29771678
-45.98204745 -754.07659845 58.37464794
-40.64345714 -745.65068095 28.83490387
-34.83133333 -740.12680000 13.46076736
-43.83552927 -748.01084504 47.37003283
-37.20869775 -747.80329916 85.93521200
-46.64837273 -728.11566364 123.29899261
-40.74863388 -736.75888894 98.46825390
-39.19789621 -718.78712459 125.89050666
-43.59278000 -755.32500667 54.35731625
-48.26452301 -705.38186214 139.16001693
-38.25359832 -746.87107626 53.33231423
-33.96741033 -744.57865702 73.81218807
-39.05293622 -744.69212597 20.10173086
-33.27967414 -739.60677603 83.03870146
-44.02780788 -727.46788021 119.53262994
-34.03359507 -747.62703102 76.96525454
-44.64208342 -732.81938634 113.23912199
-36.20193368 -725.63733950 115.03231051
-38.91810879 -742.90331052 19.93255186
-39.09076315 -733.23004687 101.09532207
-43.85563859 -767.71164402 63.23199810
-41.95763982 -708.72509923 134.35622251
-19.82258239 -754.86773522 132.84528581
-45.05947398 -751.08069564 52.87484380
-24.65473333 -755.88691558 125.29113596
-36.18137641 -739.63960662 80.14295680
-53.12663618 -700.09625305 144.07776479
-31.10402284 -752.52688217 107.43701307
-36.34167044 -752.00210881 106.15486946
-35.92472402 -732.02485019 103.87765176
-39.10287584 -744.71781408 22.91658583
-59.00105367 -684.66189662 152.81684719
-42.00713864 -756.56443145 53.18855537
-46.75572174 -731.13430435 117.35988234
-26.95671701 -756.81624206 124.88411498
-49.67357235 -767.68811518 68.51053151
-48.72060662 -768.83623968 67.78900945
-38.92928195 -743.03769068 22.82650242
-31.64178571 -752.13858571 105.65881339
-46.99672886 -723.61494982 130.97506739
-41.80831637 -769.50509049 64.26503789
-46.60337873 -724.20783484 129.17327254
-35.94440000 -747.47571748 61.97402495
-39.80314036 -738.11939677 91.83808843
-48.84595939 -693.98361798 146.77478273
-21.27453302 -754.29420973 130.91095423
-38.09649049 -742.41051478 68.17065979
-55.43744444 -698.36237778 147.66924514
-39.59672217 -744.21504268 79.89483325
-26.90139110 -750.76757437 116.23535907
-40.07185000 -710.17320000 132.49480625
-39.41294213 -744.82802120 25.95915012
-36.02198841 -747.03321391 56.12105444
-39.45048942 -746.38701635 26.10685192
-20.58424786 -760.25722530 136.58357673
-19.77032222 -761.36908571 138.16086736
-42.24950147 -729.71399751 113.34239741
-38.30789888 -744.64258516 59.08935976
-33.12133252 -754.09611367 110.15115456
-31.45433846 -746.08662500 99.19499471
-36.33313691 -751.27980464 98.14436508
-48.28720875 -757.68847100 63.92554350
-16.07514971 -758.76530465 138.07011061
-57.12961027 -693.46591534 151.64403774
-39.55238444 -732.33789657 103.83548859
-51.13499474 -691.88520702 147.43885742
-41.28499375 -733.02172712 107.16369522
-16.33999355 -757.96784409 137.33872829
-23.91405338 -757.86447206 130.32042956
-38.67717281 -741.65142517 77.15606442
-40.64177453 -730.60694057 108.10572512
-34.93114912 -740.41765439 79.15004309
-27.03366923 -753.68656602 118.87105317
-44.74003441 -723.71302265 125.05170795
-31.87913913 -744.94225326 100.57621557
-40.88484582 -749.98127715 44.63148061
-49.60970078 -764.70511484 66.36044219
-41.94549935 -735.82065310 107.07915868
-38.72026210 -736.50065520 92.05025128
-45.52400338 -720.80940292 128.06927978
-53.90619208 -708.53064533 142.17437692
-38.81197778 -764.39673333 54.23940903
-37.05743613 -745.16360824 35.05374339
-31.11611490 -747.53389351 98.23590787
-53.11213649 -711.47705385 140.35201462
-19.73696000 -761.14734000 138.66845625
-47.33082737 -756.77351149 62.12796376
-37.86603311 -742.80945927 62.17773108
-49.71436646 -715.84785963 135.34168482
-41.94671469 -759.71799627 56.05680116
-32.82550841 -751.18491549 97.89598472
-50.03749807 -765.82834290 67.76110553
-44.97666353 -734.62301438 112.10155437
-57.81120944 -690.75552199 152.07093757
-42.80026667 -704.06871667 138.37047292
-37.08327286 -719.10848786 126.25277339
-33.55170025 -745.53739618 91.94231561
-41.58028905 -740.85217851 98.04574664
-39.13627256 -744.64893347 34.97809685
-36.00347283 -747.68684321 65.20546268
-39.03136346 -746.77302051 35.07183691
-39.28086811 -747.23441514 38.32992425
-39.18106055 -744.84872316 37.90443567
-28.79745473 -756.86331741 124.09618361
-41.28886160 -747.04413067 41.55069948
-38.94280318 -750.83979725 43.79578085
-43.66242105 -747.29291474 45.02095204
-38.38756905 -744.66730996 44.15503773
-47.11079833 -729.03160849 122.01555754
-49.70938830 -760.80240702 65.76126853
-38.13738714 -755.72171660 45.11783467
-32.19568884 -747.60769415 92.01210373
-35.94687515 -745.80052395 77.11073409
-38.76820613 -756.63230314 47.23522528
-41.09160085 -752.67843255 47.86758944
-39.11593674 -753.87063967 46.96964823
-39.69406989 -712.20714308 131.99572152
-38.97693025 -758.85620302 47.89737956
-44.47301711 -748.80231939 49.37584596
-41.44949415 -741.25759382 94.80717670
-38.15063634 -744.74061144 55.93184862
-43.57004444 -749.32889444 48.39566736
-44.47133885 -770.51642548 66.16372822
-42.63785825 -723.34353260 121.74880220
-44.12763756 -750.19740667 50.29260990
-42.83468296 -751.29231116 49.42817479
-41.89782809 -753.42637023 50.10341120
-39.16793313 -759.60379849 49.92307105
-39.57468248 -756.79503655 49.88088435
-31.34510000 -755.37435000 114.29495625
-23.72099241 -751.94485545 127.14671896
-38.75623140 -746.75551290 65.03463173
-40.00952879 -754.65280988 49.18108334
-44.05367175 -753.29433713 53.37564461
-38.12827934 -744.91726300 49.95056022
-39.78534942 -759.86631825 52.84639325
-45.04426656 -753.65118586 56.03047804
-22.63770000 -759.26056667 135.56885625
-40.85428223 -758.80500716 53.99866227
-44.18170800 -756.36673471 56.29508319
-38.99096161 -717.74691513 127.93811130
-42.42336972 -720.41807933 124.40691886
-43.08523078 -757.33732807 55.33195354
-40.30841857 -760.77738692 54.97260477
-36.49220749 -746.61700468 50.25964032
-43.73550255 -758.62201975 57.24441549
-45.51794521 -756.74045441 58.95866384
-40.06129273 -763.75918622 58.10569409
-44.78687445 -759.53344026 59.11667646
-40.95609589 -761.72117077 56.90998185
-27.06800881 -755.99316394 122.17776968
-46.76144269 -753.74961314 59.56603835
-41.95934824 -762.71768903 58.81721903
-45.51345854 -762.87700163 61.56036250
-46.61956092 -755.51418736 60.39833671
-31.83289639 -747.11418310 94.89976606
-38.32407437 -747.00306066 55.91497262
-47.25456801 -759.66762597 62.44943891
-45.06490937 -714.86040405 131.11706512
-47.30172032 -762.42287017 62.77979261
-42.84762189 -729.00175923 115.33548844
-44.82025486 -765.51622326 62.59334128
-46.98138571 -710.09465000 135.40674554
-48.75891207 -762.72110528 64.71911466
-38.50970714 -744.66636409 61.94278140
-48.62262169 -759.86659543 64.46476933
-39.10150339 -767.39575254 60.19649693
-37.70350000 -743.12441818 56.46056080
-45.29075570 -768.66915244 64.96394331
-45.99292723 -728.60282693 121.55046711
-47.47426018 -768.00300039 65.96876748
-49.79564796 -762.54176289 66.15720036
-17.38884089 -760.70302639 139.08353711
-33.55817640 -729.54191586 110.12159183
-38.49427574 -746.92321890 59.00604092
-25.61119835 -751.50048967 120.79136369
-50.21140372 -763.51368383 66.92161554
-47.94034945 -770.76855670 68.86312152
-38.62615145 -746.85123617 61.81586341
-49.62002105 -767.45774737 69.61448257
-48.72382340 -768.98165756 69.74759517
-29.33909664 -747.69102923 107.21322573
-47.76111442 -771.26683415 70.11761094
-38.67746136 -744.52984575 65.06614516
-38.84368436 -746.65166515 67.86823638
-38.86557703 -744.63828072 68.04103697
-61.46460000 -679.09360000 156.61065625
-35.94388116 -747.74108222 67.96093825
-41.14151667 -743.36437444 87.98383847
-46.32428732 -713.85574789 132.76063794
-40.16983121 -737.67595101 94.57842169
-38.50605327 -746.74189252 70.59951139
-36.11848713 -748.00133205 70.97020506
-35.44732597 -745.80610119 70.96329476
-36.24192739 -748.14842315 74.03184985
-33.93509218 -752.34873687 101.77111379
-35.77314134 -745.86244637 74.09793642
-29.91718758 -753.52957593 113.11292133
-35.08073478 -749.32087971 74.40971712
-39.07370331 -744.45659113 77.08627000
-37.86875263 -740.14590263 75.10089046
-35.08581839 -749.36695057 77.16124763
-35.96100867 -745.76401735 80.04633191
-52.88834667 -713.69440074 138.86515403
-35.54523886 -749.41241658 80.31926946
-46.36864929 -720.52203692 129.80609540
-33.76972448 -745.66801161 89.33136688
-38.21011297 -739.52766059 80.18730256
-40.24232823 -743.96167377 82.47140252
-35.92079981 -749.56697448 83.08601435
-36.29851245 -745.76839066 82.97757026
-40.62944783 -743.86331366 83.82051091
-40.77365145 -742.62319212 86.44786932
-33.76831250 -725.16846250 114.38571875
-23.06404913 -753.59520868 127.67846163
-40.87357932 -743.54888302 85.77045162
-37.45030000 -749.08590000 99.36255625
-38.80073586 -738.70232685 86.11945286
-41.77522252 -724.25639369 119.39496450
-40.40844212 -740.69850586 88.17371339
-42.09184644 -737.89092307 106.80832652
-37.14524659 -747.78327114 89.14197048
-16.93366957 -762.45285336 142.07248629
-52.68717087 -714.79404331 137.92687987
-36.37512634 -749.97049791 89.19599022
-40.61876154 -739.94458750 90.03367837
-30.40996781 -750.57398372 104.05517622
-36.58838027 -750.21652987 92.05850276
-41.28451671 -741.48047871 92.11187871
-48.49243387 -717.62528382 133.60613165
-40.84623922 -739.52524067 92.28230915
-37.25062516 -747.66904360 91.93811883
-35.41694386 -745.02276491 91.79697072
-33.00003574 -750.17697789 92.03705108
-47.08606000 -731.27551333 117.69456958
-41.05352769 -739.10010875 95.03666596
-37.34028750 -747.54734917 94.28269625
-37.64386808 -749.55761127 95.27002761
-34.78125088 -744.74783333 94.16188432
-33.07797048 -745.35130119 95.28000292
-37.78046581 -748.86358309 97.71060221
-39.50807042 -735.31955675 97.84765474
-36.67088899 -742.63580626 65.19908716
-41.55461246 -740.50492885 100.44071395
-38.71809982 -733.80614782 98.73772680
-41.44525150 -738.73255054 101.01953824
-40.94073948 -736.22029030 101.13009461
-24.08581471 -753.68722238 124.96906376
-40.04495504 -734.84918652 100.63583696
-41.53785365 -738.44154871 104.13318570
-36.72366463 -751.65388143 103.81998081
-28.71288219 -755.00120548 117.84031036
-30.64844648 -747.52141606 101.09848883
-35.41886125 -752.55723979 104.11086306
-40.83393603 -733.67364498 104.70330472
-33.31919496 -752.61950126 104.18877554
-35.46575371 -752.92925615 106.95439887
-34.15736304 -747.22427722 74.17623102
-41.12208061 -724.99674184 117.20609911
-39.22023725 -730.33038973 106.98891397
-40.20935352 -731.70948028 106.22126470
-42.94006537 -735.53378979 109.32135916
-44.02620111 -735.41377699 110.69179520
-39.15982352 -728.94978782 109.91063227
-43.70933391 -733.81192586 111.21098614
-29.74260992 -750.60721182 107.28723350
-43.12945139 -731.79267639 112.34533453
-29.16470154 -750.87937919 109.85007405
-30.55633122 -752.91736352 110.20333678
-28.74833763 -747.77901916 109.06261914
-28.34210208 -746.12005417 110.13983542
-28.30637355 -749.74591259 110.96272653
-28.76569302 -751.70588755 112.29252153
-45.80788004 -726.46555969 124.91730989
-32.49070108 -755.32555161 114.10118206
-41.64758342 -727.03382131 115.94079936
-27.87957749 -750.52084381 113.23957884
-27.08411110 -748.05018895 112.88959553
-32.33927631 -755.57521160 115.94553381
-29.27714694 -754.42446474 115.96463355
-28.39189072 -752.43511856 114.12180573
-43.57188000 -752.32374000 51.38817625
-42.75477003 -726.32962598 118.71464674
-30.44517048 -755.51590199 116.42023763
-31.75346824 -755.94063378 118.03284409
-55.80812059 -704.73689412 144.84725919
-44.80673723 -726.80336004 122.06017045
-29.95779669 -756.01496521 119.01703268
-43.89774060 -724.40999405 122.79749132
-47.08578381 -728.50359191 124.33216252
-46.82428958 -727.79126336 125.48655348
-28.01585914 -755.54519264 119.79547074
-41.82802925 -721.52263529 122.70423161
-44.12631281 -721.03347696 125.53281594
-25.38261519 -749.56796298 119.84638691
-46.71157896 -726.55117920 128.18148769
-46.03292804 -723.65556590 128.07428502
-36.96916425 -748.04560596 40.41183595
-25.13444020 -750.81671996 122.05678771
-25.13955882 -749.14581765 120.86870331
-25.08041047 -753.46967984 122.55329340
-44.76160654 -718.06456819 128.26874293
-46.69282968 -725.60805613 130.02830238
-42.17262052 -711.06178446 133.02726701
-48.56728163 -720.74995219 133.25420946
-46.49031667 -725.54931667 129.84505625
-32.61247257 -747.61595852 89.35766299
-21.20875280 -759.07117954 134.34084619
-47.18546420 -720.83664912 131.22447662
-45.93953560 -717.69287758 130.15863356
-26.47481589 -757.54476217 127.84616094
-48.10126370 -722.76991086 132.86886045
-46.77084930 -715.56896948 132.27245719
-48.12426469 -715.00341347 134.03905441
-38.68318380 -728.01813056 111.10151134
-23.70495907 -756.65412524 127.98159835
-47.42399544 -712.05566544 134.67250161
-25.78069267 -757.87946867 129.95436092
-22.31175650 -754.23803451 129.06931195
-32.18614516 -737.31446452 90.83994012
-22.31679011 -755.79069505 129.16679123
-20.22090392 -756.96482001 133.31707521
-43.16758831 -703.60411938 139.53019102
-19.25852987 -758.49943896 135.31045106
-18.15839061 -759.47692352 137.22555137
-17.45784057 -757.53751228 136.27766170
-33.77867845 -747.66018512 80.05240098
-17.92643789 -761.72192536 140.19853587
-40.50680000 -743.25660000 84.53245625
-14.98095572 -762.76067963 142.88805445
-14.43047416 -763.93574880 144.98072754
-13.87918884 -764.45226698 145.52959904
-11.79860214 -763.63922951 145.51525426
-10.57560000 -764.20330000 147.61715625
-8.77111472 -766.89603006 150.93977220
-8.32315123 -768.05789115 151.74762529
-33.71957006 -737.00963234 89.85469876
-7.20415000 -769.00564600 153.08907825
-47.50846087 -701.11285652 141.46174755
-6.67570779 -769.60133571 153.81052963
-43.86617647 -718.82120471 126.16762449
-25.41795000 -748.56818000 116.85194625
-40.36817000 -734.41480500 102.97699125
-37.58880439 -748.60257851 89.13639485
-40.67557917 -744.84995000 81.11743125
-40.08824167 -766.80846736 60.88574306
-55.96534081 -702.62836416 146.02187097
-43.28188095 -763.96261667 60.69645863
-46.58508333 -752.08769167 57.74510625
-36.45993783 -744.89263525 50.20300807
-52.71516250 -698.02920625 144.37833125
-39.28245579 -744.66152816 31.97157508
-49.31141377 -713.85178862 135.73082631
-56.28497933 -696.77188031 149.30128996
-34.94725351 -744.71936084 67.87814399
-55.29317283 -696.55371732 147.91813145
-40.42053333 -737.38486000 96.91036958
-37.68006596 -747.51597447 80.15286689
-33.93636151 -745.82824841 86.03292808
-34.24402043 -725.44332151 114.84658206
-40.77588824 -728.04126471 111.27905037
-44.48621217 -730.18937306 116.19089652
-45.25514861 -729.29418150 118.78547819
-46.64160000 -713.20810000 132.48615625
-48.72813480 -711.41626090 136.22913721
-50.59419334 -711.85146934 137.62872638
-51.95150651 -711.45426293 139.18261131
-52.26760395 -713.51366842 138.66366283
-50.06006090 -709.43559568 138.15938501
-35.96047391 -734.47773940 97.16520272
-51.38937952 -708.60430336 139.59202585
-52.93438872 -708.90992030 141.02965367
-51.09839113 -705.88210520 140.31843184
-34.44668286 -749.39796000 77.96295625
-52.71768000 -706.51476053 141.33332993
-50.53898138 -703.36603395 141.00535338
-52.37727018 -704.57168246 141.67040888
-51.48837743 -702.32942302 142.06730047
-32.75664930 -740.32550563 81.72274639
-53.72138405 -702.92746875 143.54213703
-55.63427482 -705.97592446 144.11847711
-51.08412298 -699.70435813 143.14049620
-55.41716429 -704.55651905 144.61178720
-36.24868336 -744.81627322 53.25256542
-53.95636162 -696.82128587 146.04245039
-55.93285524 -700.33172555 147.06347066
-56.50910000 -701.35238000 147.53365625
-32.93446687 -751.80210031 100.88450203
-56.43933666 -699.26781174 148.36291173
-53.66518661 -694.01141517 146.82706974
-55.55795000 -698.12637500 147.35000625
-54.98158055 -693.52466152 147.95192517
-54.02654761 -690.77078748 148.35747391
-49.35021000 -691.88312333 147.64036625
-56.52272399 -690.89195105 149.72831535
-37.04229483 -745.04532823 38.02537112
-31.36480634 -748.13829597 95.72777902
-56.86617293 -695.99890635 150.93039078
-37.04312580 -739.96494654 77.18092646
-42.80931839 -707.45276667 135.74223441
-53.94266768 -687.77153123 149.17764548
-51.85274582 -688.42143775 148.62604559
-56.34452882 -687.81150861 150.15062936
-57.91421334 -687.75261019 151.60965609
-54.69368595 -685.34252912 149.52438189
-55.96283525 -684.76614674 150.25390012
-57.37569744 -684.74449264 151.35197237
-47.95605103 -703.00436332 140.66664732
-57.59715616 -682.36058959 151.82519723
-58.75259642 -687.41772467 152.89167334
-58.02727533 -689.64066733 153.63762958
-59.06285992 -681.96784162 152.98696044
-58.75809312 -687.32114891 153.91294067
-37.68516552 -747.78173793 77.37849418
-58.12345679 -687.87629488 154.10225670
-59.40780547 -684.46950274 154.55390972
-60.21755621 -681.67828659 154.73626866
-61.67687538 -679.15394308 156.22751779
-61.81281429 -678.86435714 156.62945625
-40.30742675 -709.53395924 133.18228810
-33.74243421 -726.73121041 113.06483085
-58.56226667 -689.41100000 152.81922292
-37.63289032 -747.24020000 82.85249496
-36.07889150 -733.81419235 98.64726546
-39.63637300 -722.43140750 120.77621075
-38.42281216 -722.09563784 120.31730895
-45.08753436 -704.82766608 139.00787906
-34.22099701 -746.00992537 80.12401446
-36.81871515 -722.30777273 120.61288958
-46.27975278 -698.65556111 144.73155208
-33.56172915 -733.33828040 104.00559720
-37.45541053 -743.99401579 17.42017204
-37.41972439 -744.19826341 20.18820991
-38.85693997 -724.75255000 116.80028620
-40.62380000 -749.34740000 41.96785625
-37.42117379 -744.43682690 23.55614659
-59.19278000 -680.18274000 153.25607625
-37.22596519 -746.51908889 35.22171106
-32.66316364 -734.29669091 102.69620170
-37.37143783 -744.65855073 26.25296299
-41.90525721 -712.65613279 132.07746230
-37.25564377 -744.86443891 29.16229574
-35.99340269 -733.02934665 101.00957335
-37.14483344 -745.11849502 32.14233510
-36.67466536 -747.41829245 38.27384736
-33.93475702 -740.05475000 81.12578958
-36.78402506 -745.00748671 44.29531911
-36.04346563 -744.73747103 55.97537353
-35.74471536 -744.68570884 58.93332792
-36.94545562 -742.90440000 61.81198662
-35.29846313 -744.68924942 61.76528780
-33.24539099 -738.61316817 85.92312442
-34.43537584 -745.64182079 62.68288153
-35.10894190 -744.46599426 65.08503620
-36.27764705 -742.36739055 68.18713305
-34.11324850 -744.33973505 67.97480708
-34.33739694 -743.03767245 71.69301645
-34.02336988 -742.64855330 74.39375896
-34.37302237 -746.97200472 71.18753213
-37.34159130 -740.15264783 75.19670842
-33.80174103 -741.90611559 76.86165860
-36.02797329 -738.94971769 82.94457466
-35.98353476 -738.05225310 85.95584315
-34.10278011 -745.94477216 82.99037955
-33.47729960 -747.61421237 82.90733710
-32.97049775 -737.69147073 88.76739152
-36.01186471 -737.37928676 88.01076581
-36.07762636 -736.88738696 89.47306576
-33.09517617 -747.58000117 85.98784783
-36.08947888 -736.09225155 92.07490553
-22.19058533 -758.47289200 132.17911092
-33.25951267 -735.56649800 95.17631292
-36.08280823 -735.11209205 95.16344551
-33.19413681 -734.90189881 97.99549349
-34.22434455 -734.07454950 99.06475823
-33.83046822 -733.82018283 101.24931933
-31.48556667 -748.21816667 93.34985625
-36.10986537 -730.49538524 107.13567555
-48.86986270 -697.81210973 144.21804706
-34.12618725 -730.97180980 108.12791017
-36.48773090 -727.99008970 111.11821762
-33.60760455 -728.06210455 111.34414489
-36.13459557 -726.88320803 113.11485500
-34.19072568 -724.19546245 116.11044877
-34.41937067 -723.03820933 117.86453492
-35.89029597 -722.95529543 118.82528657
-39.08686456 -723.36728131 118.99261486
-31.41392500 -752.30932500 105.26333125
-35.60225735 -722.00809794 120.09814713
-36.26516370 -721.19344709 121.97526972
-38.98849563 -721.18896659 122.09442668
-36.69345635 -719.89276372 124.70892517
-37.22298883 -718.80685874 127.22715965
-42.11227327 -715.83759802 129.09715179
-40.13534468 -716.00305319 129.30693285
-42.04481543 -714.56876052 130.55452298
-38.64478838 -716.66275423 129.83718195
-39.38803073 -714.74378527 130.84631704
-40.10438100 -710.67901700 132.71355725
-42.51705058 -705.81880309 137.08880142
-44.84598964 -706.16205744 137.57889272
-43.09957761 -704.52132985 138.75961446
-44.92437159 -702.99517926 140.53915419
-48.01017882 -699.66004121 143.10198956
-50.92053574 -697.58257769 144.19017402
-48.05994772 -701.55127477 141.76765017
-19.27888710 -761.37067097 138.29444657
-13.43780000 -761.09660000 141.27775625
-34.49380000 -746.25320000 60.52545625
-36.05544184 -746.82889844 53.18615718
-49.66673333 -767.15045000 69.56822292
-37.13523750 -743.48117500 13.06927708
-46.38646429 -698.04655714 145.12719196
-46.10490403 -771.75720484 69.83033286
-58.31871951 -685.77054390 154.64813674
-51.15668847 -690.66832184 147.90741237
-52.75445833 -692.05868333 147.46936458
-51.05870698 -693.84460061 146.52411070
-51.05596410 -696.21663654 145.05758730
-48.11794712 -696.81198279 145.47907245
-45.32728256 -708.23673023 136.14782662
-44.67439829 -709.42088252 134.98631163
-44.31271038 -712.93007075 132.27957795
-46.43326364 -728.28857273 123.78542898
-43.49115000 -728.26385000 117.88475625
-40.21425614 -728.49307719 111.87080888
-34.58990000 -728.36540000 111.54185625
-33.99006429 -728.36209286 111.55916339
-36.97769091 -719.32205455 126.59740170
-37.35574375 -746.40408750 32.70648750
-37.18730000 -743.17854444 57.06361181
-40.46375000 -769.43430000 63.55542292
-42.30345060 -770.59357371 65.84736023
-34.99100000 -749.27490000 72.47255625
-34.34225758 -746.06652323 77.14629665
-34.22706722 -749.45580167 80.14832514
-33.98093267 -749.55707624 83.05282407
-33.64857464 -749.73714493 86.09078632
-33.25340417 -749.92369242 89.14729072
-32.54595235 -750.45527941 95.04888199
-31.42432500 -749.49202045 96.08325625
-32.09886805 -752.01319822 103.62307341
-34.43990000 -740.17210000 12.80165625
-40.69064528 -745.28677547 22.99920908
-40.67861628 -745.45319070 25.80156090
-40.55296364 -745.83072727 31.53388352
-37.66659600 -747.48013600 73.95219225
-40.56876667 -737.13883333 96.27732292
-46.56890000 -752.23750000 57.49955625
