-39.39000815 -746.98447418 65.05522744
-39.69011026 -743.70714359 84.11924615
-44.75874828 -748.96027880 43.97381957
-39.15523709 -753.52071907 67.96524425
-45.16568210 -761.50030480 54.89143360
-45.51260000 -752.70710000 48.71569103
-39.21665575 -744.02632655 82.19470445
-40.29156408 -748.69080254 59.20709669
-36.92809784 -737.62042188 99.08288429
-38.24761903 -739.04489447 104.01567074
-38.70474392 -746.70227162 49.86255555
-46.54149474 -762.87010247 56.92759635
-51.45744250 -767.60748250 65.93469853
-40.61494013 -747.99583643 41.16611892
-41.10978084 -753.70260562 74.13383640
-39.48842174 -752.73117826 66.85113233
-44.90817890 -751.72030023 46.56615879
-50.36038899 -766.41426936 61.70985797
-48.33912679 -752.63989286 54.80826424
-33.64949286 -743.87171429 81.78037674
-38.14868879 -745.21842254 74.12680422
-37.91568028 -742.49607482 13.70991562
-39.07475749 -741.82449962 98.04803478
-43.28090000 -755.86440000 84.61234103
-34.70340231 -744.13354507 79.54186122
-38.05452244 -747.75310982 38.39528171
-42.96496835 -746.72796619 37.07342376
-38.79134166 -746.10319417 38.11373871
-41.77951999 -753.87557602 77.18069358
-43.11625342 -762.40978365 53.99210861
-51.93547603 -765.72584832 62.99674785
-41.77641275 -751.49640963 73.75040590
-48.46081321 -761.61113962 57.73172216
-40.33724484 -747.45310229 29.06005968
-43.68942569 -751.39120920 44.21281829
-39.92532575 -746.55862296 37.87460970
-32.08713772 -744.03821384 85.29475348
-38.09614568 -742.33736275 86.20028996
-35.42343626 -734.04223125 104.23015350
-46.11245507 -750.67285856 47.79010493
-38.69639873 -747.29823613 29.06356800
-39.33260887 -756.36676613 41.38824425
-45.58127143 -764.96162857 57.57471245
-38.03834049 -739.22555529 98.15478266
-42.34328358 -761.47449664 51.94105446
-41.64473931 -766.02241574 55.85309308
-35.13860126 -742.98044664 83.04894119
-40.78707505 -751.48905091 68.14106146
-43.09341175 -755.01147557 82.93170099
-42.21518915 -767.50512453 57.91378678
-42.41632205 -755.02443780 81.97193551
-40.93494527 -748.27870264 35.33221725
-36.53485000 -748.23870000 48.43074103
-37.41152022 -733.55043646 109.99193669
-45.87423063 -759.54672317 54.16507964
-40.90429340 -762.40728715 47.78187193
-37.76778818 -736.33005649 107.01911031
-36.74140250 -734.65562250 105.31494353
-50.00121822 -771.03151483 66.80591603
-39.07361372 -741.70396192 95.19092288
-39.05837472 -752.36569517 64.63148080
-40.40292183 -745.49769876 23.00533930
-39.07856601 -743.70876863 19.56128024
-36.36540452 -750.09586482 53.66998474
-40.55380292 -744.81648387 14.27276388
-40.43107870 -745.17758216 17.25086172
-35.26744892 -735.95290577 101.02896326
-38.24318223 -753.32534924 39.30745067
-41.31240160 -745.03967320 86.23963137
-40.00849889 -743.53661352 13.90943640
-32.32692011 -745.55690970 77.14074610
-38.65118788 -745.23251091 23.04018069
-36.19923838 -748.70539865 53.16883452
-38.20807355 -750.53074405 50.21333828
-41.42186330 -751.51115760 71.14565508
-39.06369227 -754.45620592 40.62200844
-40.30383869 -745.67964262 29.03368793
-39.84233733 -746.59009970 71.44650055
-35.66769407 -748.10659055 61.95325665
-38.76196792 -746.29891784 41.19788031
-40.04827748 -743.13121327 95.13665066
-43.87661864 -765.73004040 57.07828912
-40.62966353 -745.74339395 80.11102478
-39.90498571 -746.92342857 21.34729817
-42.77865504 -746.39398430 85.83925459
-40.15403704 -754.11925057 42.00433935
-40.15446958 -748.48987297 53.07579185
-48.76415386 -757.16041569 57.30034469
-33.66356000 -740.85512000 90.83532103
-45.65756981 -756.04969811 51.44187687
-50.96299016 -758.45818470 60.80729458
-39.11634857 -746.94265429 23.79644817
-40.87725592 -748.29948163 71.16699517
-35.77059943 -741.73451513 13.96833007
-45.94871212 -754.01024407 50.57450794
-40.94947485 -745.38071805 83.18750248
-37.10617895 -734.09493284 107.27420789
-32.41600170 -744.94798211 80.08978988
-40.25086215 -751.02611677 62.07550251
-39.76159052 -743.67938389 16.87530406
-49.87012851 -760.30420274 59.10188677
-50.39472586 -769.66339437 64.99273227
-40.89436799 -765.48554268 53.63883443
-35.43460486 -740.50947602 89.78199669
-46.25627462 -749.41119422 46.60765516
-41.02097222 -760.27356538 47.22266747
-46.90990483 -766.06873812 59.20243733
-40.16010446 -743.21552342 92.07650742
-38.74818275 -745.95505083 35.30698731
-41.96624971 -747.69637702 79.95596448
-38.68244891 -746.59690930 46.96361887
-41.49120450 -744.78563818 88.96343434
-40.40652464 -745.30506427 20.15798575
-42.64196273 -751.27278000 72.34033193
-42.81844989 -749.48504418 77.36478874
-40.65834708 -744.08317775 94.63204232
-39.72917826 -743.74850870 19.53843885
-39.94740656 -750.20826885 53.24359742
-36.09164249 -735.17192104 103.35420279
-40.35916806 -747.95736467 32.38458075
-52.33841480 -766.28884021 64.60771859
-41.67138926 -751.51477761 40.98198712
-38.58073288 -745.05091641 17.28197512
-46.33915307 -757.17822427 53.37470453
-40.05983752 -746.37102377 74.32663164
-48.67444448 -759.81491690 57.45162827
-41.03861704 -746.26493064 35.20692043
-42.78747328 -750.61683125 74.19618535
-40.06133333 -743.88753333 96.72120769
-48.14234360 -767.42390629 60.90379114
-40.16493306 -747.00653669 23.64241804
-41.94282948 -752.61109681 76.33275617
-38.16993597 -745.71900078 71.19011073
-37.69799310 -747.63295471 50.03614719
-37.72539345 -733.12247388 112.44955119
-35.76008018 -748.41456652 59.20427979
-42.70007747 -747.64115923 83.36171935
-47.23828724 -760.35331254 56.10709466
-40.33235501 -745.47064359 26.15661805
-40.29770973 -747.19226450 26.24192538
-38.91478579 -741.67982471 92.05086977
-40.20545922 -745.88814352 32.02249247
-37.80884802 -748.36706347 44.27703194
-39.26564385 -752.49276231 39.89354333
-42.27294375 -747.55015108 82.77686308
-37.57708963 -738.14455752 106.13164916
-47.54145309 -770.51368129 64.09105629
-38.60750807 -744.78833547 14.07910500
-46.70190666 -751.62554004 50.09493153
-40.44720861 -757.30166380 44.08412806
-40.39984803 -751.40641544 65.23837646
-41.63175596 -748.51141705 37.81222987
-40.86553243 -749.94111351 36.43520049
-43.12134381 -747.50606388 38.39141385
-40.06845610 -748.42556781 50.05361720
-40.95394693 -750.57291774 38.49532676
-43.65063468 -748.66803143 41.12889742
-42.96501764 -750.38664717 41.95344327
-38.53431606 -751.15281198 37.89729437
-43.67309564 -755.54580576 85.27671240
-39.64731322 -746.68431736 40.85452532
-42.35954800 -752.44570178 42.91392058
-39.82562215 -743.50300722 86.31368925
-41.31596366 -754.43693209 43.90164975
-42.93957866 -753.58752860 44.83832353
-39.76999699 -756.92301944 42.24607339
-45.73699675 -748.66204870 45.31565142
-40.05581950 -748.16555582 44.12674764
-49.80563785 -757.61219464 58.93191335
-40.54571442 -759.69955110 44.71644165
-45.42789559 -749.62693235 45.85276014
-37.97430565 -748.12673211 41.21267671
-38.69998044 -746.45065995 44.07627515
-39.58121667 -746.78355000 42.88537436
-43.93922403 -754.18178291 47.14912806
-35.92965531 -748.62139971 56.23964567
-42.13149073 -755.40839704 46.04373826
-41.69296796 -757.44642694 47.08694765
-43.19105866 -756.41490939 48.03352758
-39.97558504 -748.30850957 47.09527381
-37.57566542 -748.05478769 46.96681215
-39.87101250 -750.11611838 47.37821529
-45.00618645 -754.86228212 49.49362290
-44.08255929 -757.31714341 50.11271778
-42.31475107 -758.38495882 49.02637231
-51.23839329 -760.21108216 61.02310737
-41.82185782 -760.58879803 49.95977376
-38.49783634 -750.07071211 47.80468328
-47.57617875 -752.10047061 52.75057265
-40.99706443 -763.10603818 50.26786969
-46.95197986 -754.45888301 53.10488226
-43.07951111 -759.53594757 51.04711160
-38.64810000 -740.91880000 102.66224103
-45.19170533 -758.03870302 52.25277863
-39.75557179 -750.04512244 50.42303462
-47.20638880 -769.25963019 62.00279772
-44.17782981 -760.35210520 52.97969600
-40.65781154 -764.98682692 51.31446603
-42.16502846 -754.49787831 79.73638156
-38.61555749 -745.22304073 25.87862467
-48.15225678 -754.63337722 55.37331224
-41.61894250 -763.52065716 53.01637910
-35.11375041 -741.93991146 86.22914551
-47.82872447 -757.44953735 55.86590890
-44.51281791 -766.75362686 58.24669554
-48.89037606 -754.54225612 56.61511719
-40.40012667 -748.21685500 65.36760951
-38.05717905 -747.20184420 53.11070477
-37.84276388 -750.89629407 53.00038167
-38.67956018 -746.75599514 52.94657628
-38.63061468 -745.85121468 32.14699227
-44.27045514 -763.51502828 55.82766126
-49.51997659 -755.34103846 58.05010056
-40.04486366 -753.08516849 65.18287317
-47.58469832 -763.86905565 58.29209723
-42.13618330 -764.40657121 55.06205753
-49.20392991 -771.02236184 66.10323184
-49.76293978 -763.29292009 59.47552021
-40.27271075 -748.64831196 56.19215884
-40.14494509 -750.45044568 56.38198448
-51.18293076 -763.52857769 61.14242697
-49.17118738 -765.45015115 60.27109942
-38.18695506 -747.15904400 56.06649924
-37.90236997 -751.41874264 56.09916384
-51.96012330 -760.87864374 61.79374672
-52.19943652 -763.37049382 62.53304083
-38.63234632 -746.74122316 56.10920734
-52.79540030 -764.43618943 64.04345930
-49.60132756 -768.49980235 62.85540283
-51.76540479 -768.41661238 65.08895714
-40.17138720 -750.77820412 59.25830907
-35.73417005 -750.92247532 59.13695187
-38.31978735 -752.04968580 59.36844406
-38.15192258 -747.08340017 59.15424691
-38.52732348 -746.72593679 59.48399340
-40.31009693 -748.55950783 62.12357704
-38.24795357 -752.91995536 60.17685353
-50.44712916 -770.38334687 66.88858517
-40.32175533 -753.50558135 71.00416360
-38.55784140 -752.23565573 62.01681988
-38.36847098 -747.12028193 61.78698839
-38.04433864 -746.63091667 62.24145925
-38.87921587 -753.07088173 62.22869435
-33.34138182 -749.96013939 66.94321375
-39.61366667 -752.92911667 63.41169936
-38.62720785 -753.13173606 65.15282416
-38.06410872 -746.39049848 65.36331284
-40.54229296 -748.20586936 68.04324916
-32.70464665 -738.94639893 95.01662977
-40.01541752 -753.20111581 68.72454086
-39.47542533 -746.88600400 67.05394369
-38.09146115 -746.13621628 67.75463044
-39.66478387 -746.75110323 69.04516361
-39.50486585 -754.09430488 70.05531176
-41.44101906 -748.42252068 74.17989851
-42.90373723 -750.04758005 76.18382083
-41.79005486 -748.16194616 77.02738323
-40.43257414 -746.12793003 77.28253552
-38.10230374 -744.68091813 77.07286638
-42.78740538 -748.71295228 80.05808847
-42.77247861 -754.28878192 80.76105363
-38.51330613 -744.27936039 79.85731130
-37.38904216 -743.56713508 80.59103314
-37.96400123 -743.10599164 83.16727806
-42.68795741 -746.66485370 84.38324103
-42.83725000 -746.98983571 84.82577495
-43.92751321 -755.97154340 85.91535801
-40.01286620 -743.33343534 89.13447144
-38.25878781 -741.78157961 88.90453339
-41.16506205 -744.37950689 91.84305628
-37.03179125 -740.62156696 89.93243337
-37.42083590 -740.13124946 92.32639220
-37.75135079 -739.67277830 95.14838487
-39.81996197 -743.15302226 97.27456125
-34.89265785 -737.21001894 98.43154617
-38.50107635 -739.20065443 100.92271813
-38.86120987 -741.45922079 100.69878221
-37.41344709 -737.09486576 101.33515337
-37.52939536 -736.15267477 104.05434217
-34.26471672 -734.47355978 102.09180396
-35.93932843 -733.25635641 106.80289321
-37.74865408 -735.62814512 109.42144471
-42.60585000 -749.74773333 75.44971603
-36.34312447 -732.66729030 109.13497942
-46.15978040 -768.24411367 60.20022999
-38.94429745 -743.59649805 17.06166175
-35.18913750 -740.71850000 13.20798103
-33.26397610 -746.66624382 72.24264620
-32.31116563 -744.39360625 82.84289467
-34.20311983 -750.30350991 64.87108370
-38.57683140 -744.93317283 20.16023257
-35.12065701 -748.00838989 65.45677373
-31.89219396 -747.00569456 73.11002411
-37.60245575 -750.16957238 36.25694716
-38.62086702 -745.53227940 29.07563057
-38.42575691 -747.58823493 32.50419528
-38.11025138 -748.71763169 34.95473703
-42.71852500 -746.46598958 36.29243269
-36.41993470 -748.74937953 50.63439900
-36.24585212 -746.65539505 65.86679456
-35.99464435 -746.46511478 67.93207795
-34.53298164 -747.83182732 67.84202994
-33.45403750 -750.04454688 66.36348790
-33.47322500 -749.74748750 66.53671603
-33.13725185 -748.90318900 68.49677708
-35.19046577 -746.08998979 71.37364399
-33.98638433 -747.19338668 70.43966375
-32.69183337 -747.57728276 71.14690008
-43.91117077 -768.50664060 59.74139904
-35.05996340 -745.36288716 74.13455584
-32.53660254 -746.23417346 74.33592785
-44.67616102 -769.78136006 61.73299347
-35.03630955 -744.61412225 77.12960318
-35.51138420 -743.60171890 80.74645850
-45.42947857 -771.02427857 63.92426245
-47.44001416 -771.08416578 65.13428606
-33.18650234 -743.51555621 83.69880824
-32.82190353 -743.18572231 86.26069024
-34.78423219 -741.22789598 88.45114287
-32.81282086 -742.42016457 88.83173717
-35.03879662 -739.75513825 92.27103126
-32.58233608 -741.24298739 91.30553875
-32.78451185 -740.24344284 92.58528076
-35.02256722 -738.76273709 95.00397170
-32.75716667 -737.80653333 96.60944103
-32.97884520 -737.03422456 98.11967935
-35.49550973 -737.99853550 97.07655922
-33.25982584 -735.77930000 100.36721321
-32.70391571 -737.89765000 96.73378103
-45.39989655 -770.69580345 63.78151689
-36.55080000 -746.78360000 63.52264103
-41.50241000 -767.90438000 57.49205103
-38.72760000 -746.83170000 21.53634103
-38.99324457 -747.10814345 26.25989159
-33.50080000 -734.74131667 101.40900769
-42.65318000 -753.39959000 78.06039103
-36.52284000 -749.88080000 51.22984103
-36.15409233 -750.56216611 56.38461954
-35.10280932 -750.76615373 61.85446272
-42.15542488 -768.29932773 58.59157657
-45.54070000 -764.82430000 57.62204103
-46.45915000 -770.91155000 63.59044103
-45.08529231 -770.93287692 63.38345641
-39.02630000 -743.80385000 21.73184103
-48.61831250 -752.73427500 55.18329103
-51.63540000 -767.85720000 63.60879103
-42.62971389 -745.62050278 88.42595769
-45.58265000 -752.85650000 48.58924103
