-35.23757262 -742.67337789 168.03915391
-50.85998889 -731.99846667 102.40972222
-51.85007224 -736.94380049 101.49458993
-33.75386526 -740.24999775 177.15170900
-36.78817109 -727.98572422 16.77247734
-21.96564010 -737.27677888 210.41078152
-7.96113333 -723.02956667 244.32560000
-40.11388261 -739.17679783 125.78007609
-41.55627822 -735.66176238 54.38441782
-36.11148501 -745.81750439 59.81043272
-38.11759861 -748.49820139 170.12126528
-83.54400102 -741.29727959 139.20653571
-16.72374286 -736.38684286 220.32107143
-119.36540562 -749.98299888 149.14556742
-100.25349714 -738.04202571 142.48393429
-40.58734167 -744.26368333 151.04651667
-41.91729235 -733.23908443 48.15656694
-41.07957353 -731.53355882 14.60996397
-31.15575000 -749.92113667 61.86850889
-114.21635582 -745.67146085 147.02503677
-37.64106047 -741.29610698 153.83388605
-120.18566667 -745.91231436 146.61594672
-76.82025000 -737.13750000 130.34866667
-42.45875086 -733.67414857 59.88086864
-16.26975395 -729.47536842 233.67138026
-67.46751250 -741.99879375 127.59490625
-41.43444531 -736.91926033 167.91233521
-22.23590721 -734.95700991 213.98875045
-55.36865758 -732.47394242 109.83867273
-41.33990000 -731.55121356 24.04951441
-40.80157619 -735.21655238 155.37535238
-13.12056292 -729.00529326 231.97074157
-18.81735616 -738.73375961 215.36900099
-42.29494231 -735.04438846 160.84755385
-49.98885405 -738.52462297 100.16182838
-39.76969713 -731.65510057 33.10242894
-40.76180000 -738.14830000 175.58390000
-69.99077393 -737.21164143 125.11945036
-75.11616510 -739.55380305 131.86555540
-79.38071795 -741.57677949 139.64440513
-44.44854288 -737.15821124 114.29226432
-42.21036772 -736.22674533 114.03081623
-64.90686000 -738.21870000 121.18868000
-41.64202907 -745.28624762 153.37893183
-14.39878889 -727.86535291 236.63133439
-41.94435417 -738.32441250 95.64024792
-42.16164339 -735.84750100 140.93291209
-44.69663009 -735.81749392 140.73538541
-39.09918486 -737.20659892 44.90613676
-36.13643800 -738.85534441 182.90939615
-35.99740772 -742.61788401 165.06321612
-71.71778011 -736.65541754 126.26947279
-53.98534333 -732.02087333 107.79576667
-96.43699112 -739.98193731 143.42486061
-41.10296914 -735.39601111 159.47104630
-40.81560000 -741.50525000 48.86455000
-26.02295000 -747.39768649 55.04918649
-40.29305934 -734.38333846 62.77774286
-39.47183519 -737.81736495 171.01581373
-33.16313611 -745.62485375 176.95552901
-39.24638297 -730.72983485 14.70808673
-33.70853172 -742.57674666 173.88648375
-42.71209322 -733.82557712 62.76976103
-29.60737613 -738.34766006 197.54685195
-43.90955185 -734.95872407 80.91609630
-44.67932487 -739.25683953 120.10947304
-31.46614815 -740.64226250 183.46816250
-53.49377197 -733.86158760 105.28951429
-38.31990000 -728.69045385 15.02071538
-125.40136863 -752.63915980 149.89520196
-12.64737363 -726.50452967 239.20379011
-25.18920027 -740.26912108 201.23233459
-96.09549011 -744.64438876 147.82448382
-41.52681449 -735.54096820 147.15658021
-44.51940000 -735.17000000 145.98085000
-42.56602165 -734.61293117 83.77481905
-32.14174845 -742.52834042 179.81929184
-27.17914545 -754.28833278 68.35291914
-23.33902931 -742.42014279 203.68890875
-49.62392586 -739.66126724 100.70157931
-78.52251225 -740.87784175 137.35152725
-111.15016524 -742.00518429 144.89389143
-42.05034093 -735.84034922 59.97356528
-95.81895668 -741.55555401 144.97292406
-54.20600371 -736.60630705 104.83713878
-40.35999483 -730.00610000 12.91419138
-34.05264076 -745.52061886 174.05824952
-119.16516000 -750.01033455 151.93053273
-45.14046117 -739.83586140 132.05983386
-77.29461546 -731.61142784 132.89167423
-35.57528200 -737.59487200 47.14575000
-41.99203796 -733.22127436 50.82755166
-44.17569279 -734.83476216 146.94208468
-30.34779023 -741.93645029 51.87127529
-34.87595000 -747.25879000 61.23030000
-41.21213934 -732.59250328 12.15745082
-50.22529109 -734.46793798 99.48694729
-41.00122340 -737.79240638 173.45364397
-42.29688658 -742.01352987 134.91263993
-23.05083721 -753.24361163 61.19316744
-76.17564775 -732.92710393 130.97320730
-41.35343699 -732.59894658 14.65071096
-39.97227727 -735.23072727 36.20472424
-41.16585238 -731.53056071 17.97021190
-40.64930000 -738.12400000 175.71095000
-78.28748755 -739.88883390 134.85211762
-41.47853239 -732.73068592 18.01016479
-37.13476053 -728.49231842 16.18045526
-37.18952273 -729.52238182 15.83830909
-38.68322664 -733.35687715 35.98416172
-38.68668634 -742.68531019 153.15668804
-39.10944636 -731.29380962 17.77988134
-33.75070248 -738.82284604 48.92020594
-29.74041524 -752.69148762 67.89790571
-41.25387697 -731.54386966 21.15132809
-39.75318672 -733.40499920 44.98267440
-39.90171697 -742.04462172 143.63879106
-39.39055494 -731.24864128 21.03602180
-7.62525000 -723.32807500 245.55225000
-58.13814667 -731.86829333 113.29575333
-38.32037500 -733.09165952 23.94753532
-41.59444638 -732.79458768 20.98213696
-39.42122810 -731.33413474 23.97319728
-44.54050099 -736.65470842 87.04905767
-42.01784054 -737.28756566 86.87061494
-37.62190476 -740.20846190 150.60738730
-41.70088713 -732.90256733 23.95978911
-42.40640185 -736.70969846 74.99992062
-43.90423313 -735.69871145 75.61459277
-41.39631932 -731.58103636 27.00370341
-42.57002257 -741.68024747 132.20714553
-41.92216512 -740.94100000 128.34357907
-44.23559547 -736.15703128 83.85336626
-41.89585915 -736.99609426 83.98625468
-101.39839091 -741.12371818 145.49429091
-41.79756168 -733.02962710 26.91805421
-84.18368530 -736.65340759 135.64011583
-29.09166552 -738.19398621 199.81122414
-39.40986939 -731.45288338 26.59282566
-15.97157070 -731.72968471 225.61496592
-24.01233384 -754.10504764 62.95213042
-41.37406692 -731.56336154 30.04418692
-40.50665313 -732.05620625 41.78166250
-102.32243506 -743.55863118 148.99426790
-35.71041791 -748.27853731 173.81254552
-41.90132278 -733.23613452 30.37618114
-39.73547473 -731.48237899 30.15047314
-36.22720490 -739.59742047 167.92524125
-41.45698977 -731.65010140 32.36463860
-41.96636701 -733.02413249 32.51555178
-26.83189366 -750.81556571 60.35292853
-41.25065828 -731.64378712 36.09342025
-41.89646364 -733.80220878 36.27069091
-98.43763333 -741.22105000 145.32818889
-39.94673608 -731.80990339 36.17181768
-30.09197041 -739.43894829 191.79810321
-41.42626557 -731.77068938 38.69486264
-42.04308049 -733.55150075 38.76013096
-40.21200398 -731.94429801 38.54926915
-41.40528785 -731.88847072 41.98570000
-36.17267772 -738.90766632 179.89898536
-42.12750879 -733.40180091 41.80953212
-39.48290564 -736.88678196 153.15003553
-73.89576000 -736.78020000 127.37982000
-39.93447484 -735.97516645 42.06510452
-35.17464403 -747.65392893 62.86892453
-41.23931654 -736.60352769 41.77238385
-41.30762023 -732.03120636 44.70747861
-39.70675105 -736.90436999 149.99125480
-30.13069912 -738.64287456 194.92823601
-85.90533636 -735.59841364 136.31893636
-42.19376407 -733.25140891 44.93553900
-39.16282513 -733.24076010 41.93888161
-41.29403667 -732.06379333 47.37324333
-38.60177738 -740.80114802 50.14361071
-37.48599091 -733.06137727 42.63193409
-18.33611538 -732.12608462 223.31384103
-39.99449347 -744.92938612 155.68789837
-40.01270665 -737.20943679 141.43062544
-40.77914000 -737.47672000 44.06634000
-34.37977164 -742.47345021 171.14066450
-40.85133214 -738.94337143 44.31334286
-60.23722933 -736.79627515 113.85031242
-35.87749333 -734.36680833 44.59158000
-47.50314271 -736.37038712 93.10361898
-53.12926974 -738.66424079 105.70113947
-40.01829500 -738.80540333 45.60669333
-41.15835000 -732.04898000 50.87090000
-31.36215444 -747.63248778 183.42988222
-43.82598293 -734.95586098 75.51330488
-75.70243727 -731.47637749 131.46065018
-39.05401954 -739.61848046 47.85538506
-35.62162255 -737.68038186 191.81304804
-23.98380150 -733.53793640 218.95901257
-45.98777778 -740.99276667 142.88093889
-40.81308000 -740.77456000 47.32494000
-81.47857518 -736.80064320 133.95596484
-27.84437392 -740.11703169 195.14247539
-63.02719444 -731.76861190 119.69785238
-34.47930000 -735.01186667 45.42702222
-19.50999000 -739.12091500 213.55015100
-131.74730000 -756.25617143 150.56691429
-61.88530000 -731.94056087 117.88182609
-36.30735375 -736.77837750 45.87255750
-39.83015263 -735.49734737 47.92882842
-34.22514222 -735.62884222 45.97989111
-39.36768239 -737.33180392 164.72301356
-42.16098286 -733.33414527 53.87236317
-56.65450000 -731.96512609 111.65648696
-66.45547909 -741.49443244 126.54232601
-125.80640786 -750.96075066 147.93237424
-40.49121429 -741.34114286 49.07465000
-33.33138274 -737.08066193 47.73577766
-81.48054361 -741.96998835 140.16627237
-36.51205261 -739.11906511 48.33989701
-30.01530304 -747.76429536 57.64619964
-39.17175104 -741.67113890 51.37590873
-36.71214138 -742.59626810 162.03573987
-37.51279788 -740.35953531 153.19793602
-38.76614387 -743.54130370 56.28098048
-37.40947419 -741.73974892 156.03002849
-40.78226000 -741.91082000 50.67482000
-39.35719019 -737.12466126 161.86342312
-42.34257366 -733.56086547 56.93602890
-41.88606667 -744.62426364 150.16519939
-36.25569686 -740.52029275 50.27312804
-31.40802727 -737.71684091 49.09106364
-117.41321507 -743.82773973 145.62060137
-117.23901504 -745.68197916 146.40001108
-37.98198710 -746.94063871 166.85318387
-41.79407209 -735.75090988 57.08358081
-57.78828411 -736.81897695 110.63876449
-40.01658030 -735.88655985 56.90667197
-36.31871696 -741.62296224 51.80869807
-36.75860630 -739.64456819 161.83204560
-59.18116825 -736.30298254 111.66598730
-38.85277012 -742.77008272 54.12061416
-36.15539301 -742.93199727 53.89435973
-42.53254004 -735.80992604 62.89146958
-89.83847717 -731.94817087 136.77266850
-111.07471276 -744.77032642 147.65829294
-25.84766667 -745.23346667 196.71168571
-33.51932061 -743.36259425 53.72947691
-36.97808642 -743.86198604 56.05811472
-42.74159498 -733.94290894 65.98071235
-42.71253939 -735.91679079 65.88390077
-21.13860907 -732.51829935 224.52323175
-45.45930295 -743.04441144 146.58031661
-33.00663434 -744.58523394 54.96517952
-35.95920820 -744.75024863 57.08894144
-62.75236474 -736.55448324 116.78049171
-38.12533273 -744.28358364 58.07682182
-29.89556067 -745.45224071 185.89521304
-34.92024167 -744.21458333 55.30245833
-27.81212222 -742.56363117 192.00678955
-31.18522281 -742.60531276 182.98207603
-40.68200000 -737.96960000 98.97099000
-33.18077890 -745.78288869 56.62939674
-62.11245510 -736.12389388 115.17249592
-37.98131515 -744.49599394 58.77023939
-42.47000332 -734.03449260 68.98841862
-26.36267917 -744.62964583 52.31538333
-42.99409583 -738.87683611 86.71781806
-24.26009129 -734.19851718 215.83324424
-42.56539474 -736.22451690 68.99940194
-61.28293411 -737.71117132 116.20565891
-30.01418688 -744.88178313 54.52930733
-36.22302987 -738.69268962 185.86044465
-30.48017711 -746.42521674 56.28949539
-120.36257561 -748.67302793 147.48346480
-34.08222378 -746.76231189 59.16098757
-42.26627647 -734.14887059 71.93224941
-40.91270952 -735.26800952 38.78030952
-43.83996316 -735.36982368 72.50356053
-42.48627864 -736.53452937 71.82020631
-32.23574091 -747.31171136 58.13989091
-33.25087396 -740.29174542 50.30930271
-32.90833464 -747.95176767 60.07794263
-43.78792500 -735.03464167 72.40720833
-30.24372200 -749.13673300 59.86177737
-42.38908590 -734.22350966 75.27275248
-40.84430000 -735.15910000 36.99390000
-27.04327337 -748.28907505 57.07349822
-40.45666454 -736.13562482 72.02050355
-46.00856040 -736.88038020 92.10812178
-27.56942642 -749.60578522 59.18053632
-112.93359000 -747.08861000 152.09923500
-41.87020791 -736.29000186 93.22837628
-47.11922889 -734.78189778 93.62523333
-49.12629580 -738.89991119 99.12534895
-42.43706194 -734.40286104 77.80034595
-43.86506667 -734.94107500 77.29967500
-105.35019568 -745.15432374 151.74346187
-42.05186768 -736.72178510 78.11448864
-43.99083204 -735.77028564 77.72014199
-21.10167488 -739.51797218 209.85024272
-30.06029164 -751.21684326 62.96261686
-36.10375560 -738.36349670 188.50150791
-111.34059623 -745.89081238 149.74968398
-29.29462394 -750.35508169 61.15108451
-27.39073415 -752.25222292 62.72915769
-24.27756938 -751.87200759 59.93181574
-40.87951000 -738.27318000 175.12764000
-42.43830352 -734.50326334 80.82656041
-44.14243963 -735.97747465 80.97321797
-41.66522092 -736.64336020 80.94946939
-25.05429308 -752.82311698 61.79928553
-39.79111570 -735.52107733 50.81511337
-22.37200980 -752.74811333 59.46908863
-44.45829662 -741.56021449 134.73382705
-70.17509284 -733.55833104 124.95458299
-26.58421714 -753.40074071 63.90469714
-46.39194000 -739.37647333 94.88232667
-44.72657650 -737.14188675 123.01993632
-42.24213609 -736.20143496 122.88694549
-21.85577711 -753.57880951 60.59455528
-39.75952818 -735.34825818 38.59078091
-43.92121613 -735.00586452 83.69392903
-37.48790612 -744.54119184 162.81935306
-39.28477458 -745.40789169 159.31714893
-21.80472349 -754.68194577 62.90799678
-45.73124461 -740.26347872 137.80658950
-62.53670888 -733.75091880 117.20799426
-27.18912791 -754.33299233 65.92791521
-24.46334393 -755.42286426 65.72565049
-52.49791667 -737.94638000 103.75166333
-12.04121597 -727.15275101 236.83128782
-42.60092400 -734.61181771 86.97896857
-121.40954444 -750.33864222 148.28363333
-44.16338372 -734.90023023 87.17756512
-33.21587965 -741.80110265 51.79022279
-114.10594342 -743.78195395 145.66302368
-21.66318894 -755.84169231 65.01683606
-23.47767267 -756.33559333 66.85745000
-44.69122429 -734.19232712 90.39696158
-45.88383323 -736.31840918 90.16215918
-41.70328175 -736.59146730 89.97067701
-21.92538850 -756.44232050 66.48470150
-36.20996453 -739.01260151 176.90507628
-24.76356364 -755.48119164 68.81722255
-81.07530129 -731.64699385 135.08039223
-42.81728471 -734.02344824 89.27973353
-47.03327500 -736.02105500 90.97472500
-36.15929816 -739.36877881 171.01796751
-43.95710909 -738.92321818 88.03433939
-44.78073558 -739.29333654 89.93132981
-45.45944091 -733.59002475 92.64604167
-39.40699820 -737.60146958 167.86741998
-48.71650031 -736.70819379 95.85799596
-21.11526163 -741.47790233 209.22955233
-46.52292154 -733.06431077 94.92359077
-22.50060120 -752.03020843 57.80683012
-47.85871360 -733.79343004 96.25874715
-45.76635641 -739.29183077 92.51442308
-108.22995007 -743.04590470 146.66666595
-50.17490270 -735.87743108 96.94625946
-40.24676438 -744.52635445 153.60142123
-50.90775083 -736.51084408 99.36201318
-49.06788704 -733.34259611 98.73209611
-52.91180909 -734.94479091 103.14540455
-49.72260000 -732.54110000 100.46605000
-50.99352551 -733.57447870 101.60240969
-108.27120830 -745.08359068 150.29307510
-69.86925225 -731.29073146 125.11213174
-53.24589245 -736.11315755 102.64695330
-26.30184801 -734.14193069 215.51849134
-52.18696000 -731.98223000 104.49972000
-34.00801935 -747.98689677 176.97652782
-52.27234432 -732.94541989 104.18659602
-41.93089217 -736.23324676 98.93312886
-43.98001818 -737.19092273 99.23249545
-55.85931000 -736.10536000 106.07734000
-52.96944167 -732.03840833 105.74866667
-54.65462363 -733.34977518 107.66619165
-44.20508931 -738.88282099 110.81068779
-42.11026408 -735.65361268 143.72373732
-44.51389951 -735.40955610 143.77877317
-28.55437692 -747.27380769 189.68305385
-27.15922369 -745.69467281 54.08349078
-55.21821060 -737.27825115 107.28051659
-55.41605000 -732.01251875 110.20022500
-56.57360458 -736.37469976 108.17390217
-19.99902174 -732.07843261 225.44062826
-43.97175395 -736.79922237 102.29250789
-42.19179857 -736.10027281 101.91282272
-72.94545841 -731.25984286 128.23255270
-56.21008595 -734.45973471 108.75127355
-57.09873423 -733.71073423 110.75753839
-44.09830482 -736.93549598 104.94033896
-42.15137593 -736.12155401 105.07897456
-58.33707143 -733.03069405 112.80236548
-45.41029623 -739.89301698 134.75662302
-42.32935045 -736.16265076 129.13670755
-44.91674296 -737.03240903 128.94360758
-14.28956129 -732.68099677 227.23389548
-59.91368632 -733.79685930 114.11774632
-58.91457692 -734.65847692 112.21729231
-59.46153654 -731.79431923 114.69132500
-99.39309936 -736.85590784 141.73366928
-35.38136185 -745.84334114 170.63894986
-20.40289252 -732.35595510 227.18022653
-61.07262160 -731.72357469 117.00179259
-88.19165313 -744.57371563 142.63557344
-61.28837606 -733.17825213 116.26158191
-44.24926955 -737.01493156 108.05558966
-41.75113837 -736.32721887 107.58360525
-80.09436533 -734.50586933 133.14235733
-41.75149122 -734.65071570 158.66754180
-57.45326277 -739.44827494 113.89979294
-61.71005000 -731.62950000 118.52340000
-38.61550909 -738.30809848 174.10647000
-63.87544041 -733.23594041 119.20870137
-64.11049884 -737.33756590 119.21949075
-108.05343495 -739.74956097 143.68209151
-64.91055556 -736.43692222 118.34210000
-65.65217126 -734.01082529 120.51245690
-65.78820833 -736.61672586 120.33137385
-73.23986354 -741.78155521 134.04904375
-64.93253333 -731.82030000 121.34088333
-40.84713333 -738.40496667 176.31720000
-44.95976810 -739.63455143 128.97023048
-68.48978354 -731.54903354 123.96680253
-66.35162364 -731.55558727 122.48041364
-58.19156136 -740.09197386 116.71578580
-33.21577017 -739.19777651 185.83502498
-32.65131900 -737.77260531 200.74621385
-67.08170443 -733.23660246 122.26266847
-30.15997410 -737.47474459 203.86286757
-68.71359679 -733.43336337 123.63325695
-67.03447010 -737.25668351 122.29129691
-37.05476820 -745.09200752 165.22729029
-67.77240000 -736.72470000 121.29740000
-68.91029012 -736.81226047 123.64553915
-44.34717837 -737.13144232 111.00012727
-42.17715330 -736.19922636 110.95637708
-40.45957677 -741.64535253 138.01810000
-71.54896489 -731.32590094 126.62890972
-71.77073195 -733.70407875 126.38303016
-67.92866818 -738.35407273 124.25892273
-32.20129269 -745.60740633 179.79692354
-70.80400000 -736.81380000 124.39020000
-38.10131245 -738.30999524 171.10225311
-24.97020243 -748.21850195 54.73372701
-73.23724087 -733.34726010 127.89289375
-74.92070568 -733.70990939 129.32405930
-41.48608088 -747.60630147 161.74912990
-74.21941103 -731.41981985 129.73676544
-75.27068173 -736.77959575 129.34107449
-117.41353350 -747.93768325 147.66979901
-44.45213846 -738.94112876 114.08540167
-25.32882136 -744.78054223 197.95794126
-78.09238338 -733.79400045 132.02102611
-78.19038222 -736.79473844 131.60573817
-81.42854918 -733.75294792 134.32249382
-64.28936271 -740.78383644 124.88857881
-32.87896871 -747.93490442 179.89680578
-93.63105931 -740.53884890 143.00712713
-78.81539067 -731.55208267 134.00410200
-42.46893286 -736.12167840 116.64803146
-44.48606230 -737.11446284 116.48471777
-34.16975795 -740.52007422 173.91979225
-27.66595067 -742.66327265 51.87890852
-44.68470199 -738.93152134 116.61203995
-42.14006130 -736.23593136 119.91530254
-44.57801016 -737.07666098 119.95757642
-44.79381492 -739.57946647 125.85455194
-129.15955000 -753.58312778 148.32204444
-104.93426230 -743.75641005 149.13831724
-84.22891369 -739.81253676 137.76172692
-84.30497861 -742.50423655 140.68866938
-105.15398357 -742.31710310 146.65643952
-44.78760148 -739.35319831 123.13427203
-81.28876201 -740.54851411 137.57732528
-75.98853234 -741.37231377 136.89822515
-81.19368159 -741.32850042 139.07057029
-87.09111527 -742.62073686 141.24074856
-75.94637300 -740.77561227 134.98360000
-42.62951561 -734.70884807 149.98146275
-78.31613127 -741.34246417 138.51832020
-22.24832917 -739.95022256 207.29360150
-42.21582578 -736.20263906 125.90490195
-44.79827714 -737.07500619 125.88471857
-40.96515526 -747.98458684 164.13096842
-42.79542550 -739.24859203 107.90948526
-41.95736040 -736.29611089 131.61671221
-45.18059710 -737.14751992 131.95665685
-42.22218716 -736.12380608 134.99029088
-45.23224973 -736.83558685 134.99279928
-42.20237466 -736.03643774 138.01593499
-45.06387030 -736.32672727 137.88211091
-44.67880932 -741.97362358 138.04531019
-34.82714857 -743.33285143 169.82259000
-39.69186561 -739.89187075 135.17906443
-39.57043503 -739.99301168 137.72526497
-46.00102400 -740.48021800 140.46316400
-45.01894726 -742.23205963 141.00142312
-42.39292885 -738.74981154 102.10278269
-99.61093908 -743.82539648 148.79955141
-27.46592635 -745.45806514 192.01320638
-39.17326633 -739.56999809 141.19468437
-40.08387662 -741.78562769 141.00412677
-43.22525882 -735.10116471 144.05538824
-45.48809744 -742.45994972 144.04228153
-44.52163684 -735.09895263 145.19245263
-42.37953263 -743.01812308 140.84917958
-39.78826695 -737.31497070 143.74897700
-38.92316777 -739.57169762 143.55773516
-42.63293333 -735.07123333 98.86556667
-86.45826981 -733.32777536 136.26454082
-10.53220000 -726.07290000 238.26100000
-41.99641079 -743.42398417 143.96360072
-43.03154209 -734.95294748 147.28531367
-39.78432966 -737.04752366 147.07142771
-59.15644118 -738.48865882 114.73397794
-41.70558220 -735.79813624 162.34506120
-42.26511176 -743.47230588 146.78264118
-43.90589836 -734.48786721 149.01702787
-38.58598082 -739.54005708 147.00084642
-66.04104674 -738.98573966 123.36970992
-55.08932680 -739.98018693 110.50388235
-40.30265419 -738.95731806 120.07215871
-39.59840046 -742.38026475 146.93820000
-80.27886932 -736.75097450 133.06540996
-45.49706410 -743.80876410 148.95246923
-41.20064923 -735.47717179 149.75959795
-36.04511779 -739.23405010 173.78164683
-44.73188452 -744.63348810 150.02399762
-42.40513235 -743.62555882 149.11758382
-42.04713966 -734.43105086 153.14561063
-40.65325500 -736.51485300 77.79962100
-38.28716996 -739.44396051 149.92215934
-39.23011146 -742.60174466 149.92881581
-44.65072456 -745.26982895 152.97685789
-31.46128750 -738.10054250 195.85692250
-40.95814516 -735.32863065 152.57429032
-38.13596471 -739.06249475 153.05066880
-29.03665116 -734.96772093 210.42406512
-110.74134491 -743.58444632 146.33310351
-122.47332162 -746.56270000 147.04027838
-41.51335574 -734.44420053 155.81837880
-44.12975507 -746.00772464 155.50581159
-131.30768125 -755.85328750 150.57836875
-37.96972781 -738.42657160 159.02665976
-102.27411519 -739.77337778 143.88885127
-39.59104138 -736.51265936 155.55325076
-28.13087212 -743.67566242 52.87610000
-43.78825000 -734.89390000 66.73670000
-41.81351837 -745.90742857 155.54626871
-40.71801600 -735.10906000 155.84466400
-38.06241419 -738.64510611 155.59925742
-20.29543333 -735.65817024 214.86624286
-38.44771607 -743.06149286 155.37196607
-111.25036423 -746.66258368 152.01162238
-37.23042874 -739.95468650 156.04208636
-39.48379643 -736.74086242 158.97042087
-41.89008345 -746.83313034 158.60116276
-42.67495721 -739.65235045 113.77589820
-42.17088727 -747.30681455 159.80618364
-36.91018310 -739.87653531 159.25319798
-94.59042500 -735.09822500 139.49360000
-39.80263844 -737.97643922 173.44406909
-49.41340968 -737.68288387 98.21976452
-37.11397775 -742.28481726 159.43398316
-27.20853192 -736.59459399 206.93368042
-28.92359000 -753.25409000 68.02781333
-38.05941286 -743.67191429 159.00289714
-40.86179000 -747.07288000 160.71950000
-92.18955937 -744.69030313 144.97313594
-37.90311145 -738.30831756 161.63611221
-40.27356354 -737.46434271 135.05591562
-39.07856917 -745.87657951 161.48429398
-41.50374652 -736.27659530 164.46652667
-37.85852222 -743.98221111 160.60398333
-40.40714118 -747.36686471 162.49000980
-93.77497716 -744.77719630 146.23471296
-125.13456154 -752.54218462 151.44526923
-37.93608077 -738.27651875 165.14369519
-39.81538533 -747.67497778 165.16848044
-36.48657618 -739.61793510 165.26696306
-38.42733478 -746.51254928 164.78545688
-38.91681483 -747.95828297 167.67690410
-37.98623641 -738.30085978 167.93186848
-76.42222059 -741.07098824 136.58577353
-36.31214303 -745.56385403 168.09336680
-41.24258845 -737.41864549 171.00840975
-23.24152313 -733.14280224 221.34638097
-37.41700952 -747.40930000 168.81085476
-36.82450996 -747.93536970 171.00736710
-34.47302481 -740.72306241 171.36795489
-34.51337714 -744.83441333 171.83197429
-39.16927432 -738.48421096 176.94474715
-34.95354412 -746.84694118 172.94777941
-17.60938799 -736.24869242 218.82609908
-34.55057442 -747.49827442 174.91964419
-35.15200862 -748.78019914 176.07229052
-38.89312615 -738.64885948 179.84824475
-32.93871365 -742.59424310 176.98937055
-87.09583913 -744.34878406 142.18679130
-107.70087545 -737.81804455 142.76867182
-38.55083577 -738.78235393 182.89707371
-33.33315308 -740.02189696 180.00037987
-70.46483429 -742.22659429 130.71096000
-33.17559827 -739.66713497 182.81947651
-31.65945100 -743.34252200 181.05542700
-21.15499746 -733.50880836 218.83672493
-18.10294777 -732.28202229 223.91716306
-24.30280704 -739.60207479 203.95721211
-31.63784545 -745.00569394 181.09563636
-38.13858033 -738.73611598 185.56279631
-24.84258340 -749.40666967 56.51426767
-32.11860603 -747.95397586 182.12304310
-12.98002156 -730.26125326 230.80298379
-31.79728000 -741.56146400 181.59273600
-31.05899071 -745.51112399 182.92317568
-31.83038182 -746.94736364 181.65136364
-31.02042491 -740.29020871 185.99827300
-30.41285537 -747.63412975 185.73238760
-112.65531111 -747.17735556 152.36508889
-30.21091046 -742.58947921 185.92805122
-36.12351771 -738.05176510 189.71736615
-99.86547931 -741.09205517 145.52021724
-33.16042399 -738.71783469 188.85724465
-33.17985019 -737.62990448 197.80150067
-30.46713215 -739.93040823 189.03994004
-34.52120588 -738.09327059 190.07758235
-73.84443333 -741.20736667 133.22560000
-29.25101721 -742.34208328 188.65971071
-33.53046309 -749.55669396 64.87968658
-29.00812962 -745.57327000 188.13305000
-29.23430816 -747.43013673 188.28002041
-34.09072518 -737.93501565 192.20135257
-32.80999557 -738.42888134 191.57508953
-28.50794240 -743.20172120 189.79906636
-94.16231978 -743.57401538 145.84529670
-28.40125428 -745.51159853 189.56783363
-35.15513577 -737.17183269 194.66784038
-33.42927386 -737.73218616 195.08727829
-33.32066327 -748.95749434 62.85579693
-28.82848966 -741.34361034 190.84296552
-117.24153680 -749.17630624 150.27442848
-28.16540000 -747.18085000 190.65435000
-26.00333605 -742.08961667 197.06318605
-32.15749318 -738.24215985 194.25422652
-28.43533128 -740.63828018 192.63085242
-34.84254400 -737.16908400 196.84073200
-26.67693745 -742.50533718 194.91246255
-26.48659089 -745.19503117 194.70011903
-30.84185650 -738.00862486 198.06794624
-27.31762567 -739.51745469 197.87120199
-37.42280000 -738.38242727 46.26993636
-25.35463866 -742.80168736 198.32388401
-17.74590901 -730.74621532 230.55917432
-30.25150117 -737.87322689 200.92813165
-26.78094732 -738.82804741 200.61542309
-32.11537852 -737.77085369 203.35803087
-27.93597100 -737.96658375 201.59547550
-25.62795882 -740.91700588 199.15647647
-24.45249277 -742.51647651 200.91573373
-24.38794189 -744.48882568 200.66597297
-62.04304737 -738.29283684 118.05111053
-27.19990439 -737.53047822 203.99605091
-26.02129846 -738.32036154 202.74297846
-29.82537349 -736.54519561 206.80983437
-23.60806000 -744.20918000 202.66454000
-25.29601838 -737.81502821 204.75333846
-24.44227117 -737.27858004 207.16708831
-101.23053837 -734.89532209 141.68704419
-21.42457753 -734.50978765 215.84194732
-23.29283699 -739.03149735 206.25923912
-22.64611196 -742.34503261 205.21502935
-29.28263386 -735.53995397 209.15053545
-17.00722941 -729.98755294 232.92967059
-25.73120000 -750.07560000 58.50500000
-22.76440000 -741.22100000 205.42870000
-22.13816842 -741.97632505 206.64589853
-27.18152825 -735.65960499 209.71958602
-66.62488594 -740.35164113 125.45205243
-24.09394521 -736.12300723 209.96755713
-27.96138553 -734.95110197 211.07650592
-22.68955556 -738.08091111 208.27777778
-26.98682941 -734.67468109 212.77836793
-107.91763374 -741.65613641 145.02409490
-26.22840339 -735.25231186 211.70571695
-23.94512359 -735.36670266 211.93525449
-24.34875819 -734.84388362 213.36098652
-21.06961082 -736.46527478 212.95463691
-20.07934145 -739.32220395 212.13556414
-19.58234805 -737.63345195 214.09879870
-18.93612423 -736.74972994 215.97708914
-31.54007000 -738.35321000 49.33387000
-19.39125833 -734.78182381 217.05388810
-18.52410000 -734.15379621 219.25907177
-64.55736667 -741.21043333 125.46328889
-21.20953369 -732.75845114 221.88539599
-18.05853869 -732.92461313 222.03616267
-16.83795357 -735.67685357 220.60083929
-16.27278909 -734.06271136 222.45943229
-16.31106422 -735.67930980 221.57624755
-18.10906074 -731.82875212 224.78222707
-15.50751159 -733.26642120 224.44339592
-19.92328475 -732.05264746 227.31769831
-119.21676667 -743.95892222 145.98985556
-19.64408571 -732.22212857 228.15973571
-18.22443119 -731.28256013 227.89407258
-43.91770256 -738.45549103 105.09483333
-15.05769342 -730.80029151 228.28949327
-13.58693158 -732.28635789 228.77520526
-15.11126711 -729.72979629 230.53185438
-14.54958457 -729.00636235 231.66519815
-14.81340802 -728.52643015 234.10075954
-40.34166232 -738.76655362 116.96590290
-12.45945340 -728.23984124 234.19335031
-35.97753465 -746.72204257 61.95374950
-12.06604330 -729.55494742 233.03182577
-10.48978367 -727.25937245 237.49192755
-11.43891212 -726.01811212 238.08654545
-11.63901710 -725.62799888 239.95392751
-10.09558071 -726.53266286 239.36050571
-10.07389070 -725.49751240 240.18129819
-11.19012326 -724.93090698 241.87411860
-9.19220216 -724.13272470 242.95395540
-8.20054910 -722.50204431 245.61213234
-8.17278043 -723.43573478 244.86619783
-7.43214807 -722.46489270 246.42071588
-6.53264359 -721.49212436 247.90504103
-13.50846205 -731.41691867 229.10320120
-113.42857667 -740.79908333 143.88426667
-44.07320000 -744.36775714 147.78620000
-40.18663757 -737.36019558 138.01013536
-61.16142472 -739.79283933 121.88944494
-42.40934808 -742.51309916 137.86151490
-92.64897530 -735.73034970 139.10800833
-44.14259571 -741.40313500 132.45611500
-43.87554286 -741.22574286 129.83239286
-42.84009655 -741.34372414 129.14032414
-42.72518667 -741.18468000 127.12356667
-42.47395562 -740.80491625 125.69186969
-42.40361003 -740.49405532 123.18343161
-43.85602500 -734.98153750 68.94642500
-42.40197331 -740.14925434 120.30767363
-42.49620079 -739.87988031 117.13216693
-42.48943901 -739.41204574 111.09249433
-44.07553018 -738.71105858 108.25870296
-42.59863950 -738.95993452 104.89963238
-42.24129583 -738.53503750 98.99209306
-60.43640000 -739.53999200 119.75548982
-59.98590061 -739.00254549 117.20788770
-63.38330103 -739.71435607 122.80549638
-98.53552268 -738.36710103 142.27574124
-73.11875029 -737.33153771 127.92857600
-72.08331959 -741.73577281 132.02131014
-74.87995075 -741.42008060 135.59087264
-79.34396818 -732.57488333 133.71465758
-41.64122500 -738.19775833 93.65950000
-76.28787436 -737.84989231 130.69503846
-84.43053292 -731.64210092 135.89935385
-28.00191510 -746.74454479 55.83992031
-84.35190765 -733.60660221 135.64351667
-77.87248090 -738.71457303 132.79742360
-80.82420525 -738.92658590 134.90751945
-86.85406535 -731.77590000 136.19600394
-83.51037821 -738.55941410 135.99680705
-7.64575000 -723.33180000 244.25785000
-87.79631095 -733.78528428 136.71888569
-49.11172500 -732.06715000 99.59977500
-88.33275526 -731.90168684 136.49721579
-36.54793333 -729.25420000 16.46430000
-87.31362439 -736.51486220 137.29477683
-85.47746863 -737.56956078 136.62662745
-90.32842826 -733.63946334 137.43834300
-123.40076704 -748.93125640 147.48219377
-86.99772910 -739.15029869 138.55408775
-85.60225455 -740.96498182 139.51594545
-87.51461039 -740.40813084 139.94212922
-90.26954046 -736.40264197 138.56941399
-89.23350323 -738.57271935 139.16270484
-91.91020000 -732.12876667 137.31576667
-110.89694572 -739.96608191 143.91459836
-90.42804304 -739.67711599 140.74641209
-128.25697273 -752.43422121 148.05041212
-89.57221173 -741.97795561 141.99273367
-93.20787016 -733.72985071 138.31012877
-91.27794528 -737.63291887 139.64872075
-88.55670000 -743.99718750 142.45315000
-90.59530379 -742.95677930 143.10142682
-90.30064812 -744.74476485 143.68458912
-102.19601774 -742.13495554 146.91041613
-93.48739667 -737.00064151 140.11253215
-93.06859852 -739.21339033 141.47800115
-91.59325000 -741.02180000 142.52140000
-93.11981670 -742.33278273 144.27292713
-95.42220442 -733.78164558 139.02071395
-96.54347561 -734.44965610 139.85548401
-47.67280000 -732.14140000 97.25260000
-96.22138167 -736.74178928 140.80569173
-42.91500000 -735.10468333 93.02640000
-96.09167169 -738.59274726 141.96828402
-96.61288663 -743.05875309 146.82436759
-99.01585670 -734.52421071 140.88574375
-97.22442528 -744.80149719 148.64630393
-99.41877856 -739.66750814 143.68745190
-99.24791527 -742.57068618 147.25394979
-99.15953251 -744.58921241 149.37373350
-55.47760000 -741.02030000 112.48160000
-101.98888877 -736.64106314 142.00261889
-102.11204966 -737.96158571 142.51680612
-102.21575882 -744.61190719 150.49069837
-104.91928761 -737.04707311 142.11837521
-102.77004783 -741.20224783 145.36727174
-105.21080838 -737.93131078 142.52830060
-105.09880100 -739.93386426 143.81831519
-40.24216214 -739.21336071 123.07163143
-105.50273260 -744.53317899 150.37581816
-105.61301916 -741.33880105 145.16909303
-107.27970222 -743.97570889 148.74906444
-32.27190761 -750.62574185 65.54501250
-108.51947696 -745.90245654 151.83359895
-109.30428824 -744.30201618 148.17278088
-39.99161792 -733.85476590 53.93088642
-114.22583545 -742.31825136 144.76662227
-113.27665408 -746.82219700 149.73351459
-114.64192478 -747.70314063 150.15262997
-116.64030750 -743.00344125 145.08366625
-115.35696522 -747.36303043 148.14351739
-120.02119535 -750.53448605 151.62678837
-51.89977609 -739.53447609 104.46527980
-120.37237006 -750.69655947 149.72239715
-123.61732424 -750.68936187 148.09250455
-123.28583212 -751.56982235 149.13895531
-123.51113404 -751.97558723 151.57407447
-125.31195382 -749.31407600 147.65572109
-126.76633443 -753.58225410 150.39435082
-129.21945543 -754.61656957 149.52468696
-117.17296037 -749.22125074 151.91197000
-114.15799037 -747.70463852 152.09699556
-97.82803333 -744.18966667 148.39296667
-42.61808000 -735.13058000 101.22574000
-30.38965220 -743.40790141 53.16066186
-40.89727143 -738.32582857 43.21478571
-30.39518037 -752.09502488 65.89069691
-39.82676599 -739.35406463 131.93785034
-41.25594133 -735.41706000 50.85888400
-23.70018142 -750.81866457 57.35521087
-25.52300595 -746.62364048 53.32915595
-41.03213214 -735.27443214 48.32249286
-28.96214886 -753.34506477 66.24014432
-23.68800165 -756.50578926 68.13911694
-40.18434310 -736.12971552 62.92135259
-40.22622453 -736.09739623 66.04269811
-40.32218406 -736.14924638 68.96811014
-40.54455800 -736.22342700 74.64083400
-40.08369322 -735.96050678 59.78386525
-22.31206250 -756.79037813 68.09846771
-31.98164250 -750.35493250 63.85985500
-28.68526667 -753.10090000 64.62020000
-39.88102093 -735.68338992 54.11972403
-46.81370000 -738.25906667 94.16480000
-47.82571860 -738.53848140 96.46982093
-28.50525833 -740.76144167 51.04083333
-41.72908731 -736.32792087 95.74457396
-43.93802500 -737.07986250 96.00790000
-50.51344752 -739.07758274 101.63560331
-43.84260000 -738.27870000 103.02446000
-40.64202857 -738.32621429 102.14665714
-54.08526585 -739.37707051 108.01107029
-52.62975000 -740.53374375 106.64118125
-40.54652222 -737.56542407 122.73589630
-40.60196818 -738.45380000 105.05757727
-40.47496104 -738.42130130 108.02881039
-56.45042550 -738.90136577 111.37534966
-40.46214426 -738.63917869 111.08655246
-58.48930882 -737.83078235 112.79697941
-40.37966456 -738.57457342 113.87587595
-62.96931861 -738.72567190 120.24452117
-68.93801986 -739.37656603 126.16337613
-68.03840294 -741.33039118 127.26500588
-69.28036223 -741.79380155 128.80762972
-69.95584947 -740.43934579 128.01461789
-71.08239348 -738.43329783 127.11990870
-72.09496310 -739.51419358 129.09858271
-71.04718444 -741.40458667 130.12004889
-74.33797975 -738.56103671 130.01102405
-73.10813819 -740.60547520 131.36967559
-39.96642857 -739.18847698 128.89439127
-40.87353636 -741.05573636 131.53600909
-118.67540000 -750.20140000 150.76800000
-40.54075625 -741.39217917 135.75558958
-103.36958182 -744.97138182 151.53475455
-42.91084884 -744.41339070 147.76307442
-37.85370000 -738.42816250 187.65073750
-39.77819875 -733.61338500 47.67681375
-39.90043592 -733.70955333 50.77974435
-30.43689635 -740.03849574 50.56864073
-38.84002275 -733.34165916 38.75345030
-38.60138229 -733.27543371 32.92219086
-38.55721782 -733.24397129 30.28588845
-38.42368030 -733.12829303 26.83187879
-38.26968776 -733.07946378 21.15090663
-38.22931690 -732.99306901 18.83978028
-37.90093333 -727.85188333 17.34306667
-38.06332321 -732.94229286 14.27688750
-40.07540423 -734.04917606 56.77823897
-40.20770872 -734.17399070 59.74193953
-40.43418391 -734.53367931 65.97578736
-40.53761228 -734.75605965 68.89381228
-40.65437200 -734.95904000 71.53579600
-40.71600222 -736.78641556 80.17050889
-40.74095000 -737.35030000 82.69495000
-40.73200000 -737.80060000 91.27350000
-40.66989583 -737.95830417 102.23641667
-40.65245122 -737.92219024 105.18957561
-40.61757692 -737.86799650 107.85205594
-40.61807073 -737.86018537 110.86383171
-40.63115536 -737.88884286 113.80401071
-40.60764490 -737.78559592 116.77965714
-40.58307073 -737.67759634 119.95436341
-40.48769189 -737.51537432 125.87501081
-40.43105000 -737.51258000 128.88366375
-40.36857267 -737.52118323 131.66619193
-58.64333333 -740.37956667 118.61973333
-64.74350000 -731.42800000 121.49160000
-34.66390000 -740.82478182 169.08631818
-34.68526667 -741.40286667 169.22526667
-25.81560000 -733.82350000 217.62540000
-16.67100000 -735.06200000 220.13830000
-10.65780000 -727.93440000 235.37350000
-106.93780000 -737.51548333 142.38766667
-40.74160000 -737.77000000 96.32810000
