-32.19392716 -775.00752284 197.44995194
-26.52328598 -769.94471707 176.04749620
-55.79032857 -761.54721676 130.65546145
-32.29051806 -774.97873611 194.59841151
-17.57640000 -759.19373437 57.20363095
-25.47750996 -778.66650391 159.23790480
-26.11170000 -774.59580000 150.98488095
4.62443133 -809.05435667 212.79275759
46.77414861 -857.49055833 263.22788484
-30.15936207 -771.45163276 188.27749417
-88.40283386 -779.44031805 154.88656015
-17.70304000 -763.21854000 63.97104095
-30.57132379 -768.15626089 167.22894668
-38.02484583 -738.41505625 55.90924345
49.64962412 -859.72990911 266.11938894
34.69631638 -844.97899586 254.26154235
32.00349343 -842.30231313 254.03733707
-18.48429756 -773.13328244 158.46626193
-31.99181444 -763.65855936 143.64407614
-31.58515047 -759.19503489 130.94112924
-5.58990000 -795.83396000 192.79396095
-33.77200000 -750.67580000 87.45378095
-99.66364545 -790.35703182 159.91692641
70.24790628 -869.11586299 269.08155455
-7.33373825 -806.36915416 203.19301957
-6.51695672 -797.46582662 193.74689762
-31.24018272 -755.31026859 119.14348252
34.58780938 -845.31536736 251.10114514
31.74336350 -842.13529093 251.03136112
-32.62730631 -776.56815315 178.47311068
-35.47910610 -743.64227805 68.38884925
-25.14024412 -760.19527059 64.72487507
-29.49706148 -756.25851407 116.17624540
-37.64326296 -748.10855185 83.46960688
-35.09312174 -747.45425652 96.07314617
-40.31551977 -734.02807035 29.20262339
-35.63735714 -783.53780000 211.47015238
-62.28677600 -758.39009387 136.40218095
-42.65268841 -754.74378476 108.37803918
71.41593571 -871.28967679 272.05705417
-30.51082613 -765.30863333 154.92734582
-39.00916400 -750.05099600 101.83548495
-28.15538207 -766.77815498 161.29430645
-50.96681667 -755.74600580 123.45890269
-38.38544474 -745.15993684 71.39944674
-47.37526218 -754.33778077 118.53706108
-51.86882455 -755.21797640 125.25409128
-28.42100449 -776.90072584 158.78824612
-34.37653777 -751.36348670 104.57213574
1.95836933 -806.10793657 209.05395828
-32.00199130 -752.41763478 107.30016900
-30.77774211 -770.77515526 149.28888095
-69.99447748 -764.10502048 143.50851925
-36.69820177 -781.89622948 209.48042022
-40.09147500 -734.63790000 34.90110141
-29.48094092 -758.03360634 113.97284378
-5.17026042 -804.74102500 201.68969137
-32.87633636 -763.83039192 136.82378499
22.82766563 -827.23402939 239.20490020
-37.72126471 -732.11490784 19.53093978
-38.50246000 -732.43213200 25.89338895
-40.42947423 -733.98912241 26.99699188
30.61522564 -837.11484615 250.85042198
-58.18657648 -763.98998598 134.52619201
-59.08604436 -768.14063759 139.45981253
-47.92500213 -756.27882553 117.48334904
30.51198000 -840.17480333 246.31745429
-40.21182069 -735.95176379 26.12252061
-37.59046455 -745.58153651 80.61194074
-28.42698125 -777.36996875 160.07579970
-26.35362867 -769.59600524 173.28493095
-0.44376005 -800.37746922 202.72665312
-50.40739231 -763.12736000 130.65114249
-33.24226846 -759.05537462 128.21199172
63.53835294 -868.69908235 264.71286919
-31.09486431 -752.23509899 56.10751698
-27.99343901 -754.37281204 56.83915818
61.39847156 -866.45325689 264.16490673
-36.95646667 -728.83813148 14.85523836
-31.62362391 -772.72222473 185.45582836
-33.06621765 -771.21493176 173.20869507
-29.26700000 -771.54450000 146.05558095
-27.28965017 -760.96926203 125.36985587
-36.89283867 -739.36713667 47.10413495
-27.81891320 -761.02713760 122.30249535
-41.98331250 -786.76058750 234.54174345
-35.80078750 -777.54310000 198.46959345
88.61259500 -875.05093500 278.26680557
-49.42751538 -749.96496154 125.35263864
-36.95708311 -743.09065270 44.71651744
-75.44092667 -774.97011333 150.67186362
-28.18199545 -758.09489359 122.22128635
-36.39114857 -742.29791000 56.53667381
8.73369333 -809.95358444 223.44336762
-22.46113086 -786.24263333 172.48482169
-28.03989515 -758.17044960 125.26757206
-25.17295451 -757.87734678 59.58128721
-42.68568859 -750.29983826 110.71847424
-4.89825263 -789.42498421 196.07050727
-109.55655000 -802.28085000 156.78363095
-37.81132000 -744.99254000 45.29529095
1.71074615 -818.98216496 220.76446642
-7.34693502 -796.87327019 191.62310887
-2.57898889 -791.81303492 198.22370317
-23.99233505 -769.43274948 139.75435827
-31.93820194 -779.38924296 182.34780086
-15.78419360 -779.06207373 167.18435292
-8.08551333 -807.84090467 204.58525229
51.52033333 -864.91748333 258.68929762
-70.12427045 -771.24555455 148.29339459
-33.58334726 -753.04981372 110.02769040
-40.01694000 -739.20864500 47.46614095
-48.79951098 -757.51920934 119.72248915
-9.80349588 -809.48006890 205.71908684
-22.36841193 -770.16287202 146.21042040
-39.21671667 -742.49141146 62.50385595
-38.81804286 -743.59450204 70.57934014
-1.11381870 -808.23900087 207.03183356
-97.52848045 -787.93234832 155.35695106
79.73566295 -874.26062232 275.48015997
-34.32504136 -754.88419749 113.16058701
-31.49487148 -773.62089296 194.22323025
-52.34902058 -763.45179465 131.67353606
-22.33058452 -761.38069643 65.39732500
-36.55365344 -747.05067863 89.24518935
73.87485600 -870.01307400 271.74257295
-6.75704622 -800.53878285 196.51766816
-5.10555800 -791.13857484 194.67522999
-32.56206986 -763.80427808 140.47952068
-41.66009231 -750.24814615 109.49268095
5.28313030 -823.77126970 227.24007489
-44.31302500 -789.57722500 250.22198095
-32.24698065 -766.95210000 140.57250676
29.16024659 -851.18939478 247.47342633
-1.38289762 -817.43712738 218.64397500
-37.54020000 -734.49330000 32.17184142
-40.02028500 -730.07887000 12.55995095
32.94285682 -844.64447727 256.37012641
-37.19629852 -737.01475185 41.36509947
-33.42543849 -758.64417312 125.21742026
-25.28215265 -764.06791136 134.36614724
-33.17884167 -769.43503333 161.44833929
-39.33870741 -732.55257407 26.47431058
-34.51048172 -750.31342043 101.14303472
-37.69422207 -784.30925698 218.68671091
69.56800000 -870.16910000 267.71167354
-95.39377619 -786.94295238 156.39744762
-51.15647614 -758.03120355 123.18460887
-37.60894286 -747.86275714 81.24838095
-34.97830000 -783.76770000 207.74698095
85.40798039 -874.34101569 276.21700938
-55.17425257 -764.70284743 133.80563668
-33.76968571 -738.39251429 43.17543810
-38.85080000 -741.92410000 41.58808095
-18.95785140 -776.29132944 158.41176693
-73.31185060 -773.18029240 149.09203691
28.76419800 -842.03021553 245.28991883
-30.32717647 -771.92155294 150.15108683
-67.18826865 -770.47277266 146.19080545
-31.64313971 -778.53682416 179.23074483
-5.27716818 -788.94547071 194.23075570
-109.40025111 -802.10580000 157.10021651
-33.15492857 -759.31127857 130.76433810
-39.81683485 -739.88344545 53.45650065
-43.34986983 -757.71302319 113.37700614
-38.28321181 -779.94296944 217.79964484
-34.40016242 -749.18299424 53.34949550
-37.56921316 -733.82048158 26.64845727
-34.26525114 -746.55303485 49.84737704
-64.54718084 -758.96159847 139.66876141
11.76540000 -814.64273651 226.53690582
-24.56838519 -762.31458704 142.50945317
-58.86205714 -768.93324286 140.39436667
-3.75321810 -794.28295421 197.47541919
-12.25379057 -809.25674340 205.60050171
-13.87145461 -787.07986596 174.10987315
6.86104206 -809.08523740 215.70551591
21.44596552 -821.32043448 234.53904992
-35.47550769 -777.87929615 211.54847711
-43.26519193 -755.28365052 110.20628923
-40.96550000 -752.08230000 112.43968095
-33.36181990 -775.95922265 179.23304806
-19.76642041 -761.76046224 61.81522891
3.43346389 -808.28933611 210.44705873
-27.43830000 -770.98772500 143.34740595
-60.70218832 -761.11238004 134.98058010
-105.16891818 -786.39110909 154.97909913
-27.09663981 -781.97805278 166.79845595
7.72384619 -815.05464237 218.44158484
-27.75226728 -758.44915726 128.27456934
-37.38645510 -734.30946939 29.07130544
73.74911215 -872.17344696 272.41143233
-38.05161126 -748.93467351 101.17642400
-40.29819558 -736.37541681 30.02573847
-13.08502880 -776.29135924 170.13356737
-51.78753363 -760.25717111 125.84748908
-22.44767361 -780.81253750 162.50961845
-28.07689190 -768.80726899 170.87779352
14.05485846 -829.06517308 231.49244480
-35.68297273 -747.12587273 97.12618095
-42.05336452 -752.88505968 105.30464224
-18.63960554 -779.06237301 161.07164601
-23.59216643 -767.00089929 141.06233310
32.14693333 -843.38354667 256.00595429
-5.02139776 -794.15602879 194.55971404
34.66512907 -845.40824118 256.80652940
-37.21013267 -743.93849800 77.22484429
-7.38860657 -809.14777562 206.06643324
-34.52935017 -754.35790273 110.83279938
6.56543782 -814.33822857 216.48460112
-19.70318556 -776.10935667 155.48954040
18.56557886 -818.53928000 231.46967010
-39.27893182 -779.82306970 218.34766429
-76.44180749 -776.11653204 151.91804857
-82.36385336 -775.72727487 152.47448473
-1.14240022 -794.25880515 200.35813940
-17.35135833 -762.91522917 63.22147679
-40.79565554 -785.78276929 230.01476131
-12.86613582 -801.99630000 198.38214961
-54.38659242 -755.90056288 128.84601959
-22.24378750 -775.74804167 152.62705804
-92.21569631 -780.97161567 153.45703533
-33.04291571 -772.70211728 167.73494273
-33.93267715 -755.65087661 116.31050434
-40.27228140 -736.94676977 38.32502514
-88.25332929 -773.24584814 151.53407885
57.08210000 -864.74075000 264.91768095
-45.01832000 -752.80230000 114.19633199
3.78764068 -799.70471288 207.20568773
-14.92786000 -804.77698000 201.50460095
11.69690769 -838.28113846 239.34237198
-36.90480400 -754.04704800 95.58038495
-37.11365788 -739.93877143 59.27709084
-8.07350878 -790.96877433 188.54847829
-37.63342174 -748.37630435 86.39089182
-63.53842193 -763.83602968 138.08283523
0.31999615 -795.88210769 201.62870403
18.73781250 -831.74997500 234.76724345
35.37303015 -847.75450573 254.28976340
-40.29150638 -734.31084012 31.73319554
31.58873385 -839.99938923 253.33560557
38.03979744 -859.12254872 252.45655531
-3.96962863 -817.31062511 218.44498183
13.57626494 -832.24413052 234.23407641
-47.99634135 -753.02821346 120.36822038
-42.53429644 -752.80097075 107.26348372
-28.96821525 -776.63325381 170.27115988
-44.27939412 -755.94729044 112.60513683
10.66694413 -826.18344860 228.24547537
53.92887368 -861.77735789 268.67474937
-25.05836372 -779.67658201 161.02592697
-53.60304694 -757.77831224 127.04604218
-26.96411716 -760.65442781 127.98687740
-40.37783875 -736.29070125 31.72354345
-34.36103735 -747.92452289 51.45161951
-35.26457500 -754.37060882 107.67621036
-55.82423516 -755.80954749 130.57101155
-39.62423186 -749.66559085 104.57885790
75.34074286 -871.60520000 270.73050952
-35.34121304 -747.43379130 91.36373313
-70.27630722 -770.24274551 146.08644213
-14.00499613 -775.82940052 167.96854229
-24.27306531 -764.03060622 140.27472449
46.12339366 -854.93437122 260.10689607
-31.87227520 -758.56320447 128.52676754
-43.27695000 -790.06845957 248.76678627
-0.32558889 -794.83618788 202.29679711
-33.00612222 -764.95207222 149.14073095
-81.25044000 -767.13621923 147.66277788
12.63625806 -820.89008516 225.42707192
-46.90645019 -752.79964944 118.88855062
-36.84356000 -751.32114000 93.00090095
-33.51004356 -761.09520429 128.40917864
-13.17470446 -797.54668415 191.20404546
-21.47239478 -793.26358348 182.58230182
-79.29376743 -773.75932500 151.56789115
-69.71148000 -768.95872059 144.54389036
-38.98267119 -741.30032034 64.90499621
-28.30743088 -749.81053825 52.48641920
-29.41024579 -777.17352523 172.51002488
-13.15936474 -796.17293266 188.98564367
-21.71418824 -792.35168039 181.26820056
65.04927667 -868.74182000 274.30435095
30.06991250 -840.89742500 253.12921845
-76.38399684 -778.26927789 152.86889008
4.78708000 -821.69985741 223.66426651
-39.97210000 -738.85452500 44.23995595
-31.47626471 -768.99267647 144.10240448
-64.77121095 -764.43383433 139.47098369
-36.13286204 -779.13579745 200.55259336
-36.18991556 -749.07263111 53.08638317
-44.21251425 -751.95264025 113.22254870
-7.10386667 -814.26860847 212.27231323
35.00628463 -847.90035457 250.95382973
30.96845010 -839.63568703 251.17652985
-37.03123600 -739.13214133 44.50016429
-9.98407209 -808.15663127 204.45587294
26.00980386 -845.29080338 244.43144110
-78.19283696 -768.95512609 147.72683965
29.41882679 -848.19471071 247.25402738
-8.35998962 -784.77723692 185.96090095
-34.05661345 -752.32285703 107.28430224
-27.08876571 -759.23613286 133.76189238
-33.04133750 -769.80454028 164.67800179
-37.20359375 -738.98244375 38.57286220
5.66869333 -826.03932667 231.12853429
-39.88225517 -737.37333621 47.64375337
4.76954526 -817.44472372 218.81493533
-28.69773556 -764.83355000 152.13740503
-68.41369862 -764.13702454 142.24489861
-37.17854217 -745.90680040 83.30298577
-34.63900945 -749.70114803 98.32899276
-3.13740000 -819.35135000 222.89186095
-42.48680000 -753.63680000 105.82238095
-25.85329652 -756.28662348 58.21305052
-19.42566522 -759.13519420 58.32784037
-100.05908673 -782.12619337 153.29625697
-37.21686959 -779.16938010 212.19825691
26.02480000 -851.86513125 247.27706845
-36.88415250 -752.74364500 95.35677345
80.91002500 -873.78047500 273.42213095
-15.98260727 -773.24341971 164.16018806
-39.61407500 -738.84692500 39.44815595
-59.27470000 -756.20521077 133.20434403
-33.02069571 -761.58719743 134.25525038
-17.05681701 -781.41281935 164.38340207
-61.46890793 -764.31369131 136.96969665
-1.36092801 -805.41351726 203.63605533
-29.42311743 -756.10805780 119.30910481
-64.97049448 -760.95021126 139.82191120
-33.51417934 -756.25265117 118.91069269
-40.23461563 -736.99357812 35.28874658
-33.26038000 -774.09566826 191.19952182
-24.41852558 -783.81386512 168.51329723
23.80980000 -850.29313333 246.25821429
5.32406316 -801.43882895 211.34510464
-99.69331882 -788.63725412 157.94328448
-34.31952796 -776.14536508 197.39180643
-31.94362597 -769.89143591 155.39442570
-32.21533373 -774.35514578 199.75167734
-16.27620875 -783.91390500 168.18335595
-32.09717816 -753.21013161 113.20776026
-28.76050000 -774.60255000 166.26723095
-22.24593026 -751.61382632 51.46559937
-39.98439643 -735.05135714 38.20929167
-35.40083084 -778.29253880 206.74729734
-40.57728718 -749.87185897 106.88596095
-32.59562116 -763.82563862 137.32321111
-27.29961060 -777.97356689 159.24692267
-28.64283333 -763.56591825 143.67602698
-32.71760000 -774.63700000 183.72488095
-85.37129900 -776.07063882 152.41467383
-33.07862771 -775.17735325 173.58384329
-9.69113158 -811.95887427 208.80694353
-23.98923591 -767.02966682 139.79190323
-45.65057109 -752.46849829 116.25361757
34.17730048 -853.74681063 249.45554424
-30.86635955 -754.46573202 59.55797814
-50.27230000 -750.39195000 127.37433095
-38.19788824 -742.29793529 42.56796919
-35.89223455 -777.36530545 200.63518823
-38.37249380 -785.48891318 223.89604374
-5.63156667 -789.17120000 192.77871429
16.72694667 -840.74981333 240.65850095
-79.50645143 -767.79851060 148.29705755
-17.19353378 -760.66775946 59.56691744
65.20186695 -868.14659576 272.23217841
3.16315000 -822.76065000 225.61988095
-25.48737021 -775.27614681 152.46344478
-44.96055714 -756.78545714 114.40953810
-102.04363500 -782.72043000 153.69762095
65.30689472 -868.53921585 268.98451757
4.61406991 -814.47735683 215.66149113
-32.03594384 -757.65351425 125.08357575
-33.49899417 -763.30556602 131.23246445
-42.38305538 -787.22144503 237.03144911
-59.28247247 -758.09990526 133.31392630
16.74974167 -824.11973961 230.76171201
24.67816111 -837.89666111 240.75440873
-18.99236667 -768.52436667 157.11574762
-28.98644390 -768.56134634 172.22200290
-29.69120000 -741.52695000 47.52568095
-96.18915385 -780.42262308 153.94949634
-12.16449565 -777.09281739 172.68102965
-37.32799630 -782.14160341 212.40716569
-23.56594255 -769.72663723 141.05541819
-68.58486000 -774.76588000 149.71700095
-39.63576667 -735.41206667 41.31473095
-16.45299081 -790.55616432 179.44165879
-82.09166567 -767.50462684 148.46917278
-40.30232069 -736.93223103 41.27533268
-38.96616032 -779.98821587 215.89955714
14.63900183 -824.24724679 229.61529013
66.12509412 -871.07305294 267.90007507
-38.80080000 -735.45780000 42.84478095
-40.02556825 -736.87391905 44.39013016
-38.33537843 -745.49236275 74.37702801
-29.36714865 -756.36850811 61.19979987
72.95303235 -870.10057941 270.16525154
-37.71565111 -740.26229556 41.55490095
-34.73006667 -756.77576667 111.62661429
-39.23922667 -740.07584000 40.77940095
-37.47885179 -737.18366177 44.46852201
-38.80100000 -731.31790000 20.28078095
-37.41864981 -737.49353992 46.96038285
39.61870667 -849.25368333 259.78238762
23.70130730 -836.04222017 241.50464361
-99.51926579 -780.03502632 152.84749411
-37.50003182 -737.78123000 50.21812550
14.00196329 -835.72241224 237.06082441
-39.58545217 -737.58843478 50.31448530
-39.96398684 -739.51917632 50.39587306
-92.28956364 -783.97645152 156.46977186
-37.68370854 -738.10733293 53.28474437
-34.79577451 -746.02255033 80.35060971
56.90573529 -863.38714118 271.05764566
-35.49258333 -742.73860000 45.47799762
-39.38253385 -738.09525077 53.19654403
8.43827143 -826.44102857 229.06968810
-71.05162348 -761.90260522 145.08529921
-34.79029746 -744.10666271 47.24300129
-36.23767692 -744.10919231 46.32056095
-36.69110608 -745.69406622 47.55151947
-34.51873571 -745.15130604 48.28015513
-103.65597957 -794.13798118 155.48236939
-4.01302639 -791.36851412 197.09654957
-76.19748693 -767.11034041 146.75919598
-39.08748571 -738.45401905 55.50114286
-44.16831681 -758.71767629 115.85008138
-39.54851416 -739.76081150 56.38077830
-44.93180588 -754.56014118 111.48855742
44.24395057 -857.01766203 257.16928766
-19.38836963 -787.22378364 173.83522768
-22.45262897 -765.14965981 148.86917114
-36.35987619 -747.01863095 49.70432262
-36.55771224 -748.00601429 50.99511565
-13.51205997 -782.05528807 173.42547107
17.06861218 -829.86558448 233.70982516
60.04385556 -868.70895556 264.98719762
-36.72874686 -739.95094444 56.37710124
-13.14304955 -787.75143488 176.69839845
-94.48951353 -787.45410628 158.67792298
-39.09774545 -741.99398182 56.59060823
-19.00260216 -757.73508086 56.24917046
25.12429882 -844.42896471 243.59319919
-39.36769832 -740.13198235 59.35525910
-32.31270787 -776.78089034 176.23560747
-31.23328551 -746.40388269 49.91648025
57.54953125 -866.09427083 261.69447054
-39.19364412 -742.29114706 59.64085154
-19.18894926 -794.52967481 185.29635058
-31.09719615 -748.11518462 51.38614249
10.86581203 -833.11369624 235.74884561
-37.66548580 -742.36534877 68.67901429
-37.41220739 -740.25027821 62.32358251
24.80027045 -827.98624716 242.18731050
-39.19823214 -740.83751339 62.33026756
-31.30147128 -749.63176298 53.01167922
49.61006322 -857.66979080 263.10316256
-5.05639927 -797.03472780 194.75921803
-35.87586000 -750.09648000 55.06790095
-35.40993434 -778.77909217 203.18534872
-22.36425103 -787.22355556 173.99773980
-73.42883191 -764.14253249 145.43090706
-28.22111131 -748.34304048 51.35337619
58.74588512 -868.39318140 263.50116112
-37.67726140 -731.47833965 14.58097815
-62.34999659 -770.08318068 145.20976618
-34.58008073 -750.31590459 55.42478003
-1.23055792 -812.67794809 211.91768642
-32.88085000 -765.70625000 135.65373095
-36.13929906 -743.00225000 62.27361397
-42.37695292 -785.71873358 233.27281051
-37.61791579 -740.85755425 65.29131941
68.44039565 -870.76933478 267.55412008
-39.11744560 -742.59584341 65.36897985
66.67871579 -867.17854912 267.43600727
-30.49568242 -742.47621758 47.45514469
-20.23806111 -756.30224444 55.34596984
-33.85954563 -751.14012438 56.64786720
-30.67363030 -751.13626263 54.37346075
-33.85041132 -748.92453333 92.25512246
-38.94734483 -743.02295379 68.22722854
-32.85570345 -765.81339310 136.85493268
-36.84595143 -743.01655571 65.15388381
-53.19148727 -755.34733602 127.65249959
-28.19722950 -751.75462175 54.02746095
-34.31015805 -779.10428034 191.30437074
-33.29811538 -752.38234308 58.65765941
-64.61460000 -768.59275000 144.94073929
6.83665233 -811.95037018 216.11917892
-37.46830348 -741.37336609 67.89875400
1.81672187 -809.08796575 209.53678618
-29.22431181 -772.00834236 188.54407123
-28.59787582 -753.09750806 55.50874322
5.14531579 -822.90988421 225.15514937
-1.06031323 -809.63510265 208.66473862
-25.04769764 -751.92765837 53.55414769
-37.88814000 -745.00507500 68.70845595
-46.76040369 -755.29942027 116.15945616
-27.20825915 -780.98446761 165.15907391
-45.98630374 -757.56261344 116.60929681
-32.07026143 -753.19174429 58.76305238
-82.13091158 -778.98453182 155.57376469
-77.54353043 -779.22601087 154.08195052
-37.63362198 -742.66835897 71.30289853
-57.13025833 -762.84315000 132.59138095
-37.01261058 -749.14182963 95.32805291
-25.79766727 -753.37536727 55.04223368
-25.38482382 -754.93949953 56.50047482
-36.65710000 -741.62500000 69.90578095
-11.37962773 -777.20508403 173.10593641
-22.71207622 -752.45033485 52.79871304
-66.34530241 -761.46635533 141.02131085
-30.85161273 -755.49287091 61.41639913
-31.57208965 -775.70039748 170.48674179
-22.30100616 -755.58410995 55.83392266
-26.63335556 -770.23006667 178.51056984
-21.59465159 -754.23594331 53.78515452
-37.39778571 -743.32371027 74.22267961
-49.90369241 -754.98556011 122.32049693
25.41973157 -830.66873177 244.65067296
-29.29170800 -774.22533200 154.65990095
-28.36018267 -755.71582646 59.01179360
-38.19967391 -745.66954493 77.39298965
-21.76870455 -757.13758333 57.24299610
-22.66973387 -758.52061677 59.34217579
-28.05724968 -757.74885096 62.24787262
-36.60373125 -744.39529375 79.69926970
0.33815465 -794.86781977 201.70446700
1.99374202 -811.84335714 212.04758627
-21.92798491 -759.89000566 60.49090359
-85.20769453 -779.53248686 157.68904519
-13.03006160 -791.59759586 182.06795208
-76.60405395 -770.55459898 148.43349104
25.86938643 -847.87879778 245.21149425
-24.22855500 -780.73921500 162.61818095
-26.89240000 -768.85165000 152.33585595
-19.33435743 -760.42376436 59.75287798
-22.26149174 -760.66874587 61.55503921
-17.50086667 -759.53546667 58.13328095
-37.08035641 -736.65112564 32.28420147
-17.08369783 -762.11838696 61.86978965
-18.75094286 -762.82901429 62.93949524
-21.16010000 -762.69060000 64.39478095
12.90692727 -825.95610909 228.55699004
-34.71502667 -746.36932148 83.40479503
-36.90316576 -746.45330054 86.22383802
58.65256229 -863.26199327 269.29738735
-41.14124000 -789.69789000 240.22297095
-26.41939080 -768.40146880 166.53830655
-19.94414839 -762.24000000 65.60286805
-19.00289091 -763.06680303 64.89012035
44.62190387 -856.21095327 260.09072083
-37.33447489 -733.69462468 14.71913290
-34.94418725 -746.59616275 86.29953683
-37.46960964 -748.55767349 89.46696529
-22.83053529 -772.09731176 144.40045742
-35.13766579 -747.02420658 89.14891648
-7.35855581 -786.24513643 190.67623018
-37.14478651 -748.65802183 92.36571389
50.37206667 -860.11932051 268.14028864
-29.56468333 -756.20869722 114.01430317
-7.06831783 -787.98915264 191.08181184
-36.12958947 -747.46372895 91.37601253
-18.20812500 -798.11929808 193.64365018
-3.47343333 -818.43032222 220.87471429
31.82027476 -851.13527646 248.30847059
-34.56867564 -748.69563709 95.38611295
-37.00666789 -749.40759220 98.29289930
-36.95297123 -751.55719589 98.73327547
-36.42426957 -747.35556522 98.58282443
-39.26400000 -750.37984000 99.04530095
-39.33390833 -751.09012083 99.26177679
-43.79316727 -790.82111636 253.54646641
27.50420896 -836.53092836 243.40264215
-37.19208148 -754.43405926 97.97162169
10.60556585 -823.02569512 225.53620534
-29.83115000 -756.80560000 62.60663095
-26.43989528 -764.00771462 128.68040737
-40.12074507 -751.45705070 101.82009081
-38.68582941 -748.57720000 103.08439272
-31.73503965 -776.37889743 173.27251017
-36.72173529 -741.97352059 53.65191331
-40.80283640 -751.52627774 104.75975904
-40.98208367 -751.48168673 106.91229830
51.59156200 -863.46911400 258.63778295
-25.04880688 -761.84952110 140.11796169
37.30532163 -848.33019315 251.39257110
-43.15376089 -752.04451749 110.27619168
-29.45108370 -772.43432174 190.80711573
-45.62519690 -755.08170950 113.73084500
-44.66365833 -751.45151667 114.96533095
-32.15912949 -752.72562628 110.47790980
8.10049237 -824.60311441 226.80470553
-78.30208308 -777.90436769 153.66273788
-48.07818214 -756.85480357 117.47073452
-48.48707149 -755.38296813 119.61158242
-49.33469217 -753.08633536 122.17690588
43.68290947 -857.21047346 254.70596661
-13.36428054 -799.29102383 194.26316350
-70.22684915 -772.10069119 147.43260129
-30.75325508 -754.93347288 110.26073434
-9.74167581 -782.27810039 182.03140969
-49.85602335 -758.26704430 122.01230715
-31.08370913 -754.83203558 113.43934441
-32.83587692 -753.03363077 112.63893480
22.83702113 -833.13899233 239.34250450
-50.52661667 -753.48535000 124.05783095
-10.27762283 -785.11644610 182.38712604
-50.64881923 -754.20830385 124.01682711
-52.45134470 -758.20343432 125.22080542
-11.10561667 -798.68890000 192.75506429
2.85879495 -806.39199899 211.43921429
-32.23176000 -753.50583833 115.24296429
-31.03283513 -767.48248744 161.30101634
-32.23312736 -770.06656318 158.38879041
-30.99788887 -754.76820691 116.03011612
-54.78630377 -758.09677096 128.40103496
-97.74574643 -790.65562857 158.23449524
-38.15737333 -732.17916000 22.99868762
-79.15900765 -776.04517420 152.73352227
-54.87187377 -760.60403554 128.72291968
6.18852000 -805.86858000 216.96450095
-34.72677125 -757.26280625 116.92792470
-33.76885697 -779.07967247 188.38496736
-50.41573611 -762.15635833 130.28316429
-31.25804379 -773.04592037 191.26721397
40.73915106 -851.26405177 260.08564301
11.15255424 -829.15460508 231.28659790
-56.27046150 -757.93298274 130.34060971
-110.91255000 -798.74210000 156.62303095
-77.87690000 -762.54470000 146.40258095
-32.53846250 -775.51643056 202.47976290
-33.11038871 -761.09113253 131.11508498
17.72010893 -821.37101429 232.43516607
-82.67076434 -781.33366036 157.42072318
-57.78919948 -756.00159948 132.05240518
-26.27400000 -765.72170000 129.00318095
-33.22352369 -773.23566908 170.57952295
-35.29797500 -783.73952917 209.63413512
-60.85841527 -758.04988765 134.79843190
-34.32111923 -757.58846154 119.55924922
-57.63004809 -761.13354301 131.82966353
60.49673333 -864.38013333 264.54565873
-29.14665275 -757.89452899 116.26727631
-9.94705858 -794.33518993 187.77508792
20.25575200 -840.37846400 240.99950495
-63.38460380 -758.54334973 137.85906220
-62.18498054 -761.11781135 136.44522771
-32.13235196 -769.98094491 164.23163056
-59.04148033 -761.37426100 133.45365562
-63.57984538 -761.12863328 137.90993477
-60.40571724 -763.33833990 135.19434598
-28.62595766 -757.89141191 119.23819244
-79.57567863 -778.98328818 155.05322839
-10.12733602 -804.99782484 201.54919089
-30.63667329 -755.69620753 121.84489397
-27.03370449 -763.35680562 125.64092702
-14.69600000 -774.82570000 165.74378095
-16.20100000 -789.57657778 177.99018095
4.94744169 -806.22871070 212.62506903
-94.56816230 -781.57507119 153.40152709
-73.04291040 -775.64007293 150.25516589
-33.80801526 -758.15204022 122.34227166
-16.16343571 -771.49892857 163.20561667
-35.63562500 -744.51827500 79.31470595
-32.18384167 -756.90375787 122.22236892
-34.20772522 -760.01380348 122.48698356
-29.62960606 -778.33051818 175.58733247
-30.80133333 -762.56931111 145.16042540
-85.19012013 -779.18747876 155.46221388
-66.94067657 -764.26693363 140.96492389
20.03640604 -832.87674322 236.49632637
-78.78611768 -764.63100758 146.94647295
-76.17859469 -764.43140118 146.23540950
-27.63070141 -778.73962676 161.42889152
-67.77954246 -761.24383376 142.86046893
-76.13129718 -769.40650316 147.44493627
-6.28311169 -788.53070390 193.67793377
-79.21931597 -770.20107563 148.87214162
48.61353770 -857.92750820 258.27829571
-31.66755303 -761.22180251 137.37123189
-33.93075824 -760.44151023 125.21554828
-31.48214000 -744.92335000 48.74777095
-29.42851600 -756.39372400 124.87545095
-55.05635452 -763.34140401 131.99640971
96.47036000 -876.77325000 281.41034095
-79.25102444 -772.79494232 150.03685167
-76.18039761 -772.97837847 149.67817757
-82.30183231 -772.58097855 150.27506274
-73.19665885 -770.03928465 146.74126683
-72.58101429 -771.89656071 147.62785417
-37.24576415 -733.68571792 19.65065737
-33.64160625 -762.89001250 129.30251845
-64.15142161 -769.18418594 143.88729840
26.62509122 -833.50412927 247.46177900
-27.47392821 -775.01768462 152.69048095
-41.40210732 -788.87597805 239.03194485
-86.98901290 -769.93162903 150.72151805
-64.53082526 -770.34888928 146.23778425
-67.53464213 -772.00232205 147.41981205
40.02350000 -859.02922766 252.60536606
-97.10606695 -782.39729270 154.57849383
-10.84819215 -796.07843298 189.31854587
-70.24259534 -773.43755625 148.82238800
-42.36176596 -787.96311109 239.37620889
-31.50333222 -759.87545333 131.88177651
-61.58784127 -769.24131873 143.44159532
-30.94675844 -741.11781299 46.54664589
-35.21020429 -745.52069286 71.56779667
-20.00630214 -768.03042000 155.01471560
37.57684589 -848.24733966 254.33149540
55.75965187 -863.21464185 263.24593518
-67.61601597 -772.78864097 148.53657088
-70.70117326 -775.38493188 149.79243519
-17.61928571 -779.33432063 162.14059841
-82.10373233 -776.76093491 154.62763311
-27.34654216 -758.88910037 131.44577200
-96.89933648 -779.42629133 152.92308554
-32.96002432 -777.86839459 180.14972960
-1.91390694 -792.25450278 199.53601012
-26.53897673 -761.12299010 128.66863739
-24.46250541 -769.05840676 137.95952149
27.77246027 -839.31811233 243.27838438
-65.55385455 -771.70499091 147.71630823
3.35525000 -801.84380000 207.53998095
14.11475254 -830.47058478 232.76934633
-31.70264033 -760.37993590 134.44400240
-25.96027928 -764.10745493 131.26115299
-32.68826842 -763.02521053 132.33065464
-22.26416093 -783.99768930 168.27897398
18.97888627 -829.79607606 234.17346123
-65.39978947 -772.02080526 148.14525464
-7.25389731 -804.91620149 201.51641080
-26.68952778 -759.56250000 131.55636984
-32.28776811 -773.66504847 167.24760876
-30.17344848 -774.80512424 165.49214459
-37.35826648 -733.89681232 17.53585488
-26.23792570 -761.05559062 131.39724437
-18.70796923 -780.89345769 162.43157326
-33.08414140 -763.95666452 134.27870515
-32.42907943 -763.71313475 134.23064124
38.27599330 -850.62876592 260.19105190
-81.62426709 -780.76534557 156.71697083
-85.32089863 -781.89597041 158.16183513
-12.58357917 -808.00103750 204.39257054
-22.42637444 -788.68340111 176.08331595
-80.15706094 -780.91921562 156.45382001
-38.19267327 -784.70929848 221.19056599
-80.59868333 -781.32655000 156.90046429
-26.58503235 -759.45920000 134.34398683
-88.49197131 -778.46686430 153.16919310
-93.92321755 -782.32826082 154.87432776
-25.90790998 -761.05857735 134.31954333
-23.67420000 -765.12003636 141.50888095
-32.96784057 -762.02306887 137.03690265
58.33847231 -863.59259077 263.72369388
-28.51887584 -770.50272309 182.30374703
-32.64670909 -766.19429545 137.14547186
-32.18635865 -775.10418317 200.48782326
30.64096981 -847.88736981 246.59534510
-88.21644358 -782.32491178 157.96846618
-88.64720476 -783.95052460 159.19892063
-28.21523877 -770.15588724 179.19336377
-4.32509630 -805.90710623 203.32349877
-86.03804356 -780.87350099 156.49304828
-33.31898333 -756.54566667 121.63848095
-35.36012000 -726.49232000 16.98956095
-66.00561778 -758.99517333 141.23238540
-24.39451163 -787.09228488 174.05371118
-79.63058526 -776.93315641 154.33101749
35.21839478 -856.74954137 251.01693356
-6.98402356 -794.15311487 191.24286454
-24.06541587 -763.70155238 143.02348056
9.09272000 -818.80175333 223.05506095
-30.69329884 -754.96668023 107.07832281
-88.43476245 -781.43238901 156.12743022
-26.71172000 -760.51202667 126.62004095
-8.02434072 -785.44957186 188.31085690
-91.11182854 -782.27186798 158.10431204
-30.10605000 -773.24766250 155.02433095
-91.45749665 -784.84396624 158.49106446
-91.24748954 -781.93530917 154.96187531
-74.15240714 -776.65013795 151.08536577
-86.07311895 -777.85336632 153.46968832
-34.75736319 -779.17453213 194.34044293
-73.69173889 -771.13294167 148.20439484
-60.81700531 -766.21989823 138.18008759
-82.12786752 -773.80647288 151.45448709
-91.05008947 -779.57748480 154.80309167
-88.09228735 -776.21333235 152.20930002
-35.13563628 -782.07586509 203.42328979
-91.05156142 -779.26339317 152.92148185
-29.34981758 -756.23983956 122.25890293
-38.00980000 -735.64470000 20.31948095
-0.69298346 -806.47367393 205.97190644
-31.86042509 -772.68569613 182.47027117
34.53887037 -843.13661481 256.09333651
-94.31339978 -784.72445758 155.46396991
-85.26797046 -773.61901524 151.45223636
27.16477500 -835.64560000 249.98723095
-6.84494615 -813.36648077 210.99106557
-82.18019072 -770.18661518 149.38892438
-84.47553146 -772.70991987 150.61497797
29.15922990 -839.06266694 248.27619810
-69.48672763 -761.64151661 144.00042059
-71.47674706 -763.13901471 144.98341625
-27.23229545 -766.59507273 149.56389573
-27.47156735 -780.08447143 163.95173810
-28.52222287 -764.41745605 149.15829844
-79.08774497 -766.79744977 147.31138828
-22.64919915 -783.14018383 166.82584734
-91.16573733 -776.18169142 152.01991778
-25.55063834 -761.37513129 137.25976285
-85.00865012 -770.10833794 150.03689000
-87.95189395 -770.52460919 151.24258283
-91.13482527 -773.51159049 151.51639535
-34.72526429 -756.97838214 113.27586667
-16.39686992 -776.09513112 164.49293178
-1.90420000 -804.76695000 201.57268095
-51.25756000 -753.34530286 124.55592667
-67.27918264 -769.17655565 144.19361704
-26.73120000 -759.56460000 129.80428095
-15.69412178 -796.16098091 188.87791581
-20.01169097 -755.49261032 53.89300160
-3.21669917 -797.14805083 199.48946929
-31.62990909 -759.49504091 133.29212641
49.17344930 -860.37385211 258.06646236
-86.11126000 -783.76920000 159.42276095
-31.18774080 -761.64861600 140.27677215
-16.32826402 -788.50412963 176.23752116
-33.17878286 -763.30922857 140.25761524
61.82132020 -866.34397323 272.08020166
-97.17524323 -781.97626976 153.06488652
2.08671593 -800.27028905 205.96944141
-33.64294597 -776.16428315 182.43032560
-32.92187273 -751.24918182 92.01269610
72.13580000 -872.53300000 276.84998095
-24.67401352 -764.09721268 137.39244264
-34.39105641 -748.16501795 80.51384505
-30.98287391 -762.25919674 142.97370432
-10.16429218 -802.16458883 198.11925134
8.01319733 -821.49478717 223.73733657
-32.12185882 -767.02957451 143.47062213
28.49470725 -836.24163562 248.35700640
-29.50526154 -762.44983846 143.18480403
-31.43798514 -763.84892946 146.32857041
-32.34493274 -766.66875752 146.52292166
20.91407654 -830.42701111 238.25247848
-28.62036574 -763.89957685 146.35179669
-23.54746333 -764.58819190 143.69719619
-28.09148409 -767.94584140 167.29131418
-31.10360571 -769.86982571 146.25454952
-31.21977433 -764.40256400 149.27511395
-53.85610000 -759.09323333 126.78278095
-32.28442908 -767.00995957 149.26622918
-31.91616563 -752.33282813 104.49464658
-23.05461680 -764.72429199 146.46295925
-22.68859938 -766.85648458 146.50927345
-30.81064428 -764.96287801 152.27408396
12.36826667 -822.74646667 225.79988095
-16.29190720 -800.25725389 196.92185386
-32.16030668 -766.96754454 152.51792572
-31.89460000 -769.32652109 152.44658876
-38.67560000 -786.65610000 226.16788095
-21.98173175 -766.75490829 149.35260986
-31.66776927 -766.84299297 155.38692392
-30.08957805 -772.70932195 151.85701022
-28.79031852 -765.30058519 155.06242328
-37.23890179 -734.08289821 23.61627381
-28.62755373 -773.93130597 152.21333916
-25.07032643 -748.72368569 51.14062691
-21.18171511 -767.16875288 151.94317520
-27.46884706 -766.19403399 155.47580317
-28.86745225 -771.05453740 185.23879395
-36.92663158 -737.01293553 35.61914016
-12.13816667 -798.67263333 192.76764762
-31.31815532 -767.03709481 158.27046926
-28.04474903 -766.29357767 158.32188387
-20.51848739 -767.64425045 153.34837735
-31.08908922 -772.14514510 158.60149664
-27.99811429 -775.71999429 155.39699905
-105.81221717 -797.46205253 158.30868196
-34.84913529 -750.88833235 101.92580448
-57.16562727 -765.91553939 135.60267489
-32.35205498 -770.14086495 161.28132082
-31.17678457 -772.86515905 161.46701597
-19.81518933 -769.72583945 155.24251172
-30.81611670 -767.83673679 164.28114935
-28.32026845 -767.39371933 164.68492098
4.19028089 -802.90378455 209.72126225
55.34379600 -863.54008800 261.20278895
-35.48566333 -745.11246333 68.68929429
-31.71072273 -773.41052776 164.35062738
-30.95382357 -778.13551536 176.63900060
-18.50358769 -770.03685654 157.99677980
-13.26118547 -803.50039758 200.11372490
-31.78780169 -769.79235714 167.45757708
-17.51304667 -769.97123333 159.34660095
67.76526667 -869.71037200 274.49095029
-35.38491481 -744.03760185 74.21648466
-16.94848434 -770.96926386 161.24179842
-22.52472370 -780.02024455 161.07246768
-4.34110878 -814.27870000 212.80290325
-30.81318421 -775.27300120 167.57148909
-43.74829140 -790.28764570 251.45251579
-28.24770000 -768.69666667 168.69168095
-31.39218660 -769.87637644 170.44196122
-33.15907353 -763.77119706 143.60297948
-32.54255097 -773.31242290 170.19482773
-16.97484068 -773.03884037 161.70780331
-28.36894094 -768.35397369 169.90189628
-0.87359019 -803.17143133 203.02053143
-25.27822339 -781.50511559 164.73074705
-26.70372857 -768.58302857 169.14090952
-36.20626264 -751.64864725 101.26803370
-38.81375000 -754.06140000 102.63568095
-22.34761455 -781.68371231 164.15239588
-31.13562044 -770.08083838 173.37115448
-32.45839793 -772.80328838 173.47651622
-24.21652366 -788.36343333 175.77158848
-28.15454750 -769.15924443 173.31883281
-25.35607088 -782.82181711 167.19383126
-26.42943482 -767.63453750 155.31977470
-14.63453235 -773.59542647 165.56009272
-10.42314101 -797.42237795 191.15405039
-31.07784387 -770.46138338 176.31235943
-32.22720912 -772.85430000 176.33150859
21.85297941 -822.11267647 235.57554566
-33.25291649 -775.70700191 176.58284067
-14.08718251 -774.09906339 167.33360281
6.32190000 -800.36480000 210.24438095
-23.68870000 -750.59473333 51.88271429
-28.02879214 -769.69975381 176.39047536
-25.98984286 -783.56884286 168.99242381
-12.58906024 -806.43946528 202.86481448
-18.38422958 -797.13492465 191.13049433
9.78947209 -819.88191628 222.47484374
44.53728882 -860.03176894 256.44222785
-24.99781610 -784.62967688 170.36042719
-22.26921905 -784.96353929 170.12992440
38.69305532 -859.65686809 253.11878095
-31.02512634 -770.97156560 178.99271367
-26.52598421 -744.29751053 49.24865990
-32.08516299 -772.79773278 179.20255844
-19.50531255 -785.24074142 170.40833284
-13.62475000 -774.54160000 169.03358095
24.59296966 -830.04062584 240.19723938
-24.78065517 -786.01648690 172.65854302
-11.33926893 -781.70707184 176.92702658
-30.60820945 -771.09918701 182.18844434
-6.80554444 -803.86211152 200.37573746
12.85163869 -813.08672628 227.07505249
9.86941633 -815.04274761 221.21521330
47.90031222 -858.86887778 263.50026206
-33.38132918 -773.70046446 182.18785496
-11.65402857 -776.30451429 171.58425238
-33.18870723 -778.26421355 182.60037433
-19.37141275 -786.32364902 172.30687997
-19.15794560 -792.20850160 181.52115615
-13.86662506 -779.03992931 170.58005849
-12.60735661 -779.21489825 173.09910410
-33.40835665 -773.78781869 185.44294550
-0.17571538 -821.68361538 226.46199634
-56.24716532 -767.31560887 136.44883660
-11.33844901 -778.35193416 174.03213838
-32.66821765 -774.77202353 185.39035154
-4.57371755 -802.03252041 198.37200585
-33.95129301 -776.10326982 184.97838794
-32.41765522 -751.70064328 95.50076453
-29.28826176 -771.77688824 185.74051919
-33.47807414 -778.63277083 184.99908095
-32.15499182 -780.06154667 184.98377035
-19.31575795 -788.70925654 176.23853608
-43.57933714 -750.17549429 112.97141524
27.67360291 -833.37301337 245.56197339
7.01795371 -806.03937329 215.32540493
-102.41140541 -783.35710811 153.94383230
-31.46369861 -772.70894584 188.26042006
33.90408239 -842.78369937 251.65216146
-28.82207289 -775.59113370 167.33234176
-106.90098173 -799.39965865 157.83867518
-32.54376341 -774.92799268 188.51624925
-33.88178404 -776.15300472 188.33757884
-7.92793382 -810.90640882 207.48807066
-10.87080297 -779.34315163 176.34467911
-8.09671514 -788.24785280 188.71654877
-22.56695345 -789.81507759 177.54877233
-28.79659625 -743.11693500 48.35586033
-29.33428187 -771.28398375 188.01927408
-22.02064203 -791.02548370 179.24349581
-4.54246796 -808.67930366 206.39566745
-32.51667500 -780.46427187 187.40520283
-35.60572083 -783.88339167 211.76828929
-14.26850169 -798.51367288 193.08091655
-32.27868018 -780.97682342 188.50472149
77.85459687 -873.95170312 274.11765283
2.52936387 -797.72844454 205.49825518
-19.71648125 -789.71658750 177.71338095
-41.02987962 -755.95743376 107.44397840
-19.41241009 -790.80033502 179.35863553
70.32529497 -869.46023631 272.02898375
-33.20414823 -770.41782482 167.43805258
-32.44114828 -774.97644655 191.53218785
-40.51141376 -782.66283046 224.18669191
-34.08012947 -776.09180605 191.46401458
-10.29984369 -780.07137508 178.89400341
25.25620700 -833.15437362 242.68338745
-62.33894167 -756.38884167 136.07482262
-10.66364085 -782.07912593 179.48103498
-32.87585714 -780.82319643 189.24399524
-33.26034740 -781.03174624 191.51251795
61.39138315 -863.94673315 266.49148320
-32.51298209 -781.45852687 191.16765707
-12.32369249 -788.31487816 178.70862930
-20.40648696 -775.47686232 152.76092298
15.52244944 -818.18709663 228.40929668
-34.16365036 -776.03961893 194.42708905
-41.60330000 -786.52080000 235.77938095
-29.70530000 -773.27620000 193.57118095
-33.69319747 -781.34692556 194.39967618
-10.20360279 -801.08012067 196.61638039
-1.41950383 -818.75348213 221.33917755
-16.26992436 -792.01191731 181.80379698
-19.41074211 -793.22883216 182.97049967
-35.13267965 -779.28488434 197.45090277
-100.34331111 -791.00725333 158.22397280
70.42480000 -871.40378966 269.52286773
-16.46207907 -792.96953140 183.25445770
-21.20323958 -794.33272708 184.75211637
-11.47432130 -790.17884907 180.15115040
-8.60042000 -782.57038400 183.20923695
-31.60561593 -774.15048780 197.14386299
26.26082967 -850.33853846 246.36789304
-34.27914504 -781.54822999 197.39845347
-15.98391268 -794.23529233 185.45375234
49.94886137 -859.94725795 263.31143382
31.94744457 -853.72417577 248.97115115
-8.47574694 -783.18594286 185.06709320
-34.35829610 -776.27919229 200.17834095
8.01528059 -812.13104203 218.31607023
-35.36917011 -779.12851898 200.32349934
-16.15864647 -797.39404268 191.49302900
-34.75440404 -781.69372081 200.33198839
46.03246415 -855.09434717 262.96465642
-33.20788889 -766.21687778 149.31229206
-18.90155000 -795.42278125 187.29070908
-0.30039890 -797.46201951 202.43368233
-18.90638773 -796.14659448 188.66561285
-13.76179555 -793.92306349 185.28644571
8.48636351 -809.20111485 220.96249276
-15.73783030 -795.35343434 187.38825873
15.55235352 -820.87367183 228.47617673
-34.31303940 -776.36383771 203.29350072
6.32910000 -825.36760000 229.19768095
-13.66224545 -795.22669174 187.41533839
-34.60526848 -776.64333179 206.38471898
6.51267005 -805.38229188 213.65963476
-36.28830747 -779.23282359 206.28793057
6.56132778 -801.35320556 211.61644206
-36.21062584 -781.44496838 206.58518834
92.25432158 -875.48666763 280.23576153
-35.25365950 -782.58436929 206.03190456
-16.64723000 -798.29711073 193.45852217
-35.11389139 -776.90638770 209.02633095
-35.43954884 -778.04786047 209.41162049
-36.77762908 -779.26346839 209.39382265
-22.71930290 -776.99315797 155.27133892
-35.40111143 -783.28067619 209.06667048
61.75323649 -863.88920270 271.33515663
-16.03987165 -799.10089732 194.87304570
9.62668175 -809.25395662 221.12386245
-10.25472090 -799.56828305 194.34289253
-55.34751493 -766.21671343 135.06982237
-9.55130385 -798.48424231 193.01755788
-6.95005394 -799.47082687 194.90777610
21.64100000 -834.77208333 237.79673095
-13.25927207 -800.85502682 196.92434967
-36.06111212 -783.81413030 212.88626883
-37.86387260 -779.35950548 215.11793917
-5.19686959 -799.34739845 195.01813765
-39.73401337 -782.27124005 221.28340999
-37.99760605 -782.31512636 215.34316545
-15.18655714 -801.82612857 198.68592381
-36.76194293 -783.98507122 215.59920290
-4.25127690 -800.11979768 197.30337685
-47.45475714 -759.39647857 121.38179048
-1.40205041 -811.24643902 210.20021185
-2.46830864 -793.93374012 198.33917293
-38.49397327 -782.40579790 218.32066474
-7.30503350 -802.17437087 198.20175134
19.97893579 -824.17037263 235.75039695
-10.20440215 -803.68193978 200.06144045
-62.22235000 -765.38732857 139.06216667
-2.48392667 -796.92503810 198.43102762
12.82612717 -818.20236378 225.22100457
-1.26045977 -797.09898815 200.44167765
62.68384286 -870.75528571 266.16995238
-13.03906023 -804.96873182 201.49603777
-38.13032000 -780.57242000 219.84842095
-38.64119931 -781.77353724 220.09543475
18.47860000 -840.81820000 240.80288095
-4.12342754 -803.27292498 200.25794631
-10.18883734 -806.41070495 202.92034664
8.75906538 -826.05537308 228.24906941
-4.01200079 -807.32586378 205.14724867
-2.05970875 -802.84600269 200.91536506
55.49839327 -860.72932691 266.29508858
-39.20860255 -784.09582424 221.67440934
-1.65774035 -800.18944620 200.53892484
61.60710116 -868.43501512 264.19589316
-50.13316250 -762.69780000 129.77545595
-33.04060800 -762.25403600 140.18318095
2.63264286 -813.46285714 214.05753333
72.73165000 -870.60745000 275.50958095
0.87017683 -794.95790222 202.69455333
-39.83400820 -784.50694718 224.48848247
-3.24291698 -804.16244717 202.00849982
1.20366352 -797.17330525 203.40820542
6.81593031 -803.20976344 213.19623595
-8.59842727 -790.82631299 186.43976797
0.75769461 -799.87147868 203.79253022
57.45750588 -861.52634118 266.20536919
0.49059469 -802.37796726 204.34365440
82.13390870 -873.36043043 278.21806356
-41.70220000 -790.56752632 244.54899148
-9.73463723 -810.98756277 207.25601088
-41.44202500 -783.04231724 226.22198699
-40.54282042 -784.99958482 227.27875844
-7.27391648 -812.15794352 209.27653612
1.43544418 -802.98047971 206.31470772
1.01946754 -806.03421886 206.72103929
-6.45035000 -810.41070000 208.07011220
-3.95753684 -810.13425368 208.24675569
-4.47359706 -811.64702206 209.58463242
-39.74122222 -786.87435714 230.77741111
-39.51495000 -786.93145000 228.77883095
10.10726923 -810.04266538 223.67501557
3.69801197 -798.13458718 206.47184933
-6.23217348 -791.00202538 193.75740065
8.08877568 -806.53383716 218.04620723
0.92846509 -808.11916887 207.27679605
52.52735721 -863.25038398 260.62400750
76.38711610 -872.20649039 272.52466615
17.52186637 -824.35068421 232.61622978
-4.09810238 -813.09117857 211.47032381
27.63203696 -841.32886522 243.55219617
-41.22979909 -786.37295818 232.69567459
19.21233257 -824.07164210 233.71650918
-40.66680814 -787.12939140 233.56822213
25.49005282 -842.01431278 243.06932663
-28.79576515 -760.05119697 116.77477186
2.18895363 -814.90644198 215.35321304
4.61935292 -800.53395805 209.08302325
67.96959096 -869.10558915 269.26126390
3.67278220 -805.88709372 210.19579090
1.65221064 -810.83921702 210.54930223
-1.51010000 -813.98348026 213.37645595
5.15392843 -803.18104694 212.13558683
4.29285842 -811.69316193 213.04606393
-1.23584204 -815.35585531 215.29887299
24.95774530 -830.21608870 242.70623195
42.64917778 -852.29540000 262.27899206
79.51081176 -872.89904706 277.52389419
-4.38429064 -815.74874128 215.37045202
-24.56213279 -760.01874016 61.99400308
-41.20659975 -788.06011128 236.80406767
-26.17555278 -780.40102222 163.25017817
-26.19189313 -769.23846351 170.32960133
0.73088235 -813.84570588 213.66169860
5.36120644 -812.24045781 214.76741713
7.18213045 -803.94121975 214.79190996
-27.23315000 -770.26517500 141.61940595
5.73589817 -809.19654757 214.45583284
58.79471928 -866.23673976 263.32949187
5.61421149 -806.30570890 214.87308904
11.41131086 -812.68047029 226.48346838
5.21774023 -815.70694898 217.56149232
-42.59368673 -788.65728473 242.13148445
-20.84480000 -766.97280000 153.91208095
-96.42990000 -789.93033333 159.88384762
8.01217527 -809.12930263 218.24666655
-38.55363111 -786.03844000 227.00713651
-41.69916944 -789.22327222 241.05078651
-41.51486748 -789.99485691 242.10916957
-65.63940000 -771.21180000 147.96798095
7.53947940 -817.21320266 219.32218527
-42.00711948 -789.81216623 243.09996407
-1.65187187 -819.47432500 223.22187783
-103.62208404 -793.78637340 158.38086180
-0.80866804 -820.23978557 224.27195312
-44.82220000 -759.65800000 117.80948095
-43.33092603 -788.95855165 245.01851732
32.59254877 -844.53416904 250.90544177
-42.30314365 -790.15451777 244.99257740
9.26130000 -807.09250000 219.74838095
64.66976931 -866.32802963 271.97220688
-33.08470789 -764.42689211 146.22148358
9.27065161 -809.09897581 219.76375515
9.35864227 -812.27018041 219.73153662
9.28083158 -814.17027368 219.76187043
17.37937966 -837.10190169 238.32679112
-11.94462821 -783.08698718 178.28430147
8.69211667 -815.36020292 221.38791418
22.79477475 -824.98357376 238.71038095
-27.43590427 -757.07082650 60.06297839
7.99074517 -818.03479042 221.07933273
9.40871319 -807.28407363 220.41421172
9.77252115 -812.13392084 221.16961959
-20.97734528 -772.95406981 151.35852246
9.82455141 -817.88363557 221.70451110
-10.36840000 -780.60523333 180.99258095
-27.46671500 -744.10187500 49.08280262
1.52423281 -820.87364766 224.46240126
49.30924164 -857.72880656 260.24598784
8.33399487 -807.35624872 220.27024505
8.12646667 -804.58101667 216.85159762
2.15747500 -816.35523529 217.19261772
1.58386500 -821.87538000 226.44362345
4.97879247 -818.95760274 220.56455698
7.07643901 -820.09357637 222.16062436
10.20699535 -812.20652189 224.32015685
10.89108677 -815.00036651 224.12629812
10.97545008 -821.00777186 224.49656554
-47.47164714 -761.41064714 124.60005095
1.90840984 -823.22125902 227.54767931
-82.66859211 -779.62759474 157.18055003
-76.71813399 -774.03779310 151.21879918
70.51690000 -870.00314419 274.79156467
11.11838277 -818.06756571 224.04925156
12.65069370 -815.52922992 225.27302111
4.43181892 -824.93177027 229.84765933
12.40403333 -813.21561111 225.66358095
13.55398970 -815.22684408 227.49225006
13.90104600 -818.16592130 227.25196355
11.02201037 -824.34418479 226.86518487
13.76099326 -821.14112631 227.20354737
13.50907521 -823.89030659 227.63360402
-26.94144667 -759.95788667 131.28517206
-53.79465000 -759.73930000 126.72243095
14.53049000 -815.64639000 229.38151674
15.86402703 -815.98650405 229.74621541
-33.56330000 -739.57768955 43.74957946
15.34263462 -816.15942308 228.61462711
6.87703793 -827.92035517 232.55865337
-28.39431875 -772.10685625 146.58136845
76.54825011 -872.73186051 275.29776821
16.62285316 -818.21324895 230.37013451
14.05666805 -827.11359325 230.13812563
7.73641800 -830.06846800 233.97379295
35.38588430 -847.51537309 257.25866032
16.82094964 -821.16055327 230.53462872
3.51860000 -822.30742500 226.22005595
16.39281472 -826.92233384 231.08357380
-41.97357262 -782.81981905 226.85452381
9.38798889 -831.43790556 235.11908095
-16.45183030 -787.14817879 173.99546782
-14.81380000 -805.29130000 201.89878095
8.33518571 -832.67507143 235.68225714
-24.03600000 -753.66170000 54.81498095
18.48551240 -820.69193967 231.50573054
19.28592714 -819.00931960 232.43490055
-36.56967111 -740.06719444 53.34267873
15.70584545 -828.74968636 231.71189913
19.47438678 -821.27279793 233.19152498
18.38017391 -823.10370870 231.75353747
17.49191757 -827.41059264 233.34258018
-40.14111837 -752.08362245 110.04547891
19.00589261 -827.06133144 234.01561343
43.92090000 -862.10892032 255.34551090
-30.34566154 -757.10432308 107.99795018
16.28078519 -832.05089537 234.53883280
16.70251097 -833.14377553 235.63385500
21.87170583 -827.17158205 237.01572478
11.55413704 -835.41462593 237.26112169
21.25530000 -822.76220000 234.60023095
-52.24629375 -762.23711339 130.58425506
55.26873318 -860.95231280 263.50166958
-17.36564154 -775.73932462 162.06525634
22.06728798 -824.22446538 236.67409898
19.77075975 -827.26200962 235.81731342
19.69389129 -830.00648522 235.92493158
16.50274204 -835.52542257 237.07797432
-73.22913284 -767.16041007 145.58883288
21.88543522 -830.12692267 237.17925464
19.25842027 -835.14108919 237.36724176
13.60352519 -838.91343407 239.54021132
-37.20755217 -736.28879565 29.10536791
21.83940987 -833.10164888 237.31182849
17.01037291 -839.09846650 239.61732184
14.10284108 -833.78052919 235.61615825
19.93866789 -836.45611315 238.63967942
22.89410302 -830.19067301 239.44762963
22.98044548 -835.79148619 239.57717469
19.77729505 -838.95757183 239.97460913
-5.83716471 -798.45162941 195.95858095
24.40564286 -825.46022857 239.98705238
24.55681304 -827.12776848 240.11276465
5.61795556 -829.51670000 233.60640317
17.10860357 -841.97811696 241.74422917
24.72957845 -833.18878017 240.26503612
22.33514306 -838.55540957 240.36745607
-21.28360667 -774.91668000 150.35940095
19.83899879 -841.97720887 241.84702369
30.88800000 -855.69770000 249.68488095
24.71389059 -836.26156782 240.34614877
23.18096451 -839.52356636 241.48900194
22.97692518 -842.11944190 242.36534873
25.44072372 -836.15191002 242.40236037
25.80685441 -838.80074478 242.48189844
20.14901786 -844.55249762 243.41645000
-64.25632911 -766.74444272 140.76627698
25.95334592 -833.04609569 245.00924497
-108.47431898 -799.98602834 155.58231812
22.88161098 -844.62812919 243.37209136
19.90716167 -845.90993167 244.11964262
27.96674344 -836.31860820 245.71112562
23.03089739 -846.09389739 244.07740878
73.72373435 -871.50232977 270.03120767
27.38825000 -831.40231667 246.37914762
27.87194089 -833.95047734 247.91422085
28.41715507 -839.20053492 245.38766844
22.96681690 -847.79898592 244.88868799
-12.39398373 -782.41341540 175.99336859
15.38558889 -823.36533333 228.81331429
28.67647258 -845.04178752 245.51640854
30.80477076 -842.44054094 246.11258914
28.55822202 -848.09775259 246.07243069
40.82673421 -852.23430789 262.17058095
28.92701697 -836.77178819 250.53438538
30.43610000 -837.10827143 249.26140238
34.67577310 -848.14669434 249.11254909
-6.07056154 -817.00603077 217.87678864
30.82414538 -839.47504286 248.67539272
31.04468500 -844.88888875 246.38815658
34.09809965 -845.52819326 248.95790152
31.28413556 -842.24858364 248.50325419
28.56575294 -850.33336706 246.51412801
31.95402269 -844.96852194 248.26385357
31.93721589 -848.19585155 248.10697669
-93.71840497 -782.78389116 157.88469587
33.45892069 -843.19795862 249.28100509
34.36633225 -851.05456227 249.09366412
34.06909373 -842.64398537 254.31599439
36.56197170 -846.26098491 252.16726208
35.11019475 -850.97412653 250.67071973
-71.98847813 -766.28895313 144.71275908
37.46028255 -851.20766572 251.40841853
35.15360957 -854.17427973 250.50915521
37.57559226 -854.17404209 251.48620974
-101.09455211 -793.27932254 156.20766264
36.73144348 -845.98353217 254.28152530
40.62539302 -851.28666721 254.37642281
37.65118398 -856.90020938 251.73086025
36.86318333 -846.02975758 257.14304156
39.66090476 -849.19033810 254.53673810
39.67669111 -851.40165778 252.44762429
40.06801289 -854.36460979 252.37523044
37.58511005 -848.30812690 257.28845731
40.21342958 -857.13867708 252.38183470
46.51995738 -857.99484672 265.48462112
40.85274119 -854.06047770 254.11507825
39.83339512 -849.06960976 257.27860900
55.54970032 -865.90866785 261.07140603
79.62639593 -872.49739185 273.18692947
37.82736522 -848.64680435 259.41724965
41.09443413 -857.12827659 253.79287560
40.80720925 -851.20148125 257.42468570
42.57512857 -852.21098810 255.20718333
81.32456000 -873.86808000 273.68092095
-74.15622400 -777.99396200 151.39702295
43.23951080 -854.37740176 254.88372794
41.10611156 -859.89965503 253.79059553
42.93970844 -852.04902987 257.43709264
43.85074690 -860.26386999 254.86105984
43.95241896 -854.15939427 257.40344965
42.72970291 -852.15446311 259.81789649
-46.84292922 -760.55504849 122.10646469
74.11543054 -872.08929433 275.43347406
45.55050722 -857.61946082 255.47986961
45.76075023 -855.02919209 257.68878746
85.78754118 -875.84518824 280.32612801
46.25450219 -857.29962593 257.47766866
45.74898692 -860.18370000 255.55217675
30.33965000 -849.74885000 246.82948095
43.64334548 -854.32047075 260.30207559
46.49454471 -860.04781195 257.18072065
45.77241111 -862.02364000 255.64590317
43.27788357 -854.67936748 262.73216906
46.74052361 -862.80517145 257.12754733
-28.58297957 -773.45466613 161.50915676
46.69472257 -857.14465470 260.11689265
49.38670702 -863.04972252 257.98877145
49.69586757 -860.20874360 260.37064299
51.30250000 -858.58322000 261.16700095
-23.08407850 -770.04918037 143.28917114
52.45843156 -860.53072437 260.82057001
49.46407200 -865.13723600 258.47430695
-3.25216341 -793.74771592 199.39012900
49.99978966 -858.01358621 265.93803612
51.56860968 -858.45657742 263.41582289
52.43156406 -860.58794378 263.29393948
52.62588978 -865.78846257 260.50054559
-14.40918268 -781.75500000 171.09704946
51.55839167 -858.53196667 265.92901429
52.60579500 -860.32948212 266.35118018
52.98776856 -860.66914330 268.53676858
55.55247687 -860.79874218 268.77677891
-88.07411256 -776.78716054 154.66497826
58.54664505 -863.25653242 266.18457353
57.64119333 -861.34767778 269.07485873
61.76809839 -866.20875904 266.23240565
61.90184323 -863.86347240 269.47277783
58.44527500 -864.13361136 271.37007413
64.56884576 -866.44266522 266.56550766
64.66772562 -868.89796851 266.30497757
-30.21536154 -765.50440769 157.58891941
64.47120590 -866.17252669 269.12965960
61.84009646 -866.14657846 269.11292211
67.73539592 -867.02077878 269.36499728
67.49923978 -869.19163501 267.09909496
-33.37689061 -773.40524471 179.47467923
67.32441220 -867.05350244 272.02188339
69.62408889 -870.89286667 267.69178095
-18.93912774 -778.48049484 158.61230869
67.90480502 -869.04369954 272.12581109
70.84352404 -871.44503462 275.19807614
75.91491875 -870.51553750 272.61304345
79.51868933 -872.72438667 274.94341095
76.84944706 -873.16062269 277.33822129
-30.06943529 -753.85416471 57.52453389
82.62877437 -873.12232161 274.98955934
-26.40908000 -759.46744667 64.24174095
81.28950000 -873.44997500 273.76840595
82.47912713 -874.51332979 275.46612297
-25.79887500 -777.49525000 157.25529345
84.73243333 -873.47164000 276.41485429
83.01510587 -875.02580630 278.30179160
85.30553959 -875.47479474 278.57213702
88.62823165 -875.92784557 280.51956070
91.69156354 -875.67203867 279.39009311
94.37288385 -876.08394462 280.82447634
-29.45179091 -777.87759773 173.91726504
-32.84691429 -768.51358571 163.62545238
94.81081739 -877.21523043 281.44317226
96.46111818 -876.46751818 281.53049004
85.00596667 -873.59046667 278.22074762
-36.72384318 -739.91692955 50.53188701
-13.65583664 -792.81236489 183.54225576
69.26680000 -867.63340000 269.63668095
63.43999524 -864.54469048 268.96526190
54.63076667 -861.50163333 261.73718095
13.76274444 -837.11230404 238.13976277
11.45771400 -832.24231000 234.30677095
11.10032651 -830.63095904 232.83297613
10.86848848 -827.47464817 229.62952336
7.87548077 -823.23152212 225.27022038
-4.77689231 -816.54835769 217.02175018
5.32999464 -820.43182529 222.19045337
23.69791438 -830.05003892 241.96731141
2.05858750 -820.00132083 222.11834137
1.81288146 -817.53072634 218.58587412
0.80100000 -819.60830000 222.91688095
-0.97935500 -816.49393000 217.06045095
-33.56473226 -748.98570403 89.22146805
2.49217075 -803.63059748 208.99476869
-6.62069147 -815.80518140 215.20067863
-7.96960000 -813.66550000 210.76368095
-3.29095467 -800.47454900 199.64531529
-2.64225455 -799.14158182 198.51212641
-4.09611672 -797.14023866 197.16409307
-106.42570436 -797.03638500 155.47466031
-5.53878936 -794.09897447 192.44618946
-35.73370000 -744.88540000 66.77638095
-5.57214286 -791.96530000 192.51605952
-6.92328391 -791.11008981 191.17735401
-8.11178919 -794.03711538 188.58855293
-8.10191515 -796.01174545 189.32231126
-8.56806604 -788.21493396 186.32751114
-10.04822662 -793.46133958 185.79931265
-9.65982752 -788.15343630 185.20137453
-9.95260772 -791.14487160 185.18028095
-15.35073537 -802.97899512 199.91570290
-10.67812691 -788.11123047 182.38560272
-26.26244340 -768.01575872 161.20435329
-10.95143300 -791.02667886 182.71675910
-11.45545399 -787.98693025 179.51585196
-11.23047336 -785.08803026 179.52653802
-12.71448592 -790.27120286 179.83059769
-34.97554314 -745.90466765 74.32697311
-12.22228100 -785.41289075 178.64838770
-12.95719449 -785.31883256 176.40407532
-23.99470000 -777.69400000 156.52728095
-14.03613213 -785.21915164 173.54503374
-14.58991205 -785.05514458 171.48946408
-15.64900050 -784.61127775 170.33821645
-15.48129070 -785.36467616 172.54227921
-15.45737166 -782.23713594 170.07824593
-19.22973061 -783.99373878 168.30439116
-97.06993669 -788.17024173 158.21794066
-16.30127252 -782.25454278 167.37085156
-19.21253784 -783.13397568 166.77594852
-19.00333988 -781.61821595 164.21189322
-22.32874472 -778.64850732 158.46800209
-22.82420000 -777.72344000 156.67000095
-25.06430698 -776.68254186 155.17629025
-23.94016667 -763.53563590 145.25080659
-30.37134700 -771.21500415 185.24570031
-33.24829894 -774.01201755 188.29099265
-28.72881538 -765.50966538 157.37353095
-33.35907584 -773.29948814 173.28244157
11.49430000 -836.87549028 238.50916151
-33.37461950 -773.39558865 176.32326039
-9.11686484 -791.49548055 187.55846350
44.18906954 -856.39186667 263.49016314
-45.63146505 -760.23597476 119.86746639
-46.69285773 -758.69053671 119.14514134
-49.54060868 -760.67271792 125.29703907
-48.74915548 -760.00032581 123.16155902
-49.91188933 -761.74710000 128.17385029
-17.48757778 -780.99862222 162.52792540
-52.09515015 -761.41282657 128.30552603
-51.45873750 -762.67482500 129.73828095
-53.18140583 -764.63949167 133.28557262
-9.45945385 -813.56860000 211.07285018
-62.14522959 -768.27149388 142.85654422
-53.26766875 -765.91366250 133.94141845
-57.78070826 -758.06941614 131.82445712
-58.24796708 -766.93596912 137.39688158
-60.97749155 -756.21316901 134.63758377
-59.01556880 -765.21477360 136.34616495
-69.49400000 -759.61040000 144.29518095
-57.39333333 -768.77690000 138.62834762
-38.90576250 -743.91060000 74.08050595
-59.67982500 -769.37425000 142.01188095
-61.36085722 -767.38925411 140.10002483
-60.45509286 -768.82838095 141.43372857
-62.99937500 -765.78535000 138.76173095
-64.45084947 -767.99740120 142.66608907
-67.30635238 -759.33923333 142.69461429
-66.88342125 -766.39573349 141.43840220
-67.38266420 -767.43443367 142.70743449
-70.29272580 -767.14161695 143.90591215
-73.13300328 -761.95797418 145.60654735
-72.08373491 -764.82079434 144.71854227
-70.97568762 -768.08247429 145.05067143
26.53225989 -842.54941374 244.29212711
-72.80353333 -777.68940000 150.64281429
-77.22597500 -768.28075000 148.03412158
-84.84016018 -767.70133009 149.50666148
-27.06996939 -766.65795442 152.16770340
17.78877000 -844.40666000 243.37595095
-85.08191502 -776.59331832 154.95154505
-89.14907308 -784.42651538 159.95798095
-91.18206173 -785.26120247 160.03357601
-25.89106843 -769.01378057 167.19644939
-110.89050833 -798.17579167 156.11227262
-93.76298537 -776.45124891 152.30677637
-94.24333640 -779.08606520 152.76430562
-25.72427206 -746.54663349 50.12340335
-92.38703636 -786.88271818 159.97566277
-92.66970000 -786.79187778 159.63045873
-93.91486885 -785.28301963 158.19750743
-28.30176962 -760.59514051 119.49595753
-18.01605436 -779.39705235 163.53924605
-94.35575862 -787.87480690 159.99081199
-23.81271538 -766.10526923 142.22229634
-97.79510513 -784.27775641 153.59192027
-97.25850403 -785.19804725 154.77742947
-97.41307692 -787.92902500 160.02646364
-100.08499822 -784.95871246 153.49350729
-98.30384783 -790.13863696 156.20348747
-62.90902500 -756.39537500 136.80448095
-100.30214809 -785.50373842 154.48786696
-100.39992963 -788.08306011 154.83692668
-100.35863905 -790.98137040 155.43219215
-100.68407447 -793.44519362 157.84131499
-103.08957940 -785.34516435 154.52974530
-103.11895236 -788.20518069 154.84217206
-103.43641339 -790.94138773 155.36552851
-32.71350000 -781.82472000 193.25913095
-104.00564571 -796.82330571 158.29830238
-104.27345556 -796.31601407 156.21928243
-105.95265036 -791.40217065 155.28567117
-106.14211984 -794.11948749 155.36200677
-107.29877410 -799.26682302 155.94745865
-109.10258583 -797.13794291 155.62023764
-93.70144637 -779.74623408 154.58425525
-108.72444330 -800.45313918 157.40522116
-36.98352000 -752.66069400 104.31181695
-25.58976667 -772.53188333 146.49755595
-27.27617368 -758.94203684 64.03313885
-25.89042143 -759.10526012 61.95549405
-32.05942500 -740.27351184 44.96888095
-28.24810000 -744.70210000 48.80631429
17.73088793 -819.05284483 232.12581716
-27.86550730 -746.47591788 50.13443825
-23.28459123 -749.51556784 50.57517686
-34.82950000 -737.51344737 42.15770727
-22.73070000 -759.58090000 60.86278095
-38.81520000 -741.45320000 67.06628095
-36.18857069 -727.90489828 16.72788785
-35.38558235 -727.34943922 16.80296134
-37.77959417 -731.72056933 17.49093739
23.75100061 -827.73120758 241.48279065
-38.81947143 -730.73641429 16.78678095
-50.88625000 -753.35700000 123.77758095
59.22936400 -865.58773200 265.94201335
-41.53017500 -756.45573750 109.07014345
-18.08430000 -798.90845000 195.12008929
-36.13793211 -742.56539450 59.41736903
41.30226875 -853.47814635 260.56108720
53.93303125 -865.00603750 261.96147470
-44.24448286 -759.90894000 117.18616667
-39.60329474 -730.05094737 13.42801779
-39.49914000 -729.49177000 13.67843095
-26.72843333 -768.73853333 153.06738095
-85.60553380 -771.01256408 151.11903025
-36.13005845 -777.22793188 203.75085052
-26.73000000 -764.76920000 126.80078095
-32.93320400 -774.85619600 171.31526495
-37.57736250 -735.87426250 23.35061845
-38.88710000 -783.79500833 219.54311429
-29.92826944 -757.33806667 110.20393929
-38.02023889 -735.16590556 38.30824484
-37.47414167 -736.31026667 26.57627262
29.59016471 -841.69951725 247.76175546
-37.69852979 -734.86491064 35.37178946
-36.86431011 -737.12115618 38.51600792
-38.46238000 -735.38480500 40.94436595
38.02065092 -850.87427625 254.12740734
-35.72128000 -739.99708000 42.65616095
-18.84216939 -756.88073673 54.63966871
-25.26801269 -750.17618883 52.18196928
-17.26410000 -759.78040000 57.60978095
-37.09300000 -741.69410000 51.38358095
-33.27468571 -750.98525714 89.91452381
-23.82660000 -759.65620000 60.82908095
-35.73181250 -743.09628750 63.29313095
-35.65506818 -743.38117879 65.24892186
-35.96875455 -744.92913636 65.64990823
-35.38241493 -743.83201194 71.52942722
53.75753846 -867.78070000 261.43125018
-34.79073824 -746.05084779 77.38475228
-35.45512667 -744.32194000 77.11492429
-34.73496000 -747.86672000 77.94138095
-34.07054889 -748.50658111 83.50390429
-33.76722472 -749.01172584 86.40373938
-32.72943000 -751.19651000 93.21976095
-32.66953000 -750.48186000 95.32763095
-31.86525714 -753.91095714 99.01370952
-32.08657385 -752.09497231 98.77603634
-32.72130000 -750.59990000 98.00908095
-31.39332143 -754.32133214 101.73342381
-31.90824667 -752.26742833 101.70520762
-29.71150000 -771.59790000 189.85038095
-37.60795000 -747.48830000 100.61948095
-30.95209310 -754.95829310 104.57559647
-34.03550000 -750.52062000 103.24856095
-29.67845000 -758.43023333 111.73279762
-29.79163333 -756.75458889 114.21168095
-29.19930000 -759.85100000 114.39008095
-27.49704000 -762.93284000 123.25862095
-25.09532879 -766.83548333 134.62514964
-29.94147059 -756.09645294 124.59355154
-25.71759365 -766.09196508 131.67981746
77.43235526 -873.93204737 278.38939411
-25.83723556 -768.95126444 158.47282762
-24.47474113 -767.13187662 137.42155278
-23.21338075 -767.06381245 143.35777567
-22.17572869 -772.41607295 146.60116620
-21.58516010 -770.06319557 149.23327603
-21.42709714 -773.09230686 149.46674038
-20.96702500 -769.74730333 151.84746429
-20.49263564 -773.20904752 152.75163343
-20.47692562 -769.99100438 153.20339970
-19.62185409 -773.09911006 155.33709982
-26.66855385 -767.63721538 153.07886300
-19.83463125 -777.83815625 156.10094970
-17.65698000 -772.30462000 159.68035095
-26.27804189 -767.82440811 158.17113974
-18.26443731 -776.49260858 161.18447386
-25.65840988 -768.96098395 161.49012663
-17.00024012 -779.30514554 164.53298541
-15.35322746 -776.15717424 166.76839485
-25.73009421 -768.97845289 164.36673137
-26.30731711 -768.25431513 164.23055858
-14.54936667 -778.25390000 168.31662429
29.36183571 -853.63374143 248.55593810
-15.12456701 -779.67374433 169.51222219
-28.82241809 -774.87385319 165.19423095
-28.56052733 -774.27855400 163.92515962
-32.97854778 -772.32521889 164.71117651
-11.74950000 -780.73170000 174.80908095
-28.61037600 -763.36320600 140.54856095
-33.19196979 -770.83671771 170.31277262
-27.33227692 -770.18041538 155.63340018
-11.64761500 -783.96417500 177.57370095
38.34460595 -850.59879027 257.13039501
-30.29539286 -777.80695000 174.32120238
-9.18691856 -783.04692096 184.80258814
26.41107276 -835.89222724 244.79467710
-9.41490227 -785.25980198 185.27865333
-10.40717143 -792.73768571 183.56663810
-31.63973704 -780.79724815 186.11749577
-0.23502381 -803.58647381 205.48820873
-36.40209132 -779.34314074 203.64621829
-36.04645538 -781.10995339 203.57183733
2.63475764 -809.40869618 211.70153477
-36.18089556 -777.15196889 209.66730910
-35.64040000 -776.95625714 210.87129524
-36.72522833 -777.26173167 212.07901345
8.55610252 -812.07550440 220.98989290
-39.22765424 -782.07217506 218.66089483
-40.17333473 -780.34391856 221.24039413
11.69496462 -821.36007385 226.45963788
14.75545389 -817.93078611 229.35309151
14.70029350 -821.32348211 229.37545819
19.91775714 -822.08592365 235.33105238
-42.19998514 -784.76411165 230.53446127
-43.08419715 -786.22583537 236.64030819
23.64096226 -833.05184663 241.75840440
-3.29566312 -792.22030993 199.55694336
-6.19511722 -794.15050132 193.72396108
-66.79720097 -771.02458544 148.20789163
-15.07133211 -773.91147706 166.64581398
-27.48207273 -771.99485000 159.21896277
-29.19662083 -761.67290625 137.45854970
-27.27869259 -771.15140370 157.99205132
-18.00991351 -773.17871622 160.44627014
-17.87270000 -770.91413704 160.44905503
-26.25628966 -768.89275862 155.53765681
41.62259583 -861.98361250 254.87538095
-27.56114800 -766.15962800 146.89187695
-29.32607018 -762.13468772 140.25045639
-28.13933333 -760.43135833 134.25400317
-50.46012203 -759.41801525 124.18024027
-26.87807037 -763.28554444 127.27515132
-44.65792000 -760.10350000 118.14218095
-42.24045413 -757.26225505 111.04828279
-41.51590588 -757.12507059 109.53446919
-28.80222500 -762.80907500 137.96805595
-27.95863333 -765.91243333 144.39031429
-28.32529231 -773.30360385 149.35656941
-30.35270375 -768.41336750 169.75294220
-88.01981844 -779.73442172 157.84643956
-88.70215882 -781.97477353 160.02132507
-94.07388523 -784.96060341 160.20142300
-105.65062198 -788.44337931 155.07573397
-108.83805045 -794.29369970 155.50020965
5.68270503 -803.99871824 214.91750359
-36.20034038 -777.11481731 205.77628608
26.64946864 -838.81807955 244.89723777
29.62673740 -838.68421947 251.04790920
-25.59283000 -771.06500000 143.06825095
-25.26180000 -773.89108333 149.34098095
-12.04368030 -780.09096970 175.46770974
41.36909839 -854.13782972 262.96751469
50.14779771 -862.90427402 260.03686278
50.27981842 -865.63561283 259.57314214
56.07914753 -865.90688302 262.80281984
55.62035333 -867.91995333 261.72144762
55.83462295 -862.87494000 266.23442062
62.04907778 -868.89025448 265.75944153
67.81717685 -871.34271667 268.73534947
2.89683333 -824.45951667 229.24641429
11.88027091 -818.11345455 226.37690277
14.61182381 -841.18315714 241.15625714
26.82943103 -835.81243017 247.93077233
32.65615338 -844.31364060 254.23595614
38.60685105 -853.93046993 253.39510753
41.36471748 -853.66082233 257.08614649
47.54874267 -859.08449440 266.19124216
87.98792222 -877.04118889 279.56423651
47.61463412 -859.48558531 259.72857290
44.61421950 -862.84760638 256.40517492
55.85818068 -862.63786970 269.22098929
-33.07671333 -767.89286000 159.15417429
52.86396614 -862.56806569 262.69389201
47.38216744 -865.03734186 258.12161118
59.54864043 -864.98889681 269.36442776
56.15563548 -868.36815323 262.63017611
32.54324828 -856.41115517 250.36215681
32.74313898 -854.10774068 249.93338434
29.77546866 -845.02080896 247.22499737
20.48267188 -847.19845313 244.71522158
-33.21293378 -774.30379324 194.28948366
-96.76848182 -785.58261515 157.99226075
-91.09124286 -782.88731299 160.15743420
-103.00078364 -791.71898273 157.77656641
-99.10966667 -789.26253333 159.94123095
20.83899424 -833.12972734 238.33175433
24.02104250 -829.82480750 244.16430095
26.91791250 -852.77115000 247.73746845
30.02531538 -841.40477115 250.71935980
29.75176087 -840.16431739 253.37498530
33.11722632 -847.10276316 250.20407569
33.20117143 -852.36480000 249.94472381
35.97022000 -858.79528000 251.87328095
35.68783529 -848.30217059 259.26038978
-100.26860260 -783.09717273 154.04669913
38.76788393 -857.04250179 253.06008988
-48.04450000 -749.80904444 122.65006984
42.21236667 -855.82793333 255.92833095
39.08404000 -852.02154000 261.97424095
44.45241622 -857.29034865 265.25327555
53.79781857 -861.95693714 266.18905952
59.62250164 -865.17173115 271.63345800
64.72991000 -871.16085333 267.19879595
83.33720377 -875.51511887 280.06802812
79.96816651 -874.16405708 278.05646444
73.84430833 -872.91703929 277.19760833
76.48811939 -874.01847959 273.24318503
86.76443333 -876.78909167 279.01474762
89.35814286 -876.98390408 280.55574830
91.71788209 -877.45537015 281.78263916
74.65293333 -873.85389167 272.36240595
68.77795714 -871.03019048 275.41716667
-33.05727273 -766.93045909 155.57016277
51.16963333 -861.73450000 261.88404762
18.19325000 -845.01105000 243.88073095
21.12924286 -827.50754286 238.07407381
21.16980000 -823.82160000 237.85213095
17.99267267 -830.33362558 235.09250421
18.12776000 -828.28645667 234.91928762
9.17433333 -834.95020000 237.34748095
6.89450000 -831.49576667 234.93698095
5.04613333 -828.38153333 232.97391429
9.21618333 -813.85616667 222.90818095
9.06717184 -812.14779223 223.20122464
5.95884648 -812.25016620 217.21385560
-0.26600000 -819.69130000 222.71708095
6.09670000 -809.77563438 217.18782470
3.06320500 -800.58399500 208.33508595
-9.13133636 -814.08856364 211.86225368
-6.40341429 -807.51954286 205.09079524
-9.06002533 -788.03894934 187.54735257
-17.83200000 -799.53730000 196.01478095
-8.92967473 -785.24369011 187.27876062
-12.40045000 -792.59170000 183.90215595
-11.97367872 -788.84483404 181.23576606
-21.07963333 -795.32118333 187.07511429
-24.01519000 -790.23498000 178.32630095
-26.80715000 -784.07970000 170.05773095
-27.01115000 -783.37635000 169.06505595
-32.89866429 -774.56397857 200.55059524
-37.90956667 -777.60510000 214.39961429
-33.11684865 -774.43734865 196.93066879
-35.87522535 -778.66639930 197.77164011
-29.93292222 -771.56222222 190.08435873
-29.85780000 -768.62430000 171.99058095
-32.88217857 -771.49699286 175.58070238
-32.98217500 -768.31505000 162.10498095
-33.33825000 -768.75910000 158.59738095
-33.09160556 -766.47527222 152.42028651
-32.91418333 -765.43378333 151.71271429
-33.30630000 -765.78410000 146.77828095
-35.80803333 -754.27083333 109.68301429
-37.97449231 -752.87009487 106.69669377
-38.52599167 -754.18561667 102.28099762
-39.52947143 -755.12200330 104.58979634
-40.97790769 -756.85703077 108.33338864
-45.21629500 -749.52990000 116.81032095
-45.91247353 -749.36845294 118.67848683
-44.40091250 -749.80758750 115.30829345
-38.55288667 -755.12991333 103.48684762
-17.82485000 -777.22540000 163.04683095
-47.69307500 -749.31477500 121.62965595
-66.95102500 -768.56931250 144.94711845
-75.79199130 -762.17470580 146.09955342
-81.36611333 -764.99219000 147.59883429
-82.66700244 -771.35810488 151.01542242
-82.41507105 -765.37286842 148.09136779
-86.98445000 -768.26564000 150.49445762
-90.29979322 -780.20389153 157.44269621
-90.42728333 -777.26007222 154.14714484
-90.30601923 -771.16934615 151.28446557
-93.47276032 -774.12494762 151.78811905
-96.38341639 -776.90343770 152.74283013
-96.54076000 -786.22101333 160.21327429
-106.16104526 -794.48554421 157.99497779
-108.13092941 -791.66712471 155.40895389
-109.25450723 -797.40361807 157.73356408
-111.59215000 -799.61585000 157.49348885
-14.95068485 -783.00359697 172.35185065
-87.58018000 -768.44402000 150.97730095
-35.92349333 -780.87435667 201.38670762
-38.96720494 -781.46796420 215.84476861
-41.98727037 -783.96117037 228.06076243
-42.60783333 -783.57520000 229.41181429
-43.53178966 -786.37575172 238.52097061
-44.01107700 -789.36987800 248.09655995
-2.91906667 -819.68513333 223.83971429
-11.91120000 -810.87070000 207.40613095
0.13122000 -807.02678000 207.96495429
-33.12390000 -774.58630000 202.31868095
3.08352500 -804.23902500 210.96625595
0.00132500 -800.84864375 205.29823095
-9.10670000 -783.62310000 186.98388095
