-129.93771235 -735.65318381 154.98287973
-42.67671802 -736.85417367 86.53702559
-131.90382873 -734.66831326 151.99684546
-123.75835433 -734.12454378 155.17937206
-108.74555197 -724.86601601 147.50764643
-135.36184587 -737.26036972 154.44893290
-42.84528163 -736.30011859 62.60843447
-132.60373927 -736.49884555 154.71020389
-4.67459885 -749.58406897 264.33055649
-134.65003333 -737.29578333 153.72195476
-100.16379239 -728.34192543 149.11307473
-112.28540000 -729.28218489 150.92545848
-92.23660811 -734.69048108 148.28063629
-42.78041351 -733.52832432 33.37050927
-126.63121855 -734.66684522 155.29945056
-130.44936649 -735.66745653 153.25252210
-108.29513243 -726.21046757 148.07652278
-108.88937096 -731.15618541 155.34508143
-102.73190779 -732.32286169 154.85422468
-102.44550000 -722.83237979 146.18209802
-42.21719922 -731.52660859 26.64943862
-59.88735484 -731.55952043 117.67696068
-127.65900383 -735.21612186 153.82549055
-132.68402854 -736.16554823 153.02602995
-129.82365114 -733.94683374 152.12756775
-127.18185847 -735.25504918 154.55313646
-43.11017557 -745.38854901 158.64755494
-128.76962187 -731.89974375 151.74532455
-46.38461615 -743.16410974 152.71710611
-110.71480000 -729.07450000 151.22307143
-26.30062683 -758.78950732 68.40357387
-124.30086277 -731.42055839 151.32079917
-35.12751837 -736.90976327 45.80415408
-128.78733636 -734.94960000 155.40818506
-115.66191250 -726.10418750 148.13067143
-127.06181482 -733.84452049 152.53696106
-118.20744584 -730.02205152 150.67419885
-126.63973131 -731.29424082 151.51477913
-110.12410462 -729.14948615 151.09390989
-75.24621494 -725.25567662 135.62438896
-46.02123162 -746.40870687 167.66869874
-124.25801105 -733.60139504 152.73340002
-38.85161911 -738.70844665 170.54175058
-106.01690986 -724.80878427 147.01364286
-50.43305000 -731.18380000 106.29897143
-123.50070300 -730.25544775 151.01592432
-110.19546667 -726.03183333 148.20260476
-40.60311092 -750.37134130 180.30413389
-123.17009074 -728.83922037 150.80014365
-121.07273941 -732.94692344 152.84317117
-32.58750571 -740.37440429 193.85105143
-111.96695349 -727.73465540 149.49443032
-45.80192435 -735.63811279 92.88969536
-19.07676683 -752.35690609 230.60080424
-120.98436561 -730.25346387 150.77012198
-120.62764709 -728.33124641 150.18108623
-120.93100418 -731.71159024 151.44792300
-34.87497129 -742.52703129 182.61963281
-76.82330560 -734.38989142 140.26337106
-120.82443029 -733.46392494 155.40435575
-73.54590433 -733.87414706 134.44666076
-115.11358949 -730.99050530 152.71670801
-81.33527996 -732.44478326 141.53391998
-118.00995872 -732.60925307 155.55436606
-117.97143310 -727.91908816 149.57834333
-118.40898386 -732.37675020 153.39546605
-56.46735000 -738.61615000 115.40627143
-112.53509944 -725.87412825 148.29523132
-38.18749459 -738.38561081 45.83079846
10.37790000 -740.99690000 282.98017143
-117.76266996 -731.54277651 152.17454663
-116.61523636 -732.01979091 154.47439870
-76.08683375 -730.77302807 134.59124482
-114.83303083 -731.76502586 155.39340557
-115.30723700 -729.64781101 150.73967479
-40.82999121 -733.55095460 47.84686683
-50.93135944 -735.98068715 102.58476902
-71.30059710 -731.07666739 130.44451491
-47.74083183 -739.80650519 143.72915413
-26.80303472 -753.29594861 57.74841448
-34.86813540 -739.52911593 182.53600742
-114.25598000 -726.00740333 148.25717143
-114.87645598 -727.49324194 149.25563044
-115.89363003 -732.17374731 156.13443064
-27.96525096 -748.47796188 218.62902753
-42.94520000 -732.10083333 30.43983810
-114.08166703 -725.68400541 147.99342062
-111.88413227 -730.12130215 152.62517589
-112.13017645 -731.43754376 155.55192369
-112.41166484 -725.26709258 148.01869448
-48.75325896 -736.51134938 98.68242821
-112.41488571 -732.16025714 156.75461429
-109.17591789 -727.92685269 149.75213883
-36.67343053 -737.76996158 179.50270985
-36.10854099 -739.54894581 179.47572888
-102.93187075 -730.33484073 152.62972791
-109.15579745 -729.90068797 152.75201069
-45.73552264 -737.33181966 137.73475672
-14.35432000 -759.14776000 233.24865143
-41.55803333 -743.86143333 55.50203810
-62.00799818 -729.61301818 121.57169779
-105.20321875 -732.13915000 155.96300893
-32.42458519 -740.56083426 195.01582050
-14.75780000 -750.04180000 250.70423810
-108.15627879 -729.01011818 151.35483506
-106.41036737 -731.36170016 155.37322706
-34.30576932 -748.57399614 188.71308699
-105.97463563 -729.94807281 152.85544726
-23.03269725 -759.60816147 219.24654941
-31.13528190 -751.60223286 200.79406143
-65.77173182 -732.47721364 123.92806916
-105.86115477 -727.86689490 149.63788691
-42.98198327 -744.67028653 152.78821408
-106.06134578 -728.98828554 151.36092324
-105.89413834 -726.42488775 147.91772321
-43.40172030 -736.46071621 107.74586938
-89.10223947 -731.62502544 145.41469248
-41.92616102 -753.20916271 186.84188160
-50.28336404 -738.73070674 103.54630738
-41.83436667 -735.21882407 35.61566587
-47.57708182 -741.20232727 144.85757143
-41.44488723 -738.02273830 153.08502675
-37.09766375 -751.64975424 188.46391442
-103.14648123 -728.08025838 149.62243089
-103.01820403 -724.65063626 146.79740562
-103.64764367 -731.64811796 154.68574653
-102.96709049 -726.56693902 147.84451176
-79.34229253 -727.61565277 137.05589528
-51.27162500 -738.63139833 105.21347421
-45.24491297 -736.51411551 110.61700323
-3.38403462 -749.32735673 266.23191662
-68.64790000 -732.09995000 127.03367143
-65.16363469 -729.69207551 124.45495102
-34.36624736 -745.55919952 185.87757919
-34.59335522 -749.48068451 59.19543301
-40.87119966 -733.74240335 50.43612185
-22.07616551 -751.23577429 230.47888633
-33.27973950 -752.22422300 197.07226618
-87.93734599 -724.57369088 141.60659847
-30.50878313 -745.67612000 212.49046049
-41.37099545 -731.97423864 38.32973961
-34.82411880 -746.72411966 55.58819536
-103.89452174 -729.00596522 151.29280186
-40.23462151 -742.62896017 149.73099061
-30.90346096 -745.62535617 203.76684221
-59.01237689 -729.62400000 118.63998794
-39.88689391 -745.77899886 164.75767219
-102.25480556 -729.19555889 151.01547587
-84.61332843 -730.05560038 141.14913817
-96.81940225 -722.43759673 144.30572133
-46.11269042 -745.77956908 164.79669702
-25.52086985 -758.65024226 65.30819350
-101.67206667 -732.34423333 154.12529365
-100.37885734 -731.00743852 152.25117682
-44.06362870 -746.79000278 170.31058439
-99.76831885 -726.89171422 147.49484523
-21.52698895 -751.58481123 227.93017248
-79.21029279 -730.95673703 137.62018691
-45.24038805 -739.46187699 110.76167585
-31.98949529 -754.00393403 201.32407405
-25.92955638 -754.59717061 213.01041376
-15.81273202 -754.38912782 233.46366565
-50.63612500 -731.70928125 106.02874018
-43.79061442 -746.38749135 167.41880076
-99.81510575 -729.65154270 150.54323669
-42.14689147 -752.41598671 185.15632222
-99.89918380 -732.68008177 153.32525295
-43.19932650 -747.71783419 170.65698567
-99.67823095 -724.51423967 146.22302280
-43.14123479 -737.41733786 137.72396408
-99.66906850 -722.54047381 145.72775720
-81.08276531 -725.71262245 138.91385714
-24.60935947 -751.42117912 218.47565939
-41.04668747 -737.57433668 161.77563145
-40.90260417 -743.95185833 55.51673115
-42.59103567 -732.52391783 48.01427572
-34.05377194 -742.67777084 186.00409484
-42.79677045 -735.31967273 51.23372143
-33.20381870 -755.05383821 200.27069419
-101.24784286 -732.69891905 154.37529524
-85.02888725 -727.60947663 140.62658079
-38.41150750 -737.78506250 174.62545143
-37.15371326 -749.02311226 62.34536555
-44.63420000 -735.44078889 65.73163810
-23.03859422 -754.72561489 219.17791672
-21.37927714 -751.96246476 239.42460286
-41.05686992 -735.95488355 59.72243544
-32.97515870 -753.49670833 63.65230295
-46.18855453 -743.13285797 149.42362971
-98.78191500 -722.13093500 145.04290643
-41.46170000 -734.90655714 74.15655714
-97.65916575 -725.11165867 145.76573528
-35.71600769 -749.90822692 187.61706181
-96.83421617 -730.38039413 149.54543141
-98.12260441 -731.69291471 151.50510378
-43.07435323 -738.35907468 92.78826729
-96.94048146 -727.54502538 147.02602245
-83.31043214 -731.96403571 142.28578214
-89.96152387 -723.73162516 142.05699917
-19.11923208 -752.25806226 242.56874942
-7.74207692 -750.14610000 260.82537912
-69.54291119 -727.70312429 129.27665095
-97.69970238 -728.76937202 148.53150417
-97.53194566 -733.10893170 151.87687898
-98.32923333 -722.79842857 145.27978571
-43.76916537 -734.51956634 92.53908655
-89.14971875 -725.59916964 142.37403839
-40.28507578 -752.28043870 185.69252809
-94.80477308 -731.07002968 148.75545362
-92.53515000 -721.89935000 142.12447143
-54.24629671 -738.51562051 110.72230181
-77.20603250 -731.76158500 136.50984268
-77.97768548 -728.38158226 135.81662949
-37.04652512 -742.44124903 173.52573097
-46.03283333 -746.97428333 172.86370476
-96.38919358 -724.00562661 144.79903657
-44.83061679 -734.75778702 80.65999204
-37.50073096 -748.36732940 179.96594426
-79.58775261 -733.73449194 142.93804757
-39.52300000 -735.07980000 25.05607143
-41.02403509 -753.16865965 186.98896967
-39.52725171 -733.61871200 33.09223543
-96.14594236 -732.94189951 150.68106256
-32.03779192 -742.39555132 197.43960714
-80.20258784 -731.83186959 139.49564913
-43.03633321 -742.89229004 140.62509228
-95.80756437 -729.34142356 147.99790534
-93.96753214 -724.50878382 144.04118036
-94.22071249 -727.91000952 145.97535792
-93.99457395 -733.43181166 149.17114272
-33.28748635 -753.80653598 65.90795005
-40.95740847 -739.48229031 143.80122071
-44.73844286 -736.82057560 152.29211548
-93.75659796 -730.15257897 147.38403597
-78.21794921 -732.57270680 138.51196372
-94.00354639 -722.44124563 142.98325647
-42.53027991 -736.50861797 89.90963583
-90.13329011 -729.65486122 144.77903949
-43.00119602 -737.43154308 146.61089272
-41.49555000 -744.09805000 150.96592143
-95.24275926 -725.85018519 145.28982328
-62.82974588 -731.68805882 120.81887731
-76.09777913 -733.75799626 137.58059506
-45.16315410 -736.16434372 83.90900968
-91.16936222 -724.61679254 142.89147585
-52.96716676 -736.87410924 107.37947015
-39.98008094 -748.00260792 173.71863709
-23.72132045 -757.58830284 217.47054700
-45.67589910 -739.19326205 92.36934583
-59.51380000 -737.67320000 121.32387143
-53.48850000 -737.72190000 109.19327143
-37.92113831 -744.97533040 167.75130776
-44.74218456 -735.00269530 89.75669827
-31.91031429 -756.78963956 204.38373901
-12.81630552 -751.53457356 245.59770062
-93.30781321 -726.77828799 144.83810236
-26.20939888 -749.85884270 218.86762761
-72.80466312 -727.77993380 132.02132390
-74.60853333 -728.87890000 133.06543810
-58.90566909 -728.74563152 119.08883628
-62.40210000 -727.73133636 124.45885325
-92.78379831 -732.59327966 147.98914262
-91.23928489 -730.73571035 146.18637189
-32.80740486 -749.22256806 194.11667560
-42.63667979 -735.90462487 56.58611271
-88.62206360 -727.80438904 142.78293246
-90.95813781 -727.57707482 144.02276206
-41.41461215 -741.41971028 131.97452190
-43.01015128 -745.15903553 155.73212729
-92.14543243 -728.84599324 145.43860927
-91.87673263 -722.67349632 142.39234669
-73.51007805 -724.84254774 134.29894808
-43.26440405 -734.52186562 80.54582608
-78.75448716 -724.82014591 138.38725003
-90.93079953 -733.48307472 147.18824511
-43.24846804 -737.20721396 131.69942618
-39.63136968 -733.94628280 20.45090671
-43.31886255 -736.66234045 110.54761615
-44.55550000 -750.42423333 187.79973810
-32.35496233 -740.72237192 196.95501321
-90.69094298 -722.32821782 141.84983977
-35.17477708 -756.39405208 198.72713601
-55.69270195 -738.43537821 113.40908738
-57.06917295 -736.05580967 114.30329930
-41.90998406 -733.58846304 18.22759027
-42.68751518 -732.85332692 50.46629511
-27.02636829 -749.58499268 227.59364582
-90.24675000 -735.10700000 147.45047143
-88.05996080 -722.51866784 141.27861548
-45.54069589 -737.21971812 143.65782657
-38.44397056 -742.57296449 162.48682873
-60.16659083 -733.57024902 117.18392448
-41.89989369 -731.74373964 38.58110386
-65.37000000 -734.97618000 127.41436143
-49.85647945 -736.81510675 101.28136841
-87.92543419 -730.46675903 143.87745294
-88.07798553 -733.60488396 146.12757038
-45.04713178 -736.09140561 80.72631348
-36.94794552 -742.10566276 50.88150634
-31.52590000 -744.07860000 211.24477143
-62.90919815 -732.94154444 120.56504439
-35.94745674 -750.45755266 63.20125638
-42.06161667 -738.11553333 84.47162143
-86.80267111 -729.25903333 142.03819143
-82.06179514 -733.10013276 143.57588122
-53.05642427 -731.07456187 110.06040103
-36.49847722 -745.65909443 176.78812991
-87.18441698 -727.24908593 141.79253095
-87.13401414 -732.44642042 144.83792954
-43.05963814 -736.22437743 95.58452779
-85.21440985 -722.67588333 140.81347926
-38.98015992 -737.41363036 173.44880040
-84.99550068 -724.61262595 140.73778746
-85.37150935 -731.27996588 142.87278513
-58.10540034 -736.52897428 116.69338908
-85.33301792 -733.86926808 145.76363071
-3.37858533 -753.44383467 254.15549010
-58.36714545 -738.15307273 118.59762597
-5.11526389 -749.96514444 255.83396310
-84.85305338 -732.76676982 144.24043064
-43.20732882 -736.27152469 98.77803291
-47.65497647 -739.56769412 96.76752437
-32.53930000 -753.07830000 199.49127143
-35.98337353 -755.69962843 196.90371261
-76.15237393 -727.81337093 134.71306179
-43.05721314 -734.41719199 77.68991999
-76.31140693 -724.67399380 137.03069406
-35.03287519 -753.65727143 195.41959023
-43.29223668 -748.41274384 173.82348155
-39.31409185 -739.36786616 164.56783489
-29.44040476 -746.98427143 215.16872857
-82.29474222 -730.99597278 140.30876600
-37.10682503 -739.55707441 176.58584302
-47.66529902 -745.59223333 167.01428417
-39.34262415 -742.68079222 155.77884196
-82.40993064 -724.50892360 140.04492174
-74.37863455 -734.89684000 136.46813506
-82.78491728 -722.82624691 140.51497266
-57.05265981 -731.57739234 114.54822502
-41.87841092 -731.48381933 17.74081176
-83.05379870 -727.40280945 139.49822387
-46.13238752 -739.69251373 122.78791230
-37.99005714 -756.21798214 195.72496429
-40.04907437 -744.78574458 158.75426565
-39.98672926 -731.27585279 17.67836957
-57.86901765 -728.94939412 117.94906555
-83.01173333 -733.83924493 145.38287433
-42.56402786 -739.76240304 119.68773222
-39.57830029 -739.43180973 161.76140953
-36.28065172 -737.71257931 46.46865764
-81.37327856 -730.08659562 138.62573011
-81.68391310 -727.83908401 138.55354253
-47.14156627 -739.47422075 137.80420869
-59.05193705 -736.99929760 119.19389407
-78.96664152 -733.19973916 140.70254285
-49.16039857 -738.70741649 101.54438720
-78.01928879 -730.04187284 135.75348264
-37.38317246 -734.77046232 43.60267723
-43.26692337 -737.16230629 128.67836033
-36.22753193 -752.32529254 191.26891106
-42.68452230 -751.54207811 182.75956437
-18.22072963 -751.86507901 245.05106279
-56.80772063 -733.90980106 111.73259630
-40.59612143 -739.41680607 149.68664804
-56.59821364 -738.29113182 115.03736688
-42.61397415 -736.95671435 158.69405048
-32.29445143 -739.32904857 49.03077714
-28.05813430 -757.74241627 65.68591057
-41.45375652 -736.71523913 74.42828882
-79.76016408 -723.77692718 139.52161512
-44.94679121 -744.21147692 150.22017582
-37.20547426 -750.82575815 186.33293828
-35.23142632 -747.38850877 183.21656090
-41.64418873 -738.24505775 146.40433199
-80.50460000 -723.06100000 139.74847143
-20.56583333 -756.23371667 223.27662143
-47.58183333 -739.21383333 138.86347143
-38.03104886 -734.20398977 42.61708166
-43.23483164 -738.32834539 89.92937294
-42.80770299 -747.29696831 167.97089131
-31.16459167 -759.17572500 207.60991310
-43.01073500 -743.31472452 143.58811619
-25.34330357 -751.60583876 215.69789546
-22.02937335 -751.26119373 233.68904071
-53.69421000 -734.02705000 105.98699143
-77.23247500 -726.30027500 136.32054643
-7.57062100 -752.34274650 249.09920068
-45.24161753 -741.74680575 131.53925131
-48.18906617 -740.16161780 149.51556520
-33.06321270 -739.98526252 188.46891798
-75.21272808 -732.93784137 135.51237513
-75.59597119 -735.26056271 139.59821889
-74.90377171 -735.35639024 138.26918557
-27.43425560 -751.58991680 209.72463699
-74.78745195 -730.53902338 132.94670390
-45.69967554 -737.33191959 140.64208117
-38.55410769 -741.15900769 163.34021758
-61.43907198 -733.90643949 119.47796738
-24.49614286 -750.58360827 224.62501278
-38.64812308 -737.20929231 175.51269451
-32.25888317 -745.60746714 195.33847603
-73.90946728 -735.76302128 136.93974832
-42.97546000 -738.71057417 98.71827893
-34.20899780 -751.77202025 62.64640209
-61.57353696 -728.25668043 122.52051708
-17.04762020 -752.72232167 233.93751232
-32.99189732 -754.21493839 67.48224375
-45.17827118 -736.37005732 107.65086840
-69.68391952 -735.93129229 132.02270981
-72.90415848 -730.82130541 131.60604365
-63.40114660 -735.48227190 126.18997951
-37.32806075 -728.06094471 16.68743354
-47.28206838 -732.47298456 100.51863319
-34.55457876 -737.61307876 46.86656656
-42.48644849 -736.85213781 80.58370239
-67.81216372 -736.21634469 130.84565771
-40.27447809 -749.03986018 176.80645007
-74.29137755 -731.76039388 133.57534898
-35.61298125 -738.54776250 181.32509643
-74.10685231 -726.87797538 133.52869297
-36.88353956 -754.75346978 194.51869986
-17.12946291 -757.82278237 228.38416688
-38.16098247 -750.33819381 183.13788380
-45.95612386 -734.29744024 95.80815397
-9.67039032 -750.01459355 255.28252304
-30.66639316 -745.64546602 206.79616733
-39.44471782 -733.10276366 30.08278046
-13.17966319 -750.89495537 248.70478511
-38.41791667 -733.07106667 16.79968810
-43.25861653 -736.38978277 101.68846185
-72.62071257 -735.81221950 134.98196915
-30.90179497 -754.29947634 62.88487299
-72.17133357 -733.04506070 132.34258569
-72.11763653 -725.13527066 132.53911514
-71.65315937 -731.01825312 130.07981830
-40.14132184 -739.41932580 155.70148117
-37.75965163 -728.50179542 15.71584006
-71.57533333 -735.13770000 133.12237143
-42.91546877 -739.03553451 104.70803363
-70.50536458 -733.85613101 131.22977143
-29.50310000 -756.03500000 68.83677143
-67.01555244 -730.74314572 125.79518903
-70.69677673 -725.27748564 131.04434816
-44.88619149 -741.30014681 125.96029271
-33.71663766 -745.57448493 188.65867285
-53.95288713 -735.90605351 108.40965695
-43.29114064 -744.24382632 149.82995242
-41.25471167 -736.08270978 65.66154777
-41.30632388 -734.44328201 62.71938804
-34.22645026 -739.33252116 48.49009881
-8.37882000 -752.97715000 247.02292143
-71.00534509 -727.34508035 130.62354946
-41.69225000 -735.14985000 34.12124643
-71.14876543 -736.35708936 133.67697728
-70.01292430 -730.95209378 128.78674690
-42.87081774 -736.19121281 92.90750063
-57.81260119 -733.82454252 113.81335279
-33.07175979 -745.53159372 191.49925289
-30.19956238 -756.57422270 65.84556921
-39.74627064 -733.99115092 12.00444515
-48.34818056 -743.74488785 161.10737872
-41.79253373 -731.52474337 14.82974854
-45.03624899 -736.11948812 98.72370476
-39.23069888 -746.65682191 170.23233238
-69.31094211 -733.04917287 129.27159130
-69.14744696 -725.52723304 129.69709925
-68.69900000 -731.69210526 127.00012406
-38.38899200 -740.79256320 165.14788303
-67.38372462 -734.12362172 128.26218885
-68.32525370 -729.79886667 127.44240847
-30.47863412 -750.51020616 57.71258186
-40.07482967 -751.00148492 182.74774535
-45.33111641 -736.64839313 113.70359205
-67.46960813 -727.24027314 127.97695202
-40.01550029 -731.37179288 20.76845574
-39.40315833 -739.86384085 47.76448548
-27.95247900 -751.59495068 56.65335980
-67.75192248 -725.78989225 128.70058228
-37.08420807 -739.69189926 48.05588189
-26.54945000 -749.87020000 229.25032143
-46.68369228 -743.41381510 155.55901136
-66.47076417 -733.10938833 125.89082098
-66.55441646 -735.67536677 129.38113585
-38.69399828 -747.43176897 61.68748005
-66.45343265 -728.35453469 126.55433129
-41.46782857 -740.55561429 129.20467619
-65.70869643 -731.70602500 123.99431071
-34.87148095 -751.01129887 191.75022540
-20.88815080 -754.19810880 223.90365583
-64.66920721 -734.43814963 125.45792429
-18.80837131 -751.99108462 233.57756977
-64.08515587 -727.86905960 125.36013303
-43.59133915 -743.43005132 155.82207513
-63.98518578 -730.67893431 122.74186806
-64.39376187 -735.77141126 128.03542937
-55.37652899 -733.46715864 110.52503384
-63.85916484 -733.62358207 122.79769346
-15.34680000 -750.05925000 249.86197143
-42.24715474 -731.57360053 29.61970564
-10.87745347 -757.05442545 240.09078891
-65.36785000 -726.72115000 127.34107143
-47.85819171 -744.41176914 161.73852514
-63.09035725 -728.61494656 123.60483097
-62.70362679 -735.19546429 123.82106429
4.72599461 -744.96623054 276.01526245
-54.86694843 -736.49933352 110.62310935
-18.78128342 -754.50091002 227.61119927
-48.93971188 -733.36745561 101.64833697
-41.13483750 -741.22224375 48.84838393
-27.53458246 -754.60242152 209.69986058
-61.94181420 -736.13463245 125.15149901
-62.19885442 -734.78686599 121.83743197
-40.52391778 -735.42361778 48.06232698
-61.16101908 -736.13821414 122.62729076
-61.00775367 -730.53616237 119.80280141
-46.97817860 -739.46296678 134.58186064
-44.56891538 -734.28632308 62.92320220
-39.81271642 -742.81790627 152.55507919
-42.87864355 -750.65396918 179.78403448
-37.89780830 -747.60772455 176.92231980
-42.80424493 -743.39553623 149.15265742
-42.87928133 -738.85164167 101.86271410
-60.18070164 -735.88608465 120.01964753
-60.17115728 -728.59409175 120.49345929
-45.20247788 -734.88752960 93.09486676
-38.65480477 -742.62626870 161.41364714
-42.48588754 -739.85830067 122.61463246
-40.06572043 -736.19976894 42.09494845
-59.66738696 -735.22063913 117.97574534
-59.62360000 -733.12720000 115.04177143
-42.03113542 -731.62157708 35.73818497
-32.62198774 -745.69569811 193.62329501
-15.89740851 -759.27804894 230.41164271
-59.04899579 -734.02294052 116.00084971
-52.59762148 -732.83384755 107.42307427
-34.36468472 -756.98502083 200.79915441
-17.91495196 -759.46391225 226.94122927
-32.31080000 -740.99606667 199.27460476
-57.94276548 -730.50797313 116.76352698
-57.25610793 -738.26671402 116.37635618
-17.98319295 -757.34875376 227.14767500
-24.78238800 -750.54828500 231.02538543
-56.17502151 -732.56694839 112.53123917
-55.96534966 -736.83146201 112.97065990
-40.30057070 -744.50641475 155.92194499
-44.54112000 -735.20450000 62.94319143
-55.32717588 -730.85598395 113.51814220
-56.16506104 -729.92544351 115.72804610
-40.39319322 -739.40202390 152.65716590
-39.19128158 -746.11425546 59.48860526
-41.45236047 -736.31910853 71.15360476
-42.89500100 -741.48166533 129.07530610
-36.05418127 -751.12468813 64.96373792
-43.32771992 -736.41616720 104.73893031
-38.48980000 -732.66043333 20.18733810
-54.33739771 -734.06214924 108.15126806
-53.34400769 -732.18680769 109.32443297
-54.20241223 -731.40242058 111.32658153
-41.70588947 -733.45568421 14.38110038
-42.59393381 -739.60063697 116.74027306
-45.58570898 -747.64815007 173.56479970
-41.47072500 -738.04820000 150.76029643
-43.60285593 -734.78209209 86.49116293
-53.42167368 -738.71653684 109.42992406
-31.85622664 -752.71597664 61.56062750
-38.22234652 -742.52425594 164.61051016
-35.80940833 -757.51528056 199.64042421
-41.08024321 -741.77570031 137.76794118
-52.66652458 -738.57629181 107.78561521
-42.93783657 -749.35467948 176.56795418
-37.63971213 -745.26124236 170.69245100
-46.85258336 -739.01616775 128.69258645
-51.58990320 -733.66711582 104.67077525
-45.09006096 -741.56587671 129.05009951
-51.61075214 -736.53713531 104.44485851
-51.79248147 -731.47056942 107.91472746
-12.13385128 -750.22238333 253.93055604
-41.57105000 -738.11471667 149.22034921
-48.54847388 -734.47221128 98.95651665
-47.32455664 -738.98383805 146.21252718
-51.11321637 -734.47442632 102.31694921
-38.44528000 -735.23978000 43.09183143
-27.97432257 -748.60076631 215.69177743
-42.76687178 -733.44403884 62.78331056
-31.31928349 -745.61459841 200.61801619
-50.55710000 -734.69870000 100.10517143
-41.02135668 -733.76081335 53.82991526
-49.99262348 -732.72488500 104.14981534
-44.76458880 -749.65154480 185.48571143
-41.40693353 -740.53553176 132.26139731
-20.44426154 -752.89295385 225.93445604
-25.74682776 -755.26839650 59.64750372
-32.25997574 -742.71183082 195.22542258
-50.45630667 -737.86146667 103.36713143
-31.18310174 -749.01315822 56.40058372
-28.05613774 -757.92473946 68.13986687
-49.73014123 -731.67491662 104.83737174
-28.01164751 -748.50845591 221.56913547
-44.91776812 -736.17245942 77.82109027
-41.19665552 -734.26781890 59.70632085
-39.82451942 -745.10481587 161.85123479
-30.48037842 -747.68323655 54.57802940
-42.01905294 -742.26588000 50.58682790
-41.69948400 -753.47214400 187.48173543
-42.96868969 -737.32512860 149.68448218
-35.64801429 -737.89063571 181.52492857
-48.27343267 -742.66475693 155.66582473
-48.31952332 -743.31704963 158.58418697
-48.19964137 -742.08515686 152.74512515
-48.52254320 -740.74406391 152.08045959
-26.22943333 -755.98628333 61.33271587
-45.02238902 -736.93327122 149.65064888
-47.86972748 -736.05519656 96.50982181
-48.16423922 -731.90966275 102.27490084
-47.91119326 -734.92056854 96.58748042
-47.99774615 -738.79056761 98.71174754
-48.57390000 -741.06270000 154.48057143
-47.87266140 -744.92211398 164.82340912
-47.98808050 -741.82777057 149.99128597
-47.92571295 -739.74626432 146.67262597
-48.19576667 -743.98273333 163.36560476
-47.78475088 -741.44547456 147.06728546
-42.12359718 -731.52237465 23.58147706
-38.46988814 -733.12132113 13.98255957
-47.70130600 -744.24410200 159.32198343
-47.60021628 -739.61650698 141.36608887
-47.57550000 -746.24260000 169.20837143
-46.03282617 -744.86019113 158.75769865
-43.41774149 -734.67196267 83.79534070
-46.42135199 -745.14524969 161.78460019
-44.59410000 -736.72380000 154.80597143
-47.25353991 -739.19882654 140.49581924
-46.22004942 -736.27163223 95.62883325
-46.79256379 -738.85952069 95.67340850
-46.71131253 -733.31778691 98.59118150
-28.70149614 -748.72523045 209.63174779
-44.40045455 -750.29110909 188.06154416
-34.70168277 -752.37746044 65.39489606
-42.85058071 -739.18676730 107.71333122
-42.17459882 -731.62627235 32.44762143
-46.15755435 -742.45963578 143.74119715
-42.36463117 -736.75363790 77.61197237
-47.08746147 -738.59261559 143.56138172
-47.28991333 -732.01579333 100.79296476
-46.12123935 -742.81526484 146.85966385
11.29288493 -741.36835890 283.69604540
-37.13883722 -746.05191561 56.44799156
-12.70562980 -757.33998816 236.74808762
-47.35564444 -740.39274815 149.45791587
-16.79158546 -754.96210685 230.73950809
-47.09607286 -743.69735929 158.25290214
-36.69046421 -748.18328799 59.74277543
-42.95098529 -733.46968235 38.48464496
-45.38791711 -738.47387237 98.52437274
-46.22956217 -746.81542485 170.16497475
-46.92001696 -739.23498481 131.70748258
-45.67029565 -744.69654155 155.84276587
-29.40610000 -756.02872000 64.28683143
-45.88989413 -742.28513883 140.66498971
-46.70260085 -739.04717621 125.61861231
-29.33167333 -749.67424800 204.47952610
-45.87801049 -741.97316944 137.75920785
-41.94757778 -735.42481587 38.55459048
-45.67668393 -737.26224093 131.72286264
-42.80029253 -739.60447077 113.72327877
-45.78488635 -737.33315827 134.70233946
-31.46684978 -748.54411201 197.51895745
-45.50332101 -747.27113214 171.08846102
-46.90353333 -732.04990000 99.99907143
-46.06706279 -739.49340172 119.65721360
-45.60109991 -737.19080727 128.56597925
-45.67521473 -737.16572894 125.65423025
-45.86097418 -739.48486703 116.95021951
-45.47773737 -741.91962740 134.62632694
-45.52898095 -737.00213942 122.75790543
-45.49035569 -736.91042055 119.61223115
-45.46219340 -739.61305972 113.82938948
-45.41380276 -736.80681283 116.85593774
-44.79101376 -734.64435872 74.64082556
-45.32236620 -744.45483333 152.93054091
-45.24735983 -737.05349100 146.47238147
-44.91035432 -738.80097160 101.92589982
-39.43768064 -754.57884596 191.24389122
-45.34853719 -748.25474253 176.65372214
-41.45781667 -741.16912500 129.56405476
-45.12411812 -736.25286769 104.70459587
-45.24899170 -735.71008340 89.55322537
-45.17578446 -748.84571396 179.56069237
-45.13603434 -739.23846818 107.72265779
-45.08189442 -738.98795814 104.79340724
-31.30893010 -755.40908535 68.02465519
-45.07914338 -736.14308403 101.66736671
-23.26427191 -752.48848876 219.62946469
-45.19480428 -736.40099266 86.78662403
-45.01653467 -747.19036533 168.76063410
-32.74515860 -740.24689558 191.50533538
-41.78798759 -739.24590105 131.54887178
-44.88969928 -749.29043022 182.41293078
-44.85708345 -734.86658345 83.80820021
-43.40048046 -736.87634738 119.68648348
-44.81794000 -734.95082095 86.38592952
-44.85084867 -734.74295800 77.85801410
-44.78708056 -736.18315278 74.98300754
-44.78691333 -750.34160000 179.13837810
-44.73440989 -734.53737143 71.76794835
-44.72364211 -735.97282105 72.05808722
-44.68599444 -739.19199444 91.07224921
-44.67916290 -734.42163710 68.92777627
-44.67389545 -735.72841364 68.81780325
-44.64258571 -741.09611429 124.11184286
-44.61446875 -734.29781875 65.87765580
-44.59996667 -750.01047778 187.42891587
-31.86621316 -740.40380489 49.68626053
-42.90324448 -736.53927897 65.93536557
-43.42733873 -736.67464429 113.68136269
-42.95057092 -743.76660126 146.91475383
-43.30126832 -746.14414654 164.86276463
-43.40033155 -736.79042766 116.71585967
-43.13840454 -737.46389127 140.66326546
-43.29775615 -737.00183751 122.59728944
-42.91046103 -734.26882443 74.67136314
-40.32149798 -731.52501919 26.44578173
-43.02481565 -737.00983811 155.72516683
-43.09657283 -742.12580980 134.51434069
-41.04172152 -731.86955063 35.48160434
-2.22011163 -749.84560698 258.71638306
-38.08173160 -740.15062321 170.93435067
-43.09396888 -737.46204786 143.72011807
-44.37136250 -749.56739125 185.52558893
-43.39995810 -737.01361907 125.76406010
-43.08023339 -737.38321420 134.58788442
-44.09075850 -733.32763562 94.93171522
-32.14873151 -748.39715655 195.13379199
-44.35888805 -749.11550126 182.63211105
-42.86326370 -733.64687712 65.59300960
-43.85581455 -734.90351143 89.86944877
-3.88431462 -749.66582423 257.77021104
-43.03109680 -741.78278744 131.66725123
-38.27212092 -740.53465000 167.77504507
-42.99510561 -737.18091888 152.73083677
-42.40278870 -736.61113913 71.76700621
-44.09661339 -748.89797323 179.55099741
-42.71785167 -739.26652958 110.56199085
-42.89368966 -734.08038930 71.65763171
-43.68293129 -742.96822245 152.81556735
-42.83105891 -733.89818041 68.63500769
-43.27044250 -745.56156321 161.65350296
-42.85879078 -736.73388608 68.65904069
-43.29042326 -741.22549635 125.95426179
-42.99022271 -738.54106335 95.76126306
-37.11574545 -749.93790909 64.34012597
-42.53100947 -736.91345813 83.87518212
-42.98028447 -742.52232824 137.76940672
-42.24212082 -736.64298872 74.80428159
-25.94199204 -753.87513806 57.19411372
-44.39001667 -749.96829444 187.60083254
-40.93209950 -742.06388325 140.67072043
-42.68855482 -733.25902968 59.73102099
-24.33285868 -750.66479779 233.53525187
-42.59096667 -734.43655758 35.56389567
-44.28878182 -741.10317273 124.04982597
-36.02813581 -749.46558874 185.88902346
-42.75457135 -736.08842982 59.55247143
-42.82782850 -733.18221449 56.55557225
-32.42785714 -750.23368571 195.95220000
-42.87654689 -732.91588311 53.90789799
-35.39127895 -742.58420931 180.65583580
-39.78582974 -741.90865345 50.87193091
-42.98076051 -738.16743261 86.95769534
-43.47572143 -750.11455000 178.08688571
-0.80811244 -748.09188601 269.61100096
-43.97306667 -746.98993333 172.62287143
-43.40975057 -743.76596782 158.34477603
-40.56528516 -731.63029368 29.88435220
-43.00395200 -732.41914000 41.85143543
-42.44858298 -732.35455957 45.03048590
-42.07475019 -739.69202750 125.70961825
-39.93081396 -738.56072793 45.34984936
-42.70244111 -735.62982333 53.95144032
-43.45820769 -743.94265385 160.98912527
-42.21869073 -736.87724780 161.47234047
-42.24405085 -731.97932712 44.61776634
-42.49115385 -732.03790000 47.25323297
-41.95746316 -736.67309211 41.51626617
-17.39748065 -755.65254839 229.01226820
-42.74360000 -732.14110000 28.15497143
-42.61109474 -732.18488421 23.55598195
-42.64150000 -735.11840000 48.83247143
-42.06641163 -741.41398140 48.24662724
-41.92715532 -740.67764894 46.89303313
-41.93349315 -733.67084658 20.00969266
-41.82577912 -743.14012527 53.31609890
-41.93131667 -739.48680000 44.85400754
-42.06258474 -731.54705743 20.72928669
-41.98657059 -731.87497059 41.74862437
-31.80402428 -743.45808902 206.53579108
-41.82462050 -736.78294393 164.32822247
-42.21530000 -738.38882500 42.76692143
-41.91498919 -739.40758833 128.72049956
-41.73421783 -738.66285372 134.46184818
-41.73753684 -733.27283684 12.48319774
-41.71791654 -738.38705115 137.62701451
-41.69218663 -738.29346524 140.47559549
-35.24533000 -750.37938000 189.69867643
-41.66197517 -738.22332690 143.58030522
-41.14615603 -739.49899813 140.77759298
-11.81938069 -757.01213168 238.54262143
-41.56617500 -736.65350000 166.49154643
-37.92993560 -737.61054706 176.60988381
-41.07950707 -747.25403687 168.44947496
-41.30371292 -739.78599532 137.62777049
-40.81944957 -739.36900846 146.67715355
-41.11666868 -733.98181949 56.59874707
-41.39139562 -740.08292054 134.81438254
-39.45545202 -733.75679746 14.60828077
-40.76395689 -733.38426128 44.74367821
-41.35179910 -737.93628198 155.84794170
-40.77970368 -737.48048376 164.55243501
-40.55023942 -742.66574298 146.81804842
-39.99826239 -753.68274769 188.92215776
-39.55846067 -749.67544826 179.42246125
-32.59905000 -755.92241667 202.42377143
-41.20699043 -737.76054894 158.96572356
-41.38353362 -734.61204397 65.39519729
-35.61448571 -752.95007143 193.48265714
-40.54205511 -747.48111147 170.77580061
-39.87486288 -743.36146337 53.59047937
-40.44974364 -735.50798682 38.70831188
-41.16210022 -736.03983018 62.72826306
-39.64638186 -731.16307531 14.51705623
-41.44549091 -734.72116667 68.33411082
-40.74514985 -742.39322891 143.74133456
-39.82555235 -746.38937573 167.53361879
-41.02354850 -735.98469475 56.65855168
-0.30235833 -750.75886528 260.29014643
-41.27043750 -741.61170395 134.86568722
-39.65472404 -733.93606337 18.00645343
-41.35071187 -736.20435252 68.48632187
-40.78332300 -731.72587750 32.51918343
-41.48005000 -732.02825000 40.40054643
-40.90618649 -744.28332541 153.16690602
-40.32641236 -733.51061948 41.66603604
-39.71867419 -737.16173613 44.25543853
-41.46978750 -734.81440000 71.42715893
-35.42210857 -740.29186571 180.88475429
-40.16184162 -731.42823506 23.48996061
-40.43049008 -737.34482549 167.60624109
-41.48817500 -736.75987500 77.42884643
-40.58548836 -735.30297672 35.62583492
-41.49690000 -740.49625000 126.33642143
-41.48180000 -738.02400000 145.05987143
-40.79000310 -735.66694341 53.91451872
-41.42025000 -737.99145000 147.41667143
-8.68533125 -749.85196875 259.44551518
-40.43227000 -735.21419000 33.65497743
-39.98190399 -733.51135735 39.03243277
-39.62000287 -744.86507300 56.74526368
-39.87424880 -739.40908849 158.80087926
-39.64020974 -733.56963500 35.48791143
-39.16981905 -740.86170571 49.47334095
-40.62750000 -735.49913200 50.40688023
-39.73322762 -737.34763110 170.67028496
-39.13164462 -733.33280260 23.51168202
-20.42151864 -758.17918983 223.06938838
-39.06664580 -752.77777133 187.93486863
-39.13464142 -739.07651899 167.55614729
-38.95706667 -744.28317949 54.89104066
-39.22189047 -733.29806615 26.41334730
-38.98875752 -742.60067659 158.69423236
-9.83422272 -751.35077505 248.49361382
-38.88009643 -755.55664524 193.81452976
-39.01975000 -746.98453750 61.28407143
-38.47660000 -744.45630000 159.63027143
-38.71015000 -750.00888333 181.30460476
-37.20763851 -749.20374085 182.59057047
-38.66860000 -746.95211000 172.60712643
-38.61912273 -738.27614394 172.64359113
-38.66875000 -728.99495000 15.24137143
-38.61138571 -747.15290000 61.01354286
-28.22800466 -748.66599879 212.74033317
-38.67140000 -756.13260000 194.77937143
-38.03779209 -746.72648893 58.95982676
-38.19298966 -744.74048818 164.76805616
-31.95162101 -742.69792935 200.59028049
-38.36277363 -744.49153626 162.15461978
-37.20741710 -743.59999585 52.91284794
-21.32839842 -757.54955621 221.65025959
-37.79075803 -729.59048248 14.56730683
-37.05205335 -736.67455383 45.14283117
-37.83813672 -739.58519898 173.63154588
5.52870000 -744.02975000 276.83302143
-36.80368491 -744.76181958 54.31400515
-38.47372143 -740.96600000 162.79739286
-26.38150930 -752.80662907 55.92118538
-37.52519936 -753.83445445 191.98853350
-38.26944545 -753.22848636 189.74951234
-37.25788238 -745.63521827 173.68345528
-38.30554878 -747.26994634 174.60272265
-37.02923769 -740.83729269 49.45316374
-5.01284789 -752.34983946 252.42969442
-37.84507541 -742.55421514 167.65266251
-37.47052802 -742.49714671 170.62204556
-11.15695879 -755.47630970 240.64415931
-36.43951631 -756.70465142 197.85973916
-36.08716294 -747.50147832 57.56724520
-36.40157154 -742.48736913 176.64733965
-35.85606427 -745.60982137 179.32958106
-35.76228512 -742.64340377 179.27769973
-35.55750000 -747.04555000 181.58277143
-35.41217984 -745.02925969 180.76812104
-33.90537427 -748.33688622 56.87495361
-34.05890894 -742.58752203 51.06434508
-33.77996438 -740.56229945 49.47808650
-33.91258609 -745.38392678 53.76543733
-34.85869716 -748.02685506 185.97297032
-33.81714441 -751.46664079 194.88577600
-34.37267909 -754.45717424 197.59485481
-35.01049504 -745.34929525 182.66618073
-29.45013158 -746.98483684 213.21528195
-34.51925337 -743.87116810 52.39908861
-35.45548333 -750.03370000 61.36325476
-34.97474483 -737.94118103 182.50911970
-26.01758070 -749.82951754 224.66947318
-35.41340000 -747.22826667 180.88957143
-33.49722506 -750.75189371 60.14300979
-33.41106470 -748.63872939 191.52274406
-33.24688231 -757.63860538 203.45595297
-33.64160680 -739.78607937 185.90009762
-30.92738514 -754.58208239 203.74178868
-33.02455556 -747.14775556 55.12741587
-33.45514792 -742.53584953 188.51333061
-12.98636724 -750.42157986 251.47564686
-32.90275259 -742.57136154 191.43954306
-32.68614286 -758.51126667 205.40657619
-32.69505000 -750.19300000 58.13424643
-32.62905000 -744.09832500 52.14397143
-32.58224068 -742.88290508 193.45638499
-31.10794415 -751.68876116 59.58664402
-31.55208129 -755.33701928 65.63923335
-31.17246064 -745.84446229 53.27841565
-32.50150000 -742.28342000 193.11537143
-30.84431534 -757.62394523 206.66040648
-31.15242217 -742.76930779 51.06413651
-32.50307500 -748.36367500 192.96962143
-32.03929502 -750.92414887 197.96463251
-32.48983333 -739.53850000 192.40653810
-28.20016154 -747.30593077 52.04690989
-30.35701721 -744.49763581 51.93808399
-31.88684532 -743.05676700 203.67020887
-31.79483865 -745.56690830 197.58438562
-31.72393881 -743.81571045 209.10122814
-30.59716728 -745.60205331 209.68875360
-30.57561786 -748.63188242 200.73209698
-30.03019423 -751.85795852 203.47516099
-29.78701705 -747.69078756 206.47843180
-30.20579630 -746.24756931 215.57978148
-30.00858900 -753.34235100 60.91061243
-30.05462426 -756.55035446 67.69503603
3.29660000 -747.16255714 268.30824286
-29.89096776 -754.98229429 205.72777429
-30.10826667 -759.31729111 208.95894476
-12.91851472 -752.33254226 242.78352554
-30.00027202 -748.41014223 203.60138283
-29.97053281 -758.65197031 208.56306830
-30.01156931 -746.75290396 218.21670212
-29.63904921 -747.31776508 209.12525873
-29.63751944 -747.18326389 219.00108254
-29.69315000 -747.02440000 220.66907143
-29.59078000 -747.25354000 220.42705143
-29.56280000 -747.15220000 211.34157143
-28.52457321 -748.65386282 53.81918644
-28.96500989 -754.39361670 207.00721890
-28.83257995 -752.51475203 58.88535019
-28.55346464 -755.34128630 62.32678681
-29.42728182 -743.76559545 50.99102597
-29.12432419 -746.56174516 52.64406551
-29.06817157 -749.12664020 206.79481383
-29.25878759 -750.85945379 204.52813074
-29.08096022 -749.66621667 55.56179777
-28.98585177 -745.50233794 51.68019377
-28.13015294 -757.50620963 209.83175949
-28.66217023 -751.59882611 206.59276868
-29.51380000 -747.04320000 211.15207143
-28.82913210 -759.41952593 210.44263686
-27.74052282 -754.10569551 59.90146870
-11.19202388 -752.84609552 243.77324307
-29.23456625 -756.64596500 207.75853143
-6.78910000 -756.15030000 247.19447143
-27.41085527 -756.74090351 63.14937365
-27.75868125 -748.89097437 224.45083330
-27.28666667 -759.61733989 212.52103372
-27.31701638 -750.88095955 54.54565977
-26.90416364 -757.91318442 211.85791039
-26.80015927 -751.14101452 212.13317143
-26.65473864 -759.13543409 67.66859870
-26.64721356 -754.50227373 211.49689092
-26.64867895 -750.20155789 214.56282932
-26.66350000 -750.12290000 229.01227143
-26.07202182 -751.91365766 213.15444104
-25.32426484 -757.33597563 62.75044262
-25.99920978 -757.41858600 213.20106854
-26.43311364 -749.96411364 216.47707143
-26.09771429 -749.80117857 221.46339898
-26.26392333 -759.48905333 213.77004976
-26.00919938 -759.27346277 67.77074712
-26.43887500 -752.13735000 54.92742143
11.69338972 -740.77503925 284.23419012
-9.78135000 -750.14203462 257.32708681
-26.12165882 -749.94123235 227.35574496
-26.31012000 -749.98361333 229.82472476
-25.47046054 -759.18628432 66.70492548
0.59718235 -750.57584706 261.90341849
-24.88308495 -756.39108592 60.61468356
-6.97780133 -749.93858200 255.38257076
-25.12834378 -759.66313614 215.65459312
-24.62332215 -750.47214430 227.69403653
0.71545714 -747.29365357 271.76891071
-19.01472500 -751.84654746 236.41149770
-24.70198049 -757.57626283 215.58721121
-24.54047740 -750.78324038 221.52481037
-24.74363805 -754.57548615 215.67842044
-23.87662136 -759.68341553 217.76143842
-7.86712715 -754.83581895 246.15247729
-23.79061903 -754.39947761 217.76508635
-23.65908571 -750.93549286 235.53745357
-22.87070833 -757.55719051 219.02136194
-22.60300146 -752.24201971 221.79045756
-21.86874672 -752.01627803 224.66567244
-22.29651199 -751.40641893 236.53740897
-21.84834521 -754.57806781 221.68652152
-21.51045691 -759.60115479 221.63778792
-19.93619219 -752.57794249 227.62352939
-20.44785556 -759.53638889 223.07919365
-19.70913724 -754.94576426 225.53931589
-19.13445013 -757.59465182 225.19463267
-19.15422227 -759.50852536 225.10267546
-18.81268873 -752.01260563 239.52348974
-17.98632910 -753.70854814 230.04242810
-17.13571595 -759.40181164 228.19357876
-15.93146765 -751.40412484 245.89042698
-16.14315945 -752.53951924 236.79362194
-15.63398005 -752.26361835 239.67285255
1.23326361 -749.16187311 263.80496126
-15.84439795 -751.90313402 242.52731159
-15.95881893 -757.50391415 230.63635619
-15.48118931 -750.75362862 248.38415591
-15.03445755 -753.61448774 236.26984879
-14.85050271 -757.38024475 232.76218600
-14.76557500 -759.18091250 232.59557143
-14.67492727 -750.30325455 250.46984416
-14.02387807 -757.63787456 234.18916324
-14.35098148 -755.58532778 234.82722513
3.10711250 -745.88460469 274.64409487
-13.94726552 -752.71665345 240.08495677
-13.58341444 -754.94809540 237.04964730
-12.75185938 -754.33645784 239.42153048
-13.75852000 -749.99132000 252.08523810
-6.73356557 -749.68780410 257.22884684
9.54557778 -743.14454444 280.03478254
-12.27533125 -749.95475000 254.40681518
-11.94228639 -753.50201088 241.78291224
-10.26781929 -750.21103500 254.52236286
-10.25657052 -754.66025207 242.81934237
-10.27458279 -752.32683080 245.84863465
-9.81697299 -750.52495547 251.61537763
-9.65048016 -749.92120397 257.64725159
-8.57952917 -756.47337083 244.33399226
-9.14864512 -754.04681425 244.95087697
-9.51767222 -756.74254577 242.49252116
-8.66536667 -750.12526667 259.46693810
-6.79789438 -751.39235059 251.61074554
-7.91600227 -756.34638182 245.43350893
-7.36064900 -749.80280700 260.81667443
-6.71121014 -750.33468065 253.92917696
8.25128021 -743.41437257 279.01215823
-6.53242038 -754.31769809 248.58042859
-6.20701600 -749.78797067 262.86375143
-6.66795000 -750.10475000 262.39357143
-5.69035102 -753.53424694 250.45226531
-4.01489469 -751.56921928 254.69019927
-5.42840000 -755.17568333 249.96668810
-4.74619089 -753.94849113 251.72486855
-3.59395200 -749.10886900 260.15923743
-3.04767826 -750.64995714 256.79570124
-1.69217190 -751.43052495 257.81217420
-1.76606944 -748.49974722 267.45315198
-2.38547391 -752.56354348 256.11794969
-1.09469807 -749.38603430 260.81532964
-2.39288333 -753.20808333 255.85707143
-0.26114958 -748.64586218 263.05330588
0.25292500 -747.02150000 270.83477143
0.35342353 -747.39452353 271.31408319
2.75707959 -746.69892653 269.26082041
0.53935000 -749.92312500 262.06769643
1.76696689 -746.47745676 272.85633697
2.42733164 -748.13161224 266.48620584
0.98077045 -750.32901818 262.74513734
2.18792500 -747.00527500 268.02839643
3.66155500 -747.92823500 267.94375893
4.10821957 -747.47403261 268.84691599
4.46416034 -746.63079385 270.10181836
5.70795000 -745.92795040 272.61860974
5.70172679 -744.38071250 277.73312679
6.08693864 -743.83601364 278.09127825
6.52030000 -746.03205000 273.93542143
7.12678386 -744.92463937 275.57835017
8.13313333 -744.29837273 277.65965022
7.48510000 -743.97298889 276.77306032
8.77602100 -742.34405100 280.84495843
10.13807935 -742.09531005 281.78645431
12.52710000 -740.74030000 284.74787143
