-57.80013641 -748.05071051 34.20136980
-44.67877280 -742.53226453 14.63158146
-51.18079170 -748.30101917 35.53251172
-52.93196667 -752.05591481 33.84147168
-46.66455444 -743.50558224 22.53241462
-39.89593115 -725.02761942 47.61853342
-40.30637501 -727.77690147 46.61574317
-44.73355449 -727.09771803 45.92346171
-60.52909225 -764.05895358 29.96017219
-57.86667791 -756.24854302 33.66834138
-45.56635445 -737.11703052 42.02825396
-50.14664690 -742.35774612 34.46279933
-45.32859422 -743.03767595 17.02730109
-39.10310408 -717.29503265 48.32417281
-47.80166019 -733.19030357 42.99367751
-49.79472962 -749.91916060 36.38644155
-61.74089082 -771.56292092 24.86001822
-46.93325000 -744.45095000 21.93766057
-46.29699153 -743.43274645 20.05840804
-56.57226347 -741.80405440 36.99971710
-57.03906416 -755.35848596 34.02007114
-60.48730475 -742.35996747 34.17780606
-62.38905469 -764.44295033 29.50081483
-43.87301780 -737.18414322 42.52135633
-61.52884716 -738.14767670 34.80040205
-62.80025605 -739.87166966 34.03289040
-63.26540424 -774.52335169 22.64153260
-52.63636261 -757.07191107 33.91068787
-54.92979628 -755.77855256 33.61255545
-63.49108750 -768.44196250 27.73547307
-61.22396173 -743.59725689 33.36018028
-49.02837188 -741.48338750 36.95952619
-63.01344086 -744.81216019 31.79353546
-52.76823522 -760.10307213 32.66182799
-43.58450179 -735.97713980 43.07645943
-54.70321855 -744.10165323 33.18511379
-58.70023113 -770.47374503 24.48103607
-55.55089352 -766.09497466 28.56848148
-44.28233522 -723.25064340 46.22219768
-43.11968671 -733.74678076 43.75770994
-47.00162500 -750.36287500 40.06468557
-49.53700731 -743.79863653 29.37962769
-46.85359333 -744.60104667 19.34234057
-43.45190745 -729.05681765 45.60845273
-62.80172167 -766.89071337 28.45028322
-57.38499867 -760.95033151 31.76617536
-57.41970000 -748.30360000 33.65586057
-69.79196842 -737.98302632 30.65693952
-55.46071534 -740.78361840 38.61868245
-61.12142574 -749.20138609 33.58810731
-39.85320681 -718.95201010 48.32329903
-55.92532692 -767.27244359 27.59356057
-59.51210641 -758.16029152 32.87913456
-43.45486000 -741.20499250 13.54056557
-68.80168699 -737.69799697 31.37533668
-40.70983333 -740.94483333 12.96906057
-62.88594909 -768.25012606 27.62257148
-43.96087059 -744.74741176 15.98663116
-50.23365372 -748.10584966 37.28807419
-62.93593437 -773.10083910 23.85246834
-38.62411000 -719.17189000 48.73317057
-57.34830873 -746.04577864 34.18702012
-49.07042074 -740.07410119 38.61064455
-50.11929200 -738.81213800 39.41011657
-58.89526667 -744.32340000 33.67958057
-43.77152737 -741.93207883 13.70087444
-45.77860796 -730.87799320 44.35138332
-49.94093333 -744.88306667 31.77786057
-47.31232629 -750.68841486 39.92264743
-51.59856326 -745.15271391 31.83057079
-49.98183333 -745.88360000 36.13282724
-48.55618222 -734.52527379 42.32348928
-48.62363103 -736.75599107 41.24885898
-53.20443934 -749.94722559 33.12983403
-60.83770106 -744.82019323 32.74466187
-54.98941667 -747.79759167 34.52087724
-54.99665013 -742.52780555 37.46331637
-47.07832000 -743.47478000 18.21874057
-52.51568545 -758.43843042 33.39099778
-44.88563631 -725.09306988 46.13668244
-40.81197139 -730.63370973 45.39077945
-46.57650580 -735.00515154 42.55305477
-60.57663206 -766.51951531 28.58853419
-54.55561813 -760.86055117 31.96824519
-50.12191111 -741.12668056 36.08098835
-50.30997764 -737.19623374 40.59886307
-48.00510745 -749.63881427 39.94823331
-44.38606926 -740.97260333 13.91634279
-43.73337083 -742.64588750 17.11773140
-47.28796661 -744.01570162 20.72404890
-48.00886232 -744.60040775 22.88694155
-47.58505741 -743.88748111 22.91227303
-52.61825783 -749.10275715 32.87016717
-50.77721831 -745.28811815 30.22452793
-49.52622638 -744.99125337 28.82322253
-53.92782081 -744.84726267 32.84078196
-54.58058689 -745.37437472 34.41956633
-51.71469791 -746.25725717 35.28332611
-50.27391130 -743.50930343 32.12794397
-53.51798394 -751.68211568 33.45272768
-49.55997245 -742.00859773 35.45692737
-57.68828119 -762.68172290 30.87855668
-49.67407815 -741.14537635 36.29369759
-50.61644225 -746.76583928 37.08631811
-49.77765282 -743.23676245 31.90326007
-49.00351507 -744.95719315 26.91052975
-52.81075088 -750.98497987 33.45160813
-53.76172768 -752.49857239 33.99986921
-47.51632236 -744.51568199 20.64155436
-50.26735956 -744.09211689 30.18296501
-47.00990000 -751.05330000 39.66989390
-48.84210423 -743.91446690 27.00627113
-44.57397586 -744.61330000 16.44710540
-48.31209919 -738.99839637 40.02388616
-56.70223303 -740.44863803 37.93460565
-46.05093008 -739.01921676 40.88443577
-44.56317454 -735.82219275 42.88297863
-45.47051682 -733.82575594 43.36306696
-65.80399995 -742.22564418 31.52897927
-42.46225480 -730.94624135 44.95721218
-45.70290961 -728.27749601 45.28155536
-47.29336038 -728.41992075 44.45332849
-40.52864391 -729.74785241 45.93039825
-42.37908414 -727.83269597 46.22621345
-54.53900979 -762.75519753 30.96905883
-41.39767211 -729.53009660 45.78491907
-46.51947612 -725.96083731 45.64354266
-42.81243920 -724.67549759 46.92295984
-42.34782769 -721.95673758 47.38074401
-39.70927288 -721.66689841 48.24263616
-41.51595551 -719.77529674 47.80186021
-47.69555418 -731.25050373 43.53928261
-50.23744255 -738.45162340 39.75523929
-50.27803304 -734.54544464 41.90094628
-50.42500000 -738.25830000 39.69556057
-46.94950000 -740.02130000 39.71936057
-54.30672665 -754.91986247 34.01540300
-52.82734150 -755.88719048 34.03507247
-53.42013688 -757.01141065 33.79672255
-54.77766193 -758.05520441 33.15554751
-57.49984754 -758.01149752 33.03965791
-60.23871779 -761.15975212 31.56375521
-57.54928207 -764.18818952 29.91991356
-55.01163228 -764.18744773 29.90753858
-59.95912694 -762.60292746 30.86824606
-61.79855000 -762.24335000 30.68213557
-62.05450000 -762.30600000 30.57916057
-57.34017909 -766.36885533 28.39162906
-57.32964325 -767.79346053 27.25662975
-62.95099293 -769.78062502 26.39325783
-62.65149326 -771.68248109 24.88602922
-60.22532335 -768.03432813 27.45201911
-60.60997110 -740.09701860 34.80227004
-60.59275313 -769.76994427 26.01141966
-61.48190231 -772.27187004 24.00975960
-60.19963103 -770.92184344 24.44188801
-57.96676375 -769.12567457 26.07141060
-57.74600000 -756.38280000 33.72566057
-57.47056707 -743.00875688 34.64686549
-55.25437496 -743.78926082 35.31353054
-66.08218138 -739.87861892 32.30876789
-66.32304402 -737.77469391 32.74762375
-63.51582749 -737.76831103 34.15317887
-58.48403789 -740.67395250 35.29281547
-64.72609740 -737.68542719 33.54785606
-64.23446619 -740.01490902 33.30274994
-62.33169223 -741.64659223 33.81529261
-63.48109331 -742.82339610 32.66399212
-68.57128478 -738.97326646 31.06995777
-69.47496250 -738.63160625 30.67733557
-58.57748700 -744.84425728 33.57537605
-59.64521170 -746.68210767 34.10910160
-60.22265399 -748.39551520 34.04314100
-49.79632981 -747.09924783 37.77941709
-49.09511470 -749.22874332 38.61587466
-46.94412000 -750.65131333 40.01501057
-48.53114664 -750.71686332 38.17766246
-49.40081250 -750.55613750 36.60552029
