-68.78968000 -785.45558000 70.32538000
-144.83765098 -736.18169681 53.69147525
-114.77637609 -743.95339293 70.21828620
-61.27089678 -797.12544145 42.64201408
-91.79485232 -770.75828786 58.87435169
-135.03975033 -733.77903725 60.64576863
-125.76233807 -754.17165010 60.63573314
-32.78257635 -751.83908953 57.57786444
-119.05440304 -756.88148894 63.27768962
-136.08158515 -738.61974957 58.49350577
-142.01604083 -733.82153166 55.71004882
-24.77286558 -752.67283250 61.47403962
-82.89358610 -781.60301997 69.21254351
-61.89543214 -797.89844340 41.37486681
-144.62350851 -737.47999362 53.16804894
-142.94954885 -735.94190658 54.29606673
-113.10155307 -726.80649594 77.27363736
-140.01961720 -733.50275927 57.06653255
-122.74523895 -759.72124171 60.71858315
-63.21070556 -757.34737778 76.11199444
-97.97696446 -760.66462385 69.44328477
-135.76153242 -731.90634219 61.25923750
-142.42246021 -738.22420450 54.01485260
-28.18345417 -745.82599694 64.81086225
-143.21644444 -734.21368889 54.86606667
-137.87019689 -736.19383995 57.62856196
-64.77586629 -765.64651461 71.91577416
-62.18537129 -774.51245546 74.44293296
-141.95224406 -735.10500317 55.22473272
-136.90879691 -732.95431229 59.63249677
-49.84547396 -788.87424370 59.49372587
-139.81044485 -735.72026762 56.25661531
-133.87611895 -746.78782737 57.29602263
-139.86831857 -741.03283086 54.57377914
-141.19572692 -736.93555000 54.85787308
-56.94635556 -752.35415556 58.81902222
-137.66881818 -731.14799091 60.46589091
-90.17803333 -749.21603333 72.87096667
-59.71145000 -772.13710000 66.91732500
-140.71625126 -739.12088836 54.63697075
-77.58667580 -739.52372754 84.67300399
-91.58811740 -775.30722288 45.04551849
-88.59197915 -761.92352814 70.58365864
-139.50239889 -738.71917439 55.74088775
-109.53874623 -741.47621882 73.58196595
-51.11583125 -800.20504688 36.82830625
-68.03719295 -799.35940614 41.83253945
-133.08156203 -735.29473329 61.55854345
-38.36128204 -751.15122136 54.75183459
-52.82994708 -788.18404958 60.81861417
-138.94401920 -732.53783386 58.48920279
-71.46850979 -752.74158854 67.61993838
-55.78716409 -796.71890181 44.42733245
-138.83485840 -741.29610635 55.48505410
-85.81911330 -748.74184128 74.99005963
-56.46011528 -749.61005116 42.15711229
-92.51292500 -754.96727500 76.04837500
-136.53882955 -735.59716096 58.76715793
-130.74162561 -746.95412106 59.03466576
-91.78726578 -759.73852515 70.99143646
-101.49633417 -745.29439575 75.36329250
-49.69186791 -795.81378520 47.53919122
-59.63452840 -749.82719965 38.28717544
-137.36269170 -738.81724865 57.31097347
-136.87059097 -741.75296840 56.72873812
-99.93964238 -772.58313603 51.23409960
-94.85000677 -760.96833475 69.63142139
-131.89600000 -747.42790000 57.92850000
-87.81414146 -769.67443196 47.44256424
-95.10330476 -764.02405563 66.67940887
-136.23628699 -744.38432238 56.28491636
-132.67968246 -746.80020000 58.10026140
-63.87214358 -756.18341525 62.60370605
-83.51262609 -722.18854348 87.91842609
-136.06885800 -731.05350600 61.73188200
-86.16215120 -776.93369791 42.31240512
-134.29704714 -731.07492429 62.91821286
-135.71906364 -740.74121299 58.20450390
-86.39533291 -742.31243134 81.56928756
-39.20904444 -748.87328889 54.70951111
-124.66136086 -753.33289250 61.54510688
-133.84259020 -732.78295716 62.17753391
-47.96059344 -773.06490492 78.75462131
-64.94480959 -777.71198417 72.09165546
-134.22482056 -735.86724512 60.22206486
-38.75943857 -791.09612543 51.70503343
-113.05887734 -747.93507452 69.30599333
-50.32464211 -774.89176316 75.78675263
-135.56065385 -746.42268974 56.48517949
-79.78364644 -751.14594761 71.32297425
-58.78641050 -802.89968328 30.24176144
-133.93274650 -738.84243896 59.72574344
-91.37239886 -764.60229327 67.25843553
-43.73070282 -796.06543032 44.80048969
-71.64687209 -762.90065732 46.26621274
-91.88787657 -762.88571388 68.62285623
-134.63941738 -742.41781866 57.56491100
-55.74531736 -799.52519154 38.56854572
-66.64578438 -755.95670417 42.73789062
-58.04924527 -806.02387229 24.57933164
-127.60596223 -735.57491911 65.11588499
-129.74295246 -734.73907322 64.22172186
-84.91844464 -764.46324643 70.03440357
-60.80631478 -768.20579145 69.59753014
-130.16233094 -741.22646552 61.49783225
-53.48751574 -744.96793376 32.48916863
-73.76478074 -762.84307324 46.74253734
-70.22385384 -797.56607238 43.37021790
-107.35628157 -755.82223789 68.77784389
-134.06406110 -744.60842911 57.20020962
-125.92374915 -742.22781582 63.64684331
-63.40925000 -765.73195000 66.23825000
-85.68509583 -724.30818813 87.38644995
-130.76639058 -744.60619604 59.39489331
-133.59297915 -741.59285306 58.86479945
-61.16364148 -759.41189819 65.67619647
-128.91510542 -736.41394007 63.69637112
-130.85479110 -735.84433092 62.82614447
-107.28606704 -739.02723686 75.41869611
-55.82399357 -804.94029466 26.50843023
-53.93981964 -745.60311736 35.15251764
-131.13679013 -742.13592195 60.24816256
-52.83675359 -802.15153107 32.56239660
-104.42169087 -742.28567500 75.41319738
-130.63931999 -738.74087711 61.95952851
-116.41672944 -727.23434591 75.36524604
-62.78799412 -765.43656471 66.56673529
-58.36572857 -800.40084286 37.89664762
-61.70961418 -796.54407598 44.36549115
-100.82747222 -748.77440833 72.72741389
-61.29295513 -756.39745769 57.03967821
-128.03142315 -733.49434688 65.97884967
-124.67252551 -741.72826019 64.91005026
-111.67347391 -740.60066522 73.09455217
-79.48806670 -763.49396752 47.79771158
-81.75960286 -769.98151714 45.70212857
-132.82148313 -743.86732530 58.34875361
-132.69325338 -738.05395743 61.24995135
-131.57976621 -733.28569369 63.47112901
-19.64753281 -752.62037256 65.23502815
-84.26234286 -760.81931429 73.09439286
-100.81122318 -768.51387294 59.51089173
-131.74313841 -739.60451449 60.63587971
-59.90576429 -758.92282143 63.81396429
-82.80764530 -769.03670682 46.75772457
-130.34298330 -732.93316528 64.69119761
-89.48103217 -776.40007478 43.17299304
-101.72078980 -767.18732041 60.84873469
-130.65040000 -756.80331887 59.30501667
-70.24312890 -752.94823482 66.04182386
-78.57766260 -737.73558293 85.09054797
-105.17198636 -739.95954545 75.90220909
-130.52523814 -759.68483342 58.82224984
-29.40100000 -752.24100000 57.95220000
-62.58971986 -780.45308605 71.59474210
-91.96123172 -748.97901103 72.81783931
-127.77613146 -759.73249580 59.32058228
-128.46221823 -739.19603576 63.27345547
-100.91609541 -747.78494539 73.74096642
-70.54297136 -778.92951880 72.45349896
-130.05936128 -754.38829330 60.25494245
-116.07672898 -750.89360394 66.40631505
-127.79274111 -741.71640201 62.65340533
-129.06709143 -742.43507714 60.80815429
-96.48376500 -776.42811000 46.96364000
-57.77153787 -748.02592071 41.66918563
-128.46937713 -745.35011956 60.49473635
-85.67736856 -768.84709081 47.30822065
-127.41552208 -744.49825326 61.81216074
-83.92852062 -776.41062062 42.50465876
-113.68341795 -745.46762205 69.71486231
-128.00218807 -746.91398530 60.39250097
-118.47468139 -744.61009059 67.69356718
-58.79845186 -804.95911019 26.70601238
-88.75476240 -771.13686602 59.73831012
-55.64497162 -774.69838275 74.80443382
-127.14951899 -738.57520287 64.48968076
-85.94039080 -771.15994338 46.39415593
-68.12425457 -796.84109968 45.37058558
-127.88695375 -754.02625292 60.32457883
-61.11695854 -785.11613415 64.78408049
-127.85101426 -756.76910793 59.66244604
-45.20770000 -771.60340000 82.18285000
-65.28053636 -751.99874545 64.48761818
-60.86680000 -780.17178000 68.34428000
-127.76854504 -752.68399344 61.24585991
-32.01445285 -752.62004434 57.36326015
-62.11847411 -777.86217265 71.83103427
-127.23402252 -751.67307192 61.97979325
-131.90416250 -744.36447500 57.69640000
-62.39820625 -765.86771868 73.98523759
-126.68983947 -746.77748000 61.12588579
-57.71858912 -747.69106054 36.67170408
-85.56605856 -750.90443451 72.34656644
-46.67420341 -796.57953261 45.14212417
-52.70971600 -790.75079733 57.23647179
-61.27773636 -756.04456818 53.23019091
-126.78886579 -733.34996184 67.25188553
-126.65771718 -740.81976810 64.19147178
-100.23049232 -767.50175493 61.27325403
-58.23747216 -774.58807617 74.12624551
-118.61627561 -726.62005310 75.05497714
-64.87935180 -780.70036330 71.34060631
-125.48864161 -736.06700876 66.35096188
-64.49268736 -787.35017658 63.12352366
-96.98681750 -749.37264917 73.38793667
-125.69560699 -733.95295538 67.47678871
-126.17014400 -734.03698400 66.87570000
-97.62623232 -749.38675253 72.77906162
-124.87627507 -746.94120570 62.56005072
-60.97920726 -762.58110075 68.22992158
-65.13204244 -793.81452459 51.27873370
-124.82118420 -738.81433597 65.76194433
-58.84188705 -795.30938838 47.56796380
-55.72119152 -747.20691486 35.71743754
-120.96531029 -749.81407706 64.15317265
-125.17326598 -744.96019554 63.01207741
-58.82300869 -792.43041993 53.59285682
-59.71176230 -769.99644508 70.93194426
-88.88167334 -731.83085727 85.16658418
-57.65908000 -782.04654000 63.61806000
-59.28224615 -756.78678462 56.29990462
-36.51280690 -752.34240690 55.24308966
-82.94241655 -735.87044282 84.49691841
-93.53322857 -764.29950000 67.04687143
-124.30158869 -735.55966412 67.47907958
-76.73074953 -769.56099412 45.58394127
-50.14443543 -796.94895507 45.30674280
-94.64391481 -754.51153513 74.99183997
-45.06795714 -743.93564286 16.54244286
-124.72192517 -751.07219427 62.54039684
-74.11181691 -779.09548686 72.76358900
-125.54383638 -757.33952461 60.66927693
-73.00787917 -797.43056667 43.29765417
-118.72692261 -750.71517311 65.03843562
-59.53487093 -752.99961340 56.55291175
-124.08339060 -744.15935246 64.51147753
-60.87104819 -771.80762500 74.90056737
-43.65205817 -798.46232102 41.69549976
-98.17548200 -748.85679400 72.79083200
-97.65292782 -757.63481158 72.26493765
-69.23846154 -800.22126923 39.85757692
-125.02013728 -759.53940123 60.20758688
-54.99076381 -800.54231346 37.42271253
-112.06919271 -747.10859976 70.25249417
-50.46386000 -740.08236000 25.38648000
-124.43630262 -756.65553289 61.48639470
-100.70239476 -764.71342219 64.58702906
-86.01220050 -738.80219240 82.96658715
-64.68462353 -797.51856925 46.46115508
-123.64471484 -737.87928984 67.16606406
-122.18793668 -736.48155812 68.39629129
-53.92859642 -746.70248893 35.39842638
-62.18998333 -761.59725000 63.67906667
-121.61662176 -738.55576956 67.86442997
-91.38758824 -732.26304104 85.34106783
-64.73670119 -789.37262119 59.32421896
-122.82422037 -739.57585692 66.64715614
-54.40970000 -746.95192500 27.60905000
-63.71328680 -756.63325888 65.36460379
-122.08486025 -741.81641591 66.21212488
-79.42101875 -746.38012292 82.32176667
-88.45903962 -776.10690377 42.82171132
-62.40374274 -774.15659231 76.27160256
-112.79865491 -732.75554845 75.02873925
-61.54802422 -799.95506738 36.33943190
-121.86728241 -744.81275445 65.53882680
-102.64698772 -743.80152982 76.10120702
-121.34929263 -747.20426630 64.70340037
-103.48946809 -756.06494484 71.73278683
-64.13942682 -767.68237851 74.73297798
-122.58490817 -747.47325603 63.76766926
-95.08342264 -749.66763396 72.86764528
-64.04901429 -763.78981429 67.96508571
-121.86776412 -750.80905163 63.33961070
-86.05053436 -783.56372025 66.78687669
-52.92550957 -791.84041240 55.94514300
-108.90297565 -734.84418254 76.15931789
-121.81128865 -753.92484848 62.98466371
-121.78390363 -756.82612544 62.22592059
-59.60669010 -774.85964724 69.03812807
-123.87056972 -758.98528697 61.16080528
-93.66624744 -775.57483429 45.23757372
-60.18165227 -763.57385682 67.32441818
-118.72384153 -753.71210234 64.71818208
-60.70971250 -777.13000645 68.46392258
-94.86845464 -759.27565771 70.96638209
-112.77665803 -750.79925597 68.29139005
-61.32680923 -752.79219566 56.94079655
-121.86531397 -758.96830489 61.56888963
-55.96851618 -802.97192887 30.36434226
-108.08140282 -752.01566620 69.86154507
-59.23181613 -769.33607097 73.33618065
-60.81873355 -751.47542508 53.65308242
-65.67401285 -797.11598212 45.46811061
-100.86532784 -769.86780195 56.72052849
-109.06603936 -750.09568713 70.32405924
-61.32952182 -765.19362761 71.67140869
-120.95946738 -741.36856655 67.40655397
-120.20813333 -737.15126667 69.42649444
-52.86796710 -796.74475762 44.73673839
-118.62532413 -723.67072349 76.87007121
-79.77336383 -741.64814489 83.63589974
-92.77375689 -760.92892126 69.75902725
-119.20737521 -725.03696429 75.80688487
-62.76661181 -752.76530916 40.51684990
-119.20721799 -739.16420908 69.18295506
-56.57461500 -751.08950000 52.40872500
-58.22006695 -750.09044195 44.79008635
-118.85181180 -741.83376064 68.48056195
-119.85787578 -742.82114969 66.57926025
-84.73832623 -721.91278735 88.38760370
-119.76563384 -745.28417773 66.58586070
-76.25890502 -751.36671402 69.46327594
-118.99772643 -747.71740597 65.76350094
-118.18828956 -729.61767791 73.97476093
-79.54106667 -779.42286667 73.15640000
-120.68397254 -753.51129482 64.27654870
-86.98809124 -770.76754199 61.40422598
-53.85995872 -800.34214679 37.22303394
-120.21133824 -751.36053529 63.92670882
-118.56063086 -722.00609383 78.06222469
-92.09837480 -772.92507839 54.12198988
-85.76331206 -759.35590562 73.46074218
-119.91443827 -754.90929259 63.79484074
-94.61360124 -770.61424049 58.58454508
-119.61440000 -758.61137614 62.39082868
-92.75082353 -767.18660588 63.87388235
-117.82346549 -732.33354238 73.30385811
-85.20695596 -747.24638019 79.71239748
-85.41109889 -776.03191242 42.80472217
-70.39897850 -751.90031800 65.96357337
-94.80330671 -772.39911551 53.45854287
-102.88179814 -767.86458080 59.80212889
-117.53208333 -725.53335833 76.01123333
-69.66182045 -785.72741375 69.23905056
-63.01142863 -797.46351412 43.37861756
-106.88326342 -741.64806274 74.59683973
-117.66281795 -733.77238974 72.85654615
-78.99152791 -751.41507733 69.75366686
-118.09173059 -739.26330314 70.17942549
-92.65354127 -774.22832687 50.88253136
-94.76782823 -765.61181919 65.26768979
-56.16447779 -790.77717500 57.11969270
-110.59250405 -742.40864654 72.55928626
-117.83457904 -746.89518155 67.27880776
-91.02841864 -749.74291441 72.69542034
-61.36623476 -793.79495721 51.00585590
-116.05506341 -724.18355124 77.39382433
-115.33021696 -726.14319009 76.40729819
-115.66194686 -729.69748747 74.64678358
-67.56777441 -752.11920206 63.47667824
-62.86062551 -759.26824145 73.88697185
-107.24754400 -754.05811193 69.41505970
-91.76531454 -773.53099443 52.91489799
-73.77199426 -783.75514201 68.87776833
-106.06640049 -738.10955737 76.26211540
-115.75542419 -732.84167139 73.63060761
-114.00563571 -737.10425000 72.90912857
-117.82260769 -734.82879231 72.34591538
-118.28750944 -755.78567762 64.13754895
-110.96378904 -756.70244266 66.71245597
-117.18131000 -734.17648000 72.92086000
-115.82274977 -736.04942127 72.77700928
-98.00693768 -763.78722890 66.41726181
-115.65545510 -738.83466744 71.64213202
-85.91729923 -750.29042438 73.98176221
-88.78208100 -750.57315976 73.79477426
-55.44189322 -787.93491864 60.73913351
-115.25877226 -735.19674635 73.27511345
-97.77261592 -762.19012353 68.12932107
-115.58213449 -741.64311756 70.59653478
-88.77739419 -747.77960196 78.25208978
-116.71587690 -742.33641798 69.60948797
-67.55402152 -789.75166862 59.21484363
-115.99898907 -744.78434569 68.99302341
-70.76033074 -798.56569440 41.49286592
-103.74336703 -753.71958007 71.52730232
-94.67240546 -773.99347718 50.16109193
-115.75350277 -747.69249940 68.09952283
-91.68829489 -744.77808408 80.29614042
-38.57270428 -795.06882957 44.03797017
-116.87517926 -748.78939071 66.69471796
-87.93732829 -770.55756014 61.25825943
-61.62979272 -802.16287830 32.61806631
-115.79402848 -753.75439829 65.52761107
-103.77367898 -744.71789359 74.56389151
-115.69831157 -756.59245904 64.62997521
-60.66561803 -747.96105738 44.19336066
-117.05136503 -757.30181779 63.79903988
-50.15045132 -744.08899636 23.64992185
-31.70093089 -750.75685346 59.24433282
-80.05125139 -773.75008317 43.81866119
-101.88047668 -750.95688367 72.84193936
-86.32736555 -768.08785838 65.89790179
-44.38834305 -791.53913221 52.60179574
-52.55385553 -744.32382289 23.70834132
-115.60547248 -759.38305426 64.77683697
-109.79444544 -747.70738515 70.81204719
-70.79992075 -782.09978491 69.66261887
-50.92417016 -744.21090349 25.94386085
-61.29731092 -763.27106146 71.62855070
-114.95092231 -750.24917025 67.34261381
-88.61590410 -756.73655172 73.76045230
-114.45933043 -728.45592174 76.02396087
-76.45052500 -782.42311667 70.04409167
-113.95795714 -724.92843182 78.06853896
-75.60143227 -801.50711738 36.19502199
-58.80583677 -799.19521667 38.46934918
-100.84442335 -766.19068918 62.54733070
-112.41857361 -729.44699097 76.43095287
-113.47246843 -730.36987218 75.60451695
-59.93721154 -754.77336538 64.77965385
-44.28058909 -797.48048618 43.28613287
-52.83447106 -789.09345022 59.47961604
-112.76975750 -735.84357044 73.99200653
-52.95413890 -744.49033873 29.54313303
-70.83736027 -791.85179489 53.45182308
-102.66905758 -763.67281851 65.69074216
-113.30975793 -739.18437331 72.57835242
-112.77254475 -741.76756955 71.78513172
-52.78629152 -795.79019828 47.39704994
-97.84370288 -771.52089757 53.63736587
-112.20752099 -738.29013743 73.42053198
-93.47663750 -773.31383333 52.15394583
-112.60116743 -744.58212657 70.85275021
-56.68677000 -768.97244000 68.69078000
-101.71920305 -744.04511218 76.14595330
-85.89198411 -733.09855299 84.66261496
-58.71981737 -787.56877492 60.30864947
-73.57206160 -791.87131711 53.43558858
-113.22007965 -754.39945443 66.41823320
-40.28089675 -749.90237620 54.40097957
-112.74606997 -756.68597979 65.90101429
-89.62403915 -757.59317992 72.73541844
-112.37348398 -753.16025416 67.46884630
-88.89297636 -766.49951649 65.86928750
-96.88659494 -770.38252062 58.24731128
-49.34817593 -743.50702222 17.24285556
-59.04147652 -752.74960263 53.56194943
-113.35146966 -758.80870945 65.47170076
-31.67579304 -747.42440825 61.95428043
-56.97495412 -750.07358275 47.05701856
-48.55219554 -747.30412054 46.25595000
-74.87801969 -770.60050398 45.02201814
-106.81190581 -750.69558452 71.01870181
-111.63051753 -731.65174026 76.11522338
-88.70183450 -767.64248875 64.43346488
-88.75081848 -735.71550280 83.81922437
-109.95667767 -727.77288570 78.07888313
-109.78307471 -729.72273718 77.43115427
-102.10120000 -743.09160000 75.94150000
-89.99296429 -771.93001672 56.96053740
-102.37396667 -770.53440000 54.89923333
-46.98503871 -747.50236617 47.49311463
-109.71524329 -732.64164788 76.49436632
-80.86628080 -724.11951444 87.58244578
-110.75813429 -733.61907002 75.71214668
-110.01867608 -735.83925851 75.37793982
-38.99202463 -790.70325396 52.26173109
-76.77524017 -765.94452724 46.77075495
-85.55287103 -783.12798002 67.66452802
-109.92230026 -738.79432574 74.40374180
-100.66945283 -757.01725623 72.13623283
-109.88753288 -744.86094511 71.95267246
-94.60001977 -778.00321549 43.73044950
-110.93060656 -748.88398443 69.85429836
-106.81083630 -735.66804027 76.61842177
-48.00503359 -747.33839141 45.57442969
-52.83727357 -798.15334000 41.50600950
-40.90190237 -795.31860790 44.45633845
-110.13908792 -751.09691775 69.35609811
-91.21864457 -733.43521143 84.66384446
-39.57259135 -749.65133514 55.18831027
-65.18446932 -788.77457969 61.81696995
-109.80083521 -753.64337630 68.36975664
-77.33047514 -738.19217410 85.30650595
-109.69479697 -756.35193594 67.57603291
-56.71680833 -800.14738403 36.67425729
-70.81494361 -778.01759190 74.44565116
-107.63325576 -730.05420954 77.98417522
-95.23502532 -772.92853921 51.41983640
-100.43629760 -760.70171275 69.38309580
-87.91507287 -772.93111680 45.77037829
-55.81142857 -746.19884286 40.16341429
-106.96025711 -732.86899714 77.34020648
-94.99370430 -769.72575113 59.91863236
-75.66746969 -796.03575336 44.18181289
-107.85705330 -736.73618579 75.80357868
-56.58663864 -791.55496023 58.24498182
-105.13203258 -733.85972697 77.50152022
-47.02639549 -774.83520958 78.13632478
-108.76579623 -743.79830943 73.17741085
-86.60311132 -763.88459184 69.64151921
-52.96153273 -799.52816425 38.46412041
-60.97394316 -761.89989786 66.36484530
-88.61718242 -765.02760209 67.75514309
-75.40206667 -777.47678333 77.46291667
-106.66032014 -744.40817024 73.53585868
-79.24934293 -778.90774280 72.24212396
-58.77337830 -794.55711409 49.46295164
-97.92851468 -748.50942676 73.70553665
-49.83077295 -792.54541335 53.45599733
-56.50518754 -749.91135286 44.39168342
-82.35640821 -744.14429191 82.31961814
-107.34266488 -745.61141363 72.61524789
-111.62952500 -749.46751250 70.44898750
-94.80451026 -762.42676355 68.37164101
-89.86776667 -737.03543333 85.29206667
-106.86193916 -747.59644644 71.98915921
-55.69083121 -771.31995853 80.04184948
-102.81928867 -766.07492899 62.48378154
-106.20377916 -753.18498527 70.29105952
-57.64926667 -750.11896491 42.02936140
-104.67804626 -735.94039284 77.14418342
-104.25976190 -738.63405973 76.70643082
-37.60853777 -747.24449489 58.88682569
-85.23597471 -723.10726729 88.33931588
-50.49886268 -799.70967755 38.61306393
-103.32942422 -741.55477401 76.46070218
-85.07891333 -761.79649000 73.05905333
-79.89830469 -765.81110720 47.28517022
-86.71724593 -757.39061115 74.51119725
-104.13739356 -748.06047391 72.65223192
-103.90319768 -750.76372438 72.05636094
-83.40767156 -775.86553657 42.78797630
-36.67825000 -752.30810000 54.93980000
-89.75588276 -749.15404828 74.04803448
-108.29850000 -728.11150000 78.97610000
-103.43670579 -747.19196431 73.30188573
-138.23537500 -733.99143333 57.90013333
-97.71095556 -765.17669420 64.93603014
-105.25128333 -754.75150000 69.85803333
-61.77912788 -753.20908876 59.38001703
-103.08926496 -767.12758205 60.80102650
-97.83325761 -759.10621737 70.88302109
-45.95056000 -772.27381000 82.01701000
-102.55148611 -769.69176694 56.95529389
-102.46795714 -770.50935042 55.91415966
-46.13675000 -788.41824500 63.24096000
-91.79044481 -757.17841718 72.37060038
-100.85734356 -770.45642777 55.41625064
-88.99397679 -746.50457832 79.07892066
-53.80238333 -746.48333333 27.81066667
-100.49323480 -771.18899959 53.66838839
-102.93142167 -764.78627928 64.50487605
-90.63014000 -730.90882000 84.92748000
-86.21654228 -748.14736915 77.87328241
-101.40926622 -750.31256281 73.19208756
-98.04985345 -766.58377159 63.17720388
-67.77475842 -795.71274195 47.37827841
-101.80221654 -753.71934273 72.70511975
-52.60435336 -744.32279451 26.70525970
-95.03725212 -775.45887603 48.12934538
-60.68073235 -783.53012647 62.57527647
-99.63492386 -773.52626477 50.12569545
-100.97793463 -763.51669744 66.03734916
-91.78216226 -755.84133049 73.27166409
-100.58045505 -762.14206656 67.72502441
-94.84265459 -771.48838248 56.37519273
-40.81578558 -791.88209067 50.28831665
-97.68624362 -773.76156115 49.63498159
-70.33101818 -778.60650909 69.93319545
-58.36657812 -783.86655423 64.94432457
-73.11374398 -782.53542656 70.15306722
-91.47891782 -742.24397275 81.43563695
-61.36760713 -803.99264513 29.45213677
-100.57575554 -759.40861867 70.68610462
-80.71972836 -749.53316418 80.10683806
-97.86331653 -772.68272381 51.07854659
-97.24290496 -774.91937199 48.22677635
-92.10122409 -748.97746428 73.75636522
-61.71812857 -750.81438571 45.80951429
-53.64015000 -748.79925000 43.23644000
-97.62043679 -770.81931475 56.08513936
-98.65131718 -770.05861761 57.31976141
-70.78524094 -801.11420787 38.28634754
-97.83176779 -769.31576682 59.49733024
-46.81933598 -795.22204534 47.20964885
-91.01447947 -761.47657616 70.20807119
-96.66007101 -779.68118841 43.24963671
-75.58783454 -792.38978351 52.61474278
-61.46032061 -763.33331415 73.68255927
-96.69178073 -780.20311835 42.74531743
-79.86491883 -771.91355208 44.88545775
-82.78696557 -772.23902482 45.10866870
-55.87462578 -786.89797313 62.22485864
-81.59140000 -725.26140000 87.98550000
-97.64356991 -767.87939392 61.86190105
-64.40966500 -794.70705500 52.38946000
-114.25177143 -752.11824286 66.91032857
-85.68651865 -762.48437346 71.35453085
-54.07998432 -806.45326865 23.65887730
-95.90855165 -779.48572479 43.24613967
-90.70929912 -749.44449292 78.10269912
-95.03953980 -779.66452970 42.41577434
-45.22435000 -741.08967500 13.80445000
-95.05385212 -776.53209150 47.06090735
-47.07283333 -788.44116667 65.16681667
-41.67491988 -772.89664826 80.64712360
-93.94335455 -778.78208162 42.40727470
-94.80588346 -748.72497376 73.86955448
-94.66936873 -749.59366904 73.63517214
-55.81131464 -794.60560186 49.65921835
-87.18509758 -769.62357295 62.57947488
-97.23102745 -755.94537473 73.99128912
-88.79587450 -742.13675209 81.42287291
-47.34127105 -744.54204474 20.32786579
-82.99335068 -774.34826200 43.75057128
-88.80707191 -744.71694251 80.09644377
-96.94306823 -754.95406762 74.98092505
-77.29633339 -751.43362361 70.51058480
-77.08210952 -767.91600782 46.26639444
-91.62479715 -777.66718209 41.98987702
-68.62784072 -785.76708189 69.34715647
-95.20179905 -766.99225854 63.57714119
-94.74896168 -768.16070395 62.35020935
-62.64964328 -756.94378285 74.25011683
-92.06191170 -776.95318158 43.66317995
-62.41510000 -755.21880000 73.61910000
-94.87467092 -755.94990376 73.76674070
-25.75669603 -747.44176117 65.43190038
-94.72827980 -757.67051083 72.19158050
-57.92980000 -791.23430000 54.72590000
-93.55816466 -739.04238170 83.36227609
-54.82805299 -744.73042217 29.86870732
-91.59817962 -749.86417201 73.81274740
-88.88242658 -777.24719027 41.98454394
-43.90973992 -789.51416585 56.43649533
-44.90066842 -787.21035965 61.12030702
-93.55027994 -746.70835860 79.85924204
-91.80905643 -738.66274091 83.05772934
-64.08296932 -775.49014939 72.04341093
-63.55520000 -752.08360000 40.34085000
-91.79651101 -771.99769846 56.42603078
-91.40652754 -735.84737322 83.85341796
-91.81594882 -740.73091588 82.20191426
-85.91098735 -744.81402757 80.52089350
-93.61630286 -745.97533714 80.20749810
-60.82289845 -771.84660890 70.59710464
-54.89473600 -794.54925200 53.41245800
-92.00186121 -746.92588226 79.37159325
-61.92064217 -756.92309734 68.52572249
-91.81237806 -769.95486992 60.27932370
-88.80206302 -774.93693470 44.46212423
-91.80939988 -768.55067559 62.47065761
-63.98756200 -763.73690200 70.67361400
-55.56800573 -785.72524876 65.16962345
-91.28234444 -748.18533762 78.60752907
-91.99907755 -754.25906429 74.52789041
-85.75456358 -726.66355516 86.50515261
-91.82621303 -766.12348432 65.44799544
-88.78141878 -729.87064059 85.68047925
-82.95803173 -724.08473495 87.51219254
-91.44189980 -767.39857172 64.15033798
-63.40800000 -752.98820000 39.92780000
-51.60250000 -741.88581667 18.08763333
-61.85970478 -786.96244405 62.59740067
-61.62174663 -791.60747358 55.45759952
-41.50876917 -789.41378220 57.10453634
-59.02870000 -755.32845000 48.26085000
-88.79744875 -733.14310215 84.58957620
-71.96386881 -765.12951881 46.14263168
-61.04456755 -751.96682177 56.13656745
-88.07027586 -727.12016243 86.60173630
-79.08062222 -752.32229722 70.38560556
-88.80866923 -738.76746662 82.81329910
-51.85086893 -742.21463762 20.68806529
-88.93258868 -750.08820256 72.61074594
-88.75146875 -772.16056891 46.69065388
-88.54126671 -740.63060279 82.13303090
-90.56273333 -773.71214444 55.13672778
-58.82675495 -788.96426631 58.76405538
-59.43813505 -777.85658096 67.91002445
-79.85456838 -744.78296518 82.85855298
-64.81186943 -774.87424902 76.75330297
-85.60575899 -772.57481738 45.47753945
-75.79940000 -765.14882500 45.78715000
-52.76201729 -793.33392125 53.63435852
-85.84964850 -774.61015529 44.00191652
-88.84749630 -749.61840268 77.62704222
-89.26203998 -753.89458107 73.80589467
-85.74910445 -729.68716438 85.55512255
-88.84218659 -769.06897887 62.60424036
-89.84614670 -770.07349812 60.55746196
-88.89186264 -759.99956010 71.81002960
-85.74391075 -731.81577174 85.09370664
-89.07035919 -763.46202276 69.08592970
-85.90857990 -735.78662073 83.99200955
-63.47774815 -757.43199846 75.34134722
-85.54694298 -741.24183147 82.26211469
-83.49703794 -770.63617773 46.16215837
-82.81923157 -721.42918992 88.79230263
-79.53535467 -769.84785244 45.75639228
-82.69674510 -723.07690112 88.34270060
-59.26193621 -751.29227899 53.31252715
-85.87428571 -752.38908571 71.90105714
-85.13047276 -750.08449983 77.52299179
-64.75072278 -794.92404269 49.88384692
-82.84470151 -726.74486215 86.70658838
-87.76236057 -758.52552082 73.19665899
-82.81018305 -729.80986424 85.87965053
-63.02306528 -767.60042847 73.73312847
-86.97724808 -771.77899815 60.18667404
-73.14066335 -766.71183416 45.85882174
-21.05304800 -749.04022600 66.83180000
-82.60571150 -732.65300495 85.35991064
-54.90634444 -747.18371481 29.69834198
-87.01146408 -766.97718506 66.44675144
-53.58813881 -746.72829808 38.73800672
-86.28949263 -760.53271328 72.43832676
-61.27508252 -751.04308967 39.29580091
-86.01011916 -765.47972144 68.48664120
-83.61998239 -733.73717852 84.85912746
-79.97674687 -768.28689511 46.55608321
-70.04561053 -794.44136842 49.48994386
-82.86650163 -738.73420842 83.69467805
-58.37293400 -748.44364284 37.84649612
-83.72813504 -750.45205118 73.17404232
-63.99601559 -801.28661609 35.62950299
-68.94803043 -791.78900000 61.27612609
-47.00712026 -741.24927595 14.46768773
-82.12788655 -734.69994566 85.07847255
-67.61802806 -798.07776124 43.88008108
-82.55550672 -750.99206496 72.20980628
-74.14010679 -797.02271202 42.45658373
-105.16406250 -746.17885000 72.94052500
-82.87027169 -741.85060773 82.90887017
-84.46743125 -743.36182500 82.00505625
-85.83043850 -767.52336714 67.12919671
-77.11594953 -752.43547664 70.39240467
-59.13890303 -797.16343247 42.71661948
-65.71773360 -776.71291423 73.79803960
-81.22705208 -721.98292083 88.45762292
-71.05180752 -776.66381353 76.68891630
-80.99499239 -723.64038609 88.29470289
-83.27561304 -745.32399149 81.57748367
-67.67903873 -775.56524278 77.36804305
-50.89287481 -746.99469737 42.31365789
-58.65519193 -771.82460755 74.33600705
-80.49368417 -726.85627600 87.09851237
-82.91683886 -747.75781421 80.39581057
-73.87713797 -751.59648979 68.49315247
-75.67355270 -793.84883693 47.90223402
-84.27622500 -748.99525000 78.93055000
-83.25617681 -750.30745428 78.27678440
-82.45595042 -749.48698431 79.24421548
-80.19077523 -729.67078175 86.50506972
-56.69280000 -752.19147500 58.94225000
-59.00155000 -749.23995000 53.11055000
-58.32389039 -750.27998741 47.85125531
-80.29583333 -725.48436667 88.04910000
-61.32296508 -787.92613213 60.50743244
-80.15599753 -732.77787809 85.64266308
-82.31101429 -753.23714286 70.80287143
-79.70683361 -735.49046146 85.15037971
-84.28040000 -761.10667778 72.89301111
-84.10650722 -762.83163021 72.31179144
-76.83907241 -762.70715760 47.65351186
-63.98894706 -798.58929014 41.57030502
-80.39720231 -736.18314101 84.73080352
-61.85548117 -794.65906213 49.82584237
-73.66636359 -752.63892951 68.34410457
-73.67176746 -797.97547779 41.13919402
-53.73279352 -772.82288302 75.36521759
-79.75013005 -738.95829770 84.41235249
-84.07480000 -761.92628889 73.05673333
-51.55263333 -743.67668333 15.43488333
-70.60002520 -782.54641120 70.10498040
-67.89050000 -754.05637500 68.30215000
-77.05811374 -771.26312203 45.06323298
-52.23142608 -746.89476057 41.03875093
-62.37781678 -751.86924301 40.22751434
-78.82972500 -752.41338500 69.76441500
-41.94550741 -788.10914198 59.69183951
-75.86524493 -797.87452253 40.89535850
-63.83093730 -759.59392388 75.00696062
-45.50460000 -743.52860000 12.05500000
-14.54230490 -748.73922978 71.09236234
-58.95997344 -800.02630752 36.34019949
-80.46005818 -746.00795030 81.82239697
-58.18716004 -748.48946148 44.46254986
-80.58876992 -747.85485866 81.15661598
-74.08844020 -765.45761971 46.41026499
-74.89665495 -767.50063736 46.04693077
-55.70906171 -800.86128788 35.47556347
-67.67469015 -782.91430674 70.20403403
-76.49081120 -752.49414801 69.25444421
-74.19982875 -768.80087097 45.48182968
-54.05571111 -750.56350000 42.54812222
-73.93788216 -801.88582279 36.20994851
-73.79473085 -780.58505913 71.32380446
-77.58549263 -736.81703808 85.56156708
-77.75938892 -741.00257254 84.14092512
-82.27346380 -780.42075836 70.45033991
-82.66003301 -783.68052518 67.75133922
-83.50739643 -784.20033571 66.90052857
-55.56975166 -792.01920704 56.21118166
-49.84934558 -741.81231228 20.34461707
-63.90226098 -756.78234390 70.72949268
-78.19768846 -744.12841538 83.86193654
-71.80209554 -766.22513393 45.80148304
-79.83432713 -783.69207838 68.21450202
-51.12553810 -745.28712857 28.63747619
-56.12004823 -747.65875727 41.37622769
-51.04626364 -803.16234545 30.80592727
-58.89125826 -793.80089709 50.82353890
-72.09559130 -767.48176522 45.50623478
-70.78112295 -761.73574754 45.84462705
-72.78838780 -752.94170732 66.67693415
-53.42964816 -794.50821838 52.45569323
-79.70640725 -780.36722304 70.86787110
-79.92011190 -781.72392415 69.55164252
-67.85618119 -777.34508365 74.33963843
-69.79771616 -789.93605505 58.16919394
-23.09781093 -746.09467690 67.88374343
-67.61149173 -757.27237606 43.94717814
-73.82753831 -776.04122607 77.96734258
-53.07501762 -776.80195970 75.48257896
-68.76537635 -758.91421939 44.77887534
-71.53322959 -751.87564498 67.63215756
-52.54164959 -797.48271560 43.42545207
-58.70545875 -750.65546173 50.58647177
-75.79767321 -799.29652697 38.88661743
-75.66113941 -800.66325059 37.47216412
-78.74425281 -777.89475596 73.70964316
-73.92075497 -799.44880929 38.95791396
-61.85499209 -792.68699485 53.50118421
-73.67759679 -800.78436021 37.54103995
-76.84217560 -780.53947838 71.11142307
-77.26271638 -781.96192563 69.76644837
-76.86363849 -777.95350373 73.87090289
-49.95566509 -744.13285755 15.26163208
-77.04541050 -778.95075275 72.59082771
-39.96666250 -800.30427500 38.53761250
-61.03727622 -771.85251905 76.31328415
-44.22217050 -748.06321982 50.84279125
-55.82451413 -795.50476084 47.60080397
-76.93724478 -783.71775616 68.56363899
-58.75121419 -797.85296885 41.32730876
-77.65353704 -785.43206543 67.44095679
-43.75030119 -792.58567414 50.36499303
-64.84462060 -792.63396257 53.34840242
-73.82160841 -795.99594525 44.51213885
-68.19426713 -752.09521881 64.83437125
-58.81235410 -803.75612673 28.88952932
-67.85686247 -752.86092254 64.94932506
-66.97262887 -752.98067583 63.19373913
-66.80393770 -776.03144184 75.55188667
-93.44592143 -740.52185000 83.15973571
-71.06505620 -799.81701647 39.44407920
-71.91362486 -802.03586590 36.67297110
-17.95563641 -752.66482308 66.64357282
-70.90593064 -796.42585338 44.79095512
-72.20641667 -797.22515000 42.90398333
-73.72295659 -778.07338003 74.22775472
-74.77113246 -782.16458596 69.86417982
-61.82708645 -790.42296122 56.94243942
-72.68763936 -790.93800442 55.31877590
-73.00742537 -791.16699254 54.76414925
-43.87701282 -774.00365493 79.60787040
-48.98364000 -740.08448667 17.35446000
-73.56508729 -792.72511312 50.56757620
-70.84749711 -793.17501225 50.53363994
-41.40762069 -748.41650794 54.08367663
-71.50532352 -794.07076879 48.59203231
-111.18866667 -755.18663333 66.93706667
-70.60167771 -795.03914580 47.29030217
-64.91429778 -753.09665125 62.40594082
-73.76476906 -776.78057394 77.05461108
-61.03416925 -803.02702460 30.51374738
-65.18715550 -753.77632431 64.65158807
-64.45720000 -756.56658537 60.18103780
-71.22252770 -791.20780468 54.82430683
-59.16779548 -778.79248983 66.66654633
-63.96200591 -753.03977518 60.18771315
-70.52302679 -790.66151270 56.23097471
-73.08019765 -785.41202667 68.02322941
-58.91139848 -771.05789171 71.41096399
-61.08649031 -753.06967959 53.20032143
-68.87711662 -800.94894292 39.38788369
-55.81770395 -747.16163565 38.75277475
-67.98757405 -800.53573910 40.59127784
-70.90180774 -780.68518472 71.31125204
-52.91213970 -794.07005997 51.54560637
-71.02201905 -783.46609218 69.34054882
-60.78058613 -751.27330578 51.20164798
-67.71272499 -793.61150998 50.85061861
-61.97008118 -800.89040640 34.99281908
-67.32723470 -794.55889558 49.55752357
-52.84976872 -786.28155677 65.36823876
-12.17346909 -750.24310636 71.72299909
-61.90967311 -754.75746214 62.24007677
-39.15045000 -800.37010000 37.96295000
-65.15175580 -782.76374289 70.66718326
-60.85388339 -775.13571429 69.26616379
-70.61849937 -775.95910573 77.27624543
-54.90365319 -746.94066553 33.00624426
-67.63215149 -792.24724688 53.34549901
-81.48304286 -764.18689286 48.27768571
-53.44925719 -746.64393870 32.87142945
-61.77309130 -755.09721304 71.93274783
-53.01719491 -772.52823259 77.52355483
-67.70089971 -790.59537651 56.60839767
-68.81166667 -791.23743333 54.89490000
-66.08599783 -783.87261522 69.81063913
-59.70903333 -755.99268889 53.99411111
-61.80865617 -754.55087346 64.59912531
-61.53582809 -756.27133716 62.81918138
-59.08002320 -752.49656560 51.11852160
-126.22830000 -745.73105000 60.89720000
-53.46724792 -746.45147292 30.10798125
-67.59516324 -778.31697159 72.28758288
-63.68567013 -756.65288456 68.18177181
-61.88289433 -756.67382628 65.28376735
-66.97148031 -759.68734300 79.80762715
-67.48263753 -791.35651779 55.19731952
-67.82345928 -780.78985360 71.18621465
-67.58141747 -790.02698811 62.20715793
-66.49509091 -760.21766116 78.70334628
-68.08937412 -784.22364875 69.69441806
-65.70375852 -798.32258565 44.47794532
-65.25550611 -796.27117575 47.63583287
-65.06425722 -759.40239344 77.64549204
-66.52563281 -788.06861797 63.22908047
-68.68767500 -791.64242500 60.86345000
-61.13136684 -766.03905679 69.13450839
-60.73028333 -749.04366667 47.51965417
-68.45310545 -776.41690745 76.30125745
-63.88099688 -800.16513438 36.80364062
-61.39517419 -758.73773763 63.41597527
-53.40441993 -785.01431021 67.74874846
-64.64530571 -775.53141702 74.63778755
-63.64176999 -799.57125718 38.43447046
-59.89111494 -755.64256552 60.26762759
-64.01691371 -757.71295757 76.86561200
-62.09083687 -756.79012000 71.47751745
-64.88893389 -790.56300630 56.81535794
-64.66752166 -791.46675789 55.27628201
-61.07321524 -758.94807580 68.17356702
-61.82893405 -799.14035039 38.40013224
-62.22047309 -759.33850897 71.74884281
-63.88724358 -766.47433243 75.03106700
-45.90635012 -794.07929759 48.65082554
-55.78253322 -797.38478792 43.22180940
-61.99760000 -758.42926667 57.25650000
-64.15897285 -786.46543673 64.21878064
-59.52670776 -785.58336667 64.28339178
-58.81109335 -801.82151094 32.48036065
-60.76807102 -805.00175831 27.28193136
-55.85390677 -771.95458594 77.48023286
-57.51911667 -743.95556667 31.57871667
-61.45537151 -795.24470043 47.43193282
-58.71392123 -800.73185425 35.02828116
-60.13089863 -765.98284247 68.60318721
-61.95308124 -789.11519220 59.01858164
-62.15311447 -774.83073205 71.83389487
-61.82893791 -785.83720362 64.37630920
-16.43217804 -747.92750256 70.35317999
-59.98017345 -768.88296299 69.24121036
-81.26695000 -774.95905000 42.90325000
-58.79729926 -796.62447068 44.35321658
-49.57420501 -747.22511579 44.46923835
-63.10828872 -782.56120075 71.35672030
-61.49691522 -752.74442391 51.05541739
-62.57586667 -776.42063333 75.03063333
-61.11901083 -769.44252792 70.39971917
-55.75057687 -803.77746379 28.96052791
-55.82640479 -802.02175820 32.39589147
-58.56587452 -784.57422346 63.36004597
-59.09073607 -781.07026535 65.96927992
-58.82566795 -790.34911980 56.86262114
-59.07336706 -791.51438186 55.36779639
-58.99291882 -773.96536706 71.88611294
-44.12193333 -787.87842884 60.18877679
-59.31983223 -779.71140930 67.20616798
-58.75566487 -786.33949137 61.91687428
-64.13689231 -780.36653077 69.80335385
-55.69630631 -798.05582103 41.39208585
-52.81920168 -803.94352463 29.39175263
-56.21734776 -797.18448806 42.78137015
-117.56255484 -740.72479355 70.11004194
-58.28937188 -771.52780295 77.12601260
-57.01936667 -776.83610000 71.37033333
-58.67110000 -749.54105000 36.83505000
-59.51216000 -777.47925000 70.82119000
-55.91610522 -793.88528822 51.05991712
-55.84351051 -792.94174072 53.56352706
-53.30253939 -803.00672503 30.59092675
-56.10159716 -772.26097930 74.80519568
-45.72805187 -747.82772041 49.42844494
-55.60287295 -789.73618337 59.14085208
-36.52867647 -746.32482941 61.13731176
-52.87828192 -800.94187327 35.27111779
-56.46144291 -785.01093063 66.17211937
-57.57774762 -771.63924048 79.18839286
-63.66167143 -774.96629286 68.90015000
-52.44828501 -800.13715591 36.68574380
-37.80306299 -746.09595480 60.14569887
-79.30160000 -782.89390000 69.96020000
-56.41017674 -781.07252326 68.14407442
-57.68161190 -784.04087262 67.22167976
-55.65890273 -784.63282143 67.51447559
-52.65511525 -794.92938415 50.40426265
-129.73168684 -753.11762500 61.10585789
-55.13298750 -776.46529028 74.59161111
-57.55167273 -776.31247273 74.17140909
-50.86208430 -802.39772450 32.70769897
-50.51746235 -801.11905349 35.41479729
-52.92206201 -787.56608989 62.31750847
-53.52092323 -775.26214225 75.60725899
-50.52793665 -798.53464171 41.50135407
-52.59398103 -771.73734747 79.74405918
-48.11279853 -791.32772500 55.03519265
-50.82694444 -746.55102222 14.59411667
-40.45725582 -799.47866201 39.31363466
-50.30840000 -800.34580000 40.04850000
-52.30976805 -774.43049024 76.40639085
-50.12205833 -800.45902197 37.36499040
-52.40350388 -785.53771470 67.48025970
-50.51695713 -797.68367114 43.79894312
-51.73546667 -797.48615000 46.33675833
-49.59720795 -793.76757482 51.05166337
-50.25088265 -794.72106185 49.77540032
-49.78752736 -790.53900209 56.71675642
-50.09399284 -791.45765251 55.40801655
-49.87607232 -787.59045636 62.48704620
-52.50472796 -788.33754100 61.13360071
-49.49181259 -788.11661310 60.65427704
-84.68162720 -767.02182720 48.06685040
-40.19926506 -747.96102974 56.10381004
-50.24083476 -772.87832918 78.35993505
-49.81352025 -774.64022721 77.26671860
-59.88541446 -754.11900378 59.00414293
-49.95832681 -786.81315344 65.25055157
-58.11426202 -748.94725880 46.92055022
-49.77334514 -771.95701897 79.93109269
-50.43971212 -788.42916364 61.17502045
-50.57497642 -785.80380000 67.57119025
-49.66528614 -776.39707063 76.44993696
-46.66838791 -797.63653100 43.80420955
-39.50790570 -746.65042021 58.24017565
-46.77685332 -793.35333269 50.49795489
-47.75026473 -794.39973527 49.14898437
-38.16323004 -748.38495679 57.02318284
-37.57293893 -750.61085101 55.90592682
-74.36827059 -751.74021765 70.04665294
-48.54277500 -791.23330000 54.90422500
-46.98088094 -791.86536859 53.42738760
-22.49508762 -746.94665434 67.47963850
-47.17783454 -787.43978721 64.68093743
-46.78539030 -790.14423588 56.40050280
-46.27731016 -791.01658663 54.46161087
-45.80452184 -798.38646516 42.48064116
-46.88817147 -788.71142201 59.10030548
-47.09340120 -787.41686880 62.45753503
-46.69006856 -787.93429205 60.36869753
-46.96728426 -772.50244265 80.10519144
-46.17361498 -773.61456426 79.28269660
-63.59655714 -762.21662857 65.49567143
-47.70048372 -776.37335581 77.23482326
-43.56128694 -793.77658329 48.07260217
-101.72494000 -761.92288000 70.37472000
-44.17023899 -794.79062319 46.70914157
-36.56556211 -746.07126000 61.20790421
-55.73639936 -805.92027665 24.39842611
-43.64167401 -790.71791499 53.62306137
-24.31390000 -753.50350000 60.90550000
-34.94549414 -748.09975512 59.43646002
-35.76251352 -748.84755656 57.57808361
-63.11123125 -788.33580625 61.13863750
-34.99016080 -751.29835635 56.92773277
-43.84215134 -788.76261607 58.79251398
-34.65986582 -746.02861347 62.23040407
-34.48559056 -746.61876857 61.52179547
-34.62451685 -752.57777886 56.21559013
-42.62140317 -799.60733492 39.81456508
-34.16097227 -750.03787618 58.51869058
-42.58631400 -797.16288400 42.81082200
-44.77473763 -774.93877766 78.69923958
-40.52250102 -796.78893954 42.38279809
-40.93437582 -798.19629006 41.04376338
-43.89924958 -772.72991861 80.49241819
-42.56406667 -791.17392982 51.82378947
-40.82044958 -793.33396324 47.60490374
-41.83458050 -794.40959119 46.23687673
-41.01239277 -790.39436383 53.12099941
-120.18145000 -747.57455000 63.94260000
-40.70824443 -791.09942058 51.62719501
-39.99159424 -794.13419065 45.70234724
-41.41888404 -789.02780313 58.59037139
-31.72543217 -745.83127932 63.09885452
-32.43036707 -748.70890999 60.36786660
-38.85668054 -799.14055436 39.14562276
-50.85342759 -785.17663103 68.18223448
-38.49858050 -796.44810595 42.19300509
-38.73347564 -797.84659922 40.73185395
-38.67990056 -794.07532148 45.61763833
-38.97449939 -793.48146380 46.86560169
-39.89993333 -791.32136667 52.06306667
-41.79613901 -773.65544294 80.21433392
-38.50019177 -791.95629457 50.54188164
-30.52766842 -749.37311842 61.07068947
-29.68696295 -745.81062847 63.62031921
-28.99231590 -747.99991711 62.84012957
-108.78470000 -727.58920000 78.97630000
-28.44009339 -749.95880036 61.70355384
-28.93491480 -751.46767617 59.58150540
-55.42595340 -745.97696772 37.72873554
-28.80370414 -752.45236377 58.50117047
-27.88727702 -746.77352709 64.41733404
-54.38310000 -744.45110000 22.96630000
-26.39770391 -746.06765676 66.32768114
-26.67183613 -748.82933953 63.53623848
-26.63706777 -751.91699824 60.05662756
-25.73984508 -752.54562689 60.25284091
-25.84776632 -750.87172330 62.45819554
-55.21469288 -745.56629405 35.59860228
-24.98358000 -746.07514122 67.31001073
-24.80017453 -749.74141894 64.24479068
-24.83753427 -746.42233652 67.27780056
-23.16782419 -748.11003394 66.29263266
-87.44620000 -725.12074000 87.10382571
-22.55571524 -750.51217102 65.04170497
-23.38163472 -751.68146721 63.36868142
-22.83651072 -752.96426598 62.65999753
-21.53583636 -752.42371818 64.05303636
-21.07192222 -746.13247778 68.15386667
-19.76727825 -747.77726109 68.31677039
-20.25280545 -751.20328241 66.09332664
-59.16916471 -806.36108824 25.24343529
-20.99134918 -752.86824959 63.63346516
-17.42226684 -748.21356668 69.40331174
-19.11046198 -750.35439554 67.42603981
-18.42084000 -747.25562000 69.99484000
-16.88424343 -750.76170793 68.48005161
-16.75527629 -752.53858015 67.67131415
-15.50665400 -749.46282800 70.14450200
-13.57649851 -750.27736321 70.93125348
-14.78776019 -751.26273669 69.40844213
-15.05820294 -752.41049118 68.75838235
-30.94571791 -752.44196940 58.10845522
-42.91571710 -748.20151015 52.75641847
-51.09026184 -803.69163287 30.31798301
-54.92620000 -797.33920000 48.49980000
-54.08493333 -797.23393333 42.91776667
-53.33764415 -805.08680549 26.54283082
-63.32136667 -801.67523333 33.87456667
-65.06870361 -766.89308908 76.91697475
-65.69276000 -767.48779947 77.16148934
-42.36325000 -749.30695000 52.96915000
-60.20101020 -762.18476531 66.45765102
-66.52648143 -767.10226286 77.54931857
-66.48961689 -767.46584527 77.67935676
-69.36554667 -790.69501333 61.58942000
-90.96258903 -731.07522839 85.38040968
-62.91520000 -754.67724545 68.96449091
-60.99744130 -756.15968986 59.68681812
-29.62239877 -752.53377222 57.84925802
-120.51500000 -724.46950000 76.08790000
-59.98790476 -758.54283810 67.43002857
-64.75515851 -752.09497872 61.97758723
-60.10930750 -759.15006250 64.48355750
-63.63506000 -754.13660000 57.85880000
-73.95963500 -793.78973678 48.19879087
-73.69729689 -794.80973340 46.77580505
-70.10490579 -759.84804122 45.39518462
-89.83847815 -773.52884874 46.20341176
-91.78464220 -774.11702580 46.42651162
-105.84807879 -746.76461818 73.07484545
-102.20560000 -742.42434630 76.56782963
-65.61725455 -779.40241818 73.08075455
-114.43272857 -747.75780000 70.07987143
-117.02560000 -758.55654000 63.94804000
-126.52750000 -761.28460000 58.95940000
-90.19839118 -773.06202059 54.77271176
-49.37562667 -743.64523278 20.83169722
-55.64744376 -806.70071354 23.22256744
-51.80086887 -803.45789906 31.27221038
-53.85267179 -805.98386440 24.49907237
-47.27593929 -745.41636071 23.91306071
-63.83808148 -800.47940000 37.35648963
-75.87677713 -796.97837025 42.27365455
-95.52437692 -754.53206923 76.00403077
-78.20038889 -773.40096111 44.05218333
-75.81220117 -794.65822456 46.75323801
-58.40704766 -797.39684953 43.62041869
-93.10207273 -779.33790000 41.52701818
-75.65367541 -792.62603197 51.65905410
-59.97395490 -754.26980784 62.25330000
-70.34165652 -791.42771159 55.26545652
-55.09312955 -745.04015513 32.64788510
-90.68576654 -772.87048587 46.94910632
-90.28527500 -773.32866250 54.60121250
-82.55342317 -766.12948974 47.90058074
-59.33575294 -754.93483588 68.26610118
-54.81790000 -785.32427500 67.60735833
-60.62425714 -780.56031143 65.40289143
-93.41220625 -767.28325000 64.01593125
-122.98703276 -745.57327759 63.69648966
-84.28313333 -765.52507778 69.33754444
-51.25900000 -745.20090000 32.53480000
-56.59560016 -748.45291806 44.19398200
-59.71173226 -763.24060000 71.05982258
-65.98016201 -759.18435270 79.39159289
-60.07521921 -755.98278940 70.20648477
-18.32780000 -752.27540000 67.08520000
-45.08755833 -747.96133750 48.74852917
-73.13735625 -791.41486250 55.03931875
-101.91883333 -753.72384815 73.07981852
-57.00829194 -750.84915161 49.99041452
-54.02449167 -750.31032500 43.63570833
-50.96678333 -776.42134167 75.89715833
-51.91420000 -776.37197500 75.98440000
-59.72525270 -772.04018122 69.17430609
-56.18086154 -773.55448462 71.68930769
-61.64525045 -772.42874685 69.66266937
-60.36632500 -779.05590000 66.87247500
-85.01289971 -781.76031578 68.73863171
-73.31580000 -753.16958462 70.25776154
-57.18176400 -785.15713800 63.66474600
-69.39745000 -800.27875000 39.97910000
-117.13092500 -739.82725000 69.70790000
-50.96210000 -803.34480577 31.23026923
-81.49150000 -779.23760000 71.41801667
-52.89039778 -742.82406333 29.15105000
-48.01479091 -742.41432424 19.57940000
-52.28953051 -742.51696705 23.61531338
-50.62612297 -742.25585594 23.30646469
-63.71970000 -752.05878696 60.20257391
-48.91661818 -741.25627112 12.02121337
-111.69771321 -756.11036792 67.42725283
-62.08627094 -752.00646239 59.37206154
-47.47877239 -739.50360986 14.27998282
-49.31890189 -741.77856864 14.51732521
-111.18040000 -738.20780000 72.56350000
-51.90640811 -742.48048919 14.31620270
-47.53617422 -741.57861847 16.99270819
-49.59690501 -741.62051134 17.45017477
-47.47504478 -738.85847164 18.00685821
-52.25249219 -743.77610625 21.06214375
-56.72703253 -748.98024118 46.68213426
-73.72405714 -780.32930000 73.84937143
-51.03789259 -742.73992778 25.33755926
-61.48240000 -752.30260000 46.32060000
-73.45345333 -761.05173860 46.99521684
-80.31090000 -751.16837500 73.24337500
-52.30475445 -742.84759152 26.12510917
-54.82592857 -745.01868929 26.53329286
-86.88065000 -746.24465000 78.94510000
-53.90756646 -746.07496118 38.21127329
-64.56676208 -754.19230843 41.73805023
-62.29063824 -752.58275000 39.74271765
-65.71325356 -755.66105270 42.61307624
-66.03150500 -756.21498357 43.18590286
-123.02001818 -736.59034545 66.65510000
-60.80680127 -751.02035316 47.15998861
-71.60950310 -760.61332876 46.18935000
-73.18829310 -762.46686552 45.78616207
-56.15438000 -748.89462000 50.32388000
-63.53061250 -753.97658750 51.64678750
-59.83817427 -751.96140539 55.65279378
-93.14670000 -773.21113784 51.78585135
-60.07718758 -756.47454752 62.11828509
-94.83559292 -748.60037434 72.65408938
-72.85258471 -751.60420941 66.58750941
-92.90013500 -763.93123500 66.64036500
-89.98981290 -754.43120000 72.57701935
-90.89515200 -754.57446000 72.56603200
-59.86108438 -756.07750430 68.04022051
-60.12502162 -757.09441757 66.42692703
-91.12407647 -744.16925294 82.35251176
-46.58816250 -743.42144167 15.61641667
-63.47206154 -759.14458462 71.94330000
-64.97340000 -776.92360000 69.11540000
-88.54529444 -731.08440833 84.88856944
-63.95521167 -758.78650000 68.73014000
-57.24180000 -752.80110000 54.72730000
-131.99403333 -736.41066667 60.73223333
-57.99482133 -806.42436161 24.13083033
-52.52153333 -744.36856667 18.30486667
-44.51670000 -739.93364000 13.80154000
-39.58588000 -746.17959000 58.64183000
-48.98413846 -739.82583846 14.43637692
-56.93995000 -774.30253750 68.88361250
-47.25135769 -744.04943846 18.14611923
-54.58430000 -741.70353333 22.57481667
-54.62222308 -742.75366923 26.33869231
-50.54997778 -746.49513333 28.81767778
-57.81302000 -746.19004000 38.53444000
-30.08044118 -749.07082941 60.70412941
-56.75996250 -752.35722500 50.65587500
-55.64066250 -806.93738750 21.89580000
-66.80256429 -797.49530714 46.30451429
-75.53328571 -761.18770000 47.78468571
-64.54400000 -755.24840000 68.83560000
-44.57494444 -788.67607778 61.38945556
-56.90960921 -771.44374644 71.58649540
-79.29722143 -733.76963214 84.82334643
-63.71779091 -771.41171364 69.81946364
-108.16460000 -732.98015000 75.81770000
-81.09176667 -728.86300000 88.07430000
-65.18256000 -773.14959333 70.63410000
-68.91867500 -775.25850000 72.66275000
-51.55230000 -773.49233333 80.74476667
-84.89903333 -722.21335556 87.93126667
-81.10610000 -722.17780000 87.93390000
-126.29840000 -746.31945000 60.90955000
-15.16898000 -749.12868000 69.86738000
-17.87765789 -752.05248947 66.76741579
-69.45769048 -758.07517143 45.08752381
-42.23690000 -748.39236667 51.85606667
-45.21370000 -743.07010000 17.27810000
-45.21910000 -744.35630000 15.94880000
-108.16840000 -728.21185000 78.71887500
-132.60605000 -731.20655000 64.03770000
-70.34055714 -791.74334286 58.18999286
-69.13290000 -794.34875000 52.69250000
-47.36850000 -737.16200000 15.20650000
-49.29117000 -740.11473000 20.61290500
-42.37406667 -800.42530000 41.02183333
-62.36226839 -803.44627184 31.33835805
-53.54516964 -742.83972143 32.04669286
-62.40332000 -800.33169000 37.02558000
-56.78020000 -749.34880000 39.91110000
-52.27071667 -794.57796667 54.97438333
-58.89000000 -755.00856000 48.34112000
-58.52837083 -748.78810000 49.94815417
-56.14932500 -788.52780000 61.27095000
-60.00162500 -751.93085000 58.88052500
-63.52636667 -758.69280000 61.64883333
-61.17342727 -751.66663636 63.36005455
-55.43572360 -773.56569663 76.29243708
-63.62176250 -761.79268750 73.57538750
-55.42039583 -770.19227083 81.11331250
-70.72775714 -779.54437143 74.94442857
-67.85915172 -774.59854483 79.02030000
-84.85232500 -749.57919167 79.92893333
-99.52941429 -757.90442857 73.00747143
-138.46340000 -731.21390000 59.89120000
-99.70965714 -759.11266429 73.39081429
-116.92862500 -722.23342500 78.23395000
-102.54894667 -754.19454667 73.08323333
-85.96101250 -731.10598250 84.92368250
-102.68231034 -749.96628621 73.21133793
-115.03574444 -752.97253889 67.18078519
-91.58262857 -734.45330000 85.42804286
-126.53408182 -756.91765455 61.10836364
-132.33120000 -759.52260000 59.16890000
-93.34770000 -742.73360000 81.81410000
-105.41335000 -755.56942500 72.34015000
-82.47710000 -785.26770000 67.81440000
-80.28870000 -785.32865000 67.63940000
-65.38225000 -759.16352500 66.78102500
-53.99120000 -774.43350000 72.92630000
-54.08458750 -785.20695625 66.87762500
-61.69940000 -755.93301667 51.55850000
-53.92760000 -743.12570000 35.14130000
-120.58342105 -743.95041316 67.15673684
-63.36930000 -788.23555000 60.93920000
-96.49987059 -779.04973235 43.67494118
-40.08310000 -746.19620000 57.93680000
-72.03850000 -776.41855000 79.13975000
-102.36887143 -762.47577143 67.06670000
-102.35606667 -759.75583333 70.34040000
-123.54346667 -749.28130000 63.98323333
-123.69830357 -747.31459821 64.20675714
-129.48552857 -743.89278571 61.13040286
-141.65537931 -737.94875517 55.17330690
-138.68305143 -735.02214286 58.21609714
-144.35140000 -734.25180000 54.84400000
-114.58316667 -737.61941111 73.02393889
-121.17065000 -736.50925000 70.13830000
-126.38930000 -734.34635000 66.99180000
-108.48830000 -737.50050000 76.06260000
-132.42188000 -731.43336000 64.09442000
-108.33660000 -752.35660000 69.97110000
