-50.24039717 -736.58962499 38.13831425
-50.26899887 -769.49396325 28.89460704
-47.68572233 -743.41792259 32.79712167
-44.81883595 -742.83474556 23.14356642
-56.04617446 -742.94256338 33.73645055
-47.35644531 -743.05323475 30.14517330
-47.55739953 -757.87889862 33.67307577
-52.60668529 -721.91630208 40.84134591
-51.98964286 -756.30570714 33.86038571
-52.63110852 -730.79816678 39.30726357
-45.44313696 -744.28820652 37.42910000
-45.68776194 -764.62540560 30.91656866
-47.91622787 -740.98732072 33.53755040
-48.29022474 -770.22956095 27.83806729
-51.73065652 -714.31744348 41.42541957
-44.27362912 -742.68321375 21.06330378
-50.65367600 -765.63848400 31.34431800
-51.23679914 -748.11029302 33.90845784
-50.41375216 -757.89278955 33.60033325
-50.13400437 -763.59968426 31.69570585
-44.87824333 -745.14620925 37.81231762
-47.62801531 -745.59272246 33.14011397
-46.83026154 -756.82014231 34.30834231
-52.74595485 -724.85326000 40.58251398
-50.10566882 -770.93987776 28.03834043
-50.56720026 -754.30154115 34.49278958
-50.51579756 -721.92653870 41.47322225
-61.20650833 -744.27485278 32.57876667
-53.60571166 -743.15837546 33.66948314
-45.90133540 -733.91780442 39.49615708
-47.43883483 -761.00094663 32.58672277
-49.57619054 -744.19096757 30.95297770
-49.80737327 -752.49277691 34.77481067
-52.08147215 -757.94680654 33.54995084
-52.50431285 -733.83145532 38.88936972
-52.29955226 -760.88497839 32.36811030
-48.76370993 -719.59461765 42.12007537
-47.43626732 -763.29188400 31.66148443
-45.90451000 -731.52005000 39.89639000
-47.95811665 -756.06748733 34.15876117
-47.92132465 -736.67131236 38.14690863
-56.33721144 -746.29726308 33.20213929
-47.39592938 -766.89954849 29.71597213
-56.10455294 -748.01445525 32.66648350
-52.73497843 -748.31629466 33.57568094
-53.56025205 -746.11122338 33.20028545
-61.82738006 -745.67317387 32.20932689
-49.45873333 -738.30271071 37.20787500
-52.29549921 -764.53666587 31.06619286
-52.47703512 -716.28623970 41.37836582
-47.71524694 -744.56179388 30.17517041
-52.66229358 -728.09741788 39.79123929
-48.11498532 -768.88621090 28.56950577
-50.41755930 -766.88496222 30.33602642
-47.87397342 -749.88963697 34.49284906
-48.29291548 -722.17699598 41.68788656
-49.96103245 -772.24618615 27.42181771
-50.36993739 -765.03783347 31.12478347
-50.66576459 -746.15681699 33.35618650
-50.73113094 -728.83897332 40.07046334
-50.56076995 -718.92883324 41.81681826
-50.11146957 -760.83787672 32.65266205
-51.03116851 -755.88409257 34.07291611
-53.54824615 -726.03356923 40.22835385
-52.67409545 -718.92448136 41.22908839
-52.36362102 -726.74368258 40.35241817
-48.67157315 -771.70537852 27.40621644
-52.17624334 -735.80582457 38.27873157
-50.38067512 -733.87553095 38.98927196
-50.42060809 -730.87515397 39.66902635
-47.17339455 -764.76468277 30.94266103
-50.42763050 -724.85589907 40.98460162
-50.23492027 -727.50933761 40.48397010
-47.46555575 -730.91378187 39.96496708
-52.06932500 -714.34320000 41.35862500
-45.40712203 -760.94211072 32.70859176
-50.97397077 -716.25231835 41.77889418
-47.70585874 -754.50563227 34.54545267
-42.21684778 -741.79112512 12.17264310
-47.77976651 -752.02145341 34.80819659
-49.28664203 -738.82702335 36.74677555
-47.70943544 -748.38523153 33.75827152
-48.25115474 -739.60297772 35.70590056
-48.38479744 -738.24742265 37.14317607
-46.86428940 -743.99824369 35.13892650
-45.85797673 -766.04803119 30.12367376
-47.49011172 -733.91941337 39.32331158
-42.69180698 -742.20662833 17.52277178
-45.76198108 -744.09452811 36.81116081
-45.53889308 -763.13226250 31.68849509
-47.73920992 -727.42026567 40.52357123
-47.37682119 -728.81924714 40.17481797
-47.78782039 -724.90993497 41.21430762
-46.51566328 -745.06612810 35.48488442
-45.41350381 -758.36951732 33.85738487
-45.47073454 -745.56260018 36.50789889
-47.57960000 -751.29308571 34.02378061
-46.38589908 -743.16317288 27.18585332
-43.81109710 -742.19268433 17.80161715
-43.56313150 -742.14866545 14.77968069
-59.26360294 -743.45886468 33.27890841
-51.08940000 -744.49653333 34.50321667
-59.60143025 -745.89542169 32.68212589
-50.97768024 -743.33368235 35.00264139
-45.59063333 -756.16946667 34.17751667
-45.13346712 -756.84060479 34.49096918
-45.39405407 -754.68943014 35.11896260
-45.74562459 -753.08359508 35.26831557
-58.47055376 -747.61296129 32.16933602
-50.65210464 -743.93101590 33.28310107
-42.39682222 -742.00430617 14.96052235
-52.18808025 -742.68450504 35.37653277
-45.93830000 -735.63470000 38.88105000
-52.04273333 -744.47193333 34.55285000
-42.63003125 -741.28378333 17.77971875
-42.49397020 -741.05160051 14.63887222
-43.51038825 -741.17533134 14.67798479
-51.30733654 -748.26006635 34.53253462
-43.92404623 -741.22593019 16.86442736
-42.87507500 -741.87935833 20.10650833
-45.50953197 -742.98851134 26.38944410
-45.82010000 -742.87288571 28.41250714
-49.84710357 -744.53521250 31.06072143
-52.09731837 -766.65672500 30.45181633
-52.26354444 -763.35790069 31.46794167
-45.75057576 -744.10905152 33.30797727
-53.65457000 -722.49228000 40.18547000
-46.16100000 -744.89560000 37.57065000
-45.98115000 -742.69095000 24.82555000
