-66.95858835 -735.79625248 41.63369967
-68.25215519 -730.89291259 42.11682061
-70.70881337 -761.05745418 33.86146998
-78.95484647 -762.73594456 32.65296708
-49.72727714 -751.29000939 46.99927600
-71.67918615 -752.17082308 37.65792853
-59.75539000 -744.16711647 42.84755821
-62.04790524 -747.84306559 37.28149593
-70.05096763 -732.80855674 40.92457358
-72.95437690 -754.74273919 36.90201067
-32.15587091 -731.57545636 52.26208559
-58.34870880 -747.73881862 43.45008734
-74.70407067 -754.94562667 37.09312935
-81.95049726 -722.76040685 30.94249742
-73.96987278 -764.22852485 30.97559350
-28.84245178 -728.66653990 54.50613934
-27.42399035 -726.41370531 55.26722043
-50.86685297 -741.09126314 21.14230125
-26.09246227 -725.85992637 55.64998149
-79.81050551 -724.01327366 33.38906433
-53.54140909 -747.70591818 46.10765377
-47.34891892 -755.01044324 46.69784873
-78.89170124 -738.74218503 38.13999731
-75.83810102 -764.16386223 30.88547636
-73.22408232 -723.98443098 38.79913139
-45.59405396 -735.49868328 46.63509730
-65.96250400 -722.26962800 46.96832268
-50.78495092 -752.71275609 46.29365077
-70.56091980 -740.75725601 40.91930094
-56.53716923 -749.45366154 42.34799468
-51.46987062 -737.78884424 41.15639685
-75.16835662 -729.51413717 37.64584552
-68.40663333 -755.24251111 37.05058357
-47.66361000 -734.48529000 46.14106135
-52.90812635 -741.22329946 29.09293036
-58.70514718 -743.88173077 35.14823007
-72.24610997 -736.28864510 40.45079381
-71.73706351 -729.57557170 40.19605781
-70.45464779 -727.26680288 40.91183544
-42.05500975 -728.03109068 49.72534744
-75.40559871 -726.72801959 37.77291477
-45.97095562 -732.78159961 47.51085623
-62.07650000 -737.28410000 40.79639468
-54.02031453 -753.10139089 43.67428418
-50.27577143 -736.79812298 42.82138909
-62.68503000 -746.87171000 36.94843468
-69.93127145 -738.78123655 41.13884055
-32.83048600 -731.50239600 52.13645068
-55.36717925 -752.49049623 42.86963053
-57.44325148 -741.40368150 35.28999119
-52.89930000 -742.00150000 49.08499468
-55.84905115 -750.72804959 42.80743818
-31.36967340 -729.61408273 53.35872227
-55.13388333 -743.40828333 38.89196135
-53.72146316 -739.23845789 37.63690521
-54.71944444 -740.19438148 32.80056135
-77.97463673 -764.24843265 30.96700284
-80.72597083 -767.12980000 27.64749885
-78.57340602 -765.35563217 29.61338964
-56.13192857 -743.18555714 40.16638040
-66.03648501 -726.48346412 46.53054304
-36.22730896 -725.10084509 52.89632416
-75.79564690 -740.42063379 39.01167606
-49.19821218 -741.26976373 20.41502281
-60.73261303 -745.10886019 43.46626769
-50.83647000 -740.52597500 17.89330468
-43.69956932 -730.79431572 48.88548464
-67.15396277 -757.21948859 36.56349078
-81.11891653 -723.80618104 31.95144641
-52.83050452 -751.16695846 45.47473394
-43.05258855 -735.77685555 47.57358027
-55.35593447 -744.84198004 44.34980307
-56.82145748 -747.27223638 42.75269603
-65.41725833 -756.75233333 37.01708635
-54.90463100 -748.06825042 44.34877448
-81.30285660 -719.21988208 31.66888242
-78.13169878 -721.02259721 34.69082595
-44.81313824 -737.51613456 46.26072777
-69.86248204 -735.64364629 41.07861149
-69.76425445 -751.76624696 38.10337820
-72.86725964 -732.54185406 39.04363549
-58.73002082 -739.85410694 38.41833019
-34.76705000 -730.76686514 51.83561654
-79.42683545 -729.51834970 33.51351006
-43.00662144 -732.91048996 48.36217676
-71.65695821 -726.98021816 40.19636154
-72.71785923 -760.93482427 33.75320953
-69.24120000 -761.35500000 34.14026135
-63.88388131 -735.14130490 43.71526746
-76.00622380 -759.38904060 34.64280227
-44.44510000 -739.91190000 17.09819468
-75.92712305 -760.88216836 33.76201070
-65.53445882 -742.84648824 42.43282997
-38.01792016 -734.21316129 49.00294065
-64.06004485 -732.91183455 44.85824134
-36.48182683 -726.56712828 52.49205966
-42.83843664 -729.70903227 49.41698036
-59.06291978 -749.98879254 43.83927864
-74.05220753 -764.63720635 30.63731633
-74.70326708 -731.97267422 37.31537977
-76.63776913 -729.91865590 36.20750030
-78.62348808 -766.44286757 27.70144219
-51.30056888 -741.15526419 23.65463066
-46.90268317 -741.24819505 19.45251745
-83.15438667 -767.52089641 28.45232750
-27.53673933 -723.96810000 55.46282114
-69.96080607 -753.54039952 37.49373727
-47.73473125 -741.59958750 12.54739156
-47.18512610 -757.12810088 45.78925978
-74.95696184 -721.55406469 37.35578631
-68.48270000 -726.87420000 44.73119468
-39.90561086 -732.55625357 49.46030195
-59.75688004 -737.85654244 46.50709930
-45.55708682 -730.80090252 48.54534817
-64.54785560 -736.16417773 42.07066622
-83.60276667 -766.96564127 28.76517087
-60.78069409 -745.73427136 36.38109832
-84.04231244 -768.43987164 27.67657478
-66.88063141 -751.44517196 38.12908591
-56.18258930 -745.27824588 42.66142277
-57.89420398 -742.47698645 42.42220281
-65.54292644 -745.60304713 43.24103721
-66.59584780 -729.84033869 44.69577838
-48.53709629 -740.95584473 17.80612344
-67.34995456 -727.11703013 45.25769107
-44.77826385 -729.53729077 49.20902045
-75.72790573 -757.00610531 36.03220831
-70.26599397 -754.96156436 36.92266163
-48.28948403 -740.10481345 13.74261569
-73.98934126 -739.13229678 39.87939583
-61.16205635 -739.11167231 41.82533462
-62.17946214 -730.04291947 46.94539534
-34.18416522 -732.15442948 51.40017013
-40.18936521 -735.15277165 48.47501889
-79.57942500 -764.43937604 31.18174364
-34.10202491 -726.92619761 53.12383838
-67.66796099 -759.05090912 35.63620438
-50.83258198 -736.88637087 42.28493882
-74.01765487 -721.90924513 37.93847256
-43.69132603 -737.48468904 46.73005701
-77.30678485 -766.51328788 27.96168559
-46.88854230 -736.38198460 45.73242666
-66.07734109 -732.23808278 43.87986668
-37.13978944 -732.49128564 50.20261465
-81.13681292 -720.98351519 31.74998021
-81.90235444 -766.02157325 29.68748810
-71.53302174 -725.00523478 40.11848164
-53.18645263 -739.19832632 36.59625784
-80.52445000 -728.34565000 33.18219468
-65.41392143 -734.26624286 43.00083040
-78.14595150 -729.66563078 34.72270881
-71.63140751 -732.59600048 40.15930890
-76.15366091 -765.15593927 29.84772765
-70.10557447 -729.98703786 41.13162453
-52.07605762 -741.21734834 26.34311976
-56.30855038 -747.80230321 42.88891686
-79.79612944 -726.76817176 33.37012206
-75.96087616 -762.75245322 32.28826360
-49.00536021 -753.70419808 46.66964148
-39.93209221 -729.85594922 50.24170753
-81.40958294 -764.54458225 31.32276567
-65.27989261 -755.99989960 37.37113779
-58.21957416 -745.03287487 43.27687249
-47.64113333 -731.29300000 47.56039468
-68.58991364 -755.50430909 37.08347195
-74.38093333 -740.34133333 39.51952801
-50.18090000 -737.63004146 42.39816785
-57.32521188 -742.20030198 33.51338924
-47.94966968 -733.35289427 46.66062583
-73.29011742 -726.85513136 39.20415069
-51.57990000 -746.24490000 46.26509468
-80.77781922 -726.07379741 32.42144328
-49.75256269 -740.23718060 17.88509767
-82.32919017 -720.75326254 30.74484604
-48.80601404 -735.95044610 44.71609946
-51.18148140 -755.77342098 44.41993465
-50.41002000 -741.22176000 25.38727468
-64.58169601 -750.58096446 38.01790012
-63.30599431 -748.62814509 37.68212069
-61.41390577 -746.92975308 36.84980160
-46.49640558 -740.91225268 14.63535656
-43.69236129 -740.61513548 13.49946887
-57.79695984 -740.25628525 36.24360616
-57.36555049 -741.37966125 38.38986807
-61.39370293 -741.27115391 42.54822116
-63.95737222 -738.61205999 41.84944402
-50.54112500 -736.84853750 43.30341968
-49.16270725 -737.45191812 43.72912729
-47.95041159 -740.81676599 15.12230391
-54.52597802 -750.48269347 44.20743975
-46.87479601 -741.05014261 17.13688422
-44.66760000 -740.01181250 16.91249468
-46.62046048 -740.22288810 13.62206420
-44.26696667 -738.81706667 13.26821135
-78.67595000 -719.31330000 34.13809468
-52.60553322 -738.35946661 39.13397224
-48.26174895 -739.70356245 12.15363856
-50.65720000 -740.23542857 17.91660182
-49.79426244 -741.23952824 22.92583173
-51.46730000 -740.14630000 21.67826135
-53.67187286 -741.04755571 27.45307325
-54.19480394 -740.91382844 29.85585330
-54.75844764 -741.14232771 32.36821359
-53.33571250 -741.36870000 31.26975093
-60.81645000 -745.99417500 37.12399468
-55.54007938 -741.01185207 35.39937005
-52.79972432 -747.67323169 45.84348900
-54.31574130 -739.92942181 35.53357194
-56.06394684 -742.29686456 38.24996430
-58.84350000 -743.52045000 33.99519468
-59.84645610 -739.18599146 38.87575444
-46.15892337 -737.51477050 45.65688357
-48.58708059 -734.17442471 45.90476174
-40.42193393 -733.68927103 48.92921309
-38.01196912 -734.60860230 48.78821542
-41.83328874 -731.63846593 49.16951144
-39.68642733 -727.42269499 50.75651591
-36.98996503 -729.84593434 51.40514674
-60.77450979 -750.54726655 44.23398494
-37.81859347 -727.43120801 51.76686701
-32.32512308 -732.07826154 51.99313314
-35.86867243 -728.68820066 52.19612558
-33.73480071 -729.43981926 52.69090834
-33.97435240 -724.88731802 53.29224468
-30.89187057 -726.79130556 54.24547511
-30.96569454 -724.38770095 54.39730355
-72.63987384 -738.51018003 40.49936057
-28.69990880 -727.12417380 54.84427865
-29.09674462 -724.16359354 54.95621366
-25.72362233 -723.98019069 55.91832376
-81.13843295 -763.21882820 32.61503752
-78.75920471 -760.86420059 33.86324187
-73.04685302 -762.63341891 32.41810746
-78.32653294 -759.47887944 34.45587465
-72.89005000 -764.34350000 31.06949468
-70.71834184 -761.87352027 33.21845406
-77.77493406 -757.98528033 35.17083457
-73.11169019 -759.33751641 34.74619082
-69.79120324 -759.77080435 34.86397796
-72.95831983 -756.73890317 36.12525871
-69.96100156 -756.59546778 36.38726060
-74.77688918 -755.09048918 36.88163234
-72.40151726 -753.58120590 37.32408478
-66.99705941 -753.80439339 37.63808753
-66.52432681 -755.84803959 37.25085051
-65.20612944 -753.43875682 37.95712640
-83.75239410 -767.80408155 28.28918324
-81.82863524 -768.10503295 27.20121044
-75.88410743 -738.84943392 39.27782738
-77.88875828 -731.57227152 34.71403640
-75.97480218 -731.98395800 36.23391808
-75.80361729 -735.90145845 39.09676703
-71.70278090 -740.75759101 40.65981153
-73.55619086 -735.70709798 39.80647804
-78.26830814 -726.88026718 35.08496514
-82.27114615 -719.27892308 30.87883314
-78.34595800 -723.83992321 34.95674168
-76.87959294 -726.80043761 36.52378813
-67.03765052 -738.33171546 41.68443433
-79.54364027 -720.63019774 33.25574522
-73.13520576 -729.95711806 39.24218639
-76.71309613 -723.71488912 36.39344207
-79.88963143 -719.26148571 32.95184897
-75.19660303 -724.22269362 37.60748868
-76.53694929 -721.26160348 36.08888283
-67.32333670 -733.25483490 42.14420987
-71.06524540 -725.00476933 40.30407996
-71.23248913 -724.40196957 39.93111207
-62.32815906 -732.69673509 45.69154205
-64.79314672 -730.76506822 45.67454758
-66.29235000 -723.85458210 46.82670262
-64.87693866 -724.34302471 47.56558674
-64.50631927 -726.80029548 47.21564601
-63.57352915 -729.57481541 46.65503355
-62.17961279 -731.64339535 46.18137840
-62.57138235 -731.44741765 46.09654174
-77.82429412 -740.41977059 38.40294174
-65.59968448 -728.50967931 46.14493778
-78.59785983 -736.37432810 38.14382017
-80.67350167 -738.30772176 37.47130054
-67.55090685 -724.66210321 45.72173665
-80.48360000 -737.21260000 37.39639468
-78.87885000 -731.36532500 33.80554468
-51.89435079 -753.84024438 44.91955458
-48.88025469 -756.28600127 45.52450091
-49.92044235 -754.79672270 45.73308843
-57.73198109 -744.78388861 42.55623409
-47.21230545 -756.20887984 46.36014291
-47.90839374 -755.79110323 46.31031745
-51.56727448 -750.61091022 46.53907376
-52.24296604 -748.39824676 46.35747373
-53.13551392 -745.69776329 45.12079088
-50.04357581 -748.75509194 46.94098662
-60.51183088 -747.90809175 44.05372798
-57.12230474 -741.93805199 44.27211727
-58.87916651 -738.13792480 47.02604366
-56.10381038 -742.58823661 45.35556432
-54.81137923 -742.26617155 47.36205671
-54.41489898 -743.58952699 46.78268806
-53.15251642 -742.31311520 48.71484542
-60.13290459 -738.59564257 44.32709055
-58.95524545 -739.39786818 41.77950832
-59.03749494 -739.35875873 44.91306823
-60.63198571 -737.29464286 44.75719468
-59.84375000 -737.30050000 46.64209468
-58.82032143 -737.25997321 47.65046432
-61.45611023 -742.67277703 43.21484029
-64.24763405 -747.17511672 43.93227298
-64.05773570 -744.90382880 43.80220757
-65.81470743 -744.04490457 42.79119697
-65.31362022 -743.72641685 42.92274637
-63.81169497 -741.61209916 42.66893853
-63.28516992 -742.85038136 43.29143376
-65.50526667 -746.51885000 43.27759468
