-134.80172753 -776.65785794 62.04047485
-89.46022302 -770.58391668 81.13986741
-152.83608000 -762.83056154 50.35325605
-98.90808561 -788.03674557 76.39750542
-99.44511689 -786.30302119 77.23647184
-155.71153412 -773.29516196 37.96882160
-151.02748710 -766.23863548 48.89488523
-43.04023143 -819.91628571 32.67475297
-115.59828563 -760.58656647 87.87217243
-59.62236667 -761.83616667 69.73618630
-154.73859859 -763.81002723 46.83428349
-48.24729296 -745.84129930 20.39103184
-68.16924890 -811.52819689 79.48514527
-35.86488514 -802.57747353 85.46261814
-154.01906364 -775.20242727 39.16783479
-144.94374000 -754.22884000 66.86547797
-143.26862018 -755.32686029 67.91190277
-154.21139302 -773.31805891 40.39812274
-116.90262393 -768.35196998 84.31310579
-84.59436667 -769.26687222 51.66989741
-141.21592964 -785.78997133 47.68068767
-153.77412000 -774.85866000 39.53745297
-151.52238537 -778.34119512 42.09716273
-136.75278529 -761.24493493 70.38949231
-80.09604618 -770.01449237 50.87651633
-153.62061818 -775.41722727 39.46868024
-72.00389479 -819.47511374 62.92787714
-147.26174746 -770.83589952 50.73199946
-29.13709177 -816.21308250 38.11993806
-152.87137364 -773.85553745 41.64505715
-147.69513333 -765.76795556 54.25893630
-151.98754634 -776.16597414 41.28340060
-90.77250000 -772.01375000 51.65225297
-152.19729748 -770.81124096 44.23070972
-47.68341499 -817.18742236 55.06600481
-143.84888587 -786.01998366 44.95661087
-80.01663428 -782.78271575 97.43155388
-131.66437192 -770.85699934 68.65028072
-74.58894672 -782.80925874 95.94269411
-142.76388244 -785.10799315 46.33384783
-55.94397499 -788.79153764 92.01086975
-50.18514111 -819.37169444 47.17055334
-151.60574780 -773.01011848 43.42170400
-48.72969167 -787.19410000 94.64146964
-48.51100000 -749.89110000 34.35207797
-110.20362095 -797.46417517 61.98936952
-66.62014444 -823.20214444 63.36131964
-143.50004837 -782.75836036 47.54689173
-107.37928301 -806.56900705 50.02550845
-149.16210235 -767.44394287 50.18120464
-150.74102903 -776.79452903 42.38233039
-106.52118824 -808.18345882 48.70596277
-65.57093115 -819.85695358 44.59577447
-53.61484505 -749.05851535 32.06987574
-116.45158764 -798.11399146 59.59262774
-74.46996667 -813.21348873 71.56640364
-150.34424107 -768.10061563 47.90429895
-65.70153406 -813.60477529 75.11772647
-149.59615788 -776.40248376 44.13018979
-11.12130461 -758.49291801 59.05972747
-149.79209200 -778.52640300 44.12622747
-149.89931054 -770.61915125 47.36133493
-98.62332352 -794.81368376 68.49557922
-107.08358753 -770.29181708 85.66111378
-6.54539797 -756.62976824 60.50545770
-151.06918824 -778.47172941 42.82238826
-150.22162251 -773.88443274 44.65338699
-151.15059904 -769.87796154 46.11535393
-140.92719516 -790.21191452 44.60389168
-113.24932326 -802.32365147 54.96646579
-61.43153220 -781.91875424 84.29483263
-110.41044644 -755.57461977 92.00825892
-136.98167640 -782.24943680 55.92251968
-148.44196129 -770.25496998 49.58922121
-35.31557167 -813.24228863 58.87244823
-47.27216976 -818.88224521 19.86028500
-139.88846066 -785.31041678 49.83952220
-150.05499375 -765.30263477 50.81893930
-154.30442500 -762.92241250 48.16420297
-28.78364517 -804.23725279 78.12425029
-37.62341294 -811.87492235 78.43742238
-63.50218154 -819.78353385 69.38665912
-152.84488599 -764.94322739 47.70712335
-142.91970833 -790.31609537 43.53337982
-49.33749037 -784.52721789 96.80736444
-100.69874310 -771.50335517 81.71314435
-110.41819483 -786.70827884 72.36316703
-123.06611818 -771.66327273 74.42122797
-150.79217778 -771.85432222 45.34665297
-148.98694586 -773.33517341 46.94383482
-47.70520308 -745.52716615 17.42212528
-98.27827733 -772.16484818 81.69961127
-3.68900000 -760.09010000 60.70795297
-143.30353267 -788.48235335 44.12336110
-122.27410029 -766.87306047 84.24555704
-151.64245279 -767.14077056 47.01846358
-65.02621628 -773.94050698 85.29005762
-152.00115096 -764.20169757 49.83075227
-48.70180000 -820.67690000 49.02965297
-16.80714238 -757.42122715 57.88675214
-66.08895556 -769.65341111 71.30007519
-135.03291470 -779.74018109 59.74737291
-56.87559278 -813.35910896 78.29317245
-107.70632881 -758.47759929 92.01126249
-145.13833333 -787.68824242 43.44856812
-130.93779722 -773.25411051 67.54319949
-49.20273462 -811.43705192 81.33037028
-98.71018733 -793.37252267 69.87703897
-43.96639036 -820.32026988 47.31207526
-65.15942724 -808.21551517 84.79311745
-134.35582589 -758.57166014 73.99112147
-56.89174211 -763.59477895 64.24893718
-148.35608824 -778.34583971 46.32777209
-148.23285650 -776.45105407 46.30048752
-74.10209203 -809.90057469 80.42461083
-145.28290969 -785.38351762 44.60277368
-39.77918571 -817.17082857 12.42986726
-128.84481421 -782.78690113 62.33202142
-51.18402334 -789.04054205 93.16107499
-64.95833241 -815.23664947 73.93655677
-30.72390000 -759.22935000 54.57730297
-145.17547525 -783.09242475 46.24533020
-58.94997391 -760.27583304 53.23229297
-129.87163333 -754.12543333 86.20905297
-147.09059165 -776.55854226 47.77999400
-102.10077509 -806.86770659 50.75487495
-126.36601513 -780.63794790 66.24370591
-61.81705444 -763.76729144 65.45149772
-143.86546472 -752.58967429 68.60720882
-113.33063340 -761.47342860 88.48464899
-119.92613720 -743.71498358 91.44774198
-147.07848491 -778.20337925 47.59578316
-144.26157143 -780.84781429 48.42342440
-145.46770435 -783.79026522 45.39641384
-58.69936207 -784.98151379 84.12860125
-62.29438335 -815.78024192 74.69563255
-147.55804423 -774.29553558 48.07857701
-64.58832143 -771.00685714 67.95426726
-113.05133578 -794.28772642 64.75443970
-151.24417363 -763.37738791 52.17312220
-62.13640000 -770.12320000 63.38435297
-61.50326330 -756.81455505 43.07385205
-36.35653333 -814.20721667 61.43491964
-59.22524092 -823.15790828 34.10575010
-78.34710000 -766.16838636 51.72516206
-109.18684118 -766.22524706 87.74636474
-116.54575931 -758.55546551 88.32904299
-116.43893540 -795.29025911 62.82064966
-60.77445000 -773.30680000 73.91275297
-135.36451955 -774.05909441 63.20651554
-141.04874643 -789.40304184 45.13772491
-55.21481954 -802.76560861 82.46724394
-57.08673948 -791.55842704 86.66240003
-74.97140587 -779.99560020 97.41773401
-142.20494000 -766.74778308 60.87951374
-63.50416376 -782.52095365 90.41856874
-5.06713901 -758.19234480 61.03910555
-45.57891781 -743.30706712 12.05322968
-42.77080714 -820.04155000 33.92244583
-125.58496496 -761.49173134 85.06643734
-44.44256310 -805.72683214 84.80924047
-151.56180000 -762.86747097 52.26635620
-89.26565695 -792.05691119 93.32735789
-37.12737683 -813.90560854 57.24848712
-108.40399167 -807.72600833 48.50284880
-148.08954872 -772.41265897 48.90169143
-145.64255630 -776.23853504 49.40155140
-146.51023036 -773.57153795 50.16188538
-113.40516008 -772.74397034 82.92048795
-144.68825000 -774.89863333 51.47278630
-29.39710485 -800.59144363 83.26875429
-62.33619468 -821.97808929 38.06756439
-105.12123081 -765.26704441 89.89522044
-140.00740650 -776.12869885 55.96701989
-149.47609004 -764.58088123 52.97000182
-113.43841609 -801.12472225 56.45255972
-142.06090364 -787.50203273 45.89734024
-105.05295000 -804.92938750 51.56607797
-128.35935065 -752.46750924 86.98849826
-140.27828867 -788.24317094 46.79690439
-53.83340450 -756.33065495 49.88096648
-107.48647411 -801.36471645 56.85455053
-109.26688421 -771.86244211 79.70491613
-97.70645467 -796.35922150 67.85790484
-100.23549444 -793.06137222 69.73573630
-126.11298233 -781.86682249 65.25533871
-144.94830000 -778.00090000 48.97085297
-142.95527591 -780.22971646 50.32416242
-53.34036923 -748.15690385 26.35913951
-50.32260959 -817.80518399 53.42634508
-148.16961596 -766.58618191 52.08594020
-65.20493615 -811.38410142 79.68025297
-127.10434286 -762.10444286 84.54341011
-147.70254483 -768.66200345 51.41379090
-142.72301502 -781.65300258 49.18464696
-52.90078917 -751.91659333 35.57176714
-55.68358472 -752.95217407 44.25291941
-34.31098281 -813.78817344 54.17262485
-113.37391859 -786.40350561 72.17041826
-62.10139237 -808.27150458 84.93884636
-144.30136079 -776.43410252 50.70334326
-113.66438357 -789.62384986 69.29407535
-146.95363726 -767.63814623 53.22611123
-56.39562367 -756.11087305 50.17340747
-117.17014889 -759.60897833 87.53958241
-110.31567403 -767.60362846 86.08273104
-141.56080000 -783.59222963 48.23231038
-95.28319193 -772.23304938 80.93810701
-139.58850000 -790.06390000 45.76981964
-64.62257273 -764.80884545 62.38631661
-104.55802125 -801.70797918 57.10473448
-127.77513503 -781.78634196 64.26546295
-104.83455687 -764.10851181 91.48870671
-92.50636727 -770.84958131 81.84576701
-37.55088771 -801.71262076 87.28762458
-35.21669379 -806.68936065 80.67485151
-49.26590652 -743.22788261 15.02167906
-104.69287521 -809.52327837 47.46191254
-146.05035572 -770.33984989 52.78191409
-129.93252000 -747.24090000 87.52207297
-69.06053317 -779.23551009 94.61573499
-137.24830577 -787.66652555 49.90216671
-116.43772291 -781.36557879 75.95947636
-82.03327765 -811.24742588 73.68601885
-112.50856812 -757.33980580 90.80473703
-32.15312766 -757.72211850 55.24604101
-124.51604161 -763.54440584 84.46134494
-148.52977156 -764.27897890 55.33334930
-67.67480000 -773.51710000 81.84683297
-78.70650000 -816.66110000 60.22995297
-145.33298478 -773.01931359 52.31940351
-68.07706482 -814.41548838 73.42795297
-66.50151053 -802.31203158 87.45275297
-113.22745625 -767.44008133 85.30339776
-133.39243741 -766.67438561 70.07009901
-112.58387838 -769.14535946 84.71441784
-140.69743351 -782.58610870 50.23873576
-138.34668820 -788.63030435 47.83194179
-100.06574302 -787.24273256 75.88810995
-68.78251312 -801.25631719 87.17025725
-123.41281189 -782.39779514 69.14350648
-137.68582093 -779.52248182 56.24386755
-58.61285818 -780.07270927 91.92713206
-110.32284029 -799.79331715 58.60754609
-107.47999658 -771.14548923 83.07176336
-143.90363306 -773.84602333 53.41996269
-56.28490000 -790.17230000 94.53790297
-44.15355837 -819.60828800 41.32137010
-109.92342609 -796.10226957 63.75783123
-59.74610952 -762.29908571 68.91950535
-58.44485000 -793.39000000 84.52200297
-116.10700632 -772.76044981 82.36593940
-67.57860922 -761.51873180 47.53833822
-129.45284960 -765.23733440 74.76288577
-91.55352034 -778.35780339 45.83707161
-79.83666654 -765.58711102 52.00970021
-129.59982174 -771.82912174 69.44334427
-143.04551308 -776.05248941 52.89647353
-44.57085714 -817.22225714 58.05546726
-4.62856452 -760.09051935 60.76589813
-133.85703505 -773.31738562 64.95980975
-68.67270158 -802.24217785 86.80773177
-26.84195566 -813.03386274 50.42360132
-146.75880000 -765.17861604 56.40418245
-141.26473301 -780.49476893 51.16724520
-51.49165556 -808.53544444 84.81738630
-54.55193077 -814.51473846 78.90799143
-106.99864713 -790.43955775 70.03033441
-79.17044000 -789.88645000 93.60599297
-52.29374615 -805.13953846 89.30460297
-139.05870000 -787.17704545 48.86198024
-86.17728434 -790.65157839 94.08849733
-63.03662857 -766.94554286 60.12421011
-139.24168769 -753.07566615 73.30761759
-57.49812632 -820.39781579 73.02841087
-58.47980000 -769.09800000 62.61085297
-145.64506533 -767.12856409 55.79356226
-115.33238284 -802.29186269 54.95368730
-144.54050649 -771.12990130 54.14202310
-41.74961492 -812.53963422 80.71508859
-11.39186060 -755.56027745 59.58069049
-43.89415000 -816.45015643 56.60659751
-142.29042679 -778.87869464 52.01815118
-104.34464168 -793.76272069 67.40526317
-124.33196319 -781.84458571 68.06278759
-88.64981000 -772.48360000 81.24539297
-49.92009231 -740.97838462 17.67230682
-131.07238347 -778.90395665 64.31381933
-65.24106444 -800.30318707 88.68781053
-130.18885104 -752.60630996 86.76012766
-104.21720064 -802.57569040 55.68865375
-141.98693158 -775.34340000 54.94415823
-80.67623913 -790.29332091 93.81134986
-47.20033541 -819.68549232 43.81338574
-140.14399804 -779.38478239 53.01663188
-47.32788445 -820.53856899 37.85676890
-137.98659125 -786.17804164 50.86252485
-57.32133158 -761.32488752 58.70364244
-42.26604870 -819.14166062 43.72243121
-31.40476500 -820.10996167 27.27653630
-136.86048970 -785.56785007 52.69703107
-74.28377713 -765.07466011 51.04653276
-130.51548458 -769.92916333 70.40241068
-44.19671837 -804.75546735 84.26098183
-104.16919825 -787.58847045 73.72972648
-159.93663125 -768.12986250 36.94089672
-132.93377500 -784.11662500 57.67872797
-127.51535385 -738.16638824 88.99970682
-61.82609444 -763.40679444 60.27458075
-125.73108900 -737.76841553 89.53788727
-29.43506722 -814.92602812 44.01553726
-61.40031667 -759.18766944 53.68999464
-82.26856207 -812.39798276 66.86761159
-144.97548571 -769.25970000 54.82784583
-67.99351892 -777.18802162 84.00236919
-86.28360596 -770.00982990 81.11283709
-145.30569397 -755.19309616 65.42497571
-144.29312260 -756.19891455 66.07686845
-143.25285203 -770.48004197 56.17955065
-118.78612172 -796.53133283 61.05479464
-144.23109716 -768.05163460 56.83315202
-142.61835036 -773.11113201 55.60620189
-44.35096677 -820.43883713 35.08538697
-140.67957755 -777.34591735 54.15521317
-139.31577950 -782.23410400 52.34617847
-110.41178575 -794.75627907 64.86744501
-50.79270000 -744.84560000 27.92470297
-67.94033333 -797.74156667 87.54911964
-77.38923443 -767.65114844 51.16342996
-59.39166043 -818.13125520 73.72347494
-35.32975805 -811.32474607 77.92228293
-124.28296955 -778.84566773 70.23512706
-53.28323118 -816.30561201 61.88473747
-109.16698542 -760.38564375 90.77634880
-35.48444451 -813.36033822 61.69002116
-139.96327217 -763.99579478 65.66738514
-138.18540177 -782.97503746 53.67036004
-32.28582010 -818.82842858 35.08882491
-68.32040016 -809.05970168 82.93562415
-119.53677540 -758.72931849 87.22252676
-112.57956394 -805.39011041 51.23839684
-41.58656459 -817.56106915 52.73318413
-24.37467610 -814.74940755 39.17665360
-50.21647905 -746.03124476 20.90567583
-74.27002434 -799.99683612 86.29535356
-54.70277000 -799.18554000 84.72463297
-145.48633404 -765.05911277 58.09215297
-74.22278200 -811.57136998 76.92663238
-58.59180000 -767.40456667 59.72198075
-138.13634966 -771.04413713 62.37474561
-51.95616000 -806.77164000 84.89303297
-141.16393480 -773.77220760 56.77600765
-116.30152051 -782.87116835 74.62085645
-32.69662563 -812.41601600 55.68461423
-153.90813333 -762.85673333 48.91938630
-135.27921623 -756.43319481 74.38762635
-60.71316667 -778.29630000 81.34670297
-52.62722500 -751.19548750 32.52904047
-135.63065625 -787.58487500 51.26362172
-48.58815000 -809.67010000 77.73135297
-60.60265455 -756.65708182 42.71738933
-8.40614144 -758.53660329 59.79734889
-127.44314882 -769.59798199 73.43932264
-132.56077885 -759.62989423 74.92736835
-106.97130882 -766.89704472 88.08585124
-144.09006053 -765.61860789 59.20043279
-50.20665316 -748.67657595 25.53783145
-143.04169295 -767.37797351 59.10230877
-135.36526082 -765.39145567 69.13204369
-138.58853210 -780.19399383 54.16829618
-113.23324910 -799.70627333 58.44489086
-135.27990143 -786.18283198 53.34392839
-49.52265000 -800.03922500 90.55950297
-43.91567961 -801.71823448 90.20625777
-135.41590000 -787.17763871 51.98139168
-71.19604729 -769.45264389 77.37646139
-119.14280879 -761.38951428 86.58134997
-54.52937500 -744.86612500 34.13392797
-142.29411931 -769.74038897 58.22712125
-57.53153333 -760.97206667 65.45315297
-49.00598889 -783.92648889 97.11597519
-56.32781232 -817.35385014 76.05989331
-77.34667707 -812.24161661 71.26673400
-139.07149355 -778.35130645 54.87205297
-110.23575471 -806.04195594 50.59182935
-71.11626641 -802.26055191 86.23317587
-74.38685152 -820.22120303 59.16212267
-66.28781667 -807.92525000 84.48240297
-128.73041285 -749.98811267 87.44803804
-138.02126863 -755.98998088 72.03392307
-125.47007842 -770.62402842 74.02213185
-141.62136286 -771.60026857 57.38073583
-48.61082857 -746.72605714 28.01973868
-99.36952863 -797.60940534 64.20589549
-140.52993587 -770.77066853 59.60172964
-138.29479213 -777.22596204 56.67906825
-82.42383333 -793.29086667 93.33585297
-72.38157798 -798.79968532 87.42436123
-74.56628068 -798.67124003 87.14056803
-52.62110080 -808.40473002 76.24305120
-114.49780000 -747.89230000 93.29635297
-111.12594056 -772.50837168 83.27802185
-141.14743913 -761.86514758 65.79821070
-110.21992706 -769.18488059 84.82218415
-131.75409410 -785.87904391 56.81047106
-113.37218624 -784.96558565 73.33264283
-30.49450937 -811.98442500 54.88468630
-122.78957852 -776.20182519 72.98930408
-65.31848945 -767.18180485 73.93870628
-107.01848312 -787.26930156 73.01783713
-141.99464286 -754.29585714 69.90931011
-53.79124028 -754.80796181 44.73119047
-118.30497913 -784.57522609 73.01406775
-136.22145500 -763.26209000 69.83445797
-110.00848733 -802.25013529 55.03069030
-139.69190087 -773.34910331 58.81940558
-32.54609018 -812.92732041 59.15536503
-48.42414074 -820.38048333 44.39655667
-153.76830000 -765.95330000 45.30505297
-68.73510000 -820.77366667 67.36566964
-136.13375676 -784.31039730 54.87337459
-57.99900000 -756.55591111 48.12860482
-131.73231057 -776.60527427 65.05961215
-141.55270300 -768.50959500 60.20335997
-24.43572727 -798.93172727 79.49418933
-57.67802500 -816.91625000 75.57917797
-70.82562121 -811.23585862 78.97170125
-136.09715957 -757.35029574 72.97869765
-48.52794894 -752.93312553 45.20467850
-134.61510090 -770.67987405 65.88620957
-139.13822895 -775.32633947 57.92428455
-24.33389466 -802.50387478 76.02836425
-134.09659651 -784.89357620 55.91499928
-62.73076986 -811.35178480 79.52219646
-50.12861354 -820.33945475 37.70328503
-119.35259642 -789.21291055 68.80343790
-57.96746667 -817.07523333 75.65195297
-127.17556589 -775.65234651 69.85413669
-132.53495116 -768.63721628 69.39944367
-137.08745508 -776.42708601 59.39923087
-110.39878475 -770.49495183 84.01865048
-134.87787410 -783.13524595 56.80487166
-68.23589167 -807.86116354 84.53621235
-120.82996667 -765.78263333 84.54923630
-60.91460000 -768.24260000 66.49135297
-141.75243125 -759.60592500 66.43640297
-35.20560000 -814.17804444 59.75624186
-104.60515988 -772.77081850 80.74149225
-140.54056071 -768.05190917 62.05691518
-138.25254585 -773.86764941 60.06237510
-115.91492227 -800.78111462 56.62286225
-108.34805439 -798.84394035 60.40580268
-59.49003873 -782.12410845 84.08327058
-65.03345273 -759.66882273 45.91459115
-125.11556382 -755.27667152 86.84734962
-108.37240218 -775.90518965 79.08888267
-123.02911439 -779.67217513 71.16471425
-136.31312520 -779.27526950 58.48612512
-122.67609681 -741.03253625 91.42603686
-51.55748889 -790.33090556 92.96951964
-139.59820890 -770.00520460 61.68713027
-120.72837000 -741.90317000 91.38844297
-128.39642375 -767.54729589 74.08544432
-70.27015000 -762.86723333 49.24630297
-42.27761692 -814.13084000 80.17304682
-119.44392952 -746.56406308 91.27804514
-67.82160089 -821.49703976 38.17533237
-21.33864302 -802.70092435 73.14120946
-60.27891000 -767.02201333 70.79877741
-107.34254557 -804.02239275 53.04751299
-47.35246120 -804.32327570 85.67093088
-53.05144110 -751.86068645 41.10305216
-122.34519264 -743.54543371 91.51337642
-145.00206875 -757.23065625 64.58644047
-104.07643194 -784.59344444 76.43023432
-131.37991723 -787.44325094 56.18146421
-43.28150909 -813.90719697 66.38210752
-136.03866429 -781.38149286 57.76653154
-44.72631537 -820.32440210 37.89570855
-72.55023953 -810.92173023 78.53788320
-79.73391816 -811.74436838 71.97559357
-65.46641316 -819.17426635 68.72964329
-140.02746302 -755.39301570 70.43821873
-145.81898848 -749.55779457 65.95814688
-145.72675534 -752.48789786 65.83169121
-81.39425794 -813.81498785 63.31860157
-80.76556509 -766.41710000 51.95950816
-143.30824178 -758.48438863 65.53196063
-109.29120000 -808.15770000 47.91549047
-133.93682095 -782.14900266 58.93643651
-138.76685000 -771.92866667 60.53735297
-139.09556429 -763.37070714 66.88885654
-63.50774375 -813.92386250 75.52324047
-142.45944246 -760.86147877 65.08073649
-145.82091458 -747.70231250 66.33504672
-52.39834412 -813.04517647 65.67520003
-127.87795895 -749.11419786 88.05953494
-52.13312481 -820.22029313 35.15232892
-65.25989003 -823.36251531 31.99441884
-74.30143502 -769.90789724 78.05510182
-129.92339630 -744.37218148 88.21523445
-137.16654114 -773.46450416 61.69308614
-107.13197261 -761.10457798 91.15507095
-115.95012721 -784.63808208 73.21117876
-38.78359910 -818.19151457 32.19397205
-128.38668603 -743.52947797 89.33294524
-135.63216691 -777.46032206 60.25500959
-145.13901259 -752.51372551 67.07220297
-68.28097147 -799.98718860 88.16165474
-136.34200340 -775.55957619 61.32061873
-76.85498485 -779.71361939 98.28441342
-139.17907348 -757.73799201 69.93748268
-98.70845520 -772.40805928 81.01586044
-58.28391333 -820.70864444 72.76681964
-145.41685091 -747.73869818 67.02222752
-113.54282500 -747.94280000 94.18091547
-129.59064127 -777.54135714 66.34914980
-145.10376827 -749.33645461 67.06381349
-130.82630403 -785.00095946 58.55621214
-44.68771106 -817.46569828 55.36023221
-131.68789142 -783.23544110 59.78464746
-125.48980119 -758.55797015 85.87177847
-135.45828588 -768.62527412 66.35995768
-137.04435128 -764.46814711 67.96512083
-60.92320000 -758.45190000 56.67245297
-128.28162717 -784.23784971 61.20998765
-80.28025740 -786.02839400 96.00723070
-100.51194375 -802.05497500 57.72479672
-133.40928214 -775.96063964 64.16188904
-144.18079150 -749.86576862 68.33103508
-139.10227826 -768.08175652 63.82110297
-74.35683781 -785.45173453 94.70464669
-20.66964415 -758.20669843 56.24618831
-106.28607500 -784.31128889 75.80160853
-78.63763559 -784.41140508 96.72553517
-127.26818172 -757.77341381 85.57912536
-37.51738141 -807.72199963 81.42422583
-138.74412500 -768.90082500 63.50437797
-121.65693333 -766.84728974 84.85106835
-144.75485000 -747.90240000 67.82260297
-137.38913367 -767.76050967 65.39850330
-64.47021991 -758.98768910 45.07896198
-79.11256364 -810.63630000 75.68362570
-133.88889404 -779.35706004 61.50315652
-53.86308537 -820.19345610 46.32438712
-68.25856295 -815.70603560 71.23597452
-54.95905000 -750.83228333 40.88751964
-142.27099082 -757.64849490 67.01907032
-136.72032010 -770.11656746 64.40603144
-104.43598072 -806.54683732 50.40690551
-140.38217594 -758.57354473 68.46520967
-49.02490909 -798.84815455 94.14388024
-71.51836284 -810.18834721 80.38522117
-80.24207007 -811.29630538 73.76981104
-66.07515224 -790.68196794 90.88068077
-139.74257837 -761.18619419 67.53942878
-45.16418288 -814.11814178 66.84293722
-32.44395487 -800.28940250 85.92071545
-58.37140417 -793.83069107 87.00542023
-133.11983761 -781.37317778 60.94656408
-129.43140948 -785.01720324 59.50867541
-128.41134207 -746.51724067 88.51269906
-51.76970000 -751.26120000 37.61501964
-47.74829676 -819.19215494 47.10828893
-129.65935000 -786.58345000 57.56900297
-37.46976547 -819.75880435 40.93181537
-35.15856097 -801.35061290 86.44406964
-131.07948293 -781.92911665 61.65759138
-138.32028850 -765.37684867 66.17281315
-80.83076667 -772.12493333 81.82091964
-131.41240820 -780.07185268 62.95783169
-106.78900270 -808.75249703 47.75797756
-64.74259682 -807.30918585 86.06962005
-141.21878280 -756.33046433 69.21416380
-77.14834536 -810.80799448 76.63462437
-77.28263651 -811.62912578 74.01839038
-46.00986250 -753.76420625 48.71742172
-35.42375128 -814.92939347 52.94019745
-142.74369255 -750.33877447 70.08845510
-21.52300000 -798.91897500 75.81395297
-142.23381319 -752.23784505 70.07752000
-52.19331250 -743.05606250 15.91990297
-65.70077143 -771.74184286 81.78032440
-126.30387723 -771.58126139 72.25787970
-76.86875077 -798.44688800 86.66460121
-55.16505448 -804.09065746 81.28467013
-138.03248460 -761.63886308 68.85894731
-92.31798576 -792.03500652 93.27995827
-49.81949474 -806.17607368 84.80536525
-129.63291905 -783.85621429 60.40349107
-133.96605737 -764.33785008 70.89456089
-100.60190000 -805.03440000 54.86955297
-132.70486154 -777.74173846 63.46823759
-101.83595982 -801.85539863 57.33737078
-153.98661250 -769.28402500 42.70932797
-104.34669553 -800.45348614 59.06819039
-41.10364637 -819.64898770 47.40274256
-57.82770000 -820.19550000 71.95595297
-140.96318414 -752.96945800 71.19324168
-130.19077500 -763.39094167 75.74014464
-136.19926506 -766.58919327 67.27651579
-54.05590244 -821.81623902 41.33729165
-65.28895564 -812.80037689 76.94640564
-57.07773599 -809.35161013 80.31852744
-57.77500000 -819.78840000 72.42345297
-59.87699136 -760.92796142 56.27305729
-96.10143913 -778.23162174 46.43872906
-138.56290870 -759.57527888 69.42604924
-36.41081364 -820.18029091 43.50830297
-134.86008226 -767.72360030 67.78570470
-132.27307062 -774.18183626 65.77524397
-102.48413137 -808.45169608 49.18026081
-133.70162351 -770.10584677 67.27555659
-80.51384658 -788.58304087 94.73453684
-71.27934256 -812.05236730 77.36509679
-89.09788592 -788.97557795 95.19361231
-130.23970385 -766.44080385 72.92611835
-117.05212269 -753.48857930 90.46273909
-56.34684384 -818.67303568 53.22746351
-137.47209757 -758.56017244 71.06941796
-63.88730000 -794.83150000 93.77565297
-109.33687674 -807.64616512 48.36478320
-128.55650779 -779.68413577 65.74097162
-65.12284651 -802.20462326 88.59743437
-120.62635000 -756.84381800 87.52077897
-138.24487653 -753.64209898 73.76535807
-27.36209733 -818.36938381 26.52181523
-55.95632788 -790.52817788 90.10133470
-120.11460175 -750.17978525 90.30969110
-136.94971624 -755.35388590 73.54501301
-41.25298380 -800.43732660 91.24890007
-134.60607968 -761.76708895 71.81193443
-72.93355000 -796.55540000 91.17000297
-70.58834745 -796.33522015 90.88638256
-67.16113333 -777.05546667 92.41078630
-62.42554327 -765.72670544 70.20985612
-85.83075074 -785.85888335 96.91373883
-79.67979697 -817.73967551 58.90341787
-116.44136396 -792.44179105 65.93284119
-126.67099333 -783.32972667 63.33943297
-133.47047214 -761.16011182 73.29434335
-60.50319259 -772.96238519 82.88161964
-113.24641335 -803.51993688 53.32316770
-41.69482836 -820.17963657 46.10176640
-130.23971966 -775.75465385 67.04861964
-135.43813667 -759.38974778 72.33372408
-30.51994583 -802.23042812 82.04003630
-128.21505627 -776.50950654 68.29586381
-115.12112755 -802.92012551 54.24961930
-105.20023636 -771.48471818 81.78103024
-98.63503672 -800.55573593 61.56593741
-131.25359672 -767.50016467 71.20864707
-42.11121500 -805.28491000 85.31887797
-128.75317626 -773.71109532 68.88449745
-81.99276429 -814.34382143 64.76713868
-57.71772500 -764.84550000 62.17042797
-54.01438453 -753.07444170 44.03318127
-110.41523682 -801.10763269 56.52250953
-48.74610000 -817.04920000 59.16215297
-112.69991824 -805.11850743 51.73519621
-51.95390000 -807.95040000 75.50975297
-127.64915397 -778.77194713 67.15445889
-155.67283991 -767.57000219 41.62206174
-67.01351765 -826.70800588 24.34970003
-64.71127195 -820.54553090 67.51007611
-103.31887500 -810.21190000 45.50175297
-104.36462459 -804.00388491 53.26787926
-110.35880164 -788.41995829 70.94783517
-110.39230375 -803.74787977 52.94006125
-64.76126488 -773.17705651 80.47369842
-132.18427358 -764.96191910 72.15353434
-111.32060000 -804.94161429 51.59319583
-118.75242291 -786.17099504 71.55353502
-60.21300000 -798.64500000 90.65085297
-82.39169061 -813.76680188 62.57544029
-87.98913333 -786.97823333 96.41071964
-55.70924310 -753.76964224 46.24117625
-125.68000822 -779.56383926 67.91448401
-118.37851872 -797.27847241 60.30681258
-50.88377500 -810.56691633 71.65557746
-77.45526114 -785.71945799 95.50251537
-52.78433031 -786.44827297 95.06044985
-116.11844671 -799.51034684 58.10803284
-129.43761156 -768.37670952 72.08827066
-74.39902054 -767.75366163 50.72619483
-103.79023991 -799.27611878 60.84364452
-110.03985464 -805.18038357 51.75370368
-113.49719961 -798.38033857 59.96406586
-31.15546000 -816.75427220 41.72360663
-107.39671224 -797.86358633 62.08174203
-50.02806265 -813.36569249 65.75959463
-104.40400000 -811.03880000 45.97515297
-56.03860000 -786.69961667 91.28331130
-128.69022268 -770.76616512 71.10646920
-118.84512574 -795.17018253 62.38046003
-107.88120763 -805.10410687 51.83101328
-132.00238512 -761.85450083 74.22583809
-53.65555874 -787.66598402 94.22755502
-116.30272425 -764.43691535 86.01840177
-61.49456337 -795.52353580 90.02973569
-131.12212996 -764.23550807 73.62809346
-14.29548993 -758.09236914 58.18650782
-68.12638066 -795.70215073 92.61533278
-77.39922014 -770.14477915 50.62597700
-127.73544780 -773.22847972 70.18959432
-98.05467096 -771.41149755 81.75143395
-34.47280853 -804.62931991 81.31600700
-118.63323356 -793.52611419 64.19440937
-126.27337003 -777.33523917 69.14247048
-116.18401796 -796.67878564 61.24520283
-125.27474003 -776.27415754 70.66812663
-104.03281280 -808.39061463 49.06704565
-125.50757858 -773.63741987 71.51171512
-34.91519497 -810.33631748 78.31999964
-102.57770811 -809.25391892 47.63485027
-86.09070997 -791.88619437 93.35197226
-118.67203744 -792.31862231 65.57956795
-69.29088582 -816.68208865 69.16495439
-116.49573882 -761.63505118 87.09718489
-123.68711111 -780.73850000 69.42980853
-111.35772732 -765.40146841 87.09940831
-121.04659655 -790.26482759 67.71194263
-119.26223231 -790.58660769 67.51863246
-60.04150857 -820.47392286 58.09357297
-116.28863042 -793.77671465 64.52106565
-116.40772651 -752.35177144 91.14540067
-113.24634826 -797.11374695 61.56507989
-26.57652969 -816.22627943 32.17794540
-26.34967692 -803.38104768 76.98349683
-122.73402417 -781.82287277 70.47830768
-55.35205158 -799.25283474 84.80253718
-121.11616852 -789.28606481 68.63326593
-44.24214220 -753.27649595 49.87225138
-77.20366596 -781.98764073 97.04411199
-107.28895477 -802.42523791 55.34461576
-103.49849259 -805.24018889 51.86819741
-65.93603376 -760.59535359 46.71758377
-108.02492566 -780.11303692 77.95538161
-47.82961077 -783.71335500 97.21827835
-80.54880932 -813.46096744 64.99860010
-123.20448764 -776.84522582 72.10640206
-132.96760000 -778.52505000 64.65280297
-124.37522906 -772.75108632 72.96936665
-126.39566341 -768.64537805 75.05574321
-113.77128972 -795.53158427 63.25957333
-71.20589987 -777.24274834 97.38848814
-123.53706250 -774.24400833 72.35862589
-57.85340000 -762.27870000 50.78185297
-110.50033043 -798.73461991 60.20870354
-20.45081817 -800.54399408 74.00891145
-121.83376430 -773.05905554 73.83232105
-119.18979616 -787.67696427 70.28274479
-124.12129375 -754.40608125 87.68750922
-115.94061072 -790.85207995 67.63175239
-100.83138794 -799.57559739 61.30662557
-107.19195723 -800.15393858 58.90073355
-101.43383741 -805.45991338 52.66579959
-74.08949516 -770.16636828 50.18642501
-98.53668707 -802.33096860 59.91264532
-28.27234264 -807.42241705 75.39075762
-116.30953651 -789.32399453 68.98633452
-47.84712000 -748.51350000 30.50587297
-14.89998178 -759.36132594 57.32303297
-107.92422941 -776.13247647 78.47319415
-113.64077348 -792.67498267 66.31686891
-37.42559636 -754.44063818 54.85290388
-63.15169408 -820.74962029 68.18722748
-101.80106701 -804.50030670 53.79481598
-102.08731169 -783.73854637 78.22248483
-85.05703962 -816.28343679 55.43137656
-127.14554255 -742.82892979 90.75427850
-113.38198205 -783.00363425 74.84683479
-116.45373499 -787.75490757 70.48348073
-62.13894482 -776.38402713 82.71579748
-62.71651701 -770.63949772 76.83864405
-111.25764304 -795.86004684 63.49564538
-29.57358753 -803.14102211 79.75583342
-80.26452654 -768.71070810 79.91150800
-113.31566294 -791.47647924 67.59777690
-118.31070000 -780.93640000 75.48855297
-118.73058360 -782.74050535 74.65825530
-58.18471446 -807.79126988 84.46496502
-37.24224722 -753.85348333 54.95233353
-119.70355797 -773.25140551 74.68088673
-117.34908410 -747.14109538 91.63419041
-116.38649357 -786.23360459 71.86281027
-108.34928907 -756.50326721 93.03507645
-101.36475548 -803.00234757 55.98642996
-129.93581724 -745.96336207 87.90435987
-128.14687039 -755.34210652 86.21965411
-62.51376635 -773.41647131 79.94782957
-61.37819253 -821.31430193 56.13868068
-127.25751458 -761.07523182 85.02936812
-70.84016496 -808.85945536 82.78100667
-110.18193127 -791.54468326 68.11378254
-125.50678321 -749.62819538 88.92593070
-113.08363125 -788.04065603 70.85346591
-77.90836164 -816.43703815 62.65749153
-129.79837500 -747.68715000 87.45426547
-111.07714559 -792.87680147 66.48569562
-70.48768065 -782.56805866 92.96706641
-110.50940401 -779.71577507 77.36749736
-106.49379800 -799.04082400 60.78427297
-126.11650946 -762.63483649 84.51351175
-44.27837134 -806.66203107 84.18338641
-71.14357022 -768.08809817 77.81707079
-71.52337333 -788.39616357 93.04925188
-128.30475586 -740.90085640 89.35437472
-107.32035588 -794.93854071 65.45628461
-41.23246317 -818.86120503 23.05388552
-106.83828794 -796.35876676 63.99725619
-64.69885352 -773.93120563 82.93355907
-64.44999346 -769.95501589 74.77048101
-118.41653754 -781.42167077 75.96067331
-118.33544503 -772.77097592 75.82006449
-47.80722803 -743.28830418 20.05735381
-117.40176184 -773.74735132 75.45053060
-107.06860876 -779.64264462 79.18375297
-47.31303560 -806.74867911 84.36983185
-19.27500000 -757.07036000 57.83801297
-118.13800714 -780.70985071 76.46137297
-121.41953333 -757.18392222 87.66058630
-74.10862731 -768.06911205 77.96155377
-104.35539632 -797.93611857 62.43590845
-125.94778282 -753.00053883 87.22688845
-102.05903600 -789.74799333 72.30878497
-116.80788462 -771.87110769 76.63680297
-59.44707125 -761.82560307 61.83457148
-23.49322955 -755.97469261 57.12629275
-68.49230000 -763.01210000 48.59345297
-37.07215545 -820.24859273 36.08951661
-114.33197449 -762.45953265 87.46099141
-116.55558028 -773.02685164 76.42025981
-41.35731951 -803.96687563 86.06565879
-101.40153256 -800.74266856 59.22893165
-68.12961795 -790.47095897 91.55866066
-45.20317059 -742.55091176 13.97295297
-116.07896393 -779.96291465 77.05945003
-127.74984583 -751.17793125 87.68479672
-79.09182794 -798.81759853 85.27906474
-124.19836207 -763.31292759 84.68959780
-52.25515000 -819.85828182 23.49150752
-74.74641436 -769.44528068 79.17100676
-124.90159437 -752.09221748 88.13738684
-110.96486752 -789.89096154 69.51585126
-59.79644000 -774.59134000 80.81490130
-122.81755992 -765.05667314 84.44361206
-109.34706962 -793.12581646 66.82396436
-100.18081364 -790.14132727 72.74929842
-66.29557018 -819.87413684 42.22140560
-43.11902552 -819.87793177 35.65879047
-122.30356368 -761.37468272 85.83499633
-122.17457155 -764.11629606 85.02330536
-125.67143281 -746.82570669 90.02942235
-107.08051012 -793.41076583 67.10252964
-80.28245788 -818.72367673 55.82603874
-113.49098456 -749.97772975 92.99044407
-126.07296591 -739.47860985 90.39582191
-83.42934823 -790.57606536 93.92935003
-122.07775288 -758.32416584 86.76199097
-71.99524577 -785.46208173 94.09959840
-118.77367879 -764.31236390 85.53461661
-121.38035897 -770.79009185 83.25653531
-72.50553966 -768.49857069 78.70006849
-107.37447525 -791.91741161 68.48844804
-127.06402333 -741.32899333 90.72802297
-68.29817914 -796.41384754 91.56585772
-104.06070181 -796.47631878 64.18636587
-125.14249701 -740.70965498 91.15030185
-125.40928493 -743.65736520 91.07631331
-95.38350361 -770.89476098 81.32622890
-126.53961429 -744.03448696 90.50622502
-66.78206667 -819.71130000 66.14818630
-70.00486667 -762.96433333 48.48865297
-122.72228921 -755.99147420 87.22212023
-119.49670628 -770.57605135 83.23422932
-43.41523302 -819.76444574 38.27598951
-51.49675512 -749.75553554 34.87821381
-63.79070000 -816.99350000 72.60825297
-118.89532283 -772.27908425 82.32607817
-26.14668776 -752.73090138 58.82660938
-68.34890000 -823.03430000 34.21725297
-104.37066915 -795.18217018 65.71334151
-35.28548483 -819.13736602 40.96317315
-124.54980292 -745.68337029 90.86774859
-113.38468174 -781.44062166 75.97184541
-36.38814528 -754.80464528 54.42085674
-74.58046180 -768.41129775 79.18580016
-91.14392797 -789.78940593 94.73939704
-101.49049430 -798.17628290 62.75794757
-41.85561627 -814.17495686 64.25941748
-52.56543529 -786.54943529 89.88682944
-122.45256285 -752.58556213 88.90146210
-55.71469500 -814.29468500 78.84347797
-121.87616230 -754.95607487 88.06200494
-41.05444900 -753.53619755 52.30318666
-119.26401856 -767.92838406 84.15691782
-113.06721869 -773.11726073 77.84354605
-159.55400000 -768.94302857 36.52899583
-102.01013901 -786.61970780 75.29236503
-113.36997121 -779.67295758 77.30245045
-98.00358338 -777.22839335 48.08889674
-115.06177143 -778.26410000 78.73488154
-110.23289494 -785.34122007 73.43488777
-118.53780000 -772.72180000 81.57385297
-61.50732117 -779.43678613 83.94936611
-114.35171818 -771.83777273 78.04651661
-77.42206079 -788.29253126 94.51388127
-124.58223333 -738.78965000 90.98234464
-27.08073252 -817.47132711 28.87082881
-122.14555782 -749.69837373 90.12404626
-70.82766000 -814.26965532 73.04817169
-118.91748821 -766.56034667 84.88161297
-107.64416170 -788.72248062 71.36301935
-67.84024828 -769.29830000 75.26876332
-99.21155664 -801.37999028 60.08081486
-110.56299401 -783.15354778 74.97178150
-122.40883758 -746.60852028 91.17291214
-50.14042963 -819.94758519 27.86762890
-123.49026279 -747.60816047 90.48488785
-46.54417886 -813.79658457 67.80435697
-58.36012646 -757.70013175 50.36065046
-116.47451412 -770.50290880 83.41019736
-121.71552428 -748.47211922 90.82317000
-101.37248652 -796.90264043 64.37939934
-40.07616596 -813.95731277 63.13880191
-113.82803000 -777.90491000 78.27838297
-60.22465714 -777.82442143 88.38340297
-104.68715871 -792.35611731 68.85917608
-38.37755138 -800.71943954 88.88731959
-119.61169695 -755.60565052 88.50108342
-110.53800664 -781.70866972 76.01130915
-43.73442400 -754.09877200 50.31283297
-119.47675904 -752.46628118 89.90608724
-118.72903310 -757.62107936 87.90100103
-101.40366720 -772.50626353 81.11028455
-32.13354493 -813.37748737 53.17330290
-65.72310000 -811.11900000 81.63685297
-107.63727147 -785.93443197 73.83345846
-77.17220154 -799.58691536 85.54283416
-55.68257383 -758.16119785 50.47056762
-108.58935745 -786.89668298 72.52819127
-101.58283030 -795.39319983 66.02953136
-99.60006575 -795.31024110 66.08569407
-116.19949853 -767.03178811 85.05840571
-112.57840000 -772.40655000 78.89741408
-98.99588971 -792.02460793 71.13610318
-110.99330632 -773.43509053 78.33633087
-76.92829518 -789.68676486 93.49642847
-119.12862862 -749.34551389 91.11451662
-32.49419330 -817.80149657 40.92653287
-104.40476253 -790.92874197 70.39195990
-65.27249101 -820.77577933 40.72792075
-92.80084786 -778.36602500 45.36761368
-74.58041309 -816.25487775 65.75931292
-57.92550000 -779.93044286 93.68600297
-109.77863253 -773.32016676 79.16823678
-113.12542747 -770.35558673 83.91776385
-54.41947012 -755.46108340 46.95942545
-108.27157758 -783.61203879 75.38636267
-104.70028858 -789.34239091 71.81597010
-57.12065108 -759.09645018 55.80148297
-55.90626228 -752.73286557 40.82880917
-101.40279916 -794.15986375 67.73181541
-110.26074694 -761.38775441 89.70081314
-99.26117584 -798.58779880 63.21682929
-69.50374043 -777.75076809 96.03323382
-51.90760000 -819.98794286 26.36629583
-118.27204047 -751.62265674 90.81366227
-68.68904236 -819.38650167 65.68253780
-116.20542093 -755.37603210 89.95907365
-51.63559241 -820.03812152 23.89208968
-114.14996417 -768.79034833 84.50824047
-118.67210000 -771.89355000 76.30151547
-109.47179570 -777.29801828 78.27987770
-107.18042835 -782.52323073 76.73574526
-97.81445224 -802.10582388 60.70941416
-68.55354903 -810.47209729 80.76720864
-113.40942536 -764.58714499 86.67767266
-62.44151676 -825.54072273 26.82845564
-55.57083221 -758.17003365 47.28930826
-102.02011721 -792.67709643 69.30636044
-43.03855000 -814.09205000 80.34420297
-12.50684386 -760.82893158 57.40628279
-77.32661954 -815.08194247 65.13004958
-116.42717389 -749.68598646 91.84857120
-109.79083508 -776.81226164 78.96125986
-89.32386257 -778.35242849 46.35538314
-50.84411595 -802.81799556 91.18645417
-67.47920157 -822.89166457 33.16607974
-104.57163708 -786.34461743 74.69400606
-107.47441872 -773.25158128 79.92496513
-101.20359549 -791.63295248 70.70139824
-82.88925092 -768.79960000 80.31573272
-33.65576154 -808.33715641 78.70833502
-115.31421545 -754.66661818 90.78404752
-113.18406819 -758.35490521 89.93112204
-106.98832065 -771.70448774 80.32992007
-33.17657425 -813.17975560 61.22477013
-104.61991456 -783.15629126 77.55202648
-39.00974615 -818.16025902 34.97564458
-113.22335615 -755.37227305 91.20714067
-83.46700829 -818.02888177 53.15755408
-61.91271429 -771.36270000 82.42001011
-59.94870000 -763.67312000 56.78855297
-89.64783513 -770.46073262 81.77370353
-114.17365238 -756.47094807 90.40174889
-62.38256667 -791.96293333 88.55488630
-112.53639704 -763.42246889 87.83725667
-101.30057754 -788.05412876 74.34933245
-113.28051512 -752.45811434 92.08347572
-106.04416087 -781.12642174 78.78025297
-50.07535833 -818.72157842 50.30587142
-99.65835000 -792.92250000 69.59325297
-110.07222662 -764.31336255 88.45400449
-106.55977321 -772.12400000 81.92271904
-105.34481769 -780.67572385 80.18219220
-44.34068095 -819.24195270 43.83338754
-104.09421168 -781.98652477 79.69374536
-64.06003333 -765.93350000 71.87828630
-113.11069485 -748.86280928 94.04606740
-101.10019061 -785.28025329 77.12181524
-49.09579111 -799.44474667 93.81673964
-111.10812690 -759.29998383 90.21431568
-83.02455838 -815.29612793 59.41917117
-65.54037393 -826.28868900 25.21312079
-79.99222748 -768.03338013 51.35120498
-79.72643418 -772.94321899 49.71753019
-85.18372077 -817.49633077 52.86676143
-109.92942486 -758.03324958 91.28701582
-106.12262857 -772.06991429 85.62295297
-34.09011644 -820.38391781 30.25505434
-107.70641341 -768.23565094 86.83483085
-65.34345732 -821.62986831 38.14538665
-29.91489711 -814.56815407 46.81045822
-105.60612090 -773.33786418 82.04509924
-65.67890176 -788.57571047 91.01625431
-104.26274663 -771.62412725 80.82865775
-99.23615982 -788.95064048 74.45106368
-98.53603299 -790.73000103 72.98896534
-31.40117246 -813.82908406 51.11030514
-61.22591282 -756.27364103 42.24074271
-52.10339617 -820.19871494 29.21316753
-85.27781750 -816.74183250 54.06457297
-61.27527841 -762.62201136 64.30786547
-110.73574464 -752.63808345 92.94571088
-58.78992876 -758.90607924 56.13859070
-77.93284000 -773.34846500 49.61563797
-111.23299333 -750.30416333 93.93789630
-111.57425000 -750.74734516 93.37654168
-73.42198354 -814.22333671 70.02534284
-66.81040000 -822.98920000 63.57055297
-69.16834737 -820.83657368 63.24065034
-107.21063888 -764.41953045 89.40867827
-77.54267720 -765.14148242 52.13690160
-71.41611949 -764.65440462 49.99551297
-110.33518571 -751.59909048 93.80160853
-108.06004415 -762.28073963 90.16015328
-101.17604570 -771.33718247 81.15047419
-85.11373333 -817.25366667 54.93716964
-5.43051678 -756.20472362 61.32467866
-105.19532020 -770.36825842 87.19199422
-13.09561667 -760.37653333 57.74710297
-105.69783333 -772.05926667 86.00541964
-82.65481159 -817.46555797 55.44866746
-54.61957963 -753.85411296 45.91218445
-76.63039825 -765.67830000 51.43421087
-64.32435286 -788.40366000 90.56756011
-83.84422330 -816.27120256 56.52046320
-40.91346877 -813.69823083 65.37617560
-56.51137718 -760.51938350 53.58750200
-52.41005902 -804.20187951 86.53719638
-48.13049245 -744.26064532 22.65057267
-105.56317826 -768.76826377 87.37916601
-52.57075492 -803.99122102 89.22857687
-104.47281557 -767.33848406 88.88364155
-107.89790206 -756.08857629 93.82514369
-16.87472181 -760.65708507 56.21079458
-104.39675706 -769.80410245 87.84476279
-98.45296232 -771.04552993 81.27325614
-106.05230000 -763.31171538 90.71837605
-67.61094320 -821.03874694 64.96214400
-105.24544111 -762.67711667 91.86652075
-79.92299545 -782.45004773 95.43211888
-61.83612252 -817.47217928 73.21335333
-34.99237696 -753.64945576 56.19747186
-65.27818973 -776.83684278 86.17463094
-95.35353416 -771.16355594 81.80519398
-82.63268313 -814.53106933 61.31093702
-50.63735385 -805.15826154 88.85499143
-80.77485000 -816.48859055 59.70750480
-61.30006966 -762.33827615 61.64536347
-58.06100000 -754.20910000 39.58685297
-80.25198582 -815.36209755 62.09627351
-92.77241304 -772.09031739 80.84599862
-92.42102491 -770.86767690 81.24635249
-77.54308776 -818.85464116 59.18482587
-82.50898899 -812.82134670 65.29112235
-19.32646750 -801.32865071 72.25061654
-77.99478520 -819.43923718 56.92924214
-76.80104526 -820.29462211 57.35542665
-59.18661026 -755.17341923 41.16762861
-79.60711943 -814.42529882 64.16342833
-78.93006471 -817.12357059 60.70262356
-76.29684375 -820.22922187 57.91552797
-77.08150997 -817.58839819 61.76849829
-53.95907203 -790.49210699 91.62797839
-80.24372178 -812.54704861 67.72990218
-62.57544856 -757.94212788 44.00919688
-59.30653681 -794.67312439 89.37744557
-29.16098794 -758.30623149 55.57483237
-56.54051667 -795.88345000 83.76060297
-86.20576497 -788.48343795 95.40399817
-61.78522057 -814.57513081 76.06883639
-78.41047658 -813.79922432 66.04717459
-28.70431540 -816.52587182 35.22372657
-70.61778362 -817.41284218 67.48141054
-77.55076382 -813.32406553 68.21379319
-24.30623395 -799.52776397 79.25588669
-74.53018404 -818.38506464 62.61661616
-86.05121034 -768.86329655 81.08747021
-86.83705282 -770.57558220 81.85969421
-53.30450738 -748.69839016 29.42310461
-50.91526618 -820.05507713 26.76853886
-36.70080400 -811.16626400 78.72760497
-94.39069155 -791.85713919 93.18463574
-82.08473548 -810.90026129 73.70297878
-76.44939931 -814.34893310 67.24697435
-75.87400000 -817.06220000 63.72365297
-50.31255295 -806.63128329 84.17167054
-73.73694205 -817.74272434 64.41060387
-83.36937264 -769.92630896 80.95297137
-94.00641429 -791.52060000 93.74459226
-80.17342352 -810.83102385 74.83911843
-47.52824211 -804.55732763 84.35244244
-92.10961749 -790.95548513 94.13166974
-53.12146894 -749.39936742 35.24399287
-65.12935150 -820.15892970 43.76753793
-74.38298923 -815.09385613 67.73536295
-52.99443009 -750.21927923 38.01126472
-55.98312120 -752.40344402 38.60808449
-71.45316902 -818.58686832 64.90663376
-47.48336959 -817.65905082 53.43180129
-75.48373924 -813.82867468 69.14338208
-59.73307881 -816.51525358 75.04872775
-80.32628469 -769.72720046 80.51138081
-89.57803144 -790.75287912 94.18278473
-114.97335000 -777.86800000 78.62530297
-89.89096000 -793.09266000 93.29507297
-78.44953182 -810.88740091 75.31834661
-18.50821818 -802.32307273 71.85338024
-76.68917322 -811.26651622 76.28740629
-30.59930090 -797.88296306 88.07303946
-53.59760148 -820.87304064 43.97464139
-91.63405455 -772.22400909 83.27821206
-34.42883128 -798.85075641 89.02565861
-71.44336810 -816.17052804 68.46327374
-75.36348675 -781.48112240 96.84199461
-72.66115000 -816.89013750 66.46576547
-49.65752029 -816.75592409 56.70216660
-58.63290858 -758.17287741 53.46092556
-74.27716711 -812.45270308 73.93727601
-77.36448263 -769.65774934 79.63494071
-59.35244722 -815.08234780 76.53142777
-62.60800000 -757.24300000 42.58975297
-68.57158676 -767.88711752 76.75297291
-37.55928604 -813.79575755 58.96921892
-76.65546275 -770.41649608 78.32986081
-50.29049233 -787.77408874 94.07237516
-77.27940712 -768.49211962 79.66794967
-71.02574267 -814.77429459 70.78128819
-67.68525455 -802.40950000 87.96558933
-58.03309719 -756.56143764 50.20074454
-68.36115882 -818.08862581 67.90154359
-86.30539148 -786.64637404 96.41313471
-74.49768311 -810.79184533 78.10918408
-71.43963656 -813.21944501 74.32240739
-45.32332000 -754.07658000 48.20095297
-72.39760000 -813.80991847 71.96762813
-83.60110467 -791.78534920 93.28912247
-79.09897901 -799.25904198 85.02794803
-83.37264104 -788.58667320 95.04230711
-75.96354510 -809.74920980 80.53534905
-57.54745455 -763.96034545 53.54433479
-85.43396667 -793.04158333 92.96256964
-38.46136597 -819.12567714 46.97134808
-74.44748000 -814.16775000 74.86079297
-67.27810769 -823.20072308 63.33734528
-77.27706412 -790.74319016 93.07455015
-65.55751309 -821.45812239 65.75850197
-66.49070000 -823.07236667 63.83611964
-83.16991965 -786.31489779 96.34240413
-83.26386198 -784.84286075 97.13091372
-80.13758689 -791.34348020 93.17895019
-67.18182432 -817.29020270 69.93278811
-82.55001844 -783.50350796 97.62463217
-133.36394286 -757.84764286 75.75462440
-65.14106311 -817.93834601 70.74817688
-56.48891535 -758.20633910 53.15668240
-21.40199216 -759.81370588 54.50472356
-59.49738200 -760.99343196 59.28556485
-58.86696625 -763.43856875 59.31898047
-85.72089630 -769.70510370 51.52642704
-73.97830538 -809.39963782 81.91522171
-68.47694607 -813.54263726 75.00777897
-57.05440336 -756.75084916 52.19071347
-25.56135826 -813.79704696 42.15290427
-60.40574000 -773.46806000 84.97951297
-59.02671243 -759.71712155 58.19633778
-66.15536898 -816.44336220 71.92574732
-38.85182378 -814.33609353 58.72572511
-66.46604000 -773.36566000 69.49509297
-41.08748287 -818.65459967 50.12061343
-61.39830638 -762.37160426 59.55010084
-35.75648929 -809.19688309 79.43998597
-68.23355425 -812.66877896 77.19359564
-66.04729444 -772.90903889 69.96334741
-52.13620000 -816.91326667 57.58011964
-80.24542066 -784.56151142 96.92516499
-71.17122367 -797.59348601 89.19868563
-73.97966921 -797.67519294 88.45924241
-68.99080259 -769.39639585 76.45348250
-62.62677290 -818.87064400 71.14730474
-61.79749048 -820.46287672 70.40121223
-18.46771477 -799.65712013 73.03991270
-61.67802566 -763.27286776 61.57444902
-26.43462913 -814.43904362 40.82667357
-71.63027380 -800.62552628 86.71154553
-70.67739000 -807.88745583 84.39538380
-37.88198523 -820.18197708 38.34558285
-150.96106154 -776.75214615 42.74325297
-56.36070295 -755.03080743 47.32242815
-59.03106774 -756.75895806 52.65337394
-57.36190000 -761.72831176 50.81768826
-72.31742500 -769.23557500 78.83915297
-41.43032999 -813.15852298 67.38402282
-59.51559576 -820.91808773 71.28993794
-65.74938520 -796.41170498 91.38546347
-56.82985894 -754.89875894 44.82802411
-61.39769512 -761.00159024 55.20489443
-67.09296667 -814.12410000 78.91958630
-54.29526875 -787.77987500 88.53143422
-56.02876087 -757.27989130 44.86029645
-76.56159320 -783.22253582 96.26705130
-73.92067084 -790.40382437 93.30167495
-70.23136471 -807.76884000 84.83510356
-53.69689265 -750.76693796 40.19632522
-74.09806480 -789.57879801 93.48809663
-74.24393045 -788.09323124 94.01117171
-68.44424834 -807.75784139 84.87878211
-70.56865683 -799.42761175 87.80685329
-65.31222363 -810.68199313 81.00137904
-62.33246260 -812.79038014 77.12034955
-59.96349141 -819.49725612 72.17599666
-38.76054046 -753.73773550 53.73928694
-67.75841834 -820.34126601 44.24174099
-65.35898112 -809.26752837 83.19374694
-68.55201864 -808.31116610 84.85026992
-71.32021935 -795.83960000 90.28979491
-50.95195865 -748.86409183 32.59740826
-52.10701765 -745.96608529 23.30488826
-51.48805000 -746.67040455 34.92585752
-71.64564309 -791.08364426 92.53487418
-70.59476209 -795.89123595 91.13809088
-68.55561002 -797.96575585 89.21538749
-67.03845200 -819.93491200 45.08936097
-72.62203646 -787.39513646 93.77036651
-53.23975733 -815.64450560 63.86588444
-51.16283879 -747.37826983 31.74715814
-58.68323647 -763.83313059 62.25762356
-46.81787393 -819.89010774 42.18337847
-38.40428756 -803.08766995 86.00757018
-20.64835000 -760.02445000 54.45250297
-47.43163325 -820.22118280 40.98819131
-62.30799101 -810.65999824 80.98583519
-62.42706524 -809.39730000 83.27088494
-45.19217734 -820.21484102 40.39557719
-67.38095833 -777.23840000 90.06138630
-59.53163427 -812.94321359 77.82872595
-60.02636342 -794.19590694 91.51850095
-47.24938939 -818.44380782 50.32239543
-38.86272738 -814.15933155 61.37275059
-51.94472500 -811.97267500 69.29265297
-57.20281050 -818.19438050 74.92501722
-57.94245000 -816.89255000 61.65925297
-66.59827381 -801.79780714 87.47750059
-52.44758311 -816.82229054 59.86912932
-32.34762507 -818.22816718 38.04555823
-53.65647097 -817.27806129 59.36470351
-41.22154887 -819.33173727 32.29014358
-70.81310857 -785.91616194 93.32451434
-50.68759979 -817.28422795 55.70727643
-89.28288148 -770.48855185 51.54502704
-71.60243546 -782.23840095 94.51964883
-62.28825997 -807.21141074 86.03157125
-58.97338279 -811.47141535 78.98953716
-38.30134903 -817.92012066 49.78920355
-73.46775805 -780.16090375 96.27345597
-65.33344823 -797.85641318 89.50416585
-3.59476739 -756.83082391 61.87885514
-59.11926132 -810.06599138 80.37571270
-56.40434222 -819.91777333 48.32871964
-56.29728568 -815.33899190 77.33364505
-59.43950000 -810.95616667 78.57898630
-41.33326409 -819.11365543 35.08092100
-68.90876854 -788.21472090 92.75730325
-52.79171652 -807.24843525 77.65690397
-71.18231565 -779.75453583 95.53520839
-22.33463386 -801.43131867 75.10695993
-59.39660146 -809.07902873 83.17670428
-50.00799147 -816.14006168 59.04787607
-44.49534985 -819.24054808 47.09930400
-68.85155495 -785.49591012 93.16267843
-86.46880000 -787.09440000 96.62525297
-48.02484346 -816.64225222 56.35513050
-41.17858418 -804.83309758 84.14409238
-65.38456769 -795.44900901 92.24182763
-56.72181345 -817.19300621 61.01151469
-44.39336058 -819.29592500 50.04558047
-66.95631750 -791.27042625 90.46788047
-60.01098164 -808.21303473 84.84295816
-56.22017220 -812.24265729 79.18681769
-68.53673074 -782.42105746 92.44899305
-62.74263843 -800.44580188 89.14280696
-6.09053409 -758.68043876 60.31344124
-32.69667146 -820.22107877 29.03968410
-66.75848235 -791.58734118 90.50775885
-59.25955377 -807.50152507 85.25740388
-65.07593123 -779.76465553 89.90511570
-39.01852527 -817.86740262 17.31903485
-50.28848326 -815.42347166 61.95278082
-44.65461500 -820.40516000 50.07478297
-59.84113631 -763.79655053 65.32806447
-70.07385873 -777.65075238 96.38408154
-62.49459177 -797.56958758 89.54899781
-54.63349635 -815.28035289 77.71935692
-44.33013815 -818.27351837 53.15535942
-54.71638000 -817.14136667 76.43071964
-47.61049347 -815.58136878 59.19739107
-43.00642941 -820.35942941 45.16021179
-41.00742146 -816.74608927 53.98340078
-33.66986667 -820.09001176 31.08703924
-72.68064000 -769.39957000 50.18095797
-40.94978337 -820.34618744 44.22647070
-50.15920467 -803.38817351 89.14438811
-71.50085588 -778.39890098 96.82722258
-68.82502407 -782.58082778 93.76598075
-158.81978226 -770.67938669 36.14425862
-79.12256667 -811.35896667 75.81571297
-40.42976838 -820.53364044 42.10610518
-50.41999034 -814.52858750 64.07170979
-68.04232909 -780.08923021 92.18365415
-57.14557843 -808.42694861 82.69659718
-67.91562253 -785.17369829 93.90121338
-65.77130773 -785.23390059 91.57241566
-63.48640769 -796.27348308 90.94053143
-47.29190434 -814.76781494 61.92988678
-66.32866667 -774.17264667 87.75151964
-62.25952963 -794.85039931 92.09875748
-63.62375000 -811.30557500 81.73617797
-54.69729700 -813.51818400 78.87991197
-57.03219456 -807.65949751 83.57762746
-47.10296298 -814.67649546 65.63458077
-52.15944878 -810.70894390 72.10150419
-65.42527021 -779.39824535 91.80833958
-65.59990744 -782.54238939 91.38847326
-64.62732254 -785.10540798 90.33646095
-153.67021481 -771.22381852 42.37925297
-60.30361837 -799.33863469 89.63615093
-60.31517054 -779.11423643 86.91854599
-50.54332544 -812.34293647 68.21643655
-41.42480864 -816.05254958 55.97423693
-54.68348986 -757.37996087 47.28026167
-48.51938000 -813.74848000 63.41697297
-63.58661579 -787.56850789 90.45034244
-63.10242192 -777.42414775 92.60198240
-64.62799709 -782.40576096 90.23246516
-63.74586400 -787.35612000 91.25042097
-59.51072652 -797.29702712 89.34840868
-55.56709422 -806.87476339 80.38324689
-44.32746390 -815.67421315 58.81496687
-38.29445273 -819.15468360 38.10030925
-63.33684732 -785.09127389 90.91546602
-59.63734554 -779.42063517 89.19432007
-46.92281047 -802.24077326 90.82167390
-53.61009599 -805.79784156 79.86532206
-46.85124209 -814.31779358 66.97852819
-37.91681798 -819.66927606 44.36376695
-39.13491297 -820.14278774 43.69739330
-35.76164610 -820.21415913 34.76952769
-62.57904635 -767.88903014 73.47557392
-64.84921059 -777.48939384 92.49007735
-52.46524305 -809.36587527 74.62632045
-57.57481875 -779.97183750 93.81612172
-48.00747507 -784.38004589 96.91449408
-51.42047315 -809.25326378 74.20850973
-44.55988115 -814.72657454 62.28941579
-26.49730000 -798.97266667 81.80028630
-70.14702000 -763.06652000 48.37527297
-43.18255000 -816.96845000 54.43955297
-38.92993333 -820.24663333 46.51765297
-36.35010160 -805.70143590 81.92666002
-34.73371834 -820.26765981 32.34173224
-63.38753758 -782.74919575 90.85745549
-53.69261225 -804.47019017 80.99597491
-34.89258525 -819.74866953 35.53794226
-41.27809849 -819.31381463 26.13722993
-64.69237439 -776.89056726 95.01652435
-55.71608924 -800.53619025 83.63268436
-53.87160970 -803.19927421 82.62301928
-51.70205612 -807.68470714 76.24364991
-51.56965000 -807.76755000 75.60387797
-62.38689779 -779.13036528 88.96000304
-56.44435200 -798.23682200 84.23727564
-27.18216303 -812.42579763 52.25105297
-57.16488333 -786.51317500 88.36576964
-60.38238609 -765.11028496 67.81251914
-42.32270606 -817.32064848 54.77014085
-35.32331031 -819.37011127 38.09203021
-59.70063000 -792.41470000 88.73261297
-44.25040811 -814.44773432 64.97350445
-55.82668584 -797.48944782 85.34060079
-11.84835292 -753.51313067 60.08972701
-65.14030709 -778.36009716 94.06947992
-63.34108040 -779.34430075 91.38716578
-59.46560351 -785.49261392 85.99496360
-59.01573062 -788.38453239 86.45703379
-58.38951431 -791.22372553 86.73992918
-38.40233859 -813.35839203 65.13928238
-45.25242025 -740.96604684 13.53150993
-56.44711890 -794.45966588 86.22460817
-54.25622248 -800.71651298 83.67530355
-44.12593800 -813.59897461 67.53723200
-41.20101660 -815.05207089 58.72577825
-62.01931836 -778.83590547 85.99249945
-35.37380000 -820.99140000 39.80495297
-54.61749487 -797.60577564 85.44515553
-54.63165000 -798.40650000 84.13623123
-52.01734898 -806.20760408 84.02366522
-49.95492975 -809.18753974 83.12457669
-49.36845000 -811.10122619 81.77128630
-41.27698571 -814.29113991 62.32471204
-38.22003085 -816.22868683 53.12787255
-39.27052075 -817.17315660 52.07352089
-31.60435874 -819.73298682 29.40557451
-62.66457979 -776.21848537 95.19416708
-22.65268710 -759.87428387 54.49432071
-81.74785000 -816.82955000 57.44095297
-50.20466967 -746.15957962 23.12126103
-57.44428254 -788.91364056 86.56692593
-35.54629082 -817.93714393 46.87775445
-35.32683606 -818.62773488 44.20142605
-32.24112421 -819.42932817 32.30188430
-31.78429403 -801.43778563 83.83735089
-64.38818571 -774.39895357 95.31519940
-64.22708776 -774.36311224 97.76025399
-26.36830079 -816.72368126 29.87077822
-64.50851975 -775.46916420 96.85176779
-57.70748235 -786.78988235 85.82476474
-28.25618677 -816.74222926 32.75512676
-50.14420427 -804.01599737 86.10326391
-50.50002255 -804.20297802 84.34557901
-47.26934209 -809.36977392 83.49820363
-48.06809317 -811.46664096 81.33589353
-38.33058801 -814.96458272 56.04433907
-42.51888197 -811.35144918 81.81683166
-37.33111818 -816.76902045 51.07916206
-29.33653820 -818.50431014 29.08859896
-41.31189169 -806.38034607 83.43064176
-28.96399394 -819.25256435 26.34764468
-30.01205000 -820.18900000 26.51828630
-59.92670742 -782.80390335 85.25341756
-58.24294925 -789.39873134 91.06353804
-56.54565934 -789.33253504 89.72909057
-47.57960111 -811.24561000 82.20246519
-62.26828571 -767.43932857 76.43626726
-36.58123043 -812.85535217 66.68420949
-47.47327500 -748.33162500 30.66745297
-34.97673045 -815.97130439 50.36193696
-36.36754429 -817.25712286 49.24167868
-60.17232340 -762.63675904 64.22198276
-62.92926301 -773.98312911 98.49346436
-62.51983556 -775.23041556 96.94836779
-34.32004789 -816.68078873 47.83391565
-156.68748889 -768.61193333 39.35956408
-59.31127500 -764.70027500 70.27655297
-52.00046324 -803.67544118 90.96861915
-44.28616080 -804.27255746 85.98105563
-33.08765355 -817.44727719 44.11209024
-30.15772833 -817.48140000 34.92644634
-29.60433016 -817.83038695 32.12216347
-63.63285111 -821.42497778 66.49703075
-55.17791878 -790.71800863 90.90206414
-39.47707586 -817.41819125 14.44893546
-38.13642846 -813.73119807 62.33817462
-36.24903000 -814.30299271 55.33613255
-32.38335511 -815.82610999 47.16936644
-33.49783393 -817.18170000 46.15329404
-59.31745008 -820.83482551 43.97467502
-63.17929600 -772.80840000 99.65920097
-55.59037950 -788.11797014 93.82295333
-63.95772500 -817.10047500 72.76255297
-65.41363496 -775.69929783 83.72140243
-49.87993464 -801.10281069 92.24389489
-46.82311162 -808.70765634 84.79426635
-38.22832500 -814.25265000 64.88705297
-44.52554270 -809.49937808 83.42820745
-44.18507538 -811.71740353 82.37704752
-32.55126023 -814.89286389 49.94037418
-67.14360870 -826.25695072 25.45898993
-31.74452139 -816.38638557 44.35743218
-53.31527436 -747.30731538 34.30056323
-57.65105375 -780.39445313 92.49075047
-32.66058107 -802.78999414 82.93036134
-53.42093923 -788.64190064 92.38846904
-136.02840000 -787.12915000 51.82682797
-47.41761320 -803.15665519 89.11641238
-47.19084616 -806.33910459 84.79238322
-43.35906399 -812.95287901 81.11431857
-38.84325850 -812.83503471 67.05103525
-62.65189502 -777.47465187 87.97641438
-35.11885537 -813.29266535 56.26920054
-38.41928517 -818.20475161 26.20532292
-29.35792379 -815.61845079 40.97401031
-32.20649867 -798.41889013 88.68162533
-30.37876667 -817.28840667 40.60680630
-50.37697259 -748.79406963 29.39769741
-54.00658667 -790.90384667 90.30285297
-30.54386819 -817.21414957 37.68749480
-55.06761429 -786.46465714 94.74300297
-47.32535688 -800.71466084 92.20426253
-47.55683792 -741.21140399 16.69136140
-41.48433670 -809.23957934 82.25629308
-40.63831388 -810.36727160 81.07727865
-129.53628846 -763.93456923 75.84362605
-53.06711333 -786.70698667 92.21557297
-36.11088191 -813.14171324 65.29875253
-33.30943360 -814.19623760 52.48450897
-47.66982795 -798.65178760 94.88513663
-47.85031895 -799.33054139 94.27060308
-44.36401004 -802.68611335 88.90885423
-38.41456179 -811.47135833 79.20287732
-26.92050000 -817.08410000 35.37420297
-26.72402606 -815.74349126 35.04406977
-38.29754321 -809.67555447 80.35664387
-50.41200664 -785.59779402 95.72775010
-43.84341216 -801.01397613 91.25427189
-32.96995714 -814.23758571 60.93929583
-29.27206171 -813.39303014 50.21594668
-29.87867159 -814.23595909 49.38953706
-26.70101266 -815.18322335 38.11271332
-39.40630951 -808.44343204 81.78885860
-28.71886837 -813.55009578 47.37151833
-64.86181163 -771.44850814 79.75218437
-61.47670000 -790.73760000 85.34588630
-29.34685533 -812.51190124 53.14320013
-41.70543705 -802.45956971 88.28641843
-38.55133169 -806.39747849 82.62116841
-27.19419191 -814.28050735 43.32201179
-41.14768412 -801.31300694 89.57149053
-47.43386883 -819.75135931 25.46487086
-38.19355237 -804.57195527 83.84433563
-26.59877908 -813.61069014 44.01921825
-48.15193554 -785.22499176 96.15409675
-27.44085374 -813.39593605 46.27786998
-24.38084492 -814.32222185 40.40240774
-39.37505000 -802.45855147 87.82218238
-32.55353109 -809.27792734 77.55464164
-32.70687138 -806.15764471 79.38776410
-32.91415625 -811.30318750 77.20459217
-6.91113333 -757.25546667 60.67106964
-24.54558645 -813.78919871 41.44034071
-35.29977720 -803.74925502 83.38774190
-39.21898707 -799.71867335 91.38952474
-31.66079547 -807.03736204 78.02445122
-35.58149109 -799.79311218 88.64287839
-32.07219479 -804.00486716 80.53523647
-30.25770030 -808.32733136 76.33455060
-47.29654986 -752.98872939 47.00643683
-56.93907273 -763.30164545 58.73808024
-67.32447500 -783.09222500 84.97897797
-29.49382989 -806.44774601 76.95107712
-33.51696296 -802.21763148 84.79948075
-29.17847778 -808.17965556 75.50914186
-45.44468765 -753.39085802 48.27644309
-30.65048214 -805.26359286 78.86694226
-33.02119655 -799.47686897 88.28727797
-26.25205958 -806.11139413 74.81744802
-27.22072500 -808.20400000 75.08750297
-27.23782253 -805.62272445 76.09623731
-28.58886348 -801.48675252 80.73249025
-30.40077642 -800.11895285 85.23446191
-31.26270432 -798.80259281 87.18946448
-27.39835376 -802.31961618 79.05189921
-30.65310260 -798.51273117 87.01016336
-25.31650891 -804.52633522 75.21668212
-42.38824013 -753.24125287 51.16199373
-8.57311158 -760.52840740 59.38651428
-26.51396536 -800.50459718 80.11910445
-24.30886246 -805.36393614 73.89251227
-23.27804855 -803.56238969 74.24619170
-27.18773250 -799.65940680 82.28688979
-25.35832914 -801.44967351 77.99221953
-41.22319567 -754.26652857 52.38907721
-23.32727408 -800.47571667 77.06886626
-154.71513016 -770.37577989 41.23396144
-38.30373324 -754.59838642 53.87174343
-91.00941250 -771.82591250 51.67360297
-20.65885074 -802.85813719 72.32702144
-21.44723496 -799.73781239 76.34762155
-35.05698491 -754.98357504 55.56177892
-17.95470692 -800.20935325 71.86786695
-32.37837215 -755.28371716 56.21215873
-32.09735000 -758.57751667 54.56258630
-32.64136338 -753.38197231 57.21571912
-29.29142577 -755.40692369 56.72462066
-31.65888634 -752.59695652 58.08932844
-26.35272439 -760.07586585 54.92229687
-29.31982401 -752.65701562 58.50165985
-29.77098571 -753.82001667 57.48285535
-26.31030449 -758.39070998 55.80612639
-26.48625590 -755.74248380 56.93401007
-27.74530000 -814.01150000 46.15965297
-23.84185833 -760.06763333 54.72496130
-27.33345000 -753.96030000 57.58616964
-23.20101458 -758.35011187 55.83399014
-23.22068235 -760.10267647 54.42644121
-25.93955903 -754.31396875 57.76355089
-23.30479263 -752.59921217 58.74484136
-23.36850188 -754.54433005 57.84833349
-20.54009308 -756.47854297 57.37166112
-83.34993945 -767.45193164 52.32641625
-19.22736250 -760.19671667 55.12022797
-20.07449403 -755.07513596 58.13594942
-20.39948165 -752.84494085 58.65472983
-17.47368626 -758.63113518 56.95439045
-18.43781848 -756.76026957 57.51084210
-17.29343300 -755.45961560 58.54527276
-14.46446667 -760.68205556 56.91831181
-17.49603980 -753.11929130 59.63848216
-61.75894762 -772.41182857 74.86439107
-14.21425207 -755.44823101 59.10066124
-14.20991479 -753.33548333 60.16763520
-11.10936744 -760.49963171 58.45776913
-8.52442466 -755.87505308 60.18947712
-5.82975189 -760.35610624 60.12794250
-7.81086484 -755.01042266 60.82517860
-3.12946762 -758.35917746 61.71624099
-54.67259825 -823.35679825 36.04529508
-62.16796286 -769.74158679 74.80516333
-68.85842609 -783.03660000 89.78361819
-44.31652980 -818.25318829 17.10659440
-70.15536667 -811.66173333 81.84911964
-60.76166667 -770.46053333 76.50491964
-62.44854093 -819.60822226 47.24140055
-85.07397500 -816.69947500 58.05327797
-150.67780000 -762.97080000 53.54625297
-155.58025432 -764.95780782 44.31898960
-102.12647741 -783.03553296 79.16779408
-72.96455000 -820.10367500 60.79857797
-28.23930000 -760.00750000 54.77015297
-63.22270000 -802.04026000 88.82089297
-50.29866766 -819.79905347 44.20255594
-117.59730000 -771.82580000 75.58035297
-85.68877853 -768.62866441 52.18081060
-119.21765556 -771.91351111 75.06400853
-34.04470000 -757.28755714 55.02011011
-136.20264211 -772.92183684 63.80743718
-89.98803506 -775.48733377 48.93364713
-57.90175000 -789.59305000 88.90315297
-38.64523292 -818.06036233 20.11743417
-138.99153636 -784.33520000 51.75177115
-62.34034117 -776.49802644 86.27882076
-51.05947073 -819.75359797 41.26766964
-60.51605333 -775.54337333 80.55911964
-62.23997500 -822.94090500 33.36196630
-42.26722143 -754.22134762 51.30316011
-54.95026667 -816.04243333 63.98693630
-54.60687222 -757.37237778 49.54847519
-47.35171724 -738.52408793 16.54737883
-62.00907234 -766.90166159 71.42689273
-63.48727073 -826.72828293 24.35974321
-52.60204894 -747.11245106 32.46054020
-50.64155000 -744.90340000 32.39075297
-156.49478077 -765.70888077 42.23927605
-86.33847319 -773.60972609 49.78453920
-49.70754302 -752.73470726 44.44138537
-122.30080769 -778.87650769 72.68641451
-61.59008182 -820.10230909 46.01934691
-64.20185794 -770.98165665 77.00570962
-92.28550899 -773.77369741 50.81044670
-42.71590000 -803.59890000 81.58105297
-61.42516885 -784.49534672 85.13336199
-60.53151923 -776.93753333 86.57954271
-56.89363559 -759.52015932 57.85732755
-53.65508636 -754.69479286 41.31814778
-57.05781508 -760.91481407 56.54591796
-62.04803874 -764.88951021 68.24926095
-60.48778509 -766.60854298 68.57840034
-51.87310000 -743.74750000 25.62285297
-75.69155000 -784.28322500 92.85047797
-69.14721739 -762.60356522 48.82470949
-69.36333947 -763.55495526 49.05795560
-64.52083135 -766.89720865 71.42654594
-72.28260142 -767.11999007 50.33990049
-67.66440177 -767.49714115 74.80775076
-69.82540000 -777.51630000 96.93745297
-50.43633085 -820.36429864 31.99672639
-65.91620845 -767.92983944 76.09107832
-75.51550000 -764.57133636 51.72871661
-67.51799000 -773.81070000 79.15575297
-67.53145000 -773.77182500 85.52959464
-60.34215261 -779.67978174 83.41329341
-61.21875385 -782.61139658 85.21989571
-65.22277885 -777.59755378 88.67763545
-67.49126747 -777.54101687 85.58524454
-82.89784000 -768.78401000 51.49511964
-61.93425000 -772.42612500 72.55415297
-83.68967810 -769.57844453 51.37667049
-62.75314545 -786.00437727 89.44714388
-62.38909572 -824.31966181 29.18359146
-68.04827746 -779.69628476 89.38360503
-86.26266154 -769.29763136 51.82930031
-83.10276160 -772.60681680 49.94758577
-89.13502302 -770.43140476 51.68771964
-41.34710263 -818.35147213 20.02133523
-89.56367451 -773.69071667 50.21459317
-86.91549375 -775.20528750 48.78691547
-87.11312059 -776.64901471 47.60615591
-91.38044167 -772.16955000 51.66386130
-89.45407878 -776.99443345 47.43020492
-87.61736667 -778.21275714 46.75884821
-92.37369790 -775.58691119 49.15607954
-48.51608589 -745.80991385 22.82271871
-92.37039199 -777.01565893 47.29322926
-62.94401456 -794.90511954 93.87681236
-51.05581096 -811.40335205 70.61057945
-52.05835946 -811.33187568 70.99199351
-94.70143443 -774.39589281 50.45002842
-95.44998060 -775.65985453 49.16120620
-95.04827436 -777.19009000 47.40878848
-93.43928000 -777.89565600 45.45894897
-94.53477600 -777.83307200 45.49204497
-51.21268000 -817.14260000 58.06529297
-94.02595294 -778.09137059 45.50647062
-48.90580000 -820.46805000 49.04685297
-60.27606800 -811.37284800 81.76976497
-76.02536667 -797.90153889 87.79923075
-70.34976667 -808.10416667 84.72258630
-109.06137273 -790.11134091 69.69483933
-132.91402500 -772.22482500 66.76322797
-142.84485000 -765.91992500 60.75110297
-153.09517322 -767.76746284 44.64709887
-145.09082000 -784.14826000 45.68463297
-154.43000159 -766.99598095 43.39011408
-157.30138431 -764.33806471 43.42041768
-157.72529043 -765.31098191 41.65292850
-157.70323061 -766.47120408 40.20701419
-158.80775659 -768.08072300 37.74956046
-156.29775263 -770.83174737 38.71186350
-157.85897385 -770.40018005 37.07079150
-157.06040562 -772.49082809 36.76374286
-158.12450000 -772.43731753 35.98425812
-160.19302500 -768.67431875 36.33410297
-160.62649905 -770.81208190 35.17946964
-160.35350000 -772.12786923 34.74796066
-44.73957421 -820.05202183 27.20129781
-23.05235833 -798.94207500 77.58276964
-54.90120000 -750.89230000 36.78975297
-59.14656667 -767.88417500 63.06968630
-52.47660201 -752.20933329 38.35078840
-62.07675000 -817.33680000 75.86230297
-57.74273778 -807.35304444 84.71197519
-36.75674444 -820.04476667 36.75838630
-62.25134858 -820.48917337 43.87167147
-49.74141435 -743.39546054 17.43413593
-70.76087500 -781.55527500 90.39222797
-51.91156667 -819.91983333 45.27145297
-50.74712500 -741.98970000 26.49775297
-43.45548571 -743.98237143 19.66022440
-52.47254167 -745.45675417 20.02047797
-75.74082500 -790.11560000 93.65497797
-53.10592063 -819.80208836 47.54389159
-47.10467380 -740.88945720 14.29743913
-46.92044632 -743.73745238 14.32501011
-68.69520000 -778.43620000 96.65045297
-62.04609966 -823.07914141 33.92144119
-64.01650000 -796.00790000 86.42405297
-81.18170645 -818.88410860 54.18853254
-41.74500483 -818.97757881 40.61832546
-70.42207073 -780.49353902 92.80966517
-47.30081247 -742.99238949 17.37912339
-45.54693750 -742.45100000 16.67110922
-45.76315000 -741.54482500 16.76015297
-50.02975347 -743.81977157 20.11211744
-49.67454883 -820.22794903 41.17996620
-70.04647143 -780.24170000 88.73529583
-52.44471250 -745.31662188 18.09261547
-47.32398069 -820.59940394 32.06325370
-51.39985000 -751.16190000 33.43495297
-44.77490000 -802.60858000 91.07603297
-51.23732941 -745.24114412 18.35099709
-46.67953167 -745.71562000 14.65364464
-56.99364563 -824.20375626 32.30126739
-30.84090000 -813.02990000 59.20585297
-123.70100000 -738.88560000 91.71975297
-52.13230474 -820.09662543 26.02951461
-51.90500000 -744.98410000 19.41205297
-100.14414259 -778.84987778 47.01153445
-49.94962600 -744.12445153 23.04537406
-124.73586923 -769.64900769 75.72583759
-50.35154737 -744.40329638 25.50888323
-48.63425000 -744.73630000 24.64740297
-49.72706755 -746.16584486 26.07951204
-64.72670000 -776.30431250 79.86887797
-48.33615862 -745.82958276 25.30374263
-52.43708974 -746.96005983 26.37930126
-58.68909017 -819.45436994 55.94366034
-50.36448858 -746.76309198 28.90335998
-52.56772329 -746.98482123 28.61953859
-64.27215556 -778.54467778 82.76917519
-54.98190000 -751.50354000 35.96831297
-51.66380789 -750.68534474 37.81394244
-59.26075967 -818.80532167 53.07688284
-51.62165806 -751.95050323 41.87228200
-57.87463333 -753.86553333 39.82118630
-57.14844444 -754.37756000 40.81019075
-65.29383744 -819.53913293 46.79850741
-48.96214286 -753.24251429 45.69623868
-60.59993095 -757.22012381 42.93979583
-58.24399524 -757.37026190 47.68053392
-61.36701500 -760.69977500 53.49108297
-54.52054275 -823.13484638 37.32562036
-14.24422458 -752.92929322 60.67715806
-57.03919041 -761.41300000 61.45148585
-91.24787500 -771.93527500 51.53792797
-98.48598395 -778.54334756 47.17675440
-64.22052632 -766.65883947 68.10966350
-62.86125000 -766.66961282 68.63787092
-46.11874324 -818.36623243 12.31460162
-46.96878836 -818.53820736 14.45892660
-41.13941424 -817.46633321 13.87401699
-61.86509457 -773.07330543 77.79270546
-41.29620577 -818.01885037 17.08760622
-47.38027299 -818.73049423 17.02442630
-49.32373106 -819.31992917 17.61948403
-60.42270000 -769.51370000 73.71975297
-59.71647887 -768.02351127 73.44548536
-69.98850000 -767.78210000 75.59650297
-38.54554296 -818.18642254 22.90189070
-47.40171932 -819.43014042 23.39869012
-50.26209232 -819.72101841 23.48966565
-77.26377328 -768.42542155 78.30327625
-52.27116238 -820.12357327 23.78562822
-79.33626364 -768.68160000 78.57735297
-50.11189458 -819.87400420 25.90192034
-56.35548485 -821.70244170 41.13477629
-44.22485711 -819.81127194 25.86722053
-38.60494000 -818.27023420 29.21881934
-64.70697463 -772.26554776 77.31783207
-41.11103010 -819.41753181 29.07193142
-43.28751951 -819.95778049 27.88972126
-63.94360000 -795.89615000 86.52650297
-50.39683379 -820.19426053 29.15243621
-42.53870362 -820.10901041 29.58559822
-44.30450708 -820.31571770 29.12846943
-81.52219833 -770.80354833 81.88222797
-48.78420000 -801.59580000 90.59065297
-83.46698684 -770.94548553 82.06984376
-42.67809030 -820.07766727 32.10281661
-44.26409518 -820.50495292 32.25868161
-66.14173333 -795.50173333 89.10791964
-52.12681975 -820.27723790 32.01417049
-65.31089478 -825.44699331 26.57471390
-67.41894310 -825.39527239 26.81535382
-96.19617500 -772.12661528 82.16099047
-12.78650000 -753.44335000 60.73655297
-101.01537941 -772.32564412 81.72967944
-34.08114876 -819.91006116 32.87659760
-65.37885271 -824.23469129 29.13532037
-67.56124424 -824.24077657 29.24040009
-60.25784400 -825.66536600 27.17470817
-59.60240394 -824.82477871 29.29173679
-63.08194585 -774.05340593 83.56040080
-67.71834281 -823.32948641 31.92784889
-50.41116387 -820.36038487 35.04483220
-62.37494002 -823.46233579 32.19252111
-59.33977125 -823.75162354 32.05779750
-57.54927679 -824.82077500 30.25382976
-65.75037348 -822.90528864 33.18639880
-61.36090722 -775.89903111 80.81610408
-41.42060755 -818.96380099 37.96009767
-52.24190000 -819.98215000 36.09930297
-60.73880000 -822.97310000 33.43535297
-62.37173791 -822.64463350 35.39623365
-65.35065522 -822.47286783 35.12193301
-67.50668668 -822.47584524 35.06719060
-59.43399777 -822.68990488 35.59845900
-56.23750244 -823.43302312 34.95459023
-57.04276531 -822.81134169 36.03366522
-60.74822759 -777.27135517 82.80242538
-59.33387533 -822.13433543 37.92209970
-62.60773911 -774.60206889 84.91153564
-56.43200692 -822.54180574 37.89895516
-28.00085217 -813.92432174 45.07147471
-53.97225678 -822.30365593 38.37670721
-67.37859643 -820.71391480 40.31558358
-62.28335466 -821.29550733 40.87537391
-59.29739769 -821.57066166 40.99272914
-67.02847143 -819.88512857 42.32421011
-38.80737562 -820.24197794 41.09501450
-113.05948214 -777.82118036 78.89857172
-56.47762184 -820.92577701 43.81727787
-67.26009265 -778.32975147 86.96313238
-62.84944151 -819.90273774 45.18827184
-65.99208000 -778.06665200 86.73201697
-77.84008462 -790.46990385 93.70776835
-67.18585254 -819.82936271 46.30114958
-67.50859091 -820.14787091 45.79385115
-56.45784017 -820.29916594 46.82550057
-59.11969144 -820.27612246 46.53533158
-59.66299691 -819.76837938 47.85177977
-59.46618964 -819.24932524 50.22304035
-62.40439817 -819.04344824 50.33114116
-64.37332450 -819.08586026 49.51731324
-84.38042121 -818.15525152 51.24215146
-85.02582857 -817.92633571 51.02913154
-61.76742486 -818.79299351 52.26332384
-84.58811429 -816.83681429 54.24521726
-53.28357540 -817.81022026 56.11485977
-56.40190603 -818.59469119 56.02615498
-74.85730000 -782.90335000 93.35705297
-75.02370933 -819.54770400 59.69392097
-77.23441429 -783.69512857 92.74122440
-55.79484147 -816.57236848 61.80914136
-51.39508000 -785.73393143 92.49392726
-33.35746667 -803.06613333 78.22881964
-35.43688571 -807.86541429 77.40961011
-83.69548333 -787.41845833 97.23127797
-36.93240000 -804.09340000 80.20355297
-63.76220000 -795.83000000 86.58265297
-56.35641258 -819.50180320 49.98732781
-47.36941028 -820.35173009 29.02216380
-62.59854874 -826.24766859 25.59020674
-65.46828592 -826.97449249 24.09685696
-63.28516562 -771.61200000 79.33867172
-48.29732632 -819.96200526 28.52321613
-27.72081667 -817.04617500 30.79748630
-31.01764250 -819.91798750 27.22217047
-47.28477336 -820.12380888 26.96628489
-49.60000630 -819.42766273 19.88632331
-63.57997500 -763.05502500 57.58767797
-36.77400000 -753.99050000 54.23765297
-54.93110000 -750.86840000 34.31505297
-49.17334783 -741.09225217 19.62550514
-45.50939000 -743.16730000 24.32202297
-111.15926000 -778.07294500 78.73873297
-46.54208750 -738.22123750 13.99812797
-48.42729722 -741.50086389 19.25967519
-50.50436471 -741.36826471 22.43288826
-52.00186667 -743.52293333 21.74425297
-50.18920000 -748.20586667 22.58668630
-44.29558848 -817.90733941 14.02269432
-40.81010000 -816.92751667 13.47856964
-8.85113333 -753.96057778 60.74866408
-43.06422500 -816.91910000 14.02522797
-9.67498333 -753.95151667 60.21806964
-44.29957268 -819.29995687 23.23960637
-51.70977500 -751.33865625 35.32770297
-20.75237143 -798.86195714 74.81423868
-33.23266667 -814.14726667 58.21238630
-25.73778696 -798.86883043 80.90886167
-59.60196500 -766.60850000 65.73926797
-74.73516667 -772.19801667 49.71899464
-61.10750000 -769.62760000 68.69031964
-61.38636154 -769.51186154 71.52494912
-39.14355714 -798.90385714 91.99841011
-64.56775833 -814.31084167 76.59575297
-88.51275000 -768.97550000 81.50665297
-69.04541111 -811.47194444 81.93854186
-60.89360000 -778.14320000 81.52708630
-54.70630000 -757.20870000 45.40495297
-28.19060000 -754.02800000 57.69445297
-15.97042000 -752.50008000 60.63743297
-52.49375000 -744.63607500 29.02567797
-36.81580000 -817.56526667 26.45971964
-53.53120000 -754.02030000 38.38675297
-50.01320000 -754.01760000 42.76345297
-31.05560000 -813.99860000 44.32065297
-44.27678729 -818.65414121 19.96333216
-28.25312632 -819.67432105 24.49417402
-55.22803333 -823.12680645 37.00656050
-39.84700000 -816.95560000 12.17055297
-47.31702273 -820.74123820 35.11099891
-51.41767677 -819.88472222 38.65069337
-51.95723125 -819.95030000 37.77282172
-63.94940000 -823.03145000 33.66567797
-39.76290000 -816.96825000 12.69240297
-49.57783451 -820.07480915 43.03253536
-66.78766667 -820.01126667 45.70195297
-53.31074924 -819.30676263 50.19370934
-53.38375477 -818.38425195 53.46096351
-60.07759843 -820.60431084 56.41452045
-58.82327675 -818.61598848 59.55181655
-56.44327956 -817.88855294 59.70973753
-54.43713125 -817.04925312 60.71304985
-124.02076667 -781.50201667 69.71598630
-58.28934786 -817.46334357 61.02729226
-71.83690323 -820.92689032 60.40493684
-71.04267957 -820.46239355 61.89820405
-69.93710000 -820.05025000 63.67190297
-99.84130000 -802.32290000 57.37325297
-50.10170000 -810.94590000 69.44615297
-117.94664000 -799.51550667 57.96363964
-54.57264545 -813.87872121 78.51568630
-51.70477059 -808.24231176 75.87042356
-54.68623333 -811.72693333 75.11841964
-51.84020000 -805.00400000 79.68395297
-51.49609474 -804.83916316 79.68261087
-97.77670000 -776.70303889 48.64396964
-112.29242222 -804.93963889 51.50924186
-117.92783333 -800.32753333 56.94491964
-57.81190000 -793.50320000 89.87435297
-121.01717368 -788.10073684 69.90938981
-113.32004375 -778.10005208 78.70464464
-129.92050000 -772.02230000 69.68615297
-126.00522000 -768.25470500 75.75107797
-127.85290000 -766.66076429 76.08558868
-132.93130000 -763.75105000 73.23455297
-130.87072857 -761.56029286 75.83264583
-132.32493333 -759.08913333 75.77561964
-118.01436667 -760.32615000 87.66800297
-130.21154286 -751.59331429 87.96360297
-113.74270000 -771.98500000 78.62505297
-21.94455000 -803.98090000 72.58295297
-66.85330000 -823.01400000 63.75555297
