-52.53982808 -732.01976483 220.40373229
-31.10927692 -757.50497592 89.31584830
-26.24575000 -818.47776250 168.95690595
-36.86882588 -772.07993147 119.78945546
-32.67214091 -830.46061591 171.93410936
-33.29973501 -748.39349708 83.17746109
-35.83027651 -827.73149396 171.68789814
-28.92999600 -794.51805600 147.86278345
-30.76777409 -749.12775500 174.67629504
-35.43202500 -758.17848125 128.14521220
-36.77903066 -753.56618364 164.61249971
-36.86588704 -796.61691593 149.01124826
-39.49464755 -738.93716821 14.78437850
-39.92661829 -747.62987515 197.52515786
-9.26961952 -720.84119033 124.35889483
-37.24315907 -760.84584145 98.21400692
-26.78817429 -734.63948857 112.43168487
-48.41309632 -735.69392533 216.05159360
-17.05981846 -738.71366154 117.11571960
-39.80379905 -741.75947852 200.31853274
-34.06633532 -754.84410335 98.36160906
-22.10364186 -743.68640233 103.69419926
-37.25963164 -750.61423695 59.61130753
-25.86847295 -813.31571063 164.91776784
-28.07752558 -737.11145116 108.82737484
0.01525143 -721.77780800 130.53236373
-36.95219396 -744.66417088 41.61192861
-33.74802862 -756.39147172 110.75265138
-38.19562500 -893.92077500 177.52716845
-53.68737463 -768.89676084 54.22327029
-31.07571489 -828.77676190 170.49927147
-26.74633333 -806.29526667 157.05506011
-30.81309857 -758.98149810 92.55705916
-38.80576164 -760.64949315 98.42114824
-30.85509460 -744.32911799 98.52578283
-27.69240926 -825.91801471 170.17487519
-28.88105814 -809.47640233 159.89545624
-41.12543145 -744.15647107 202.64025099
-33.83138770 -755.02542246 101.50897580
-9.21490000 -731.31790000 127.08469345
-38.17345000 -737.32897500 12.41696845
-36.45081249 -759.63303746 137.44291006
-36.83457377 -889.40564426 180.44494263
-49.48795708 -772.18756625 52.37018595
-26.20565714 -788.64388571 141.74175773
-35.15894444 -889.91787778 181.32906011
-28.60561904 -748.37500771 176.47631345
-34.41799288 -749.55382137 175.46527339
-34.59517876 -746.60635135 184.42382047
-3.78016997 -717.70534740 125.53679935
-53.73670482 -774.30881084 54.81600188
-39.10303462 -746.77166154 41.73070114
-38.56760588 -761.78811765 138.08826403
-38.69662690 -792.36136138 143.67597758
-27.31633631 -736.11035810 110.33914428
-36.59467692 -746.57630769 38.68443191
-40.49935325 -740.95777792 14.37881163
-30.95515964 -749.53319020 173.65135867
-36.42178234 -742.17696521 194.95920950
-34.40719213 -859.60988472 181.24011706
-35.34253333 -748.61703333 57.37449345
-46.71165309 -735.39665618 214.55488951
-33.56348376 -828.56993794 171.40064328
-38.98524208 -752.34303667 173.15793261
10.53484431 -711.71569084 128.77933602
-29.68760000 -737.06900000 108.12029345
-30.45527778 -746.15632222 90.68674530
-36.75365000 -746.25315000 52.31759345
-25.93370904 -801.37432438 153.36643153
-39.11028316 -760.95849263 46.23312081
-36.91729266 -762.11264672 101.37581661
-37.81735405 -752.35962635 172.96086709
-31.57782514 -774.18593229 123.10134830
-37.48902115 -748.50927190 35.07518015
-36.69159468 -744.70657741 35.88950607
-38.92271000 -745.17380568 38.60584615
-36.11374667 -756.12066500 77.82783345
-54.72001424 -730.31076901 221.93279386
-36.88343652 -769.83692043 116.01616475
-13.44044383 -732.77719723 123.04115541
-28.77638596 -812.98012456 162.66470152
-49.05264229 -774.61570969 53.56512002
-40.19114182 -743.85878000 26.51315617
-37.22707902 -742.69221189 32.76856967
-41.42950000 -746.21590000 37.64339345
-22.60151075 -736.80246452 111.46165581
-38.62574632 -747.99528658 50.27805968
-34.28892812 -764.46911875 102.70262782
-31.48604091 -746.44413864 91.54209117
-31.22844211 -758.35719474 90.86124608
-27.84028649 -849.75322226 176.36159202
-35.96971382 -759.73607112 125.84562326
-32.93531483 -754.87922994 146.56538153
-35.09480000 -749.16713333 64.83662678
-28.00787845 -798.83713985 151.89327377
-36.63012612 -748.48451219 59.79151072
-44.82362510 -759.05125378 45.88522532
-40.11529657 -751.38186885 38.92488223
-39.90298380 -752.51679533 39.79428348
-45.67127265 -738.55109285 212.62099064
-61.27847596 -726.02868033 226.57932022
-36.57776419 -748.03552826 56.55112670
-33.44180091 -746.06659364 92.91944436
-35.52235000 -880.17041875 182.91194345
-53.74024181 -771.53476441 54.81648554
-48.93039419 -768.68976244 50.70046498
-33.60716702 -768.13400240 110.93202642
-21.58601599 -732.52335788 115.82468827
-36.32268304 -756.20039240 92.37179345
-43.68683440 -741.86248995 209.27677548
-30.65001754 -817.12658585 163.97345159
-3.92071276 -723.97247825 128.82057079
-51.54459232 -774.61636369 54.08106090
-37.10935219 -739.39203811 198.16641537
-45.91340262 -768.53650112 49.94049607
-50.47959091 -758.80187273 49.00272981
-33.82196034 -775.86589425 124.58799517
-25.54442121 -740.17415152 105.74284496
12.95930000 -707.20332500 126.62001845
-39.83378168 -762.83170588 47.06926256
-38.68325000 -761.39068000 139.88358345
-37.99637148 -746.94304296 191.19187248
-54.81483488 -732.35249791 220.91910084
-32.62283067 -745.03432133 98.14843878
-54.16623684 -773.77594737 55.14978818
-36.35053548 -748.15997808 182.95647713
-38.82375513 -780.65125043 134.26191375
7.49782121 -709.17255121 126.85249223
-24.92322265 -741.77355752 104.57695486
-35.97587442 -755.56010698 74.73184926
-33.84720606 -879.62496190 179.23093847
-37.16835889 -891.74543241 180.24028356
-37.31907686 -753.09229421 39.06995130
-36.35367059 -758.64089412 104.58971501
-27.35699677 -817.06806751 167.04494183
-38.99719355 -742.66029086 29.65299183
-36.96260021 -777.45398657 128.46865698
-39.72879817 -754.75676677 158.32191723
-38.76342923 -745.48078769 41.46723960
-39.30621178 -742.24298678 26.67877678
-24.86361879 -831.91906447 172.37376912
-38.32220000 -737.18140000 200.42949345
-31.99850000 -800.35330000 151.00478233
-38.16980000 -761.48703182 139.60275254
-26.04559448 -864.25565304 175.39424151
-34.92762735 -751.09685714 68.64292243
-29.97351841 -855.49213709 177.64120471
-27.93285251 -844.07079185 175.35286821
-10.69438984 -723.72575125 123.76533720
-37.97480473 -738.98604919 199.61092807
-11.67042625 -730.28548250 124.39786095
9.76253333 -713.83353333 130.14416011
4.70306284 -711.73409035 126.76194309
-51.71631514 -735.42790441 218.80124719
-35.34411667 -749.59083333 57.70303511
-30.47635607 -831.54732214 171.42718550
-36.71378534 -762.37612723 128.64952512
-33.42604372 -759.96284874 95.75669495
-35.89543333 -756.99877833 80.44759178
-48.08698412 -733.35428175 216.59004456
-36.30312172 -761.68596111 98.80296718
-27.91125000 -749.32951667 175.38056011
-26.06390208 -799.04604687 152.23183615
-8.28266667 -728.35123333 127.03852678
-38.90920980 -741.82859427 198.45076895
-18.83550663 -726.62266104 119.41862939
-21.84006442 -729.75639095 117.05022924
-42.91600060 -762.50289172 46.86401600
-38.43770000 -746.20225000 46.22154345
-26.63546047 -814.86077674 166.46459577
-25.93143497 -811.81605175 163.42486128
-36.98965284 -753.36436312 74.53442855
-5.10953437 -722.70972500 126.89971532
-35.41653333 -755.16586667 94.43799345
-33.88650872 -820.90899439 166.42264859
-12.64869220 -726.61614090 122.66202520
-9.28334191 -723.91441208 124.60701484
-35.17557500 -758.33957500 84.82401845
-25.95772928 -752.92109640 164.35943579
-30.16067286 -739.65191786 105.07992916
-37.01038004 -766.38232322 110.61180976
-34.36710245 -756.05518469 146.71864569
-37.91576259 -762.23754029 46.80952510
-33.74576572 -751.58845195 167.74501581
-36.14231000 -762.51487118 122.55190580
-31.39209842 -771.63357387 119.56516687
-36.48712300 -750.88059361 71.18846533
-36.37844235 -753.81147295 80.70753252
-33.80948366 -819.45798807 165.35999487
-31.88916099 -748.57051223 83.86257626
-33.86802878 -757.04331952 119.67054977
-26.58048846 -746.86483462 97.54285498
-16.00951556 -729.87689879 120.18204052
-11.00310591 -726.20651823 123.74663285
-38.39908077 -750.59741538 58.62065498
-40.87047197 -736.30680179 206.42534573
-1.97671565 -722.93583565 129.74993171
-31.19817574 -789.41392753 141.16484990
-27.99817373 -834.73316365 172.73309670
-31.94812045 -757.32438068 107.44536049
-36.78023179 -797.86662842 150.36842903
-24.87587619 -733.23755614 114.10078793
-25.46363673 -861.17584490 174.99354447
-36.12490994 -759.94484006 131.69519242
-30.94680480 -754.89926086 149.69125127
-27.93507652 -802.76159182 154.45172405
-36.41201429 -752.59713690 62.75534702
-36.67838626 -807.74541970 159.03152023
-36.04985727 -750.18494727 76.94288799
-24.76059669 -744.42667560 101.60180911
-30.33337263 -755.59220499 146.11312116
-44.67526403 -738.67845823 210.41046812
-46.35871885 -733.38840854 215.17838114
-57.44798969 -730.46591592 222.42127215
-20.02087286 -736.04215829 114.54143767
-38.65286286 -755.91444571 86.56363487
-38.94552579 -770.76553895 116.79592924
-38.69383077 -761.48023077 101.81067806
-30.92233205 -748.45145788 176.28995775
-35.67663604 -757.89773514 119.30424750
-38.84920833 -737.04975833 15.31396011
-53.76862069 -734.78058391 219.76186471
-39.28643864 -749.70162500 36.63982299
5.87480568 -712.56764322 127.31409061
-27.88921981 -751.43421044 167.50908770
-30.20011175 -759.83593238 116.59779574
-30.88771404 -747.05430255 179.58586490
-6.95328824 -720.98129608 125.21383795
-25.70833958 -745.76332083 99.51725803
-36.00346626 -756.83005460 98.60180694
-38.87324038 -736.76256731 16.68138191
-38.32810000 -736.69640000 16.26939345
-39.40898166 -744.72113387 197.50491847
-39.02109571 -739.46776143 17.31379273
-53.49830000 -764.25620000 52.42739345
-36.33815976 -754.13531921 83.35739802
-23.17043448 -843.63655345 175.44161414
-38.05828750 -739.43169250 17.56423595
-40.24137794 -741.23731324 17.67042580
-36.26543801 -747.33825263 47.59774140
-35.60266322 -754.99191724 91.93773253
-33.94789044 -783.79010814 134.48638710
-37.99354694 -740.04434286 20.35781590
-32.74591148 -760.00640492 103.82821148
-47.88943705 -764.96576964 48.86506220
-46.17236111 -740.44348333 214.35478511
-33.65368085 -756.61503936 113.77516180
-38.71180000 -740.13346087 19.79373258
-39.79930476 -741.40063849 20.64680972
-31.03736480 -777.56781316 128.52326625
-41.37350000 -742.79350000 202.04669345
-31.57792246 -751.40644565 77.68535214
-28.65028057 -797.70982275 150.82034037
-31.61289851 -832.63445771 172.39798723
-26.23435588 -790.36700588 143.93790521
-38.06146429 -740.34342143 21.65495773
-41.39390000 -746.04120000 36.87639345
-25.87743438 -804.94134536 155.71164639
-37.93309762 -740.70352024 23.57537559
-28.60087170 -775.49666840 128.23704156
-39.53580210 -741.73046993 23.49743960
-26.73484937 -755.44191266 154.98459851
-40.56218000 -743.38284000 21.51857345
-26.77923333 -761.78241515 134.41317425
-34.69141908 -787.82716776 139.49235266
-20.87893458 -737.93036262 112.70906260
-23.92269574 -730.51155957 116.08851401
-27.74624653 -828.77353495 171.06423808
-40.69539091 -767.05585455 49.17478436
-40.41938333 -743.64445833 23.61252956
-22.73842519 -744.78274000 101.98489567
-37.40233324 -750.53639971 62.67484875
-37.37228011 -741.79308796 26.94312762
-50.93588359 -731.01477188 219.78020829
-49.72122424 -762.93694618 49.46174574
-37.41550036 -742.13171769 29.73952594
-38.12805714 -893.58540000 179.90915059
-41.27172500 -746.45190000 202.29471845
-39.85689034 -755.77657040 42.77482491
-49.33454422 -732.62201883 218.03084789
-39.87267007 -744.10223061 29.44626215
-29.86341111 -833.49540000 171.92655809
-38.69808182 -743.03559545 32.02678890
-39.40520548 -744.38049726 32.62735646
-34.29764094 -754.67890394 95.52121234
-36.18971064 -759.16736170 110.73235940
-38.59040947 -796.80199263 149.06315345
-29.42263333 -758.39151667 127.54881011
-19.77363507 -740.03117537 111.54749942
-37.10393291 -743.03508354 35.39748838
-28.49181113 -757.47830845 140.87515943
-40.32984659 -738.75386882 203.45771646
-39.11174603 -744.72521905 35.72678551
-34.00026517 -749.95352562 173.94061492
-38.84270313 -747.37177188 33.64100282
-36.64220356 -753.34296578 77.75121567
-34.58546679 -755.80812599 149.51544290
-38.98003136 -748.43982130 35.18238990
-36.75909911 -747.31988089 33.10818145
-37.11944029 -744.07053103 38.65540506
-32.27340000 -773.37170000 120.87639345
-34.56967444 -790.82575500 142.56132345
-29.79300960 -858.81478232 177.83839244
-42.24910349 -747.59668488 38.50485042
-33.26713028 -746.41805963 91.58898244
-41.59731149 -750.76755172 39.87283712
-43.25959208 -760.87891774 46.27275118
-39.62656286 -747.10344000 38.25457345
-36.88756419 -760.17200742 95.40637764
-45.43103141 -756.88153739 45.61098832
-36.62526462 -750.04171385 35.61731755
-23.20054762 -846.45160952 175.78981249
-37.72010455 -751.47187727 37.73480708
-30.64318081 -808.19578421 158.07273687
-43.27884286 -748.98164286 40.68676487
-31.05677262 -757.10233651 125.52096448
-36.90460467 -745.29788013 45.25659731
-29.00081205 -757.92905783 132.05619706
-38.55520973 -745.99350619 44.78151469
-42.06580776 -751.13970345 40.72826529
-37.12693884 -756.14037634 86.45090996
-38.93136543 -746.98244156 44.38479468
-39.74010740 -753.78135480 40.95749786
-27.84025414 -846.67492749 175.89159527
-33.93451746 -763.33913437 101.28583119
-36.78559255 -745.65210902 47.31296050
-40.86618561 -767.94633106 49.57513132
-42.95510637 -757.13866087 44.34962637
-29.78656667 -870.92046051 177.78228986
-38.76036379 -747.71619253 48.04139862
-33.81268901 -756.71384331 137.56031140
-29.18534706 -757.93344706 128.63385815
-48.32255647 -762.57114380 48.58371878
-37.46409846 -754.62359332 41.18886800
-45.24585455 -751.74088182 44.42849345
-42.21901313 -753.56851515 41.92379193
-45.63903630 -754.17705979 44.94113010
-31.19486355 -810.37093380 159.25796803
-33.05089733 -763.70650933 104.08627611
-31.05486593 -768.42628137 113.61862237
-36.67202244 -746.06276614 50.17895408
-36.75290968 -755.83317837 42.15750673
-36.98350719 -747.02255592 50.61074820
-41.83738846 -755.78169744 42.89350114
-43.77299359 -754.25891218 43.74369665
-47.40972857 -754.04870000 45.93810773
-40.00794890 -765.17561909 48.23839183
-34.75131292 -756.12482667 80.20993032
-33.81770632 -810.08023613 159.51295654
-39.79664591 -757.37179677 43.95794903
-33.70749559 -757.07433965 86.58003353
-37.63277692 -763.83045256 107.07160883
-47.34155000 -754.52360000 46.08794345
-36.62417629 -793.59568522 145.67636011
-28.65023297 -744.77022802 96.03301213
-47.82352747 -754.76879121 46.38284290
-32.27312000 -757.76431889 102.45005900
-37.08916699 -757.59285494 44.06712140
-36.77803890 -787.57245697 139.66536850
6.95353750 -710.54650000 127.05011845
-36.84905131 -747.31436276 53.54036241
-33.27884188 -756.56268690 98.33131134
-46.59222650 -757.44095100 46.38093595
-30.47304985 -787.38372183 139.92304064
-27.97312177 -789.97146735 143.43414048
-28.19849488 -749.69814429 173.60973797
-48.42574927 -756.88851461 47.21292226
-30.34782805 -811.48312831 160.63709059
-45.91033947 -771.47686241 51.45362202
-36.66901050 -802.10269194 155.10020035
8.15305618 -711.73730441 127.74140177
-38.72507692 -749.37019231 51.70550883
-38.53206510 -748.59762483 52.94892029
-38.02773056 -758.43615417 145.65506150
-39.60886430 -755.75167690 155.49121471
-45.06280982 -733.78221575 213.54386331
-40.03221686 -759.45153077 45.28844433
-26.35920000 -791.16580000 145.07949345
-32.36750000 -797.30250000 148.04089345
-38.41100000 -753.99610000 81.93419345
-42.77661570 -759.33596099 45.42401796
-45.49856974 -772.75995436 52.49594319
-38.61001111 -749.63933333 53.79041382
-37.35752061 -759.30988424 45.28871163
-46.04945290 -759.87417461 46.81062365
-35.58307727 -757.94418636 113.71543587
-28.03651004 -762.33737490 128.50849267
-37.69846087 -760.93891826 46.24732214
-40.36882000 -755.34820000 157.21103345
-48.57393888 -759.91395564 48.17341643
-33.76647721 -795.50867898 146.98567896
-50.40385000 -758.18320000 48.71854345
-38.42525294 -749.07826471 55.50799345
-35.09172672 -758.67259466 125.95821406
-30.85784860 -756.70152975 134.51019669
-38.46270874 -749.91373107 56.32711966
-28.81685909 -782.55228409 135.84438890
-27.83150298 -787.12156108 140.25433649
-32.94440972 -745.59472153 95.54643025
-38.58034651 -797.77258372 150.30208414
-50.97396025 -760.27814180 49.75432746
-38.67115217 -760.71465109 141.13061192
-40.81914000 -761.32758000 46.06083345
-33.32068764 -756.72892191 95.91502715
-35.78714301 -754.78448548 89.58112785
0.78637500 -722.38017500 131.18532470
-45.88521422 -762.65056959 47.51072932
-50.06786505 -760.56211068 49.25684005
-36.02331081 -750.22135622 56.91464588
-30.93127226 -745.74999975 182.84773393
-27.25837543 -832.39716697 172.24158843
-35.70912778 -758.71607500 86.50959900
-45.84306140 -765.39567515 48.45324052
-35.92791685 -757.33875870 104.48489399
-38.69729750 -782.54107500 135.79545095
-51.56747771 -763.00434665 50.74206974
-34.02437835 -753.12636707 161.62333125
-42.87260136 -765.30524085 48.23630978
-39.94241726 -736.77822563 203.79282111
-49.20722951 -765.65383111 49.76534391
-35.32820833 -748.57315000 60.27359345
-17.33768000 -740.00134000 114.96033345
-30.73595000 -821.29200000 166.04284345
-36.60017484 -783.00624858 135.24433165
-38.34100000 -764.48320000 47.81392678
-51.49161195 -765.62753356 51.16606580
-28.00621157 -785.66820324 138.74508789
-51.65303533 -732.90303479 219.29305896
-36.22855882 -748.86730830 62.68231559
-33.80841842 -801.65425430 153.02344313
-31.00870236 -819.49294568 165.30701074
-35.26926000 -748.81998000 63.19281345
-46.21186975 -766.86058319 49.27915563
-12.59374000 -734.44348000 124.26211345
-25.63690682 -806.49423636 156.95203890
-42.93882276 -766.85844634 49.23528776
-42.89463069 -744.00501057 206.24310607
-42.78975348 -768.59611429 50.06806359
11.18120652 -709.23603043 127.37997750
-10.63236842 -731.94831866 125.93735804
-52.91643904 -765.98311008 52.61071511
-51.07743887 -768.18304806 51.57140793
-35.85252785 -757.83451899 140.72426729
-32.25912000 -791.34392000 141.93717345
-36.30705300 -820.87791521 166.41168884
-53.57940238 -766.36359048 53.34931726
-36.00820597 -749.12517015 64.73031136
-37.02402917 -750.42354602 66.05776427
-36.96001250 -824.18678750 169.25314345
-52.56001514 -768.96230930 53.18411309
-38.85550968 -758.09294194 91.70736119
-37.71081354 -761.77332031 137.32444605
-29.00056034 -765.52133276 107.88666414
-35.03033139 -750.93011971 65.68391571
-48.51595378 -771.39525286 51.65614791
-43.43366360 -771.03769559 51.58259675
-3.30882623 -712.74922404 125.36145793
-51.96594026 -771.73712158 53.46321166
-36.72801357 -750.71878460 68.75562729
-36.18109697 -753.05392525 65.50622173
-27.31035823 -755.72632532 152.23905378
-21.93722327 -739.01058873 110.47270501
-44.11545455 -772.24272727 52.26717072
-31.23351630 -783.30036520 134.93599296
-36.78124197 -753.35778238 68.75482402
-29.86815556 -743.23021111 99.98049345
-28.69372988 -759.96918537 125.63059832
-36.44967500 -749.51033750 48.11438095
-34.28367390 -753.84503092 77.59463280
-46.58220190 -773.92439526 53.14343942
-12.11636917 -718.71890639 123.61356826
-26.62743947 -733.89384474 113.17427503
-34.82723782 -751.18000803 71.15124345
-35.09923433 -758.63246045 131.69586061
-36.39175707 -754.13787467 71.43671478
-31.90528293 -803.54003902 153.80111418
-10.84657887 -718.22440979 123.90672180
-34.02351163 -750.84750407 74.69203821
-27.33656154 -791.16901026 145.23809601
-34.02882219 -762.38510051 98.83838350
-30.62794363 -772.61779314 122.14254345
-33.32110144 -782.65105577 132.63817758
-34.61039105 -753.73727474 86.51419397
-36.41393318 -750.89033226 74.60418561
-9.56135890 -726.70991475 125.24975035
-38.79870870 -758.07474493 147.34001663
-27.82708462 -756.79835917 146.37219462
-38.45220000 -750.91290000 73.27799345
-32.38290000 -763.38640000 118.77449345
-27.31939355 -841.98112903 175.14406441
-26.18067143 -755.20415714 156.84672202
-27.34795546 -809.09486975 160.34765647
-16.27916156 -732.74111458 119.79181244
-31.90099250 -751.91079875 74.91919720
-33.80640397 -756.38267316 140.47925611
-32.01960000 -752.31120000 74.10249345
-33.86661756 -750.18291120 77.36384383
-34.54439739 -829.44814777 172.49053923
-18.61771380 -735.83489822 116.63888183
-33.64418000 -749.14603500 78.35934845
-33.66643214 -748.90551131 80.80829345
-34.57295252 -754.33185503 92.33590351
-35.65757000 -749.40999000 79.80761345
-36.62900305 -813.68827659 161.75639803
4.85829869 -716.86708315 129.35058973
-33.31526147 -749.77533853 79.99462097
-38.84602215 -776.96424039 128.64036087
-50.30015000 -731.08575000 220.15019345
-36.45152449 -748.75791837 80.47052406
-33.73407539 -757.06943292 122.61788250
-27.79362589 -788.57205179 141.73265862
-33.63217711 -746.91545075 89.59929394
-35.76267353 -747.94644412 83.71804050
-34.04108620 -753.82785097 80.62976170
-31.19736309 -750.62131202 80.91801791
-36.76298956 -790.70383908 142.57009612
-28.91734112 -749.73562056 84.12076541
-31.13236488 -749.70440062 83.27243993
-33.70167885 -747.73675705 86.38318159
-36.35133200 -745.58114574 188.66399513
-35.52988261 -747.38844783 86.23660649
-31.68090153 -755.11351633 146.76929804
-31.40655537 -747.88390228 86.30783156
-30.94309871 -769.58409646 116.29888091
-34.21661324 -753.81290699 83.41355925
-31.94087849 -770.65160215 117.42145259
-31.57216547 -806.87788318 156.50774960
-38.52120952 -754.72256190 83.77240773
-31.01901358 -792.10768622 144.01370152
-26.37660000 -818.13820000 169.19239345
-28.45417262 -749.39035119 85.99949821
-31.64059318 -743.52616023 100.52818549
-36.57739500 -756.39925500 83.87653045
-28.23488824 -749.13501569 86.96468658
-31.03536926 -747.01596572 89.59942383
-35.97665248 -754.46747199 86.40638033
-38.49810000 -755.26400000 85.18819345
-28.18730490 -748.69796014 89.65430254
-29.71892130 -738.34894259 106.69078696
-32.25153684 -755.81558947 84.76116713
-34.19259095 -756.57936190 83.67776154
-38.82802143 -769.91463286 115.57854202
-30.67236215 -745.85456667 92.62596393
-38.68454746 -790.91401864 142.34479853
-30.00683636 -770.12221818 118.16062072
-31.65581957 -756.49650598 86.93798801
-20.27353333 -742.78416667 105.94012678
-29.12701111 -745.52831111 93.82593789
-43.41782308 -743.52255897 208.77047806
-34.64308712 -754.09552747 89.81671576
-30.84285544 -745.20306036 95.67482453
-30.78476825 -813.77305703 161.76735894
-34.13974609 -756.19659310 143.54177990
-35.02447576 -758.69255657 86.93672173
-36.92348054 -756.72231897 89.61143064
2.02102580 -714.46173551 126.49774185
-38.80162319 -757.29422536 89.69818548
-30.36275897 -740.84918974 103.68757037
-50.01920577 -731.13312500 219.28894537
-28.11147450 -744.10114501 98.46873668
-25.74696563 -754.76827500 158.66539032
-34.54454077 -759.15789442 89.71110375
-36.04243514 -759.19210676 89.88337453
-27.90017914 -742.30650244 101.68590003
-27.82440536 -743.12620000 99.70626666
-18.35177081 -724.66535901 120.58877171
-30.86061100 -742.40728086 101.71864496
-35.81869140 -757.54845914 107.35838915
-25.91019505 -742.64555050 102.50024394
-31.74198917 -744.01633277 187.79694942
-30.23465893 -762.53257798 119.57892946
-33.76339217 -844.17836429 178.62468861
-36.83816123 -759.37976432 92.78302472
-25.81613984 -807.94551181 158.68917093
-30.71954396 -760.50638755 98.41912568
-38.94576500 -758.70695375 93.12962220
-27.76986339 -740.93277827 104.04030327
-36.10013971 -756.66649706 95.65318070
-15.23292968 -721.47138667 122.59813646
-35.25868182 -739.85246364 196.28853890
-34.17873051 -759.88003347 92.44149175
-28.11199803 -739.80412500 105.45391581
-38.06467500 -776.22481667 127.20323511
-35.10775926 -891.19468148 180.57652678
-26.68062093 -761.62316744 136.78109345
-27.82871917 -738.34082479 107.35054221
-27.76179972 -807.80450754 158.77838397
-38.89131759 -759.62305185 95.44272678
-24.73918543 -739.03131754 107.88423192
-35.52936364 -886.70172727 177.69502981
-30.87351993 -759.96387804 95.72156507
-24.98619751 -736.39508078 110.86595857
-33.40336285 -752.06428213 165.07141373
-24.87712316 -841.76832737 175.21896713
-34.58958431 -761.66670882 96.05580717
-32.71443824 -864.90731176 180.69418698
-24.63887173 -734.87757068 112.72008978
-36.82154810 -750.85196456 176.40070185
-35.92102000 -886.71210000 179.34089345
-29.34030000 -760.16460000 96.63459345
-30.84694481 -755.77325723 143.79590126
-33.23631644 -756.44509791 101.54221781
-34.93350524 -752.94967330 69.19287041
-38.16091250 -740.64026094 199.36761845
-35.66940000 -761.62149000 96.19431345
-29.27491667 -760.43265833 98.79951845
-36.01821550 -757.21294900 101.57984845
-45.15530635 -740.95803982 212.43899432
-33.34667336 -779.89675984 129.30374201
-36.48144749 -819.39655842 165.04670223
-10.76072042 -720.67386521 123.85927949
-24.17759500 -731.62284300 115.41076045
-36.38780000 -758.41778750 101.98631220
-29.64400604 -758.95342148 122.20211694
-26.17877500 -752.43878750 166.58548095
-3.91397776 -714.96904605 125.12916576
-33.69476774 -770.50372581 114.70329506
-6.50916366 -715.21816630 124.70867208
-20.83593063 -727.00906486 118.52822408
-9.39041592 -717.78665025 124.28558822
-36.28500175 -758.95108070 107.69065134
-33.72298831 -755.16106753 103.89143111
3.78583333 -719.64140000 131.44144678
0.46723529 -710.14792941 126.15240521
-1.04419961 -717.18579805 126.36967103
-6.94294749 -717.82567312 124.76902087
-12.93171856 -721.00551579 123.17266186
-15.79296566 -723.51026754 121.86520699
-17.67659659 -723.36208295 121.45977299
-34.15412805 -746.89024594 182.66167633
-33.57697548 -756.04603597 104.35874538
-0.90666003 -714.90577641 125.75117960
-12.83782316 -723.64227643 122.83775433
-17.66630068 -732.78069122 118.40808196
-19.04581143 -732.93200446 117.04965411
-36.84341121 -795.10626749 147.26365129
-34.53217195 -882.64236098 179.13813857
-33.80317617 -756.09817685 107.54822298
-4.25552201 -720.48462344 126.38609871
-39.04096724 -739.09986662 200.88092896
8.96130000 -707.24000000 126.78449345
-33.86543503 -786.60718158 137.63707842
-13.10078206 -729.68221903 122.68099251
-27.91948948 -801.18360360 153.33708769
-14.62757317 -730.02590163 121.32141865
-17.50897131 -735.55124344 118.31555164
-36.93829362 -763.13510142 104.47452465
-38.56617368 -761.94302632 104.51410397
-41.39190000 -752.48040000 164.46279345
-0.17988827 -718.49588112 127.62405722
-36.90743064 -762.26036638 131.48653919
-7.12002135 -723.65493054 126.04978975
-16.47426955 -735.70115244 119.65511036
-43.89115000 -734.03424783 212.38928475
-33.96323992 -765.07297059 104.79523630
2.21001207 -717.45878344 128.33154329
-0.98040992 -720.70240080 128.80716241
-32.45913750 -760.60948750 106.89018095
-43.65863248 -738.42828065 209.26097721
-3.08415246 -721.41740369 127.73239509
-37.11587273 -743.22329091 37.38859345
-35.90088000 -761.46584000 114.77469345
-35.35270000 -752.34900000 63.77289345
-14.76138506 -732.92171149 121.55773483
-16.51431803 -737.73550902 118.99545656
-29.12379375 -779.47665625 132.85923720
-33.44898243 -756.51393851 92.82616574
-7.83543226 -726.17941935 126.58337468
-39.43840000 -782.24695000 136.10169345
-10.06301598 -729.68802504 125.85615967
-11.27256667 -728.90133333 124.04882678
-36.03647634 -825.72993998 170.13292844
-14.91915581 -735.52727814 121.63647066
-31.71050147 -757.34392059 110.64036550
-33.39700661 -853.05113210 180.23825119
-35.72261639 -757.84134262 110.39947541
-35.82298333 -764.65084667 105.31660678
-53.02741481 -764.00050370 52.21818974
-38.68003125 -763.76001563 107.88888095
-44.57851709 -741.30938120 210.58402507
1.18451782 -719.72293465 129.59332018
-5.91289672 -724.58774806 127.55238389
-13.74921747 -735.07623916 122.91148802
-25.75505667 -757.62171190 149.45827297
-36.41851319 -765.32880625 107.93503060
-31.71080976 -776.92451057 126.67496743
-6.48067806 -726.86929326 128.22073994
-27.82448681 -810.70271523 161.53456190
-39.85750909 -897.35946818 177.89963890
-12.00138909 -732.74180582 124.69003672
-31.11794048 -757.20694668 122.43383197
-33.70037513 -766.25111015 107.62393786
1.98290699 -720.59392796 130.92560277
-31.50065274 -757.39071941 113.75724914
-32.65828235 -791.36601176 141.89739345
-36.78871176 -809.65399153 159.87332615
13.53268151 -707.76582521 126.78545899
-30.90932416 -751.18009163 167.65619970
-29.68347778 -805.87486667 157.20221567
-27.91179699 -840.74617848 174.51743147
-36.07623595 -759.53858058 113.96307196
-30.14244349 -778.61594698 130.93489694
-38.67162143 -764.47907143 108.80257202
-4.45039760 -726.03914724 129.44034451
-38.92020151 -766.00974874 110.76205526
-1.15914732 -723.48383071 130.55170577
-7.54511864 -729.07673814 128.09429768
-8.76721935 -730.02392645 127.36601345
-32.08227458 -779.55131525 129.70147141
-34.10196429 -767.41523571 108.76772916
-37.54554740 -744.18348000 194.19615098
-34.97626790 -879.39072593 182.24527987
-33.00828358 -766.91495672 109.87333897
-31.34218468 -757.27372436 116.78801643
-26.31785000 -806.23150000 157.11479345
-33.93740378 -757.00467410 116.94925226
-2.64152889 -724.75876111 130.16916900
-35.62603821 -757.89966829 116.55793735
-30.94223140 -766.71716202 110.33962988
-35.97507057 -759.50144670 116.63389255
-33.87662476 -747.82627968 179.65648201
-2.95317895 -725.49608421 130.15223555
-35.69576842 -767.62082211 111.57297976
-31.15226250 -767.51321339 111.62671845
-8.36930000 -727.91970000 127.13699345
-39.10299333 -767.15656667 112.21081345
-33.29208164 -754.67271397 149.64924358
-40.63284364 -747.09781252 200.34369743
-38.91666168 -768.40165431 113.51498025
-33.86359614 -817.03305351 163.83869110
-35.86767131 -761.93957131 116.88782050
-30.79249627 -752.72236832 161.71719034
-37.46412667 -767.18981667 112.25676345
-36.92605156 -768.28081065 113.53097134
-24.78025015 -846.65328525 175.82739566
-33.37992123 -772.53787342 119.24974612
-31.20014969 -757.28267438 119.71573428
-33.52470976 -769.31868390 113.48183502
-35.92611135 -759.54448243 119.46400324
-35.25983600 -758.37654800 120.04522545
-35.97966945 -762.36123782 119.78254945
-35.15781452 -758.52301048 122.59779345
-35.88699582 -759.69670741 122.29114326
-30.83509622 -751.89803404 164.85909132
-33.05109722 -769.98914375 115.77988233
-33.46701215 -771.10104751 116.57964828
-27.40686474 -759.48375617 134.66576045
-36.88768664 -770.68521498 117.28926754
-27.75783992 -753.23561443 161.59286716
-33.84590932 -757.05633439 125.27148490
5.31191014 -709.16838454 126.42717231
-38.97098366 -772.36166881 119.84244345
-38.70264000 -794.15966667 145.56451345
-36.35060779 -762.50333084 125.59741000
-30.97263125 -757.02220303 128.42660651
-33.70987985 -757.11652719 128.37629131
-34.27062749 -811.41231537 160.47907753
-29.24375000 -757.84335000 126.59799345
-35.02671020 -758.66558095 128.40454175
-33.57002636 -773.70567946 120.31829926
-36.08626161 -759.89822290 128.56116939
-37.24622447 -773.00647340 121.51515940
-38.83233571 -773.06654286 121.34492202
-38.97138304 -773.90487544 122.90215543
-24.85791139 -858.72045696 175.00877193
-33.61300711 -775.01999694 122.64623338
-36.76586105 -774.04967540 122.95788821
-36.71243256 -780.10430841 132.04165159
-36.83466766 -799.35361882 152.04320895
-30.89435498 -756.89825230 131.61390168
-33.78044747 -757.04307417 131.63737478
-27.82163023 -759.88231744 131.54592407
-32.13525862 -754.66985172 83.44526586
-37.01990642 -775.42455196 125.35093311
-38.92029049 -775.32475880 125.61528394
-33.72525931 -756.86202659 134.44112208
-30.71501053 -775.06915572 125.53557804
-35.18674125 -758.51416375 134.23281845
-36.71302355 -805.12521592 157.79877867
-33.52246970 -776.38356667 123.88622678
-25.01024399 -852.81343383 175.68968162
-30.50488117 -790.43486158 142.90955324
-41.22390488 -735.66079024 208.50916662
-29.16178571 -833.41566429 172.00895416
-28.77909963 -757.85810824 134.63582303
-36.33204527 -759.97757596 134.74040687
-35.63447000 -740.00118333 195.70404678
-33.53997042 -777.33517054 125.88667389
-37.27608424 -762.00392847 134.71946027
-24.97811866 -849.72221291 175.88987821
-62.62005455 -726.86446364 225.67882981
-36.22719724 -776.59993517 126.64018517
-28.99078448 -747.05618793 179.01533310
-26.35290000 -785.76250000 138.92189345
-30.86904242 -756.41912214 137.52289030
-33.00417015 -785.55986567 135.85602031
-59.42380000 -730.17800000 223.06269345
-39.02741892 -776.14015405 127.39593939
-28.49653490 -816.47173317 165.24499406
-28.70753272 -757.75815401 137.55215240
-35.29418571 -758.34966071 136.70795416
-30.13330791 -775.87950698 127.52498228
-33.77673786 -778.54919438 127.96945540
-30.80344317 -756.15411427 140.60377168
-38.20900000 -749.43253333 187.50433233
-26.55970000 -737.28870000 109.14919345
-26.27597143 -787.58214286 140.56795059
-25.58140619 -756.66703866 152.67592747
-35.69280189 -757.90091887 137.90308307
-37.17912644 -759.55700845 140.56626689
5.34549943 -717.75599290 130.72045850
-38.83089829 -778.41468590 131.30972080
-37.44394282 -778.75710110 130.86763046
-36.45675000 -752.71070000 36.67459345
-18.95507536 -738.92274067 113.82686575
-32.72372667 -755.17802222 140.88158678
-36.33690548 -817.27017424 163.65289061
-31.30723062 -780.40837261 131.69814202
-33.64080701 -781.21182747 131.29815816
-32.11814925 -755.18756716 144.33065763
-32.80451478 -755.07999623 143.90485258
-35.55640909 -874.46063636 183.25860254
-28.66420551 -777.70370956 131.58401330
-41.80266236 -736.48258462 207.30492779
-36.27293951 -757.49515021 143.97703419
-28.08516512 -757.27812562 143.57805056
-33.99814484 -750.85316719 171.13664826
-38.91841148 -787.37882213 139.58889263
-37.55849904 -758.96164952 143.28092667
-28.13654030 -870.53668403 176.69505598
-38.69054048 -779.55921190 132.83909345
-38.97349886 -759.75151711 143.63902919
-38.40990000 -762.37500000 135.48129345
-45.55826183 -735.87852953 212.94977410
-37.31149825 -781.39533198 134.06392882
-32.72559870 -743.00618831 189.76665578
-40.73013718 -744.61738372 200.78107956
-28.44965231 -781.03669715 134.88336213
-30.32501628 -781.50275528 133.98723542
-32.20196250 -782.49531250 132.82025595
-24.90473835 -837.87868127 173.77182176
-34.52146818 -782.10120455 133.31019345
-36.85877649 -757.43677477 146.55402013
-39.24551454 -758.80754978 146.11070446
-38.87759575 -783.88627311 137.04357269
-33.06859242 -806.64295530 156.78394723
-8.87623617 -715.97426170 124.32631260
-27.75004706 -756.06423427 149.49536352
-29.73322632 -755.36363684 148.64104345
-30.38201960 -796.50033830 148.73717065
-36.66220000 -749.30930000 45.95759345
-36.79048868 -756.79426774 149.60731892
-21.81926694 -741.44160415 107.56211371
-36.16377079 -747.48228589 44.94860681
-36.88987854 -784.45566354 136.87136011
-33.25792424 -876.93237913 179.50357081
-39.30372452 -757.67433344 149.63895077
-39.88536500 -758.40562000 148.46607345
-27.78838485 -782.05139697 136.24045708
-27.98189842 -784.01694795 137.49159531
-30.39546831 -784.42328437 136.90284998
-28.69081662 -774.06769169 125.65532411
-32.23413077 -785.44653077 135.96630883
-25.41948002 -828.55349060 171.81278134
7.84639161 -714.36818453 129.00411417
-37.47725427 -747.32997594 188.31990995
-34.80496020 -784.96670918 136.42008630
-28.66734813 -762.43327464 125.59398048
-31.15727324 -786.23929194 137.98688827
-29.07577600 -755.17387200 150.63849345
-36.64493267 -786.11955485 138.28357064
-30.89393797 -754.49446461 152.65339205
-31.13018897 -752.38293897 163.35585595
-33.62071672 -754.43013521 152.67411667
-30.27906295 -849.64346817 177.21900200
-38.82040236 -786.06818740 138.56835486
-34.81969890 -755.58149505 152.17901872
-28.67558307 -755.01745344 152.57862731
-36.87409609 -756.16428159 152.52622901
-39.51822267 -756.76865283 152.58453220
-35.46423600 -834.03529600 174.94440145
-26.21660000 -784.97380000 138.34429345
-30.73544158 -753.97961703 155.70117861
-33.89654358 -754.17911701 155.73847210
-41.00409630 -738.03318426 205.61787956
-25.84678764 -810.32427782 161.57194836
-32.09861429 -788.41557143 138.99989345
-33.00918077 -788.50089615 138.95208575
-33.86069889 -789.74908065 140.95754973
-28.05980477 -754.61638290 155.66076999
-34.36270764 -799.71694525 151.50941411
-28.44304539 -751.97797163 164.95754640
-35.19690000 -755.35766667 154.71677678
-37.01359258 -755.57211675 155.53877431
-36.96512250 -789.29288580 141.14156947
-38.78708425 -789.49528535 141.12510517
-25.61248592 -755.80260144 155.50773713
-21.60820664 -735.72408330 113.44253135
-36.16805497 -755.08163743 156.26377766
-33.84331764 -753.64482720 158.33836437
-40.09899216 -755.17212353 156.85301109
-27.83214934 -855.92420132 176.65657622
-35.88246424 -751.92642352 171.17069192
-31.09785899 -843.69550903 176.24637688
-30.85742971 -753.41051824 158.53790492
-40.08159390 -749.89899659 191.51751223
-37.66685882 -755.31374706 157.13348168
-36.80323304 -754.73932493 158.59510069
-36.85749113 -792.17336741 144.06164839
-27.94465245 -753.97801142 158.51912911
-33.90153506 -792.44292343 143.87484974
-26.15423977 -751.96435341 167.26090595
-39.77358694 -753.67762939 161.54309467
-36.72418116 -754.06104760 161.71432632
-27.88776305 -792.62560325 146.52870912
-30.19880506 -793.33520324 146.01780073
-34.56286810 -793.66473313 145.54707075
-39.30154120 -752.51078457 170.99987817
-25.83748120 -753.83507265 161.67388575
-39.65787220 -752.97971377 164.81810735
-26.25428966 -792.54362759 146.77212103
-34.36310564 -752.79583835 164.30439489
-28.45812301 -822.55048245 168.38307908
-31.09138062 -795.51745568 147.27225443
-38.66284250 -795.13134000 146.85559595
-27.32503456 -752.57814461 164.15419492
-26.26148750 -793.75048750 148.63497470
-27.01414093 -793.78339119 148.59499034
-28.06300593 -795.75080860 149.57297165
-30.77842393 -846.60760251 176.94425209
-32.17998485 -838.97436061 175.19667223
-34.38360979 -796.84065199 148.74805430
-35.04934256 -752.52153949 167.37957037
-25.43166084 -747.22122028 98.46054729
-36.81341832 -753.03366164 167.58461425
-39.61008939 -752.69036764 167.74955313
-26.15950000 -795.80738065 150.32424183
-31.22257151 -798.54200987 149.92078492
-33.53600379 -798.62340000 150.00917763
-27.95801090 -750.57982597 170.76522858
-27.63697539 -813.88654545 164.33297327
-28.85529620 -767.68170000 111.22956307
-30.89628077 -750.32845818 171.03030859
-37.20332663 -752.56546761 170.91503040
-40.56899798 -752.15293687 171.24675708
-30.26428193 -799.55502748 151.49126876
-32.88717895 -749.16326053 174.84493555
-36.64043152 -751.58770575 173.95867826
-30.92465982 -801.82105456 152.88407782
-36.39512603 -800.87415491 153.55941434
-39.89775663 -752.07024056 173.99734094
-29.12830000 -764.16560000 106.20049345
-29.67737898 -864.84591080 177.83550765
-34.53284871 -802.80836376 154.48611980
-26.31662000 -751.07684000 169.84667345
-33.41746949 -757.24619266 89.31270814
-29.98616917 -802.91534662 154.34967615
-33.86536118 -804.70466570 155.72704310
-26.03883977 -802.87151250 154.25474572
-30.77126814 -804.98728591 155.49850118
-56.91302820 -731.69316295 221.69834328
-27.74142988 -804.67497839 155.85810970
-36.15640616 -803.94314198 156.66565649
-30.89676688 -763.10762437 104.57546345
-28.47732359 -749.14370462 174.80535088
-33.57372084 -748.85143328 176.55957575
-29.18541250 -746.17377500 180.82959345
-41.62904758 -746.59769075 201.48332120
-34.99666400 -805.88225600 157.29024345
-34.05466380 -807.88003233 158.13913050
-39.69762107 -751.81755375 176.40699246
-27.87227297 -806.12393604 157.25422047
-35.59094516 -749.13517419 177.55045151
-39.23480746 -894.65241045 179.34983076
-31.00479003 -825.09056479 168.61250002
-35.95280655 -748.66448621 179.91529276
-37.16650642 -750.44628858 179.50829751
6.75850000 -716.43246667 129.92632678
-39.70077646 -751.56435876 179.61761150
-30.30987055 -840.38633276 174.62274085
-36.67846339 -811.05674298 160.55639396
-33.86947562 -813.74626229 161.81920081
-53.75189000 -733.73729889 219.91986789
-29.95291042 -746.11942292 180.82698511
-29.25334000 -745.88326000 181.74421345
-27.88584783 -858.78112183 176.70590970
-31.67187920 -746.43046960 181.68503985
-37.59652512 -750.10565304 182.72745297
-39.74557294 -750.27381385 188.71317537
-36.85917703 -815.83481120 162.69004639
-33.03496000 -746.07209022 183.54332545
-39.60796006 -751.24849958 182.72499944
-40.27280000 -767.43280000 49.02909345
-26.76860615 -811.89606385 163.39299960
-31.30244346 -815.83762049 162.74318355
-33.72747296 -815.56515157 162.87161546
-31.21135799 -745.13539112 184.94839084
-33.70185634 -745.61735182 185.59188837
-36.92584436 -747.78812032 185.88995315
-38.01363683 -749.71566882 185.77671119
-39.47654159 -750.78024785 185.82356704
-25.89439167 -814.75765278 166.60869622
-35.77252308 -746.00940538 186.61632960
-32.87044624 -759.44294566 101.69665414
-26.04211465 -816.39311847 167.94139472
-33.85090971 -744.60727503 188.16011965
-36.27525812 -822.65491028 167.68949568
-32.09721628 -743.07187674 189.38614693
-32.20584667 -742.69239667 190.46240011
-41.44433158 -751.33643158 182.50303555
-38.80161661 -748.56067508 188.95774041
-33.69928522 -742.63766885 191.51176684
-34.41454026 -743.73372791 190.70026685
-36.87026492 -744.78006382 191.42103831
-39.04853981 -747.96200620 191.69239358
-34.78145815 -741.36398320 194.26172392
-35.68481707 -742.97820000 192.58116174
-42.96920000 -734.16345000 210.98634345
-30.67272340 -760.39258298 101.51333316
-38.30972500 -746.38025000 193.26059345
-39.46450655 -747.78389440 194.48692357
-29.28971200 -761.64356800 120.71430945
-31.34454891 -761.79838175 113.68077082
-38.84312985 -745.13628199 195.00041695
-35.09446818 -740.05937500 195.37310254
-40.15172179 -749.58285641 194.14509152
-37.35462484 -741.33365877 197.42724846
-38.13044359 -743.56957692 196.33258832
-39.77450000 -749.36170000 196.24729345
-39.01721282 -737.08331795 201.63848319
-40.94720049 -741.57123847 202.83847162
-42.02792055 -744.70244156 203.60925999
-41.89351092 -746.44737563 202.30402874
-41.80144271 -741.93436680 203.95982705
-41.70459447 -739.55168848 204.52567271
-42.37321883 -738.78444247 206.70897658
-42.71258939 -741.82465623 206.49920731
-42.89217988 -736.06203255 209.67188451
-25.91996607 -830.54706429 172.00024345
-43.75822775 -735.13571950 211.65808095
-49.83957407 -735.61484288 217.51258701
-52.47253037 -730.48065000 221.13755913
-46.84044290 -739.00308919 214.72280216
-48.18752805 -738.29478350 216.00691490
-56.13986923 -728.08541154 223.73824345
-57.97721325 -727.67079779 224.52445194
-58.05406349 -728.86725335 223.66893383
-59.91543724 -729.10043975 223.80136583
-60.74981792 -727.17898167 225.34348025
-59.26380000 -726.73210000 226.07559345
-63.29080679 -725.78668889 226.95937061
-64.23271733 -724.56587756 228.10811816
-62.08471538 -725.13499231 227.23489345
-65.66964783 -724.30614493 228.73712243
-65.17104706 -723.87824118 229.34928168
-66.34524773 -723.47280604 229.72374813
-38.54255000 -799.25370978 152.39164671
-32.11980000 -797.28732500 148.01511845
-32.25710000 -794.29470000 145.05489345
-32.39080000 -794.29460000 145.06769345
-26.13749878 -758.06046463 147.16404345
-25.94705720 -759.60852800 143.59850905
-27.00949532 -758.99531791 140.70518380
-27.14270995 -759.39499142 137.53989345
-36.17816552 -749.75896552 50.81569345
-23.28625000 -848.96483750 175.74484345
-28.34315212 -759.80112119 128.54963963
7.02611181 -716.74301111 130.69352608
3.12926744 -718.94740465 130.47388879
8.35652031 -715.13063375 130.44193720
5.35185862 -714.57125675 127.99790015
2.93798757 -715.68026703 127.45155669
-2.19786667 -719.41408889 126.94230456
0.94872813 -716.55185000 126.89810126
4.00303727 -713.67672273 126.94666436
2.19821366 -711.86970731 126.19941547
-29.20592105 -762.98599474 104.73337766
2.48187866 -709.68445968 126.14663100
-32.82416454 -880.02332128 177.59566720
-0.61716371 -711.92504351 125.79097128
-29.26853333 -761.50870000 102.84279345
-31.32537087 -761.74963010 101.92236626
-32.12977273 -757.63525311 104.21100349
-29.27087143 -760.89582857 101.92513630
-21.85089701 -727.99006418 117.79004867
-38.85877500 -761.23430000 100.59476845
-24.30947347 -737.87658707 109.57402202
-29.82492778 -749.34701389 85.52512122
9.84186111 -713.56889444 129.87438233
-15.06081825 -726.47864599 121.33861534
-16.44437500 -726.88299773 120.56477481
-16.96224746 -724.94201186 120.90880531
-18.41400594 -729.66436977 118.73280507
-35.44040000 -861.32700000 181.75002678
-19.75422655 -730.32868053 117.79010407
-20.91825446 -740.68371485 109.57436473
-22.46990256 -733.63220385 114.62127870
-17.98555288 -738.17316545 116.13344030
-33.91794577 -826.05576972 169.92091111
-23.07488571 -739.69354898 108.64848426
-23.95123803 -740.82051831 106.73210190
11.36723333 -707.16248000 126.80281678
-49.63399137 -737.70536259 217.46202294
-25.40214375 -755.47590625 157.42976220
-44.16898095 -742.01864048 211.44024821
-25.79192244 -758.78827830 146.33324133
-24.29873299 -829.45445937 172.18651358
-26.73534766 -758.77607570 143.15258924
-53.94255000 -734.57802174 220.25834779
-44.34155000 -737.70200000 211.11794345
-33.94867841 -831.82974781 173.45369142
-53.28197500 -734.32840000 220.10591845
-50.52110556 -737.42125000 217.99607122
-32.29970000 -743.28980000 190.10209345
-35.31970000 -740.33310000 196.11619345
-25.37589286 -758.50298571 148.55394345
-26.07799526 -760.33893060 140.93360034
-28.88080769 -773.38447692 123.91334729
-37.90450000 -803.18307500 157.35644345
-28.45810755 -772.37705283 122.75450401
-28.86211569 -776.54695882 129.42760129
-28.26345102 -778.84192245 133.49717916
-35.71608000 -779.40361000 129.94164345
-28.72955200 -791.52835867 144.83234678
-26.17714000 -796.86678000 151.16319345
-32.56213333 -803.44197222 153.86603789
-43.97608333 -752.04713333 43.34077678
-25.35879000 -809.35609000 159.92351345
-32.99829223 -874.02372746 180.10516236
-33.44928237 -858.70923682 180.63431980
-29.63845256 -814.84483462 163.27971909
-25.79934228 -819.98265660 169.94958808
-28.07937267 -819.79926227 167.52390534
-26.60231565 -820.42617891 169.38571998
-35.15177333 -752.59110222 65.89041345
-29.13434648 -818.68563803 165.85642302
-25.46256595 -822.91321446 170.83599392
-30.27209621 -820.70284227 166.42909432
-27.06145121 -822.83120548 169.67159570
-30.91353552 -822.74559301 167.35006641
-25.27930173 -825.83408954 171.44898333
-33.68849520 -822.90532165 167.69229407
-32.49097500 -800.34627500 150.99976845
-29.01461029 -824.66224706 168.91468021
-28.10044014 -867.88025177 176.78652036
-33.45002450 -824.65791750 168.81638845
-31.23422598 -826.44578005 169.44779725
-24.37364615 -857.08249231 175.04374729
-35.94452553 -824.36829574 168.97384238
-23.25962326 -832.23944651 172.52819112
-28.17887237 -831.51568573 171.72647125
-23.21271111 -834.89168667 173.01886011
-24.88407279 -834.75284844 172.92743821
-30.77061185 -837.82559178 173.97787717
-35.67027023 -829.03559335 172.74033246
-35.53518471 -831.44202353 174.31558403
-23.17193279 -837.84268525 173.79999509
-30.90164627 -834.66300318 172.86003026
-33.97007226 -834.33190653 174.35506150
-27.95345976 -837.72971885 173.62126256
-23.13915741 -840.68025370 174.71024159
-24.92539161 -840.63725657 174.63665166
-32.86540894 -837.06927877 174.78393311
-34.98014792 -835.79812292 175.18097678
-34.10289717 -837.87037562 175.65768075
-35.53863750 -837.48905469 176.05330907
-22.95376667 -842.00716667 175.09579345
-24.93695176 -843.90781566 175.46085776
-31.11090191 -867.79997696 179.15998170
-25.28274000 -842.57965778 175.00020456
-31.51715411 -841.07178677 175.56801073
-33.55656217 -840.82514499 176.72865480
-27.93390406 -842.82476193 174.94390055
-29.61955833 -842.88034444 174.95269067
-32.99335564 -843.36415028 177.50128273
-32.44523333 -845.47601333 177.97614678
-33.15265971 -846.67964561 179.37132755
-35.46941471 -758.13938824 131.71406403
-32.01018817 -847.46595054 178.37543861
-31.76195093 -849.87163123 178.80384214
-33.02956631 -849.96745780 180.23252288
-27.87865661 -852.74159123 176.61331440
-30.01342178 -852.80908284 177.46879840
-25.30594144 -855.88848700 175.54487265
-31.55760179 -852.84876987 178.87103407
-31.37507821 -855.49277429 178.86220648
-25.62988528 -858.45783037 175.46907320
-33.49126648 -855.59530057 180.25345249
-31.31124436 -858.98524307 179.10305722
-38.72550278 -892.69933889 180.04176150
-25.98476378 -861.67590000 175.38765644
-27.90221466 -862.06563405 176.73689800
-29.60435686 -861.82242026 177.90271501
-31.03059556 -861.63552268 179.08637177
-25.58945000 -863.39945000 175.06289345
-32.80120047 -870.60654279 180.49052182
-32.88588000 -861.23602606 180.65839436
-27.85557389 -864.65246794 176.66710552
-34.10729974 -861.71817436 181.48269729
-31.00299309 -864.84334558 179.07128756
-26.25031818 -866.83574545 175.49134799
-33.98173118 -864.91825775 181.99255525
-29.69599808 -867.67834808 177.85509345
-32.66735255 -867.76295561 180.69422763
-38.57112990 -745.79305258 192.26382334
-33.64710811 -867.53039189 182.06935387
-31.22779591 -870.58207583 178.95191450
-36.18034898 -888.56138776 181.43308936
-28.64071012 -873.51293313 176.66507596
-33.88941487 -870.60960462 182.36498729
-30.20552839 -873.96027673 177.56084332
-31.61658614 -873.70108951 178.68553427
-34.24651610 -873.91186105 182.36117135
-29.00663039 -876.17982843 176.60148560
-30.77894257 -877.03246918 177.24977661
-32.04141579 -876.46448158 178.36559695
-34.65725120 -876.44293110 182.31452646
-31.08753003 -879.22909958 176.87239302
-31.79255286 -881.95707571 176.57581202
-26.09930000 -761.32620000 139.42439345
-33.26581042 -882.96809792 177.07862209
-38.46330000 -800.38090909 153.92641163
-34.21917488 -885.78710725 177.01535818
-35.00564091 -885.19529545 178.35112526
-34.85978955 -888.00469403 177.09523971
-36.18982821 -888.85580214 177.26619174
-39.05560667 -895.15229333 177.76662678
-39.73820937 -896.80548750 178.32320595
-37.35996000 -892.40790000 177.30929345
-34.91663333 -882.39088667 182.63782011
-32.54126842 -877.94617368 177.85917766
-23.33920000 -851.35580000 175.49919345
-25.94464000 -817.81640000 169.21101345
-26.05312258 -809.16292258 160.22929345
-35.55518154 -835.16898154 175.28666268
-36.01782000 -886.09029500 181.96603845
-35.68160000 -881.51398571 182.84492202
-35.60631087 -877.01824783 183.05015649
-34.89328750 -841.94074375 178.22363720
-28.47349412 -773.11215882 124.49164443
-28.62439860 -770.90050559 119.72774380
-44.57242184 -736.76497356 210.70321643
-36.76683377 -744.74132149 32.64351406
-36.80047752 -744.43846434 29.65951825
-36.93174046 -744.11819008 26.63846215
-36.43898636 -747.22688409 41.88042754
-41.31514286 -752.10721429 40.12485059
-35.90902000 -750.17373000 54.01856345
-35.28115664 -750.03791858 59.80770318
-35.17766995 -750.58842591 62.51209604
-36.75304286 -752.32292857 60.83666487
-50.51660000 -770.48444000 51.98675345
-34.66213217 -753.08547063 71.08100918
-54.13921000 -772.01973250 55.16093095
-34.73435028 -753.86781073 74.80901887
-35.26781429 -755.48211429 75.63815059
-35.07550203 -755.97857683 78.48759710
-32.25230000 -749.13275000 82.03464345
-27.57352500 -749.36100000 88.53504345
-27.65944150 -748.27015450 92.34630645
13.64842746 -708.73654789 127.53445683
11.49603167 -707.75624333 126.90215511
-27.16403372 -747.35447151 95.71518531
-26.17622857 -748.29020357 96.37675416
-26.63746333 -743.77825333 100.52298678
-23.83060000 -743.51382075 103.35895760
-22.10751042 -742.73666795 105.27336681
-19.80115607 -742.00191272 107.98275472
-19.22109200 -741.03567040 110.47343425
-32.99600452 -759.56129186 98.51892512
-18.11881739 -740.51887043 112.71576040
-41.45536667 -751.09311667 185.05746011
-32.10716149 -758.87160345 104.30929574
-17.31965000 -737.17960000 118.02941845
-31.74697685 -759.65631626 107.77225749
-30.85029327 -765.16069808 107.69524200
-30.69338857 -763.99460286 106.24067630
-33.93770000 -762.17027000 107.95943345
-31.35000251 -760.06321661 110.47085552
-28.92767073 -766.86213902 109.88387637
-31.94531414 -761.54780303 111.19746819
-32.94676667 -761.92587949 110.93661909
-30.68520818 -759.84306352 113.56646829
-28.81555000 -768.66849527 113.47562250
-30.81991992 -762.18306322 116.72278157
-29.80333682 -759.65451915 119.56360986
-28.75679841 -769.78415817 116.74290859
-28.43766154 -770.36826923 117.84572422
-29.29453684 -760.86517895 120.77348818
-29.07775098 -760.38672810 122.57026534
-28.97853636 -770.21620909 118.28383890
-29.01148827 -761.95067709 122.68700406
-29.94158192 -763.13505028 122.35960079
-29.51842571 -758.55402286 125.20846487
-29.62993947 -763.41887105 124.87432503
-27.55950388 -762.10295930 131.43357058
-28.34602500 -776.15465000 130.31639345
-26.25718387 -761.47283871 137.72161925
-26.26265000 -760.92338676 138.15056403
-26.45518889 -758.34577778 145.52243789
-26.55455000 -797.06565000 151.41426845
-24.37721333 -826.87557333 172.13345345
-41.50892691 -745.61394305 201.74259345
-35.42086250 -839.91150000 177.32506845
-55.93069123 -728.62769298 223.30686187
-38.53752857 -749.05200952 186.57158868
8.42513529 -709.89738922 127.18247972
-26.41670000 -829.53150000 172.07399345
-33.92030000 -850.94570000 181.07439345
-35.40950000 -859.62810000 181.52619345
-38.55474737 -743.09046316 195.79778292
-41.45565455 -751.49230909 179.46300254
-41.48188889 -751.59623333 176.42426567
-41.49933871 -751.59206452 174.20263538
-41.47891667 -751.86565000 170.84930178
-41.46093333 -752.08670000 167.63549345
-40.98996000 -752.12195000 167.73457595
-35.61793200 -752.11232800 168.15772145
-41.39700000 -752.19940000 165.78619345
-41.05453333 -752.19528333 165.88846011
-41.47335000 -753.45627500 161.33469345
-30.68747500 -752.24652500 163.00591845
-35.49532000 -755.20570000 153.46092678
-35.56945833 -758.02335417 134.64003511
-20.52710000 -734.28150000 115.18819345
-35.46597333 -758.12852444 125.42054233
-35.54239310 -758.04982414 122.28139000
-32.46366667 -742.98476667 101.08172678
-32.46638000 -743.71938000 100.49023345
-32.58470714 -762.99237857 116.68510773
-23.77010000 -746.36620000 100.12239345
-32.59250000 -762.23988182 113.63338436
-29.49200000 -773.19747500 124.18461845
-32.46540000 -761.16640000 109.43184345
-31.56755000 -755.20550000 85.30129345
-30.86761250 -758.19240000 91.16226845
-32.60895714 -773.12641429 121.35546487
-26.29310000 -752.20090000 165.85459345
