-46.29895789 -756.54793716 103.99705676
-51.69033465 -756.48213564 54.27305050
-38.41830013 -742.10764627 46.18165791
-41.05356943 -749.34601135 44.38387978
-42.71773333 -751.10820256 93.81380256
-38.20526202 -747.10376110 64.81344812
-54.25896713 -773.17305451 126.86433206
-44.28452510 -766.96518156 56.96582662
-40.23730974 -742.42938914 29.30390749
-25.23685323 -743.14236608 86.01237039
-26.62070746 -743.71250893 83.00104007
-33.40543881 -752.21403881 86.75681642
-30.55120000 -748.37559000 70.08939000
-22.61819677 -748.66102015 85.92152523
-51.81498193 -770.43316114 122.90276495
-57.98546944 -775.04709444 132.81502778
-49.78822082 -758.65951881 53.77932841
-9.45000000 -738.97820000 102.46590000
-36.42490000 -760.29930000 96.34140000
-40.10136667 -763.25610000 54.47290000
-46.08059759 -766.86841928 113.85700775
-30.01763314 -748.71609371 74.03705971
-38.50623930 -750.93334947 45.91408772
-53.50305556 -769.87635556 60.53566667
-38.90216030 -758.95047382 52.20284013
-42.85200981 -760.67566221 102.03132443
-40.88523596 -759.30548850 52.20168361
-46.53417143 -748.10940000 48.57080000
-36.43525000 -751.52838333 45.28851667
-18.39901250 -738.92976875 96.43459375
-52.95533053 -764.95138564 58.62890016
-42.01414283 -756.14593215 94.49630768
-38.49930542 -748.39387184 65.85278339
-55.12341168 -771.91676682 130.04902009
-38.53012162 -757.47153333 51.34916126
-41.24664818 -743.64162975 40.60761025
-46.54890452 -755.30922173 50.97006834
-29.15010793 -746.63329685 76.78264656
-39.62411271 -748.63988051 71.64674237
-33.47070000 -751.19570000 84.50720000
-35.65638805 -749.94997631 77.01905641
-38.08037096 -743.42465198 52.89850740
-36.26837124 -743.74256726 53.65815288
-35.36952882 -743.62317521 59.10497825
-48.68301053 -750.94865088 50.45511228
-48.12324945 -763.10800769 54.62055055
-38.30377879 -743.58315704 50.09428589
-50.57098617 -772.53078577 122.48327312
-53.72610230 -770.68652804 127.59071645
-52.59980893 -767.52337786 59.33071907
19.20510000 -745.30620000 111.49170000
3.84160349 -745.52683592 111.20378753
-47.03350824 -749.90639936 49.20676229
-39.57063905 -745.52739143 59.41777714
-36.14037086 -746.38647802 65.03548025
-46.34205034 -758.53834184 106.93179656
-51.62619048 -772.45537619 123.38584762
-25.53913862 -739.09144040 89.13680603
-5.10582686 -737.71286951 104.98911791
21.42399625 -746.05162491 111.98256024
-43.97093573 -755.62956030 50.05997987
-30.73326000 -741.03032308 81.78726769
-51.10538121 -767.59162974 121.93938399
-54.80051456 -771.85068383 128.60779865
-41.06565586 -761.73019432 101.19913954
-26.92624295 -747.05453591 80.58327331
-39.63190040 -743.49261034 46.85162369
-37.91408606 -745.18123970 67.42846242
-37.39378523 -754.39442045 84.09670568
-48.74235331 -767.03198099 117.09436364
-41.35059274 -757.72821835 51.09257923
-40.31533350 -749.48223422 79.99265187
-34.36383372 -752.92184333 85.85453244
-39.11001476 -746.83309521 79.54252673
-15.50050000 -748.55110000 102.53190000
-11.85107600 -748.29054800 106.06258000
-45.89300000 -754.20196667 99.85246667
-57.32503250 -775.34973500 131.44842750
-42.70671020 -745.41392041 42.35186531
-40.54904888 -749.68643223 82.76526702
-45.19516471 -765.91794118 111.90103445
-40.50721127 -741.16408042 35.11837530
-41.26903958 -750.03485618 88.88229437
-42.57365417 -750.97053750 93.30512917
-43.95394034 -755.53694757 98.05721620
-4.11862440 -741.04083351 105.81991166
-11.47313542 -746.17058563 104.59161058
-39.52550000 -745.41220000 50.95120000
-39.58133984 -745.02044715 58.62264472
-42.53168750 -751.64971875 93.41597500
-29.13056363 -741.22055658 82.99370231
-49.76644718 -753.59145515 51.98892544
-25.30955283 -740.42702500 88.22941729
-46.92947283 -756.94226986 106.09268311
-8.25781926 -743.39883768 104.60816030
-34.62683382 -746.07856821 61.97830462
-38.29875829 -743.14117512 41.01329612
-29.05937074 -748.87320851 76.77107872
-13.33300670 -737.73296920 100.04519732
-47.06483972 -753.10203062 50.32541013
-37.47069886 -741.99539048 62.09336971
-39.95077353 -752.12660662 80.57860662
-34.21331677 -742.05793620 73.77508932
-12.53335000 -748.25270000 105.52885000
-50.03829020 -764.81664291 118.97400642
-41.51113404 -763.16703511 54.56440106
-42.47128000 -757.10944000 96.62570000
-41.18802570 -752.77403507 89.09776142
-50.05662229 -762.87894743 118.17515029
-45.90346778 -755.30270665 101.06449800
-36.43585714 -743.58488571 36.26080000
-37.45373333 -745.77494605 39.01779649
-37.84619364 -743.88093793 61.82618527
-58.33831726 -775.74797208 133.07417157
-46.89286779 -764.86295101 113.20946218
-42.62914375 -763.34433125 105.34552500
-50.93083941 -765.45710344 121.82345336
-49.21917553 -770.36311740 119.60133791
-40.37651943 -743.11420918 35.22663135
-24.05881302 -744.04245073 87.00963470
-39.98219314 -739.04028686 25.83933571
-45.32026235 -762.91840588 108.85154824
-51.35550769 -773.02131282 123.71179231
-42.39640833 -766.43636667 57.02201667
-43.84303194 -749.83428888 46.92311981
-13.83092693 -743.92250852 100.76391431
-30.65692273 -746.04337293 72.87701798
-36.63983182 -751.36655909 45.24583636
-39.63185399 -751.56423497 77.57696442
-40.73736388 -758.15521602 95.22781710
-40.43386119 -737.69140834 17.07245317
-39.22639000 -742.33193000 30.00769667
-3.72476316 -745.12527895 108.60966053
-33.81575172 -742.12922069 75.93264483
-44.04218695 -761.69894782 53.43588009
-40.67984303 -752.71488210 85.92831472
-48.35892707 -762.22746541 114.80776617
-39.58329109 -745.85989873 62.11269255
-39.76997030 -747.47708949 73.86068348
-24.58244722 -742.43206944 87.59609722
-40.87259600 -753.94106375 48.74835375
-54.33254737 -771.30156316 129.64035263
-39.61067635 -746.23761419 64.87548581
-37.85732570 -745.98178824 53.03525779
-38.16559435 -744.95808206 64.87530933
-41.52963849 -747.45313208 43.02120679
-43.14943438 -744.22585820 41.75939798
-30.47970000 -748.31240000 69.41460000
-40.00702778 -741.86779198 40.92542037
-47.09269278 -759.08300731 109.86089164
-40.41707500 -742.27786250 27.12766250
15.95626969 -746.37330359 112.50129764
-45.89611290 -749.23817366 48.31509194
-57.71628808 -774.54661262 131.92755280
18.85509934 -745.02549408 111.60429342
14.77310000 -745.33965556 111.48918889
-39.59191440 -743.80408220 49.81249876
-7.97735828 -740.88910611 103.76614831
-33.36765773 -753.05181545 89.11042773
-43.07344500 -763.20324500 54.53734000
-40.60509719 -740.67249627 28.93203979
-52.80552660 -773.02135896 125.18289318
-34.97203974 -756.20197500 91.36286616
-9.86934000 -736.20157000 103.00039000
-43.34477941 -752.87522239 95.18348054
-38.58173642 -760.08975954 96.70225318
-38.83790675 -746.63079154 77.04508678
-40.80849521 -746.73034194 41.41905039
-47.87005452 -755.87790653 51.80296985
-39.72014186 -763.39619535 102.27064186
-38.52763333 -742.20501111 49.06973333
-51.08053304 -759.28465164 54.75188643
-22.01766324 -738.50979118 93.95658750
-45.36780800 -769.35986800 58.55164800
-47.40976824 -769.93821737 58.80185964
-45.67716618 -754.42199706 99.30902647
-57.80973973 -775.45458630 132.10884932
-50.03378627 -770.63967826 59.34151878
-56.56417034 -773.63419510 130.66188766
-38.09933286 -760.98120528 97.91823295
-12.65703415 -745.11967317 102.63042439
-39.28327982 -764.24643394 103.02805046
-42.91272891 -758.07626670 98.48683874
-40.49145325 -740.83815028 31.84698033
-41.48360362 -766.45972262 107.98450679
-47.58516830 -759.64735052 112.47386469
-51.96823062 -763.86677707 56.99087662
-55.28494257 -773.39530760 128.41444966
-43.92074229 -764.66942137 55.37302119
-5.69114234 -745.64107444 108.05361565
-33.44480000 -747.62050000 60.44850000
-40.42417144 -755.28906197 89.17598214
-51.05441429 -766.09458214 123.69056786
-2.20432397 -743.41989595 107.73109720
9.90521706 -745.32807765 111.42109706
-22.69872635 -740.45987373 91.57723103
-44.76659600 -758.93926869 103.78269641
-44.02229183 -759.29788927 52.01405524
-38.53121544 -740.54633929 29.11854373
-52.78968785 -770.69376149 124.86310253
-52.33691056 -770.59995167 59.88185948
-53.33560791 -762.66126104 57.88187612
-53.68966000 -768.54450000 60.52284000
-52.44720691 -761.62936338 56.60793863
-39.74115208 -736.13010833 20.32084167
-52.24234013 -758.94521400 55.53938481
-52.65233627 -768.90869585 126.97170155
-52.03959390 -768.22187966 124.91151871
-51.94017500 -757.04818846 54.65824231
-51.65865202 -768.32540067 123.09812108
-11.20525936 -740.66538234 101.71126432
-51.56710000 -757.31400000 54.47703333
-50.25984208 -768.29610442 58.14366986
-50.56146527 -771.02344861 121.50852918
-49.13938574 -761.06187721 54.18242295
-50.20739667 -761.92366592 55.08547990
-51.30989456 -766.77759331 124.16500418
-30.67985111 -748.34305333 68.79384889
-49.91736506 -755.75562479 52.91362762
-49.94725834 -764.66206366 56.17814315
-33.59556479 -754.04123239 91.11019014
-51.27042706 -765.89265647 57.64927529
7.25717153 -741.53850662 108.73401101
-9.82101477 -741.04808277 102.69238000
-40.07344662 -754.59967235 86.54476559
-19.09928293 -743.85059871 94.54158919
-49.36323569 -766.98884985 57.15531215
-37.68642970 -751.72644614 77.39461099
-49.64934704 -767.68490457 118.87149080
-19.89466970 -738.43506706 95.59056403
-48.99561583 -752.63648681 51.18828338
-49.10079462 -762.13906918 116.04050918
-48.90823213 -764.47553398 116.49582025
-38.27937714 -737.40702487 13.82851612
-46.96515755 -767.37258816 56.80871921
-46.85753104 -768.86462044 57.93186065
-48.10346079 -764.95499812 115.17477493
-47.13575845 -767.73503045 115.73030540
-39.95361765 -739.17547941 28.07260882
-47.00988288 -764.71743530 55.30734500
-38.65963418 -737.49119393 19.85479806
-38.08612952 -743.32054391 44.01333861
-48.31988028 -768.98926479 117.66184366
-47.09761405 -758.67086491 52.42461382
-46.96875863 -761.76352084 53.68950221
-38.24717256 -743.38034540 47.14379144
-47.64872199 -770.56055612 118.48205902
-48.40580000 -771.91745000 120.55860000
-44.30875617 -764.90184191 109.65244569
-38.39819738 -741.53930214 41.10361574
-42.57830000 -742.20800000 40.07500000
-38.54848842 -740.57558533 26.07994251
-47.63903792 -761.76348814 113.02985641
-33.75819797 -742.42517091 73.87944776
-39.78194097 -747.67140953 80.15874233
-45.03765067 -769.48465289 115.57381867
-46.40728343 -769.77382417 116.84215595
-27.31366250 -741.93907812 84.20525313
-37.78461802 -755.08343414 86.07990784
-46.38658261 -761.75107951 110.02150704
-36.42287931 -744.51548966 37.16768276
-46.17625125 -763.35993625 54.43446375
-39.84950000 -736.06490000 21.51130000
6.53283818 -740.36643777 108.28137167
-45.91985322 -763.89839424 110.74849823
-38.08243498 -750.51403555 74.10136634
-45.89171250 -747.63465057 47.91427557
-45.78962275 -757.81605185 104.85141291
-36.14011486 -747.02861062 68.04848301
-45.73172219 -760.90217071 107.93009467
-36.09290162 -759.04378691 94.53894976
-30.14509194 -746.78021109 74.06215887
-45.70963478 -757.66052174 51.42196304
-45.64126383 -754.00925319 98.82992979
-38.23883280 -746.44087115 59.03955215
-16.93316614 -738.02886508 97.71903457
-45.29481547 -759.74236189 105.94923358
-44.62997876 -761.93333004 106.66911641
-44.66205527 -753.67420000 97.41497475
-7.18798254 -747.47304231 108.91150695
-16.64889807 -744.03428909 97.90409560
-44.81029167 -756.27385323 100.65519526
-18.38122090 -745.64427015 96.30836119
-44.35240801 -767.72465291 112.93402702
-18.04827953 -748.54415415 98.40482565
18.88957815 -741.43114802 110.58144925
-44.41818752 -753.26050699 49.06115308
-38.29560156 -747.17268505 40.84626055
-44.74968622 -768.37554319 57.95318885
-45.33896181 -757.03444444 102.94181875
-40.42147143 -748.05040635 85.32506243
-40.89415922 -743.76037330 38.09204695
-44.56656573 -747.12923478 46.39829369
-43.87004320 -757.80085616 51.18908496
-40.48485569 -739.95751594 17.00761698
-44.97311699 -768.90123758 114.87538693
-39.50757857 -745.33395714 56.76989286
4.01531955 -743.77793811 109.61366377
-44.76877639 -763.38541111 54.43883194
-42.43360000 -751.01513333 93.66265000
-45.34058462 -751.05550000 48.62560769
-40.64874552 -764.24449603 104.34096582
3.94618895 -740.82022484 107.91509139
8.16300000 -745.19530000 111.55900000
-43.74457467 -758.66390326 101.13255214
-43.45792194 -746.24856110 44.09729267
-40.66307643 -740.65728766 26.20016575
-43.30009097 -764.06541014 107.27189762
-36.39567097 -752.60700968 47.14299597
-43.58580204 -761.27303235 104.02964206
-43.31642008 -752.24285458 47.72142281
-40.19635188 -737.76770177 19.77656135
-44.07531429 -744.98365000 43.11728333
-44.58430000 -769.28970000 114.46100000
-43.13854553 -766.98592520 110.58934309
-42.89333067 -755.17167115 95.69218421
-42.74025900 -748.89226600 45.18949900
-41.58451609 -764.25388103 55.33954290
-42.15960441 -759.91055686 99.94628137
-42.37679545 -766.10186364 108.69490000
-42.40762143 -753.71827653 93.74917857
-41.88992800 -752.74071805 91.91270055
-41.32403106 -759.23327760 97.76618141
-33.57453636 -754.76845455 93.77621818
-40.99211679 -761.66295387 53.64742013
-40.02817350 -747.66221787 82.60938336
-14.86708464 -740.71378758 99.04267255
-41.54370948 -765.14185702 106.51970658
-36.41862609 -745.85497391 38.67467826
-40.98779756 -752.28809232 47.33422864
-35.93262193 -746.33565692 56.00733577
-34.07695587 -742.66479055 70.84048804
-41.81829817 -762.55933666 103.19002612
-41.11093841 -755.73274380 49.90727490
-41.89962358 -750.62531981 91.69664324
-42.12967205 -766.93349337 109.32932104
-40.99054716 -750.81934497 45.96602423
-41.11977337 -741.55134412 37.80075364
-40.95349918 -756.02279528 92.09194995
-40.19600075 -760.73565817 98.73560300
-41.32190000 -748.28220000 42.33140000
-40.64434947 -740.55816336 22.92119120
-30.08530470 -744.36553587 74.15255231
-39.92894808 -757.48743571 93.00527335
-40.85027969 -749.67592632 85.91040446
-40.52766485 -740.34858810 19.89978865
-40.39207437 -745.50993361 39.11589790
-40.44063812 -737.28863779 14.14771737
-40.22322687 -752.58849842 83.11341928
-40.20264738 -738.76603254 22.82588055
-40.18562184 -742.75220919 31.82738250
-40.03145714 -736.15998214 17.13045357
-40.18094956 -739.77617557 14.17680192
-1.09977937 -747.45946296 111.70291296
-40.05697417 -749.45020999 77.04709007
-40.03818750 -736.18426250 14.54377500
-39.74102168 -743.61973333 52.82525448
-39.79897126 -747.74613252 77.02989910
-39.71383238 -743.15875295 44.29099805
-39.78308200 -749.11724773 73.99919750
-39.57819878 -744.19844954 55.53969970
-39.68492676 -747.15975964 70.97887055
-39.62691074 -746.63679708 68.04068462
-39.58448966 -742.12031724 43.16967011
-23.55052864 -746.90524573 86.40517304
-39.53305714 -745.21714286 60.86167143
-39.50090000 -745.24800000 48.35140000
-38.01193538 -759.24738591 95.02748345
-38.25610796 -743.23314658 56.10255809
-38.34524620 -757.04339861 91.03261899
-38.37612673 -746.23782499 73.99859187
-38.10824119 -747.02335088 62.14288067
-37.86527820 -752.19003438 47.18716474
7.03161927 -746.55810689 112.70861699
-38.58500653 -741.84862611 44.12522672
-33.72090000 -751.19900000 84.55590000
-11.12813489 -737.87091807 101.62883645
-38.03521431 -749.84190739 43.98385355
-36.46603333 -760.09550000 96.57086667
-38.03666994 -743.39262098 59.07106662
-38.20877173 -749.63244612 71.06864208
-38.34837477 -740.96485841 31.81137003
-38.00687267 -756.22057089 89.05656756
-38.66492123 -746.04014016 56.08369451
-38.23235397 -745.76010804 70.79966021
-38.30017755 -745.69294933 68.32300490
-38.70460338 -740.35203484 22.90391702
-38.42460663 -740.90117406 34.90557394
-38.65557353 -736.10812206 21.15743676
-16.28818440 -747.00866176 100.50479295
-39.01595234 -739.55735859 13.64898281
-38.86950546 -738.66763130 22.88042825
-37.93336996 -757.79310796 92.36118087
-37.70657823 -752.63961507 79.81843583
-39.00797220 -738.97853668 25.84487523
-19.15268771 -748.77850193 95.15239542
-38.36242145 -737.51169842 17.13104852
-37.79215491 -753.73159325 82.70456018
-33.43115000 -743.70682500 63.27670000
-38.33112500 -755.65631748 50.17158451
-13.52125852 -746.96630243 103.46293624
-38.45741739 -741.18101507 37.99885101
-28.83740492 -743.35378023 80.10459693
-38.73655701 -762.57617196 100.48625410
-39.19954721 -760.91406781 53.20699270
-39.44796667 -736.23280000 14.26586667
-39.01851459 -742.53281830 32.00209867
-38.92852429 -763.54770850 101.83555789
-38.14328879 -753.81233793 48.83300991
-39.27787619 -754.14952857 84.78507619
-37.00675884 -750.80459783 76.15551805
-38.88176952 -739.78224190 16.95068698
-38.78535996 -740.05779786 20.14985028
-39.39136316 -747.14512105 81.83258421
-38.06147328 -743.89691373 37.73486330
-39.34416250 -739.09306250 28.16425000
-38.24711061 -742.98658266 35.36839714
-38.60374264 -745.58271113 50.57441000
-39.27020667 -748.08747667 42.66837000
-38.14653946 -748.78055043 68.00402132
-38.39638000 -751.28252000 75.33774000
-39.07520833 -742.17970833 56.89020000
-38.32408333 -742.13422941 59.71437304
-37.51300320 -748.93168668 41.81498810
-36.76152527 -741.84875374 64.50423737
16.30087579 -745.10959684 111.57691474
-36.79842308 -760.27958462 96.40610000
-35.81726778 -749.56705882 74.30952498
-36.43093636 -760.55850000 96.99048182
-35.97511182 -748.98283428 71.27571844
-3.26935000 -736.18165000 105.45985000
-35.85229159 -743.73770826 56.09196785
-35.83276082 -757.78442542 92.41820388
-35.92221900 -747.29558022 73.91037741
-35.94126123 -747.23167877 70.94276469
-36.48273750 -746.00729375 54.38621875
-35.35988790 -755.77588790 89.02058575
-35.22090328 -743.35581368 62.03262337
-3.46820000 -745.26070000 108.50400000
-35.65077543 -754.81758048 86.18871810
-35.99622000 -751.52860878 77.79664488
-7.72685753 -736.16733562 104.06788219
-35.64014962 -752.11699090 80.16074605
-36.25492447 -741.96142518 65.68489645
-14.60772738 -746.16062406 101.72662238
-35.18573577 -752.77196108 83.06482308
-36.27814722 -748.50443056 68.83634722
-34.96309074 -743.11317018 64.95976519
-5.55277550 -740.62659868 105.03713812
-36.21330400 -754.33516533 84.24413467
-36.43883333 -750.98783333 44.64718333
-36.43390000 -753.82540000 48.59090000
-35.62384403 -741.92025656 68.13867136
-35.54278196 -747.90134934 76.75702732
-34.97400658 -750.13681367 79.74589203
-34.45512651 -742.91326354 68.17215459
-34.84790062 -741.94390567 70.99634876
-34.81994227 -746.62814295 58.80146799
-34.03697918 -753.63810965 88.78875531
-34.25523304 -750.77289652 82.86841443
-33.66665068 -742.39002398 76.24093122
-32.95111079 -747.15937698 62.47333453
-27.98584641 -740.24914789 85.17628207
5.01008408 -742.07642357 108.61495924
-32.07965287 -743.81577027 71.06605636
-32.06605701 -743.33658371 73.97973203
-31.99354988 -742.89630692 77.01919460
-33.13523370 -754.90401957 94.14955978
-33.35368889 -753.82357712 91.36041765
-33.11633607 -744.11291091 65.37607601
-20.98134120 -741.36086160 92.89013160
-18.00514616 -743.68411751 95.88782576
-32.52857951 -744.04061504 68.21532944
-33.33284978 -754.55781472 92.85913030
-32.26745087 -746.86776851 65.31650245
-33.09739630 -742.14936667 78.08737037
-31.52415598 -741.85157532 80.24593686
-31.45714155 -742.51137147 79.08233380
-31.79428977 -746.76233796 67.71425185
-30.97342813 -746.72541857 71.23632686
-30.31899712 -748.54954916 71.52505779
-29.46429490 -743.99915340 77.07100504
-30.43331244 -747.93681194 71.97771144
-30.45953750 -744.37768750 72.31667500
-30.10797757 -742.00110441 81.12794926
-25.54347535 -746.89443085 82.95129733
-30.40060000 -748.20140000 69.44580000
-28.13992458 -742.84197331 82.10816045
-27.79876078 -746.61031499 79.41605339
-27.64101304 -748.65748116 78.77707536
-15.08287617 -743.17065724 99.09604833
-27.18764743 -744.16847639 80.98500123
-26.39800710 -741.00146764 86.35435814
-26.18999494 -748.77533927 80.25225324
-26.77070000 -739.21546667 87.27643333
-24.88350209 -748.56181309 81.98752984
-16.66524052 -748.44777558 100.84212961
-24.77031634 -746.03399653 85.11862475
-24.60754054 -738.91217568 90.70325676
-24.50970000 -739.26410000 90.55250000
-24.19778520 -747.93798776 84.03440051
-23.76275325 -741.22938512 89.56506213
-23.81315470 -748.65256214 83.46722298
-23.45648953 -738.86858291 92.10028547
8.10026931 -737.80069153 108.59269259
-22.98769102 -743.58772682 88.97160791
-13.35076917 -740.91179326 100.21291235
-3.57790000 -736.11954000 105.57712000
-24.47120000 -739.00813333 90.49123333
-22.43321591 -746.63677778 88.86048157
-21.76859876 -743.60505187 90.86258963
-21.76644310 -748.60980431 88.18872069
-21.61010179 -745.88778929 90.77591429
-21.55590000 -739.42989167 93.74313333
-20.61791844 -743.84392035 92.21239636
-19.55489234 -740.65689970 94.84388790
-21.45358000 -743.74986000 90.29754000
-21.05017210 -748.87589457 89.68323225
-20.76569154 -746.70532094 91.93093864
-21.31856761 -747.89297465 90.13357606
-20.28492078 -748.90185672 91.75735379
14.95924384 -739.09721233 109.73859315
-19.20893336 -746.61268248 95.07426280
-8.14051680 -746.44533559 107.32648871
18.85463122 -746.17411026 112.41494192
-18.75634853 -737.81092794 96.67861324
-18.64881316 -748.67932544 96.93615175
-18.59782328 -747.50788534 96.72647414
-17.60342952 -746.52016537 98.18190056
-18.15735371 -741.12346463 96.09095677
-16.56336094 -740.75613255 97.67185638
-15.68064865 -744.97020270 99.68828784
-15.39150833 -748.34417500 102.38487083
19.03108403 -743.51029853 111.07710440
-14.72582132 -738.07029843 99.06734295
-14.29159059 -748.34737118 103.64357765
-11.79698000 -743.27114163 102.03598565
-10.57631407 -747.31250276 106.33945124
-10.64717247 -744.07828741 103.46737293
-12.46100000 -748.27860000 105.50630000
6.80535860 -745.40720928 111.33951448
-10.49760000 -736.20120000 102.39460000
-9.80117937 -737.42675734 102.74034161
-8.00018603 -737.76152695 103.69096795
-9.35728421 -745.32502632 105.31870526
-7.37721452 -744.54756106 106.06739183
-4.85044778 -743.92473283 106.97788629
-4.89936053 -746.77303930 109.53625184
-6.06556056 -742.69624695 105.26031502
-4.98095192 -736.11830577 105.04598141
4.04475685 -746.67407205 112.52777497
-3.66573478 -738.17298696 105.58150435
-2.01716074 -740.84560475 106.59390923
-2.11472872 -746.44277536 110.48080572
3.86474112 -737.79985646 107.45975543
-1.60320977 -744.63349674 108.94375347
-1.92118600 -737.90345433 106.12666508
-3.06393750 -736.39248750 105.45471250
-2.17047025 -736.12295207 105.93104876
0.96125530 -740.78113020 107.38423447
0.71167936 -742.80843376 108.16412589
1.17565779 -746.96986909 112.09494655
1.01802107 -737.80794361 106.89919294
1.12118370 -744.19478772 109.35588199
9.96353761 -740.99418558 109.09345650
0.84213103 -745.84850359 110.93835215
0.46390952 -736.18566667 106.64318571
3.15163958 -742.42935000 108.40645104
6.99370898 -743.73539296 109.95519376
6.88471920 -738.01580830 108.14762587
10.00346017 -746.54923520 112.78654552
10.13472196 -738.27094100 109.06081554
9.94914193 -743.80093261 110.27453543
8.85050000 -737.58478205 108.40071282
9.95163333 -745.22006667 111.56100000
12.81433672 -745.31954844 111.44337891
12.66762995 -738.56719038 109.48878149
12.92865380 -746.56359674 112.62308248
12.90024363 -743.67511461 110.55278042
13.11220309 -741.13960405 109.74592117
13.53740000 -745.20130000 111.51385000
15.81429118 -743.75236714 110.91891498
15.93620539 -741.04281932 110.15338716
21.54637778 -743.58958684 111.08665128
20.74431000 -745.14359000 111.53938000
20.95434483 -741.89085603 110.87838190
22.60438773 -745.49011779 111.30860982
24.35425632 -745.72205977 111.17643218
23.89050909 -745.94439545 111.68648636
23.81897000 -745.00963000 110.86099000
