-41.59275223 -739.01455796 37.65193450
-14.55606579 -739.07616316 93.84665030
-38.25440714 -739.49923482 67.45975881
-39.63282407 -738.09431557 23.26749294
-12.64750766 -732.21728823 94.87663273
-40.85249322 -749.51152669 88.91550054
-45.15658837 -747.12214274 101.38790559
-35.91608796 -740.60568104 53.33978842
-49.64070556 -757.13999444 57.85114066
-41.66097710 -740.00108397 38.86041353
-36.71722555 -743.00132249 39.15526377
-17.84345060 -743.49063144 94.09505632
-47.78520435 -760.41679130 57.65698703
-36.07957206 -740.15067444 56.15614700
4.37473121 -738.53038555 102.82903815
-40.10100860 -736.16799247 17.22558582
-25.19904181 -737.81930485 83.65046935
-48.11813946 -752.64190300 53.88876668
-34.71732317 -740.75140879 59.22797578
-49.17364773 -759.22294505 58.60094604
-29.55441759 -740.78198333 76.14734714
-37.61294639 -740.86672248 44.23678949
-49.18707143 -762.54822429 61.11678917
-39.80677233 -741.13206579 77.40088821
-37.24201071 -739.47240742 59.21745805
9.69690000 -736.06590000 102.79212399
-7.09936844 -740.62115658 98.81094752
-24.26468256 -740.97274500 85.68691807
-35.87918193 -745.58149076 41.95250424
-36.70800605 -736.09705040 65.71258326
-33.13186255 -737.21318752 71.25165825
7.94179310 -735.61388683 102.29610611
-44.70271399 -747.42334278 98.48953039
-35.33038000 -754.53613500 52.88588399
-27.10861497 -733.14505892 83.43249947
-28.35360000 -745.35310000 82.01777399
-47.11048737 -748.46506895 106.22361083
-40.48001261 -740.87527654 38.17524651
-39.56761753 -749.01022829 83.32791094
-39.92845622 -739.46375259 17.53389549
-40.23499000 -736.19605000 14.49544399
-0.61053531 -738.16208491 100.25128846
-44.86225134 -746.14096801 48.35809640
-16.49752708 -740.30915374 93.08885941
-36.44039831 -740.76474184 50.36426341
-22.80572561 -735.00522209 87.09458114
-27.86640499 -737.73165143 80.20007498
-35.83911105 -745.05571977 67.51781294
-39.31527596 -738.77457726 41.28456681
-37.70409955 -738.61148712 41.27169702
-1.94557717 -732.82191413 99.60892616
-37.84407145 -738.51531751 38.53553645
-17.92349359 -734.54439523 91.29339977
-40.42206046 -744.05264131 74.21996755
-39.72725914 -739.42578817 14.73112238
-22.37499638 -743.38973289 89.52489152
-41.41413333 -745.07826667 81.32034066
-39.18964784 -740.83307021 56.11069728
-46.93068381 -750.76572680 52.08437813
7.69554936 -736.79690385 102.49888280
-39.89619913 -737.73788674 14.42648429
-35.36900000 -745.26390000 40.99817399
-39.21238194 -742.61604792 56.34493163
-44.75059885 -744.78673577 47.71794514
-43.81247676 -745.74882978 101.18496275
-34.86931686 -747.73236398 46.62623529
-9.90419523 -742.71652120 98.86985376
-18.56287063 -741.05310033 91.86117799
-39.67430651 -740.82861383 74.15471565
-40.22908447 -749.20761519 86.30128133
-47.85049227 -750.60784903 52.49767882
-25.39992338 -740.52848508 83.77421014
-41.67988464 -745.65389759 45.40818242
-39.88052466 -740.18168448 32.34398538
-38.30626667 -736.14636667 20.65967399
-39.19955639 -745.90738494 71.46958652
-23.28891333 -733.18984667 87.68180066
-38.51067500 -742.88323800 46.54564999
-37.03503005 -747.53824841 73.99718317
-16.05660279 -734.81653309 92.47620823
-46.82230380 -756.51131900 55.13013359
-39.93045582 -740.55014230 41.20261253
-28.98743513 -738.17103229 78.03721011
-39.33462296 -738.85478271 44.21359118
-39.28910433 -740.73231803 53.22234084
-8.15112063 -742.44206825 99.59692002
-45.66924007 -764.55413421 59.83671164
-31.13577475 -743.75964633 68.12441533
-39.87347560 -737.81975241 17.25270338
-37.01053061 -757.35488367 54.71721072
-41.82619212 -746.44734471 86.47094357
-29.21466630 -743.39510147 78.10814139
-47.74215066 -763.69729139 60.53360247
-39.75420429 -738.14407500 29.46282691
-39.40321236 -738.64769566 38.43506636
-37.34305455 -738.26677900 67.73199953
-42.90340701 -764.47849441 59.48174407
-38.19146374 -761.13399341 58.02049816
-2.74651688 -731.81890649 99.85532853
-39.10810000 -739.16693438 73.42063336
-35.06451059 -743.71263632 57.12772634
-37.75115261 -740.31012359 41.60213265
-45.86660146 -767.04154082 61.77876973
-41.15938876 -749.87050449 91.21616500
-33.07099560 -743.30740012 61.98059980
-35.16303371 -753.44915955 52.20789084
-39.72052919 -743.97544655 68.23140788
-20.95843275 -743.65845893 91.33994099
-37.24018130 -739.09547068 53.31538461
-39.56911343 -736.15510299 20.49048742
-39.74337237 -737.79621552 20.22819014
-39.97864060 -739.54385456 20.28804479
-37.57871514 -738.73581963 44.01711455
-12.60958420 -737.96695297 94.58383570
-21.45877051 -740.98506285 88.99873680
-44.12980020 -749.42374309 97.56477900
-40.82840467 -741.68337431 86.36548635
-37.05301270 -744.17317059 62.46228027
-6.92620123 -732.20563851 97.76449747
-35.27182115 -745.53443077 69.34615476
-39.46415278 -742.37617500 54.03826843
-37.51346548 -748.59156288 77.72502032
-41.48676049 -744.87889720 83.94305266
-38.49778000 -739.01060545 69.24285308
-39.88632924 -739.72013852 23.41190533
-25.61157836 -735.09911391 83.82360240
-38.31317363 -738.44041751 26.92514122
-38.51530159 -737.25926032 61.12332319
-48.35015735 -764.79702456 61.52358241
-44.81027038 -751.68780731 51.51627514
-39.95189526 -740.49620129 35.37822094
-27.20648319 -734.45029105 82.50044107
-38.55056774 -748.37555161 78.31721270
-23.30057500 -742.35297500 87.62954899
-40.17336604 -749.12379838 47.89794897
-38.24135789 -736.75624737 20.11077399
-32.08660431 -736.04534498 75.36856251
-42.37018723 -741.52239429 40.94425765
-43.81545897 -766.67838419 61.40220104
-42.48429109 -744.23036602 95.20314468
-38.29602857 -749.31798571 82.10963113
-1.78445266 -737.26196986 99.52180336
-39.60320519 -739.96454608 29.10851142
-39.02891777 -748.70580474 80.59380882
-39.34859899 -738.15621733 26.19523821
-48.09348140 -748.40461163 109.60794841
-36.94809890 -737.85744190 62.30505935
-39.50421038 -739.80845479 26.31791232
-6.80180815 -738.03956640 97.56293784
-26.65353811 -737.38383072 82.04845690
-37.03720319 -755.76805356 53.68191416
-39.13482959 -741.01785575 65.32413395
-41.71289153 -742.16351186 91.21845873
-44.69380021 -748.88755272 98.52996679
-23.52218737 -732.63108842 87.90363820
-17.26810000 -742.41983333 93.66565732
-6.34920729 -734.70209663 97.25271474
-26.26300000 -739.49972222 81.62538510
-7.27259304 -742.49662532 100.21067800
-39.42644371 -739.03209455 49.91150035
-26.58559222 -744.63049889 85.02810954
-47.59491690 -747.74616523 107.96416043
-3.69562624 -734.79571824 98.49853705
-37.72579000 -748.05759955 76.56283717
4.95975152 -734.83733216 101.89828119
-43.51240839 -749.18287740 95.25863854
-40.11108318 -744.00122409 71.36801321
-36.55999167 -748.35704167 75.33779899
-19.79445282 -740.24892969 90.18791260
-43.68014421 -746.71107362 95.29387280
-19.23610987 -743.09767453 92.59135398
-39.86019621 -746.71463862 77.16887399
-35.06421474 -738.96900876 62.85062020
9.67596667 -736.52780000 102.68440732
8.37891724 -736.69240230 102.82934238
-43.57065294 -742.18623137 43.12148183
-48.07331094 -758.57281306 57.04810920
-39.73746602 -738.31872562 32.13695309
-41.65795477 -744.24567178 86.50823457
-18.47458529 -732.34902901 91.62438181
-14.50050000 -733.33330000 93.75757399
-22.81635450 -740.40366387 87.07268467
-27.68685716 -740.66718272 80.27348021
-3.82514269 -732.41925114 99.11724809
-47.52544167 -749.32889722 51.50287677
-39.83797802 -738.50070733 35.39866102
-36.54625128 -737.50963714 65.03141345
-30.08743891 -737.30359936 77.05968450
-9.69358008 -741.01383664 97.74377157
-30.17816501 -740.59522940 74.29436067
-40.16649253 -746.14342483 44.64751598
-45.48978223 -748.89443635 101.24694899
-40.06826608 -750.62668999 49.32832956
-34.66794856 -738.41226276 65.39939240
-8.76805939 -738.85505022 96.93002071
-41.51980902 -745.82360875 83.97051722
2.17610705 -738.02822420 101.37852359
-39.52396648 -740.64166661 49.91269496
-39.79200728 -742.74262369 38.91280906
-48.14966286 -766.84636961 62.03308814
-43.10126718 -746.72121312 92.32159762
-40.28615856 -743.66017689 41.45598860
-40.49245933 -746.75357111 80.25170861
-12.36458855 -734.72490694 94.43252931
-39.63559921 -740.47764177 44.20714693
-38.37810000 -738.69860000 70.00277399
-40.63450127 -743.85815507 77.30526336
-40.35324389 -744.51958664 43.57587501
-46.47023881 -748.67152741 104.06629244
1.90583065 -732.81712877 101.17590926
-39.73449143 -740.38292994 47.51147645
-41.40112500 -741.97081250 87.66729899
-39.33809412 -738.93636984 47.37353805
-40.98750696 -743.55333997 83.14002134
-5.32572500 -742.30670000 101.02087399
-45.93667242 -749.55491580 50.78190184
-37.09063228 -738.70642181 59.48600284
-37.79247895 -744.92776992 43.20975369
-37.06074111 -740.92932782 47.24732582
-21.29276242 -734.60591289 88.67330318
-37.94185773 -742.78044011 47.49702080
-1.01801931 -740.26983654 101.25063871
-37.92879558 -748.99201262 79.57308976
-39.06721095 -741.01237445 62.06502733
-48.87031581 -753.79878282 55.07719186
-48.50133003 -755.89735634 55.96894387
-37.14857539 -743.18910419 50.39230627
-8.48686000 -742.61023000 99.82322399
-42.81661228 -761.41016562 57.02462366
-39.42960046 -738.97510123 53.25710053
-48.33890769 -761.58689521 59.55251423
-19.54969359 -734.91212250 89.96317287
-36.34502886 -743.47760053 53.27439649
-39.13378670 -741.01151700 59.42929780
-39.29839388 -738.68042058 56.26223059
-37.36937116 -739.01932512 56.33706864
-36.21069341 -743.39354986 56.24684662
-38.91858128 -738.04182511 59.07645165
-39.18246745 -742.94377693 59.42921603
-37.42897255 -743.37877014 59.02719483
-39.31708615 -743.21730235 62.22331525
-37.91329862 -739.68036631 62.29611568
-41.35565000 -742.44317500 87.81573649
-34.11760115 -743.68038093 59.14680618
-39.44457460 -743.70919325 65.33243113
-37.97947167 -739.64632241 65.16954164
-37.93698981 -738.46321423 32.32745572
-36.67830186 -744.79116839 65.14760042
-39.17477116 -740.76812790 68.18956108
-36.89087826 -745.45637633 66.21745515
-38.72523869 -745.51007440 68.77859006
-36.81073799 -745.88505115 68.47816997
-35.76656854 -735.87264607 68.09738522
-34.02275655 -737.71278044 68.33278297
-42.73947641 -762.84052498 58.10879678
-39.50437400 -740.84366584 71.30181579
-38.80778502 -739.04316329 70.93155128
-46.34186436 -765.90830726 60.96065551
-35.16469839 -735.97697312 69.26868367
-36.70605097 -746.63418516 71.09035909
-34.42441574 -735.82239685 71.38663336
-39.48945091 -746.39112278 74.27895182
-33.31849623 -735.59446125 74.23890821
-31.88600837 -738.48482221 71.81122642
-38.00285351 -760.57493070 57.51175557
-32.72441579 -736.59098743 73.30821171
-29.38270000 -745.47280000 78.76837399
-43.86555712 -746.06489006 98.24199476
-31.28082446 -737.74567776 74.28244674
-22.38086905 -737.86492497 86.71690260
-40.80100917 -743.81574104 80.14008646
-39.72963105 -741.27088368 80.08237298
-32.67361429 -734.95265128 76.26123003
-4.56133848 -739.80051638 99.45455818
-31.26218646 -735.32504273 77.46907341
-40.94087171 -747.04198207 83.04889178
-39.91919293 -741.54435537 83.31916460
-41.16071276 -742.93818294 85.99947711
-29.99284346 -734.64165177 79.53584448
-41.13065855 -747.85241776 85.61010951
9.19830667 -736.20922667 102.80830066
-29.46990303 -736.46145758 78.86305581
-28.52000665 -735.04800885 80.79479128
-37.38342730 -738.87937216 47.42423853
-9.91034242 -734.78461738 95.55518960
-41.98193159 -743.78734398 89.14395668
-42.38625788 -746.65429207 89.21683089
-41.60473941 -741.89799985 89.12560737
-41.43711538 -748.38387692 87.59105091
-41.80401724 -748.79772003 89.62793967
-42.35656729 -743.83965076 92.29463040
-42.44027992 -749.19880008 92.27616207
-26.74692503 -741.20105063 82.33411349
-26.18960326 -733.07082283 84.46021529
-24.62211045 -732.95079685 86.47150963
-24.17656660 -734.70999406 85.74913235
-44.41274545 -747.92100909 96.69793762
-44.39137500 -748.45625000 96.62414899
-42.68898658 -744.72817994 98.08734918
-20.87156599 -737.89674765 88.33117716
-36.85634634 -747.53637679 46.64247547
-23.96591102 -737.67200158 85.17293128
-43.00309801 -745.09642815 100.35657432
-21.92909732 -732.67873562 89.16161738
-45.85589483 -747.04449949 104.26384718
-44.10569592 -745.97007619 103.22645562
-46.76653073 -747.15260050 106.58552812
-19.40531614 -737.77002603 89.66120929
-2.63224938 -739.08639506 99.87419498
-47.58117903 -748.43090484 107.77386754
-15.87078721 -743.04157515 95.30081041
-20.00314428 -732.65733432 90.51663783
-47.89643896 -747.89892576 109.32410494
-20.47009333 -742.03336667 90.87717399
-0.21081064 -734.67663929 100.08615612
-17.78442299 -738.13730664 91.16934436
-16.05743206 -737.85135519 92.39466161
-16.21218943 -732.31532441 93.02330106
-14.71131829 -731.89348049 93.96386708
3.34417813 -738.95071719 102.83036461
-15.32472166 -741.22754280 94.55611928
-14.06535776 -735.13704626 93.56273836
-14.06083576 -737.28754506 93.53799259
-13.00752466 -740.61497575 95.65452089
-13.98188033 -742.82856749 96.47826279
-10.22622048 -732.24547074 96.02618907
-10.02224448 -737.80344049 95.90920185
-12.68151868 -742.93626863 97.36875522
-10.69222027 -739.82445270 96.39710256
-12.10401059 -741.83297733 97.08339433
-8.73441717 -731.67858586 97.02138358
-7.86753981 -734.91885340 96.51109976
-8.21305714 -733.11028214 96.68584185
-8.06067958 -736.96331042 96.58742774
-3.81652730 -737.87054234 98.84529494
-6.16007000 -741.77429882 100.23845055
-3.77357656 -740.92386053 100.63206575
-1.66972280 -734.90903400 99.44069219
4.80353783 -737.52975282 102.15422917
-0.84854197 -732.39844251 100.18211272
-29.58364590 -745.44703443 76.90568055
2.08230826 -734.80877565 100.97074347
1.60186794 -739.61616965 102.14853932
4.09318659 -733.13617927 101.90309960
3.17330000 -739.36382500 102.78837399
9.76765000 -735.69130000 102.43380732
-23.92491764 -744.04603588 88.27228305
-24.97787668 -743.51801439 86.49799742
-26.09702738 -742.91813631 84.32428260
-27.29202692 -743.70555070 83.12527642
-28.65459040 -743.85966519 80.28688775
-41.29380513 -741.63255256 88.03623424
-28.89659718 -740.45332576 77.46100516
-31.24919244 -740.71646573 71.32556053
-42.98445865 -765.97592524 61.10877303
-37.30903730 -738.99433238 50.06242415
-45.95956195 -747.45242881 49.64019534
-43.57326133 -744.45075422 46.48607805
-42.54072532 -743.73250497 44.38254015
-40.37690000 -745.34990000 42.63937399
-42.01463415 -742.69696806 42.18184549
-37.88972557 -738.52703190 35.27318548
-47.33120435 -747.58066957 108.88496529
-40.55394123 -757.65092675 54.45149592
-35.35420000 -739.26430000 60.59597399
-37.57525651 -740.75772389 38.27739112
-45.41348777 -761.01128358 57.26048281
-32.28137778 -739.18700556 69.49711843
-38.17352137 -737.45840305 14.18148677
-46.22908211 -752.81961808 52.88906661
-47.50213669 -754.66031302 54.60299825
-38.26468862 -737.33742927 16.64464472
-44.10890726 -748.00913226 48.92311028
-40.78774220 -764.06741646 59.72409627
-42.83381868 -755.78152983 53.08386054
-43.35906311 -753.74812509 52.02944591
-42.86500066 -759.27183042 55.52989620
-37.49333551 -758.49242508 55.68018201
-38.27415385 -738.08919231 24.04657399
-35.27693478 -745.97649130 42.23222616
-38.19280159 -738.44738406 29.10079271
-32.64249316 -740.32269544 67.55507285
-31.98453483 -744.29202416 62.75219000
-37.41787103 -740.22866876 35.48895025
-41.44323750 -738.41681875 36.52548649
-41.48492500 -737.49310000 16.29884899
-42.80358430 -746.75712801 47.29886454
-40.05453880 -747.67764603 46.42097781
-45.90237353 -758.93100616 56.02574414
-42.03058586 -748.97485736 48.27107703
-35.34330000 -739.55683333 54.43700732
-35.17208342 -740.62879543 56.91011121
-43.06946810 -749.97695308 49.60311533
-40.19539610 -752.62551124 50.82073608
-42.59183012 -752.59740326 51.02395203
-34.09296061 -740.50137347 62.18994583
-40.07666130 -754.08396696 51.88821921
-40.20559038 -755.77557056 53.10099034
-33.21635877 -740.52704617 65.32849424
-45.69703946 -755.46071281 53.99466192
-35.45675714 -735.56525714 69.90443113
-32.02651569 -740.88637206 68.66398265
-42.80142355 -757.75451467 54.38934329
-44.73883861 -757.57735446 54.63019181
-39.97359895 -759.10116256 55.74764438
-40.44830972 -761.06826594 57.14537053
-46.01241350 -762.28757696 58.50602971
-35.29193056 -745.99006111 70.20711010
-39.94444552 -762.30795688 58.45505818
-35.27820750 -744.79102250 67.87577316
-35.34770000 -744.11230000 39.35227399
-26.26299333 -738.92312667 81.50886066
-35.00784922 -752.10543516 51.19966696
-32.32022353 -742.13951176 66.44372105
-38.28285179 -739.43754464 29.69851595
-38.05548773 -739.76153006 32.69717460
-29.11725758 -745.40666364 79.88607399
-36.97911645 -744.37252519 41.13680862
-35.03314385 -746.88928361 44.61040923
-36.84663346 -746.17044736 44.40977233
-34.73786927 -748.78803352 48.14362818
-34.83574741 -750.19353630 49.64565806
-36.75418541 -753.66831782 52.21275509
-31.65848107 -743.74861400 65.43570626
-32.82346552 -742.80689770 64.72013548
-30.27977500 -745.35580000 69.05996149
-29.98488421 -745.43921579 71.61558978
-30.55169119 -743.77256703 71.31537062
-29.77052935 -745.46766413 74.38378703
-29.97950368 -743.82898149 74.29729309
-29.55042672 -744.01500138 76.71919830
-29.32923333 -739.61872778 75.62626843
-29.37670000 -745.29420000 78.53287399
-37.01314590 -748.85207020 48.18284164
-36.78661442 -750.30384066 49.57226791
-37.09090774 -752.23994340 51.01189389
-36.58480000 -757.22012000 54.78051399
-44.32790000 -749.31005000 99.83292399
-41.41965000 -737.48155000 15.42507399
-23.55540000 -742.27040000 87.80067399
