-39.84940993 -762.37745316 92.42946101
-18.51976869 -769.01060939 134.06264638
-120.37172645 -789.24085634 172.59227957
-20.92197419 -765.99851586 128.39866563
-38.76008600 -751.12013360 65.59905680
-92.44068462 -781.60876923 170.93844231
-126.06478742 -790.19851132 172.48438931
-140.49422874 -791.12376322 170.06062299
-33.44620491 -761.41715759 92.67123214
-52.60137299 -775.04460219 133.48134380
-132.36923824 -789.59331085 170.85950439
-134.37995000 -791.86194444 172.08300556
-140.36881739 -790.58404783 169.97930000
-46.41815269 -742.44842216 31.91989581
-135.41570751 -791.30831098 171.08521445
-112.95980000 -790.72190000 171.95395000
-117.47692843 -786.25949153 172.74764441
-23.97015677 -776.02490000 129.15754629
-135.22385515 -789.95766611 170.59744385
-111.34922797 -784.30052238 173.51713427
-88.72510667 -780.74232667 169.07873333
-114.08480815 -786.25002522 172.79085580
-80.99388752 -783.49432034 162.27887938
-138.15988571 -791.26131849 170.51425420
-137.95796631 -790.36899305 170.18508556
-26.66875000 -760.67647500 117.99060000
-101.62960000 -790.81020000 168.19005000
-120.32350370 -786.41136282 172.47130462
-132.22251579 -791.65954842 172.46225684
-31.74832188 -757.69720625 100.76807500
-84.98734547 -786.03909137 163.61138568
-55.17228972 -768.44851933 139.75475107
-55.68193358 -770.34882993 139.29912701
-23.46084326 -762.80105517 79.51358809
-50.99063271 -747.22537671 38.77261573
-132.66122750 -791.06675750 171.35975375
-22.97166000 -763.83160000 124.49570000
-129.40318750 -789.20684682 171.20444788
-47.20937113 -771.29888389 120.38631862
-112.85615000 -790.83390000 171.99230000
-130.43490000 -790.84261429 171.79930000
-53.74390162 -774.04126802 134.66454372
-129.33382123 -791.33540205 172.89596301
-30.51182072 -762.15391355 98.66168426
-36.33600494 -752.85502006 74.48268052
-126.30567752 -791.19661318 173.32854806
-67.88402500 -775.35845000 154.01645000
-128.72715652 -787.52002174 171.08810652
-83.10150000 -784.70853333 162.95220000
-128.54138333 -790.63036111 172.16703333
-73.33628581 -785.77552837 157.49108685
-126.44917310 -788.75594684 171.53766108
-39.12257465 -746.74847721 38.60915000
-50.52739567 -774.08298754 128.36382789
-52.64129500 -757.29100500 46.13887500
-126.28774514 -787.27832971 171.64515714
-58.32702154 -771.21033555 142.61721786
-125.50033548 -786.55321290 172.06307742
-42.02312229 -741.05119459 14.61031561
-22.75071111 -773.03788148 126.68948889
-123.33580138 -791.25469379 173.50117724
-123.65235652 -787.31613043 171.87090696
-105.26852985 -786.85784466 171.39253835
-123.18580840 -789.49721541 172.52125294
-70.59479136 -775.16503086 157.39364074
-110.27542500 -787.60955000 171.88825000
-37.02914403 -751.14352983 74.34908466
-124.17749773 -788.29241250 171.84736023
-123.10555253 -786.43243180 172.20321843
-21.66205587 -776.65731971 131.87185052
-120.30514839 -791.36992419 173.27838548
-119.23350000 -784.76200000 173.26290000
21.32609474 -796.88768421 166.24394737
-48.74811395 -768.44142240 122.53421944
-77.35944208 -786.39189836 159.80982186
-31.64435319 -758.58744610 89.79641986
-114.15655763 -784.46713051 173.60956780
-46.96030000 -761.20063077 117.86359231
-54.17725431 -753.57237090 46.38916836
-61.22561525 -774.11793220 145.85872387
-117.38025675 -789.26323350 172.62748291
-112.17056493 -789.00960427 172.08742512
-20.30657542 -779.07656271 134.67461271
-117.31148880 -791.38427842 172.87803444
-117.20616250 -784.60614375 173.45859375
-64.55842952 -782.23041905 148.27766190
-114.44234645 -791.30504645 172.27626120
-113.87975621 -789.26480859 172.31260800
-34.22926395 -755.72694737 65.89515658
-21.07931665 -759.20755124 80.33810751
-49.74536591 -750.87011136 37.14462045
-113.10982809 -791.47661011 171.85439888
-44.02748966 -770.05710690 114.83744483
-79.14265333 -787.87687333 160.12120000
-111.87700924 -791.32130546 171.44571218
-111.50459307 -786.23532446 172.65500628
-108.44167803 -785.88042062 172.47050925
-106.25206000 -790.91089000 169.31217500
-108.20996697 -789.30342466 171.10329746
-110.95249848 -789.58749962 171.72530038
-108.32404035 -791.03891140 170.10528070
-81.54787302 -787.96348095 160.62654127
-108.44212208 -784.15890390 173.44572857
-31.21880807 -764.71613333 101.82323270
-45.52085240 -742.23915745 29.60201466
-49.84068077 -767.45374017 127.23654829
-47.04137093 -744.33819302 33.74375349
-65.72065000 -772.31433949 149.74605483
-42.67607022 -762.20583390 101.49497371
-44.85607700 -749.88455200 33.05081800
-34.93760000 -763.93240000 99.89790000
-108.11071326 -787.33160331 171.69978729
-46.48083611 -754.28684167 37.61511667
-72.92550114 -780.03148235 158.21471585
-26.66021395 -753.99336860 76.38334186
-35.76805882 -757.45435882 80.08909176
7.22276140 -772.65068772 102.06727368
-58.62622019 -773.61730798 142.40460704
-105.32381000 -789.26344076 170.31657167
-5.75218004 -764.92801375 94.59940887
-34.03322826 -758.36581739 83.81798768
-33.32879426 -753.56718527 65.39686233
-105.56153556 -785.38576725 172.37175951
-36.58221370 -753.21997774 80.51208082
-64.25150808 -772.22450808 148.50977231
-30.37762280 -753.28777510 71.50417203
-42.56886502 -742.00242803 26.15981323
-105.45252620 -784.10197604 173.42609265
-105.06105000 -790.81700000 168.92945000
-31.29280979 -761.37950825 95.68020155
-15.20644763 -780.28610459 140.14088369
-104.31516364 -790.55022727 168.79916667
-18.20711365 -765.40677443 83.68652676
-38.74877855 -752.39755494 62.53538145
-22.86475000 -775.82695000 129.89385000
-39.23037967 -752.94393565 68.48982214
-49.06232313 -756.04860544 41.06218707
-102.72208880 -785.07278320 172.28275680
-47.31598600 -760.62014400 118.39093800
-102.37174945 -786.47664473 170.97943764
-102.46695788 -788.91704514 169.79759287
-99.64500812 -788.49651883 169.30101591
-45.34130732 -751.12796098 34.24776098
-39.86215333 -764.02594083 92.93237583
-102.47920639 -784.16386486 173.28085112
-97.03714000 -790.84922000 167.92918000
-43.83916000 -770.58308000 115.05616000
-102.20957285 -790.32546755 168.57946490
-99.11684010 -789.81788342 168.51572153
-33.02097889 -757.38280930 98.30621357
-78.77540957 -786.23981152 160.45352145
-69.03068479 -774.72680310 154.96178316
-42.24160000 -757.51818692 106.79919692
-25.67188084 -762.92974551 114.14154671
-84.70901777 -788.24580051 162.16391371
-26.21967143 -761.10979780 118.69710220
-46.57821699 -769.10281538 118.56255641
-33.90732391 -760.86307826 90.67120217
-99.41814220 -784.19352538 172.94841621
-26.61530685 -771.79564821 118.92428502
-52.55355333 -749.94422810 40.84874266
-99.34063583 -786.23966481 170.37324605
-60.47912500 -781.82887500 144.83260000
-30.31659465 -758.74849361 104.35307927
-44.10217532 -762.91239747 105.28729937
-28.18297256 -753.94765674 74.89844465
-40.04123051 -756.31246404 89.50928491
-39.07147515 -752.74412301 65.56823422
-100.23191212 -784.87595152 172.14319394
-64.26103628 -780.17120584 148.57309565
-99.26252500 -790.82408000 168.09096000
-32.24997024 -758.55374524 106.67995476
-55.20459229 -774.61979877 137.18698350
-46.98511250 -765.63875000 114.66088750
-33.35207067 -758.88085660 86.53719032
-57.86137149 -779.78409513 142.98551758
-32.50775473 -767.76200221 107.16912476
-50.00436600 -764.29384200 126.59062600
-98.37913333 -784.66150000 171.82406667
-27.12114689 -773.25995519 119.67082180
-66.39010377 -782.86592217 149.78844949
-96.60736391 -785.73489323 169.70009373
-39.76158599 -744.07639533 29.75283916
-78.40146467 -780.25364542 164.29151738
-96.35290865 -789.26417180 168.22927439
-44.83535228 -765.14101549 110.63316321
-19.84582333 -769.12130667 129.85797000
-95.95336591 -784.12444935 171.09807857
-96.49243793 -783.42273448 172.43838966
-97.76343333 -788.00651111 169.04542222
-70.10236600 -780.18858960 154.85271400
-84.49687319 -783.42922188 164.53681036
-33.22327694 -762.36112108 95.30935718
-37.65147625 -747.40982709 44.61048395
-40.58720104 -762.72460059 95.42457878
-51.11694000 -765.60561018 131.42689706
-31.76906341 -757.59626098 92.80776585
-94.41057045 -785.03518182 169.21629773
-47.22351926 -766.27443484 116.86807336
-1.24235212 -771.46437459 93.47631026
-84.60778507 -780.68611567 166.99492562
16.26790000 -793.67926667 166.05466667
-95.74749433 -786.83173972 168.58969043
-27.62648417 -762.29994469 107.47692439
-87.26267819 -786.26295108 164.81112574
-61.08194167 -769.65800000 145.20576667
0.67713958 -791.01019583 156.67153542
-55.04017237 -771.10582554 137.46917264
-56.98001819 -776.96912989 140.84256033
-93.40150514 -789.08933629 167.38630903
-48.98279677 -762.70264766 122.34147329
-30.80303077 -759.44919295 95.36940513
-93.26699376 -783.23543109 170.26010362
-4.50683893 -786.78512137 150.33863817
-93.12813623 -786.24594847 167.77651138
-41.80406880 -756.72190640 101.28154696
-48.68827030 -747.18998739 35.51710267
-94.71408333 -782.46920000 172.01620000
-48.58108235 -755.22301046 39.20268235
-5.87229183 -767.92730265 91.68969666
-30.40006782 -759.19113181 98.54122157
-37.44194084 -748.26939313 53.34274198
-52.41743273 -768.02756989 134.26011139
-69.28973001 -777.25450694 155.36255677
-92.45444330 -784.44184948 168.69951753
-41.51723333 -745.91456000 24.84654667
-68.04435455 -784.11889091 150.83284545
-49.79140000 -756.41350000 43.02235000
-91.21448883 -789.03135863 166.52195736
-35.15801600 -764.34732000 101.04114933
-90.79095591 -786.17092068 166.64231034
9.02662897 -774.70353462 103.45262000
-70.63629784 -776.67953237 157.42965036
-75.56175552 -780.04171671 161.36146808
-6.92205000 -763.67745000 94.14840000
-90.24342220 -783.64204813 167.98736192
-0.46170305 -766.56765115 97.29181832
-91.04816488 -782.40218095 169.51866012
-59.73643900 -780.11922183 144.38928555
-40.50668263 -764.49299250 95.62311572
-56.34916707 -773.85967384 138.21373426
-90.26316794 -781.30096794 169.73502061
-59.68115137 -769.40779016 143.96133005
-55.28649365 -779.07044127 140.83679524
-38.91530262 -746.99564956 41.49129058
-50.22251419 -745.47891484 38.99628903
-89.09605714 -781.58560000 168.85517143
-70.64219796 -785.13106122 154.45909184
-38.05845926 -751.64011481 70.85704074
-89.49026500 -788.86808857 165.59025857
-32.54661908 -751.10902214 67.91721756
-89.27148000 -786.65191158 165.80275579
-41.09498910 -747.09228077 44.26146410
-81.25342928 -786.13588529 161.53463140
-87.39736116 -782.83067835 166.97458616
-87.51498485 -788.62776402 164.21945076
-46.37373651 -765.02247173 116.33405150
-86.73291351 -784.07515991 165.30108288
-20.59334813 -768.28824648 128.37364671
-45.73673399 -765.27792667 113.45244181
-41.02064021 -756.34951329 96.46584650
-71.91349797 -785.56605610 156.08135732
-22.83724375 -763.64651250 124.87376875
-81.06294859 -781.04416113 164.94205737
4.81786019 -792.16321189 159.57656942
-7.74915926 -766.57817037 90.85168148
-81.78228392 -782.36515779 163.73933618
-1.34164015 -784.41189394 155.49242576
-86.99556512 -780.91363049 168.03563876
-41.03339474 -754.64869211 96.16928158
-44.04311818 -742.09957943 20.09717225
-37.84355000 -746.87530000 39.52875000
-27.18491694 -765.56581020 110.42420202
-49.67368898 -763.23859576 124.71813305
-86.11087500 -788.93857500 162.91542500
-22.61594388 -768.13434563 123.22363657
-44.34948322 -764.33714027 108.01055034
-39.73349737 -745.71211842 43.25750263
-85.41137475 -782.22823535 166.33262525
-44.10505732 -767.07519268 111.49884390
-52.68272763 -749.44983355 43.74220724
-39.58360222 -748.89592889 45.60661111
-85.66964211 -788.06712632 163.10088947
-53.45925602 -750.88250098 44.28752535
-63.39076890 -782.31382679 147.06493732
-35.50522460 -755.71191349 86.58926349
-70.27605912 -783.08936730 154.58951006
-83.78246304 -786.85579339 162.43005720
-83.30523793 -781.52774483 165.71594483
-49.41347017 -765.41270918 125.45632480
3.79310323 -773.13850161 97.42504355
-39.18449758 -753.20472512 71.62221700
-34.74030000 -754.71277059 82.37122353
-35.52947957 -759.27314839 86.30549677
-47.65018888 -768.10557992 119.64690688
-81.59448865 -779.92966550 166.40662314
-71.84954786 -783.29715892 156.10303995
-47.13845000 -742.68480000 34.18815000
4.56538527 -789.65214514 159.62982100
-39.42416895 -749.22477555 47.58506235
-69.83353333 -785.03432037 153.17055556
-44.37510054 -762.54519085 110.69975436
-78.59716550 -783.01741567 161.01644819
-77.89022935 -781.17910022 162.21678217
-42.79997723 -743.41735846 20.74481323
-36.78950232 -749.91962780 56.63492027
-39.33932090 -747.58597480 50.28934305
-58.03429186 -769.07018013 142.53977687
-76.76433333 -787.21360000 159.97300000
-29.49211563 -753.34514375 73.69742875
-79.44441250 -779.50593750 166.09045417
-43.94490000 -763.82040000 105.91380000
-41.59829434 -759.44056332 95.48422783
-16.28010044 -771.75425457 137.69797861
10.20214545 -778.93077273 102.92559091
-79.71800000 -781.80030000 162.96820000
-31.71849375 -751.43944687 69.51585000
14.82323338 -794.76534993 164.06424635
-77.81603333 -787.82220000 159.88246667
-77.21877474 -783.70187263 159.78210947
4.91007500 -787.65778750 160.15002500
-15.87739457 -759.19831652 84.36277435
-71.36908081 -775.38427475 158.61388586
-14.44991992 -767.52127303 85.40739212
-12.41795337 -780.31681357 143.47374101
9.48219534 -779.57370358 103.57836416
-46.79785000 -754.85975000 38.46071667
-75.34288329 -786.04564683 158.83981441
-30.92840956 -770.01525179 111.39214263
-53.42788387 -757.82891290 45.46508710
-76.23471500 -779.27095227 163.59890318
-75.34376706 -783.21629781 158.72497572
-76.77350000 -782.00098750 160.15619375
-49.26993380 -771.26276169 125.00659526
-51.13686273 -750.24300656 38.63843255
-68.92396171 -783.36409758 152.73314572
-34.53863839 -754.35270625 77.31070625
-34.82455385 -758.13000000 96.57353077
-35.64892439 -755.43395366 65.27574309
-74.73896043 -781.03213591 159.17669097
-9.24190000 -784.82840000 144.88630000
-36.97166805 -753.12549378 60.21396598
-5.88419764 -783.14777277 152.10288642
-50.16682646 -770.67403327 126.46463813
-75.13533370 -778.19131902 163.42243804
-74.39547708 -778.19404479 162.22795729
-73.41546696 -783.29606754 157.39760029
-73.73793529 -779.04007647 160.21153529
-73.20856192 -777.32588877 161.02345781
-15.04578012 -782.21766300 140.37291376
-49.54456092 -773.74110364 125.34882495
-72.19841667 -775.60195000 160.21365000
-71.84000069 -777.46280739 158.73217302
8.07654136 -774.16299660 101.76182078
0.50157625 -767.48975982 97.41363343
-38.32956226 -755.19159198 71.92324575
-71.62260520 -780.54557523 156.27510612
-71.08410000 -778.70870000 156.91180000
-46.76740269 -764.58162097 118.37642366
-40.53762449 -754.44567415 94.79691497
-43.25809809 -762.19625512 104.49878604
-8.27565964 -782.77646566 148.59325181
-66.99887675 -777.10027129 152.36449661
-40.87847917 -763.44688333 97.17182083
-19.88307000 -770.13073000 129.90960000
-68.56149018 -780.22864108 153.06696493
-68.24444615 -774.11057692 153.50349172
-68.14076410 -777.70614615 153.53775385
-67.24636814 -780.19915974 151.65717526
-66.82377769 -774.48653632 152.18365953
-24.94700011 -765.54872123 116.48423859
-67.43767565 -782.44860652 151.37248087
-62.86084200 -771.55034337 146.97949576
-67.87440000 -776.40270000 153.97540000
-41.35618281 -744.48766719 35.71004688
-31.85445556 -758.27416667 87.60795556
-11.04100455 -782.05835455 145.11474545
-31.30925238 -751.62210952 70.40290952
-48.27870993 -771.46907899 122.71067174
-67.15910909 -772.64379545 151.38493636
-64.26457123 -777.11968840 148.84098503
-25.97664286 -772.69995714 121.20528571
-65.79064303 -780.32678216 150.12411561
-65.50268331 -777.52834259 150.14404415
-65.41497352 -773.96384338 150.45278990
-65.06820000 -783.29630000 147.94800000
-23.97882398 -765.56300337 119.37115301
-63.91621402 -774.31752863 149.06856902
-29.11291212 -763.51431212 103.49783939
-22.96035000 -775.70140000 129.97450000
-35.24552899 -761.31942319 92.78682464
-23.16053833 -763.46186833 124.45040000
-53.87712117 -771.32082275 134.52039127
-25.84285000 -762.81775000 75.91070000
-20.02496831 -767.39468944 130.35286479
-11.12811749 -780.02828525 145.21738634
-61.15288276 -780.26336578 145.62630875
-22.99616000 -755.92771000 79.04975500
-39.40908063 -744.96409667 38.66093750
-62.82083201 -780.29959868 147.14657866
-62.81038700 -777.35030972 146.91832723
-51.09953074 -753.03581708 39.30288975
-34.98502308 -758.85703462 97.61751538
-59.17102308 -774.86747692 141.72978077
-62.43477408 -774.28066691 147.30262094
-28.66318976 -760.29361654 104.87026929
-61.20947082 -771.44889842 145.58925000
-61.46399744 -777.49241024 145.44650059
-24.74279194 -762.08593505 77.84127189
-40.55910000 -742.78730000 18.72430000
-48.63167333 -753.77884000 37.80481030
-50.61082918 -768.34480934 128.45114464
-14.78764956 -777.28362580 140.08435204
-61.39709623 -781.96420755 145.51108491
-59.99847060 -777.11679339 143.82342029
-41.83325705 -762.08742212 98.41208387
-59.79956273 -774.39572098 143.69049873
-43.39093971 -770.09152255 113.99321029
-59.72625725 -771.28896957 144.12045688
-14.70115814 -760.20950620 85.34998217
-48.73651168 -749.82114477 35.83172019
-31.62207586 -766.88992069 105.70919310
-35.03248182 -757.58248182 94.67096818
-29.53079193 -766.32245833 106.81602214
-26.92308614 -761.50029729 74.68474096
-58.31434205 -777.67792280 142.48215607
-57.56634101 -774.38684633 140.35940633
-36.56631111 -752.92627845 77.44308485
-21.72882720 -768.29932540 125.51231020
-54.15611436 -756.24169436 44.67486148
-56.85071125 -771.31097170 140.54509308
4.18705000 -769.70995000 100.36185000
11.35505519 -794.48106311 162.45420437
-56.63928630 -768.95592106 141.17478784
-46.79383333 -772.89140000 119.54513333
-25.57664250 -757.39512000 75.52603750
-56.31919596 -779.28612121 141.69457576
-56.08140603 -772.36866897 138.58967931
5.88019740 -771.60382039 100.88690272
-30.45821573 -768.87149187 110.22357413
-55.99472000 -775.86776000 138.93092000
-34.07206570 -755.69012816 77.68245812
-55.10856975 -777.80458474 139.69316594
-43.38112469 -747.71722519 29.22424913
-28.90060000 -754.77060000 72.71360000
-47.98916338 -744.48635755 35.42723032
-52.79425303 -777.72408636 136.31690606
-54.11741279 -776.93548343 137.54699713
-20.80066009 -764.90966272 82.45857675
-46.03919105 -762.23806464 116.53750330
-14.89458786 -765.55819830 85.65969034
-28.95475000 -759.06865000 72.99980000
-32.67092031 -758.29070219 104.37956156
-53.90258391 -768.34557791 137.52363229
-39.00282704 -753.74547776 77.36098112
-54.53608248 -756.33147591 46.70249218
-54.26705771 -753.12509540 44.64568560
-53.25900555 -750.55649255 42.06573582
-39.38208016 -746.84827520 44.51967993
-20.88961213 -771.29161429 128.38765124
-53.18849724 -771.50871034 132.35374241
-53.36183315 -753.05789982 42.12921810
-53.20308365 -769.03007861 135.22179808
-37.53877895 -748.57874035 55.88935351
-53.51194000 -757.82169000 46.11457000
-52.33313726 -776.70622452 134.31091339
-53.19055370 -776.27406605 135.49386420
-53.07348824 -766.66387941 137.37039118
-46.87920000 -760.50700000 118.18370000
-37.00679277 -755.48938333 68.55319811
-32.06990732 -768.92792683 109.23471463
-53.61770000 -751.68140000 45.97250000
-53.24896400 -755.37306200 42.59012900
-2.27359538 -788.41159480 154.30029480
-52.96812000 -773.19615500 132.85343000
-52.30820063 -771.25886241 131.21862636
-50.13860331 -763.15668311 125.92851689
-52.28566958 -753.37003601 40.75967044
-51.33920888 -755.92488198 41.43660685
-38.18706667 -760.96760000 84.14871905
-52.80049268 -770.01486098 133.28283171
-35.43824143 -763.09695500 98.56897857
-23.32556706 -772.05659379 124.79247566
-7.62027893 -780.72032321 150.52075821
-45.74513022 -760.21486277 116.07644317
-6.68621830 -765.56390415 92.61519193
-34.56606222 -758.34698815 98.66219704
-52.75845657 -767.14354646 136.37615152
-20.76304273 -774.57334468 130.98884216
-51.83328225 -774.22264527 131.47964541
-1.07271173 -774.17356336 93.30526444
-52.60437391 -766.50004087 136.52435652
-1.72188750 -769.58538333 93.79078333
-28.59961294 -764.20233176 105.40836824
6.66974083 -778.92634167 100.64221000
-41.00028750 -745.63583750 40.74207500
-38.99017548 -750.11290597 59.41175290
-45.79812661 -768.36587432 116.35970739
-26.83865662 -762.26014265 110.52751268
-22.83699231 -756.84356923 78.90520000
-51.73610749 -757.20467709 44.40709075
-26.17750690 -755.44670690 76.20850000
-51.91624344 -747.69215222 41.10003386
-52.60710000 -757.79080000 44.80135000
-50.91151242 -771.25889423 128.24217868
-52.39339118 -748.47875588 43.11719412
-51.50464683 -768.18190724 131.40528194
-51.89785206 -766.07487397 134.32808636
-43.51655413 -761.69697920 107.30084664
-44.30910782 -763.10826152 107.60928272
-17.62017143 -769.69208571 136.12252857
-51.38322921 -776.28404298 131.66305000
-50.30946109 -769.08030814 126.01713409
-50.35803275 -765.20505535 128.43810526
-50.49200597 -763.51666791 127.74210746
-50.66694638 -775.99424638 129.25636812
-41.37168596 -746.45094211 35.35313509
-47.63184511 -762.22878519 119.49872026
-34.62960667 -757.91867333 81.73798000
-50.33700123 -755.13804074 39.55247901
-39.68537473 -746.30144286 35.52434835
-49.99688984 -774.36062032 126.62538984
-42.69198584 -738.98874013 14.06407833
-50.69032500 -745.67917500 40.12787500
-31.79495000 -758.49552500 69.95755000
-31.72062927 -763.95535366 99.58688537
-50.00432759 -747.50734483 36.86906552
-49.96476667 -762.32703333 123.74328333
-49.90900000 -748.78670000 36.94910000
-1.39124409 -766.48703591 96.55854500
-49.83644035 -766.09008772 127.13652281
-49.55483000 -768.35737086 125.31963823
-49.37478375 -744.97102780 37.66623249
-14.58722034 -774.31831165 140.10009358
-49.72653137 -746.04717843 37.32478039
-36.83321250 -748.58907500 60.82696250
-16.28409424 -762.25487235 84.44787304
-48.33446045 -765.22165383 122.46505117
-31.23410535 -753.77007559 68.72553913
-48.60321843 -773.35122312 122.70639548
-25.41029975 -773.35829298 123.03098672
-22.54733093 -759.47251314 78.58135890
-27.34744463 -768.25768184 113.42709333
-47.97699273 -752.60278182 36.32800364
-47.37915716 -765.26459170 119.70159357
-23.99414868 -762.90882566 122.30294021
-37.94750000 -751.74245000 83.20665000
-47.19958042 -767.12185524 117.36244126
-47.48674177 -773.00595063 120.45598228
-47.18978495 -747.21499032 33.55055914
-47.01742105 -742.63729474 33.41580526
-47.01614000 -760.59089000 117.79535500
-38.74532394 -755.82730598 74.69455405
-26.33367868 -773.84988209 122.10168163
-3.08501252 -773.47005220 91.97127443
-47.06505000 -749.06860000 33.89765000
-46.37929777 -771.09967948 118.90684584
-46.76230775 -762.96175211 118.26220141
-39.51735763 -745.41704955 41.28751831
-46.07065896 -746.93481792 32.08808860
-46.23393803 -744.17824944 32.21689563
-22.12879210 -764.35751512 81.45070619
-34.77090000 -748.76250000 62.91890000
-36.17542545 -750.02932455 62.40561758
-27.39114829 -760.38870205 116.14077534
-45.42260415 -752.83954611 35.67564870
-32.61876204 -757.64488467 100.79825985
-34.58382941 -754.55417941 80.40346667
-19.03611555 -777.10858541 134.77875879
-45.03186028 -770.66433337 116.62017767
2.36663684 -768.83740395 98.47199424
-44.68199410 -767.90847631 113.77940445
-45.04032338 -744.06823118 29.64605513
-44.85210369 -746.53055328 30.10793238
-39.48140866 -744.47520814 35.24332520
-44.84236654 -762.09038107 113.50835411
-44.47334969 -760.01093144 113.81111773
-6.08172914 -785.62257359 149.44437324
-6.87707161 -781.14695980 151.76899372
-23.19028240 -765.18861174 121.85202934
-44.32784937 -741.90517405 27.35825190
-17.67231504 -767.02857293 83.86808722
-44.42568312 -740.93636274 14.46282834
-29.28935984 -759.39922295 112.72185902
-44.16151481 -739.50664074 13.51694444
-44.21108333 -741.50679784 17.45474043
-44.14672059 -743.78669353 27.36350000
-44.09690000 -742.89565333 21.33951333
-43.94876500 -743.22588000 22.96359500
-38.26420734 -758.43398716 77.50348257
-33.52632238 -756.23041610 89.41189581
-29.90671465 -759.13625732 110.29363312
-43.94100000 -760.69450000 111.46255000
-37.09844703 -751.30446683 77.29966782
-43.91780000 -742.57290000 22.33210000
-24.45929618 -774.03237825 125.58953703
-43.72989924 -761.23364811 110.01050568
-43.16003506 -759.50077307 110.64977175
-43.03060331 -768.08036379 110.45310213
-42.77516652 -743.78735303 23.41252494
6.39385326 -778.66035543 100.25528913
-42.22297090 -740.59686758 17.53602578
-43.64047036 -759.41610490 112.44911237
-43.66238707 -766.33414218 109.55161429
-42.72763008 -744.21282256 26.40896260
-36.69111372 -750.44415000 65.47228260
-20.18310952 -763.51237619 82.07984762
-42.45752678 -740.95227060 20.51876910
-43.37941531 -769.07393450 112.95996679
-43.20802852 -765.55944343 107.25084379
-40.85908689 -764.59252951 97.30947213
-19.46975429 -768.47832658 131.49047455
-41.58103676 -746.15546176 32.84995588
-29.89310931 -756.50286582 70.94512194
-40.23311214 -742.10234624 23.48275202
-38.02203333 -754.83590000 69.82030000
-42.76305849 -741.66411861 23.27501575
-43.45008110 -749.98328189 31.98244488
-43.88915000 -760.83630000 112.17455000
-19.45544116 -773.81664174 132.08810261
-26.04152973 -774.66502973 124.31431892
-42.53243650 -765.15913613 104.64769594
-19.81185000 -775.81300000 132.91515000
-18.31028270 -759.33294660 82.95030090
-38.57739091 -748.53354091 55.94076263
-32.83635561 -766.93748469 105.63271378
-43.11496061 -743.03954545 17.97540303
-42.73111873 -759.29373073 107.39477180
-43.10832742 -749.12017258 30.21009194
-28.76226957 -766.90950870 108.74757391
-42.60327368 -739.68005263 16.41054737
-42.87540704 -746.62087839 26.86244573
-42.44537199 -759.32797444 104.49407951
-42.51432413 -767.66969726 107.66302998
-41.82692500 -744.66306875 29.60538603
-42.97660000 -742.79415000 15.60835000
-37.73345000 -751.67399167 82.45525833
-19.93410000 -775.73615000 133.01765000
-41.79710955 -759.36797518 98.39690875
-41.44273491 -744.37033868 31.97810283
-42.01796541 -759.29060369 101.37614532
-42.18347077 -767.37314894 104.83541620
-41.79632697 -765.17307789 101.58957203
-42.09338966 -757.12826899 104.41600889
-41.31626721 -761.38165845 95.96015458
-20.22545641 -766.48091880 130.43602906
-41.96498852 -767.01415082 102.28354590
-41.39113303 -759.12237415 92.66956000
-41.37795037 -756.34815148 98.38191222
-41.32167846 -742.55846308 28.88239231
-41.20176366 -764.93353971 98.66379475
-41.22386658 -758.45213047 89.80268034
-41.27010370 -747.03945000 38.20610370
-41.14173235 -746.72549118 42.00446176
-41.08745098 -758.03646667 87.48607059
-41.08456875 -745.12944062 38.86980313
-38.97596411 -748.10302802 53.35481804
-41.30295000 -754.70605000 97.24190000
-41.03310513 -757.50933077 86.80166026
-41.00636538 -757.67714615 88.55979615
-40.98623333 -757.08660000 84.38553333
-40.98338421 -747.99346316 46.61105789
-40.98926667 -765.26310000 96.93426667
-40.92210000 -760.77920000 93.75750000
-19.68456634 -756.84982079 81.75492277
-39.95244543 -756.13914680 86.46973422
-40.67849362 -759.24416276 92.22221888
-40.67348892 -756.34119201 95.01940309
-19.35182016 -771.24208713 131.53252671
-19.48713563 -779.29524575 135.46815385
-40.75944609 -741.45180174 17.87380087
-10.82604000 -760.36154000 87.80150000
-40.84202623 -757.95756557 94.72645902
-40.33330397 -743.27270993 23.77620066
-40.87105000 -742.02715000 15.89975000
-40.22030945 -759.49425444 89.37159981
-35.42689512 -757.90652683 81.36345610
-39.59558560 -759.18888990 86.51548692
-40.54474262 -741.66008523 20.53142658
-37.24828459 -749.28810000 50.62024709
-35.24410843 -757.18816180 92.30570562
-39.65915945 -744.16524861 32.27985918
-11.37667850 -765.13586570 88.35566111
-39.58620988 -747.16126880 47.50278798
-39.96151497 -756.17113399 83.44943016
-39.90083089 -743.70252033 26.69872398
-40.32774638 -745.96944058 33.28539855
-40.29506461 -742.28784979 26.55856296
11.64712541 -792.19693729 163.60387221
-40.41676354 -742.65174375 28.71122812
-40.57105862 -743.05462759 21.48023793
-40.26845390 -756.35970177 92.41600917
-39.31341551 -749.75116333 50.44443683
-39.81338458 -756.01335654 80.55002368
-9.31032912 -770.76385546 89.83659957
-39.45104297 -750.00391506 53.43457209
-39.30661782 -756.05757303 77.39401926
-38.78089382 -759.28940965 83.54811042
-28.81452121 -762.09822828 102.55642626
-39.76900739 -754.16653219 92.34961979
-39.25823951 -749.99367425 56.54944250
-39.18159035 -753.49252854 74.40034949
-38.97722586 -761.95617177 89.61628125
-39.04213775 -750.71616007 62.43488385
-28.30456500 -760.94075500 72.63056500
-39.15746764 -753.84153236 89.38463691
-26.42332290 -761.76799065 113.21014579
-38.67158588 -753.72590588 80.46514941
-35.76297881 -756.66549205 77.44314503
-38.49439794 -752.06234124 59.77744433
-38.77918964 -753.53239895 86.43770180
-38.54413895 -753.45391890 83.46228895
-38.40429339 -751.43624978 68.28827225
-38.49179306 -758.98139162 80.59680578
-38.21362044 -761.31864475 86.77580994
-17.58263770 -777.50879531 136.67699758
-38.20505714 -751.86378571 57.68295714
-38.03424800 -758.09785400 75.44759600
-36.25145707 -753.50553857 62.35667679
-37.33148413 -748.06575522 50.23361413
-37.80669355 -746.89309839 41.82287016
-33.49160275 -756.57437108 92.41476656
-36.66913185 -750.06129971 59.35639412
-37.46866520 -747.82861405 47.44551111
-37.02869654 -750.89227173 71.47033423
-36.75093519 -756.31772709 74.02701089
-36.73198384 -753.16878485 82.54785051
-37.78925455 -758.01386364 74.50887273
-36.79328108 -753.69155527 65.63097914
-36.84667780 -750.65416250 68.41687892
-37.51096316 -748.98582632 48.19506316
-37.03702697 -755.93056896 71.71729059
5.87700000 -778.82233333 99.88596667
-32.34451605 -760.39134568 91.57671358
-37.86802500 -761.75046250 86.71477500
-36.39581108 -753.44502516 68.58236788
-25.65716253 -765.47000949 114.19391046
-37.84665000 -751.92200000 57.33300000
-36.90258964 -749.63504948 53.43489041
-35.84113226 -753.51912995 71.27135361
-37.42998889 -751.50663519 80.32388889
-36.59144000 -754.85828000 60.82144000
-35.34210396 -758.63409208 95.37530000
-35.83776765 -748.58128382 61.74559559
-35.68433556 -758.41282556 92.30817000
-35.44136944 -761.96839074 95.51534722
-35.47853267 -756.56617195 89.43778878
-35.67379113 -755.28645271 62.75528670
-35.46266000 -755.07080560 83.93604000
-35.47233735 -760.13825783 89.42179639
-3.39498674 -771.35679181 92.18491993
-35.58547609 -758.49593370 83.50093261
-35.46028000 -763.72280000 100.08708000
-35.06155000 -760.85160000 90.89435000
-34.39206024 -755.12030120 75.10456867
-34.51632184 -754.31281322 74.16689195
-34.28570425 -752.65068208 63.13312736
-33.55476950 -756.03148909 86.45617505
-33.18891838 -764.96725513 101.56919707
-19.68176884 -759.57485302 81.68883814
-33.57010865 -756.02310624 83.57969336
-30.16125696 -759.07139106 101.62909068
-33.17223779 -759.88044855 89.38518488
-32.37239924 -752.58095878 67.87209237
-34.68900063 -750.54320063 63.43881392
-9.92188237 -762.42948025 89.84262736
-12.96233635 -762.32442793 87.19867426
-33.41938244 -758.14625233 101.65770179
-34.70379388 -753.95104082 71.91770816
-33.76357425 -756.21202425 80.70795575
-33.30123731 -757.00081399 95.38632090
-33.91219165 -750.54402784 65.22838501
-33.28821442 -763.39145950 97.88849428
-33.18524543 -764.03690366 99.34206768
-17.90529146 -779.92162842 137.25654012
8.28141724 -779.20231130 102.00989751
-34.86640000 -751.85650000 60.83550000
-7.16313216 -783.57228508 149.83675125
-33.03841729 -766.14394593 104.10602214
-32.84830156 -756.47559064 68.22221248
-32.45575000 -758.22370968 69.50907661
-31.97772857 -758.47867143 70.03574286
-31.61120855 -757.61343333 98.28578291
-22.63847887 -765.72965380 123.19986225
-21.97689444 -773.82009486 128.67308923
-31.09390000 -755.79564948 69.17436426
-30.58318613 -765.67413047 104.58254548
-30.39140220 -758.84276201 107.44858493
-30.83201985 -767.59624266 107.72137793
-16.54715129 -780.03787937 138.56943410
-31.67300102 -757.47479694 95.64899694
-30.19617113 -758.96879962 71.44791875
-31.79637368 -754.00040000 66.70238421
0.94005045 -789.01743243 157.14064324
-31.31080086 -759.20584914 92.57534856
-31.80100000 -760.86787500 93.61627500
-24.78707607 -754.43927436 77.66660684
-28.10623421 -772.89069474 117.65656053
-29.43684139 -762.23562766 101.40414932
-29.74866365 -770.59543727 113.37519633
-18.39629065 -757.20396290 82.73213742
-29.27357581 -769.51845000 112.38416371
-29.14712687 -771.72217388 115.35342090
-28.12118734 -760.07053905 110.47694248
-28.68966462 -759.67942769 72.69943923
-28.47065858 -770.21527322 114.34578117
-28.21607113 -767.57181561 110.80706162
-27.61317705 -771.10426021 116.61902320
-27.97184576 -760.12666170 113.47679482
-28.37897222 -756.43096957 72.24583406
-19.84750000 -766.69450000 130.97815000
-28.16466444 -765.24608095 107.76893786
-27.33741728 -759.23130721 74.36533787
0.35871762 -774.66111373 94.44042927
-28.36104032 -760.08179328 107.63233794
-28.39345525 -762.31922432 104.51701887
-26.41126288 -768.94514633 115.90983281
-27.07658127 -756.40090429 74.25922032
-26.24077552 -765.71547589 112.79629209
-16.26204323 -777.11141006 138.09173110
-26.40119524 -761.16682674 116.33755348
-26.03324167 -760.19338611 76.09662222
-26.02541304 -761.67314058 76.15357101
-25.33956839 -770.73865841 119.76190908
-25.32813845 -767.93505459 116.89405266
-25.78172857 -766.93405714 114.72011786
-24.87307038 -762.44511558 119.50154481
-11.09266154 -760.57979231 88.10316154
-25.84713889 -769.89468333 117.82927778
-24.20036160 -759.34505980 77.31392473
-25.27236957 -762.64534517 116.54048237
-25.42421401 -758.38789490 75.57644331
-9.54713316 -765.46310498 89.79731140
-3.49192423 -766.08127207 95.42895667
-24.28366842 -771.35179616 122.38929815
-24.27478939 -756.40915039 77.69931215
-17.09907201 -774.40647351 136.25699104
-24.38048822 -768.28592184 119.33671804
-23.84634979 -775.07523187 127.93948659
-24.46377500 -763.90348750 78.64955625
-23.53005815 -764.18394837 80.09581087
-23.29522518 -768.48921230 121.75170029
-23.29551338 -776.58111408 130.55491620
-23.10340000 -754.69730000 79.01940000
-21.44635513 -762.23327395 80.62899610
-22.11767112 -770.99533185 125.81037228
-21.51779865 -756.64783407 80.23589188
-10.33814419 -783.91581240 144.50973760
-22.70560606 -770.02772273 123.65997121
-21.97169807 -765.45602159 125.49074216
-20.52673110 -777.67475072 133.63154785
-20.04316063 -771.74015039 130.19606260
-18.19353098 -774.31455821 134.45106804
-12.48770372 -760.15039662 86.53242534
-19.47201167 -761.57119222 81.57294556
-18.06559217 -762.24375838 83.04912788
-18.07425635 -771.26618996 134.46630100
-17.17566581 -771.07885399 136.40544569
-15.66823208 -767.64330458 84.52277305
-16.15056149 -774.24464783 137.76800019
-16.56420833 -757.51961389 83.77403056
-14.82518571 -762.27513328 85.73248622
-13.61320000 -758.87320000 84.93980000
-16.38155318 -765.54938227 84.63944250
-16.59700000 -781.79902500 138.90045000
-14.98451495 -772.33738351 139.61757732
-13.75028857 -780.21750000 141.80884857
-13.59643407 -774.36217308 141.42909973
-12.84794460 -768.21362418 86.73353603
-12.84826371 -765.33995427 87.11741157
-13.64332636 -777.18607209 141.55606822
4.16036667 -773.74210000 96.89670000
-8.28109600 -784.90397733 145.94969200
9.98570588 -790.99462353 163.10098824
-13.63632039 -782.70476311 141.71247184
-12.38741560 -777.28819113 143.41611468
-12.02725921 -782.83687046 143.36224143
-12.53296453 -774.99890049 143.00523744
-12.06491250 -770.02242841 87.44650000
-11.49809488 -762.50202992 88.45119030
-11.31153130 -767.99803293 88.28174715
-11.26238632 -770.35127579 88.41603789
-11.14344626 -777.24418855 145.30103744
-10.18956998 -777.81671011 146.64099201
-10.05923273 -780.34870280 146.71833012
-9.30157947 -783.39108054 146.45638294
-9.35442503 -768.19332142 89.57127953
-10.57210294 -760.58622941 88.48757353
-8.62491608 -780.30010698 148.96851831
-8.91176476 -778.47079714 148.47701905
-8.43209693 -762.96926982 91.80760844
-8.25108253 -764.62702230 91.41175613
-7.57098255 -763.45794027 93.14164564
-7.26643915 -768.46379127 90.65753624
-7.76567500 -784.64140625 147.63468750
-7.01048247 -771.19120988 90.72853012
-7.14659676 -785.25435044 147.25821180
-5.59265836 -771.34425192 91.18218885
-5.47547222 -772.98657222 90.88804815
-5.76590000 -772.82088182 90.98961818
-5.28589841 -785.50991369 151.46347420
-4.96370000 -782.58645000 154.01345000
-3.76840460 -768.41818201 92.95034615
-3.90219585 -786.43911654 152.72359606
-4.37986210 -783.93547374 153.43384247
-4.70164861 -766.56594028 93.71374167
-4.74443529 -773.09254118 90.91241765
-3.14198564 -783.85894429 154.54871886
-2.70098549 -767.48077626 94.62589407
-3.01009551 -788.14798652 153.49134213
-2.61898453 -786.16343892 154.46766124
-0.73645965 -786.24042437 156.00628754
14.30625122 -793.22467100 164.85134797
-0.59657652 -768.38690100 95.75505589
-0.43357514 -789.06479405 155.78576874
0.20585169 -770.96790112 94.78310749
0.58697143 -775.99306842 95.18315113
0.72627005 -786.63970749 157.22081337
0.95639688 -791.28083437 157.17454375
2.65310335 -789.27130144 158.38847184
2.77471851 -791.78372767 158.43553514
1.89751861 -771.54154417 96.15643213
2.20255839 -776.37341644 96.30446577
1.25655667 -769.50485000 96.76837000
8.77987018 -777.31626209 101.21903589
2.50653912 -774.35830137 95.90532998
5.88542181 -789.45790120 160.69535638
2.39880883 -786.86956025 158.37374258
3.26452510 -771.08962198 97.95700403
3.49256771 -777.10325516 97.41904798
3.84111852 -769.50169630 100.08249259
4.00583333 -769.88448333 100.19766667
5.42924836 -774.14180039 98.59438008
5.57935165 -777.34290802 98.78088462
4.80284681 -771.76994350 99.17858431
4.36359400 -787.52141000 159.70333600
6.36914062 -792.03092132 160.42916397
6.66197407 -793.89914444 160.39007778
6.79119009 -773.40104009 100.45790047
8.18726162 -790.13899030 162.22788929
7.42241855 -776.68450242 99.69134274
8.57842279 -792.27030892 161.68369377
7.31001463 -775.50480732 99.69286829
8.78967458 -794.19562263 161.36941955
9.79621034 -790.52163103 163.16208276
9.94629259 -776.06037778 103.93304938
10.85100854 -793.00804484 162.60914093
10.30656250 -790.68326250 163.35740000
10.98766869 -777.65254777 104.44165978
10.33881294 -777.87808118 102.72782353
11.58370046 -779.61982342 104.94628074
12.59381818 -779.65438864 106.09069886
12.40590000 -778.55150000 106.04440000
12.84811212 -794.69229697 163.10222273
13.38062000 -779.59018000 106.38762000
15.82900000 -793.49485000 166.02935000
17.36769196 -795.25282446 165.09548125
16.28210000 -793.72820000 165.86740000
18.11856989 -794.50151613 166.28744839
19.83111576 -796.12905707 165.74419565
20.74674726 -795.75936266 166.42990627
23.19524863 -796.37234098 167.18080820
23.95835188 -797.03825188 167.42432932
25.54562439 -797.25735854 167.87773902
