-49.67317224 -748.68941530 39.39414379
-51.17564838 -744.03137061 38.38892192
-44.78315275 -739.82972301 20.91794027
-50.65042500 -748.53107500 43.00668982
-44.37767290 -740.50925395 35.46936545
-44.59203930 -745.71797904 30.54545642
-48.81699674 -748.79763487 40.68627124
-44.19264814 -738.02528447 29.39052308
-50.36020000 -742.41000000 40.00643982
-43.10543038 -738.77566289 32.49846505
-49.52593730 -739.00923203 32.89467420
-44.39616382 -737.92049840 14.39485458
-45.20900369 -741.90604095 25.87176331
-43.82450462 -736.42020462 13.96393059
-44.23537536 -738.21156838 32.58324335
-44.03800369 -737.92640986 26.20090232
-44.54060967 -738.16282723 17.45783502
-43.19179259 -744.58767901 28.29643118
-44.69361669 -740.52962859 38.63607230
-43.99125000 -736.39831875 18.50913357
-44.43403415 -743.18816837 26.96411005
-48.23987552 -737.84082988 29.42981968
-43.13474656 -738.93868275 35.30161753
-44.15720000 -739.54957778 18.76457871
-44.90378780 -737.98153770 20.32195043
-43.16109120 -738.11389465 23.71515512
-46.60357143 -745.60175357 30.82461482
-45.04314483 -736.24790961 20.60555608
-48.29656026 -741.36085188 29.39264967
-45.05866682 -737.97851589 23.17149195
-45.15226892 -740.71372726 23.55397929
-46.02313997 -736.14109641 23.09428387
-46.53413139 -737.78325650 24.10429324
-46.43855694 -740.18732894 24.52646158
-50.32163552 -741.58335082 37.96726660
-46.43585786 -736.17783333 24.30500397
-44.56447739 -740.22500676 41.47959892
-47.20446721 -737.83148981 26.37736009
-46.99027867 -740.85269484 26.54075806
-46.95153251 -736.28856117 26.01574885
-44.25950000 -739.78486429 46.00991125
-42.54668276 -742.57252759 24.85080189
-43.28393333 -739.51633333 30.63497316
-48.53379969 -744.26787192 32.13319357
-51.17415460 -747.18784516 41.58975030
-49.76847902 -746.19782028 36.09017447
-46.44873404 -742.65815532 27.78887387
-47.31878786 -743.57820435 29.79446463
-44.93280381 -744.50979260 28.92863750
-44.54516152 -739.17591286 41.23572322
-50.78837276 -747.77814647 43.08980104
-49.37497755 -740.38178673 30.80318982
-50.48833457 -746.96801683 38.32962259
-49.87604962 -741.19260067 32.55481813
-49.16507286 -745.34017000 34.18733554
-49.14238839 -741.96423810 31.25211155
-48.97916231 -738.22742108 31.88882798
-49.61801463 -743.38401620 33.16401702
-42.87327823 -738.68882177 20.09935920
-47.64217967 -746.16899907 32.84361669
-42.74714255 -741.52054691 23.42990932
-50.46985413 -741.04823547 35.50035302
-50.42253884 -744.04236230 35.41399859
-49.64089752 -739.18422795 34.58325504
-48.37490074 -747.04686570 35.26715982
-49.23318889 -738.70583333 34.21748427
-44.48461257 -738.57292151 35.50547384
-47.79315384 -748.21325319 37.86934343
-48.58137413 -748.69102297 38.95543881
-50.86230880 -744.31974899 40.97146077
-50.23944522 -748.81242563 41.36074447
-44.51504948 -738.84858744 38.62310360
-44.28012275 -740.02321739 44.33871195
-44.61755755 -739.41217500 43.71805909
-42.92253538 -738.31802883 17.73032408
-42.92840332 -737.83807427 14.41216949
-47.79350000 -736.46773333 28.16117316
-42.62482579 -740.13735172 21.05011174
-43.13536153 -738.36371039 26.20028754
-43.10156622 -738.52638337 29.36186789
-42.92053574 -743.16252121 26.10278716
-43.04857523 -742.41352752 25.13509028
-43.21263684 -739.24264211 37.85486263
-43.18716887 -740.05571708 38.36348803
-43.24217273 -740.10708182 40.46080346
-48.24451653 -748.28950805 40.47276186
-43.14923287 -739.97790100 35.54045225
-43.19212478 -739.72454469 32.91879292
-43.70682803 -739.81122992 29.67163755
-43.61985811 -740.19157378 32.48526009
-45.16524326 -746.51734148 32.32056219
-45.82994143 -747.54775390 35.09175185
-46.21295000 -747.78570000 37.01293982
-44.15580000 -739.48800000 46.07803982
