-44.82163539 -742.79489786 53.57550221
-47.18084902 -750.39154902 34.91467927
-43.38440287 -742.19171062 23.61064093
-52.21708644 -743.15821680 38.32491767
-49.16833906 -742.43397943 32.17449994
-45.62898333 -741.17981667 47.43358810
-43.76085833 -738.14988750 16.69000893
-49.64494403 -751.79071318 38.40461198
-52.47612542 -743.95417458 40.35376380
-54.47601960 -748.83083342 41.61040052
-43.03758132 -748.00639357 59.52689089
-48.91208627 -750.73760318 36.05609434
-42.87314505 -743.03646310 47.65532625
-43.47769545 -740.91424575 35.10747963
-44.95074335 -741.95600116 50.51525968
-42.45389708 -742.38901118 41.57007542
-53.61596083 -746.81894424 43.29531106
-46.17625891 -739.82645091 26.55819172
-50.53646250 -745.47810714 33.85667679
-45.33710000 -741.11724000 41.49443143
-49.24100009 -749.30634122 34.68225825
-46.14681696 -745.66621668 29.65720594
-45.19254545 -741.60707455 38.99861810
-53.61974213 -745.95824104 39.23717526
-53.49549903 -750.56198447 39.95115395
-45.28035044 -747.52460708 30.77315152
-50.55226404 -741.03899888 35.72336525
-41.57414200 -745.68553227 47.67426039
-44.62123377 -740.87626053 32.68162625
-49.85836162 -740.51848970 34.60460279
-51.14625049 -748.80273123 36.07071184
-54.79419626 -751.49527246 44.36020869
-48.57430911 -748.35436107 33.36374861
-41.34265429 -744.58891714 45.42856286
-53.81482234 -746.47848617 41.66383306
-41.79447559 -747.68314547 47.88516807
-43.31751096 -743.14641803 50.43959849
-41.96254441 -748.06713483 53.75807575
-44.56064074 -744.57852963 37.63089735
-43.10053164 -740.55102371 29.46333057
-51.94081967 -752.54027074 41.52117722
-50.79991531 -750.53217185 36.62470896
-45.30912604 -741.96609475 41.66818970
-52.95353152 -745.23748662 41.52591130
-46.19828994 -738.10244911 26.43830634
-44.79159779 -742.35694926 32.67205819
-44.96673078 -739.76969005 20.54865180
-44.78073333 -744.29043333 36.96807143
-54.31388431 -751.24324697 41.69128363
-45.27748774 -739.74822711 23.76021733
-46.95891667 -738.15121667 28.26798810
-43.52183021 -741.16667292 40.89516622
-45.27200377 -744.73840226 45.06055992
-44.02347600 -738.11992800 23.14559943
-41.33942846 -745.31574309 47.81972834
-42.23103996 -745.42163278 41.73385711
-46.83012724 -743.07116017 28.62469222
-49.04060975 -746.05267380 32.56376799
-54.46152275 -749.17892759 43.98474202
-53.69564063 -748.70755444 39.46922225
-52.86520143 -752.70231029 43.64673057
-53.07671027 -745.15078914 38.42999226
-51.76236110 -751.26172961 38.64127228
-52.52628023 -749.13986192 38.02417064
-53.31085000 -747.78853000 43.87892143
-53.22228793 -746.46710000 43.19670764
-41.34545000 -747.26365000 49.42777143
-46.97529236 -746.97854514 31.25715198
-51.76469961 -745.77548354 35.78288103
-51.46164220 -742.57692628 35.87991437
-50.55787000 -743.00456000 33.80212743
-50.18816905 -741.47376310 34.38101071
-50.23197222 -752.14065278 40.29878532
-50.19075000 -746.88159394 34.23796840
-42.24095250 -742.65215707 38.70912686
-48.85516743 -740.16457221 32.61192396
-47.82870041 -744.90004702 30.56914207
-47.91642323 -742.68523869 30.01692728
-47.67336990 -739.85501932 30.01970783
-46.50068395 -748.50129510 32.42336260
-46.46182223 -739.74952039 28.83654357
-47.07378073 -750.06158624 34.35059987
-42.44178077 -748.01660463 56.57371224
-45.94127466 -742.63551521 26.74168513
-45.45301519 -741.89186225 44.49559584
-45.20607950 -741.64365098 47.86510986
-45.36546820 -741.73034598 24.29895476
-45.37181053 -741.17394737 44.45303459
-44.93371032 -744.79817336 27.51293614
-43.59117500 -744.34265000 24.99999643
-45.01934827 -745.28533764 47.43636887
-44.95177402 -738.06774173 24.20493363
-45.25783333 -745.54286667 49.22974921
-44.87219114 -742.43347975 35.44392459
-44.94304417 -739.11659449 14.54915038
-44.88727740 -739.44897509 17.83531128
-45.07402941 -744.33118824 42.69114202
-45.24240000 -741.27310000 21.95997143
-44.69976070 -743.75935638 55.87436670
-44.49370870 -741.12842609 37.88116708
-44.60835797 -741.02154058 34.82891201
-44.53567328 -738.09470431 13.72448091
-44.57293324 -744.80257026 57.44530379
-44.59863636 -738.15881818 17.17787143
-43.52168324 -746.53614653 59.39333052
-44.43673556 -745.97242833 58.86669365
-43.30350977 -740.73109422 32.42223972
-43.35292408 -740.10597118 23.43699517
-43.16192485 -741.94308181 29.53414738
-43.33794161 -739.77093120 20.68394806
-43.36881785 -739.40669107 17.64006681
-43.61459899 -741.09024173 38.50547344
-43.56532308 -743.48323164 53.41522147
-43.58193444 -741.96077848 26.98224802
-44.31152778 -746.32384444 28.33427976
-42.67216184 -745.70550810 56.36366378
-42.63604517 -742.67170373 35.33063690
-43.95997172 -743.96112107 55.63069010
-43.14678474 -739.03066914 14.68999742
-44.08635738 -744.99618663 26.45213201
-42.69116136 -742.55197505 44.51994497
-43.73648902 -737.92469176 14.09592986
-42.93964193 -744.76695602 38.95777143
-43.18906514 -740.32917878 26.78792842
-42.89474241 -742.30069480 32.64427071
-44.11325000 -741.19080000 43.24462143
-43.80504615 -744.24771538 36.99920989
-43.33713333 -741.23500000 21.83333810
-43.77763500 -747.11435333 61.24027310
-43.55639126 -747.88318222 61.68310915
-41.88903034 -745.87660862 44.64113789
-42.03979615 -745.69775869 53.68480848
-42.50280867 -747.35853633 45.34440943
-41.66074332 -745.74854092 50.63007483
-41.66045667 -747.91694137 50.65292946
-41.33695167 -746.00677833 49.68095310
-41.31192500 -745.66092500 52.38914643
