-16.20537910 -761.67769701 81.50662377
-28.58377826 -761.24882609 108.50534525
-50.27979822 -750.83342247 38.73476612
-61.77370000 -744.58168718 150.55360199
-50.65939931 -756.56543796 41.78857699
-30.95765570 -759.40272785 68.72921624
-36.20712653 -750.18608163 62.88339237
-2.48011566 -775.84184840 97.18824862
1.68933654 -785.75923654 103.24949751
-41.50478729 -744.12389323 32.60777554
-34.50137826 -755.64675652 87.31782786
-53.20495077 -752.70913846 130.04426251
-28.40162561 -756.39175366 69.28927762
-50.07500510 -748.31009942 38.52617912
-25.98777143 -764.66485714 115.15970053
-70.02759821 -737.38542976 159.30621422
-32.77092645 -754.30538841 89.21252079
-55.83587500 -743.42310000 144.56581481
-46.07000405 -755.91480304 38.83923137
-39.22247755 -753.93700104 86.26562317
-15.13884440 -771.96004847 85.94911342
-61.21274490 -740.21359082 151.12844543
-30.27498257 -756.88255377 68.26136494
-36.93210069 -746.20678759 54.20381757
-1.93536827 -777.59495533 97.27100111
-37.19430968 -752.63415806 69.27409546
-52.89843019 -753.17506226 129.31747708
-42.18791931 -754.17109889 107.26998441
-31.64790000 -753.89540000 90.65751481
-36.29154280 -750.04889060 74.25492137
-37.57038471 -746.09531059 42.19524893
-29.59735264 -754.16672581 68.04735533
-34.89842716 -758.83556049 95.70193333
-46.83027009 -747.90818037 33.46525220
-52.62820000 -752.57440000 130.04321481
-28.56551077 -754.61465538 69.58580712
-67.98296528 -740.79579722 157.67388009
-16.70685000 -770.48575000 84.76101481
-64.97440216 -741.25990719 153.40865151
-44.65493347 -744.97877636 29.32116886
-32.42819940 -760.09474677 100.87984684
-37.56167059 -752.40930882 112.69921481
-41.91165000 -749.75105000 30.51466481
-38.06147014 -749.37582914 67.75644179
-54.07280376 -750.75213818 134.29068252
-37.16151740 -747.25320198 47.51955075
-12.56665880 -774.86253116 87.31666992
-37.45269401 -746.84596627 44.81518208
-42.46152870 -741.93742406 17.28636448
-51.29503784 -747.49215550 137.11145942
-29.30856630 -758.00658453 70.17106564
-33.85505153 -751.20028400 83.27046846
-51.68876977 -756.89198455 45.98325800
-47.72846592 -756.03114385 38.95935532
-50.42995562 -748.57826882 40.91691960
-15.54537662 -762.95196835 83.26720460
-41.01427109 -757.18484269 95.50689548
-49.37522783 -747.60051606 37.48782339
-40.46677500 -758.58822500 93.15477731
-46.73051667 -755.48366667 114.51525648
-37.47327340 -746.37977766 49.74832226
1.43015000 -785.58015000 102.69216481
-46.02588105 -753.31628534 118.74419753
-22.83064286 -767.74722857 79.21381481
-44.77663610 -752.23743080 119.37142992
-38.20127431 -749.95354128 59.58721848
-48.34054595 -756.01488441 119.08391016
-3.32323639 -780.92551525 95.56122299
1.44995435 -784.87801739 102.50566699
-49.78592000 -755.42305333 123.61674815
-29.59218955 -761.74554179 72.23040138
-10.79616667 -767.40621667 90.79636481
-55.80010000 -750.86546786 135.08421660
-21.91427617 -762.61135000 77.98531715
-59.24141617 -745.12484004 146.92355391
-49.59346250 -755.42577500 39.81071481
-48.18849797 -750.98245512 128.23725905
-36.34294503 -748.21550067 58.97416726
-71.19343741 -738.01640432 160.35851913
0.16953362 -781.42786589 100.54801874
-34.17233681 -755.98435244 89.40957670
-39.03317351 -746.80006140 41.20930106
-47.59015364 -753.07572980 36.29083601
-41.66005265 -754.41358510 104.24782103
-34.15752561 -751.27409122 77.36322067
-28.74347000 -752.91422000 69.80359481
-50.98225448 -748.89472952 134.53830905
-42.00438750 -743.64618750 21.40091481
-36.67994290 -753.20446797 107.14476783
-32.35428000 -758.69260000 66.49725981
-36.80804812 -747.78129595 53.25828020
-48.76126226 -747.26224543 136.65306578
-43.39346166 -756.21423815 106.51076279
-44.15208360 -754.98846975 110.57008294
-18.16249212 -769.15024208 83.12798709
-48.45713896 -749.43001948 132.46342131
-45.94625294 -749.61881176 132.81639129
-37.25454646 -752.63533333 101.85381515
-46.83300455 -743.41301818 34.31896481
-42.85245273 -750.50234786 124.90004583
-49.98621667 -755.59976667 123.96879815
-44.21959552 -752.47329701 117.39379243
-38.28470100 -751.34663992 77.21672157
-61.95354510 -742.05063137 150.41633050
-54.28741446 -744.55964795 142.94735718
-45.89551740 -744.97613695 32.10586011
-39.58688516 -753.91857421 89.20791843
-13.48560932 -764.21014237 86.58834871
-45.28686294 -756.42922250 110.04604459
0.53516909 -785.70075273 102.23138754
-34.06670429 -748.23496937 59.51734463
-39.56853277 -753.35222633 98.09910530
-27.62400766 -762.20728278 74.83048100
-42.34094282 -753.57788636 110.14752030
-18.33040295 -760.52401208 79.60544766
-1.92162593 -784.45616296 100.02265185
-36.71250563 -748.86640525 65.31567129
-12.30514194 -766.48064853 88.75803372
-40.73828000 -758.34916000 93.65009481
-38.66293387 -747.87948249 56.14634020
-30.98123750 -761.69752159 105.24015913
-9.48803661 -777.54893056 89.77429091
-22.49353448 -756.10061379 75.49564930
-64.61011667 -738.97868333 153.84073148
-41.86229895 -752.15908200 116.32517281
-59.45186519 -747.50637832 146.36150453
-55.67010000 -749.52780000 138.64801481
-28.23820769 -752.35346923 70.11307251
-70.42991429 -737.18990000 159.87750291
-48.10774411 -754.05837757 122.28153154
-19.79900000 -770.62840000 82.04051481
-40.90804598 -754.95439296 98.37673843
-38.37005270 -753.78451066 80.27788734
-42.91258092 -758.66196794 101.17271634
-71.81964745 -736.91134020 160.94221932
-48.76055642 -745.80884636 37.57551194
-70.79496667 -737.32673333 159.60731481
-8.30209803 -778.67630345 91.22616161
-70.78953939 -737.97581818 159.54066633
-58.83933846 -748.82868846 144.23213789
-42.99287778 -750.88091111 32.47130370
-39.78434521 -753.61470115 95.31635908
-8.01942601 -771.54398520 91.07880809
-70.28596154 -738.97195231 159.97672251
-62.53244120 -744.52748764 151.94225237
-69.10105632 -738.52079119 158.20546065
-46.33077097 -749.18697742 133.43938417
-4.90867188 -782.74930938 96.21823044
-42.41319258 -742.38041978 25.93145392
-61.62596154 -745.79923846 150.84170712
-36.20594394 -751.47437169 92.05323276
-31.17330863 -756.57670791 98.22119683
-17.69370802 -766.20025988 82.58968136
-41.77470632 -744.35346053 29.25201271
-67.88174242 -739.56799242 156.45727088
-67.73595000 -740.67766667 156.54756481
-22.64740000 -755.53560000 75.23201481
-67.48124333 -738.15289500 156.95662481
-67.15290084 -741.49115042 157.18315683
-65.87602865 -741.77318611 155.09645883
-37.86063521 -752.72787465 71.74631059
-43.87041917 -744.30236755 26.88176791
-35.56489887 -754.83308756 82.89752816
-50.06157949 -753.41060513 39.22286353
-20.89064276 -768.52834901 80.40582057
-66.33780096 -739.16364991 155.16832200
-40.21537411 -742.51661473 23.00947263
-51.22236146 -750.98305043 41.31020330
-64.87944412 -739.84350196 153.51736089
-51.06022852 -750.88609779 131.24838390
-63.50753634 -742.05586733 152.22719863
-64.42560452 -743.20133097 154.28195611
-46.71126667 -743.12046667 33.43344815
-63.35338350 -739.78679817 152.43006781
-44.08393305 -742.29846077 26.91753891
-25.85096269 -757.02482090 72.88605362
-37.07451440 -753.16677449 109.97355514
-30.23351298 -751.75671641 68.03755317
-48.94673566 -753.45891860 124.81107502
-63.96334400 -743.78420400 154.15802681
-39.31904356 -744.57464680 35.46188128
-60.12809960 -741.76424432 149.10074074
-60.72286770 -745.23996688 149.04180959
-37.78496667 -752.70758750 56.74810231
-51.96391440 -750.05132776 133.57106700
-46.13747215 -751.18372025 34.23162368
-46.05393642 -743.03650432 32.14322428
-29.57753313 -760.14901272 71.22436076
-60.55556493 -746.89412015 148.48746034
-30.26825956 -758.26022941 103.29116261
-60.38525641 -740.41793333 150.36409302
-59.00084783 -742.93885072 147.36333221
-58.11684211 -741.42181404 148.24487563
-57.80710842 -744.66143711 145.56613131
-57.45533364 -748.05067362 142.98187991
-32.88278201 -751.22139205 62.20969435
-41.12095917 -752.45468417 114.27873565
-58.39178061 -747.16782449 145.07359645
-57.11317850 -742.55181862 146.58860782
-33.30680258 -759.31001813 98.36660162
-20.08527682 -760.92567364 79.11901027
-49.14815418 -751.12775903 37.31497920
-40.88484834 -745.13220099 38.32939048
-42.14332523 -758.65205225 98.19780400
-42.23370524 -748.31053333 28.87427862
-34.59164762 -750.32341429 57.47657196
-57.11621698 -749.83660629 139.80069249
-58.13054211 -749.64859474 142.00028324
-41.62269964 -757.05123256 98.16653971
-56.36381589 -748.74045047 140.62946659
-56.52196647 -745.48194337 143.69839253
-43.72670000 -743.94150000 24.65271481
-45.05783069 -742.58879751 29.05540422
-43.75265789 -742.51778947 19.34948324
-56.26877281 -750.27437855 137.51284382
-38.95877129 -745.91915678 47.12310086
-44.16989583 -757.20394449 107.32721749
-40.04942257 -743.17909459 32.37059642
-46.49880227 -756.28404091 40.05702845
-44.64546733 -747.01198515 30.12786779
-42.11774266 -747.22228945 26.49694371
-51.23432128 -751.50147559 43.65532727
-54.61746939 -747.55240508 139.82556178
-53.63630227 -745.86938309 140.89817688
-40.46300490 -741.97112876 20.42148965
-54.76011675 -750.00368325 136.72926456
-39.97914441 -742.68534868 25.99806975
-46.26310783 -755.76494885 112.80604984
-55.15724175 -742.91234948 145.35215090
-42.28473990 -744.72073731 25.86015057
-42.58545358 -742.13507696 23.16809152
-42.78274164 -740.17716057 17.00839463
-54.37724643 -743.35189107 144.38360499
-55.53703333 -743.57996667 144.75291481
-53.73487411 -748.55720304 137.60572987
-35.91734408 -746.21686118 55.61841745
-43.42518947 -753.03838947 34.80344639
-55.48675000 -746.60480000 141.71736481
-42.12973214 -740.42998036 19.48409517
-28.93259012 -762.81297284 109.20602469
-53.61107383 -751.84648213 131.64177354
-52.79665385 -749.36639231 135.45133789
-43.76042500 -740.41897500 16.37931481
-39.77192189 -751.50202108 115.94090684
-51.48288401 -745.54012874 139.99704069
-4.85408125 -774.60085391 93.93721950
-52.28462642 -744.43476981 142.13936104
-51.34875835 -753.32475749 128.02954545
-42.15428777 -751.48439277 119.12730489
-52.37218800 -746.65061600 138.98365881
-45.73042025 -750.06649114 33.29111988
-24.51206281 -755.02444648 73.46528793
-51.41285305 -757.21019376 44.24954415
-52.00732850 -754.05913840 44.27014858
-50.53254809 -746.32815191 138.40087588
-51.25482163 -754.00902642 41.39889942
-50.39314131 -751.96350098 128.92302072
-51.49283846 -755.12008615 45.82920097
-50.22266322 -754.59658678 125.33279271
-50.19675000 -749.50723333 132.60948148
-50.46410000 -749.44675000 42.74536481
-49.82656957 -755.69193043 123.33082351
-48.13861729 -750.02813733 131.02135755
-42.29585848 -752.92979232 113.20359717
-48.67122742 -753.83689243 37.93729419
-49.01719156 -757.71219156 43.37113528
-36.28638905 -750.06827683 71.50666767
-48.22244082 -748.62868901 134.22372945
-49.09022560 -755.85425520 121.83438081
-49.58226111 -746.97756111 39.89105926
-48.39436615 -757.08272308 41.33727613
-33.85181553 -751.08117330 86.16739574
-49.55521111 -745.94637778 138.77250370
-49.57681429 -752.61678571 126.99247196
-49.32820164 -746.33695246 138.14063285
-38.27544047 -749.08140432 65.25291167
-33.10516243 -756.66909273 65.57384741
-48.16280492 -747.99592093 35.35636298
-21.31647311 -759.83447137 77.74286006
-47.65303760 -751.75991657 125.28192616
-48.00237640 -750.69067587 35.74796244
-47.52415107 -745.09814933 35.18094402
-47.82352721 -755.99082739 116.24829901
-47.32477675 -754.68792878 119.30158296
-36.16613610 -751.61488327 95.42595695
-47.27682383 -756.08222250 113.57990781
-12.31482713 -771.99729356 87.12652458
-39.16304807 -753.32102170 107.27073781
-47.02971210 -755.26252491 116.61747674
-47.02651716 -752.13505248 122.84987785
-46.86406364 -756.64949091 111.32029663
-46.80363402 -745.79472680 33.52258595
-46.54607500 -752.68721000 120.95497981
-43.77217228 -758.22498218 105.33771779
-45.64142103 -750.12248189 131.02427220
-46.61695862 -743.94193448 33.79562516
-45.89931992 -747.74659608 32.16304258
-45.17998840 -751.74108699 122.28815453
-23.23433645 -760.26515936 76.15629610
-44.86231029 -754.35041255 113.53239718
-2.79632357 -783.40583758 97.75652182
-46.58631071 -743.33238571 33.91029696
-45.18723079 -750.55690940 128.23295072
-19.01547143 -765.49124571 81.21562339
-45.14624839 -751.10627228 125.08416141
-9.47059068 -772.11168708 89.30677798
-45.41426010 -754.96175722 37.36105996
-45.22794930 -753.68847963 116.11201488
-44.87980440 -753.98367859 35.95411276
-43.39122778 -758.64073148 103.63122593
-44.09686834 -741.57780554 14.19583328
-39.07682704 -745.31421501 41.04364072
-43.90685563 -740.07488278 13.77760554
-44.25300000 -758.54570000 106.29891481
-43.84145529 -741.69498635 16.78014144
-43.82102500 -758.60387500 104.75907981
-6.38813513 -772.13458447 92.63991776
-43.74328571 -755.44148571 108.44649577
-43.36968198 -750.38530090 127.36679770
-36.14576709 -751.71842034 98.14844052
-38.00756897 -755.99117471 83.69478838
-41.14189159 -744.47687793 35.09377730
-42.40717262 -750.83617618 122.16582637
-42.97142852 -752.68046492 115.36246203
-42.24641982 -741.60674209 14.35670412
-38.53559153 -752.08927828 89.16223570
-42.99200625 -756.96899716 104.15677106
-42.25531136 -742.16658184 20.23177724
-38.49032672 -750.46466456 54.14211222
-42.75599588 -739.61144825 14.07706698
-3.68212853 -775.14454338 95.38448548
-41.69323473 -744.32892898 23.64995972
-38.27683211 -750.55538621 65.42645164
-43.35483333 -752.44483333 34.16191481
-42.30693011 -757.05673022 101.18947119
-41.39580729 -742.87545560 29.23672372
-41.07995502 -743.28602871 31.85649879
-41.18955207 -754.55663614 101.29757274
-41.31467872 -758.62727234 95.51532120
-35.23597901 -755.33670247 85.45226914
-36.08986628 -750.74456802 65.37503865
-40.74560939 -745.59639337 40.42433912
-40.75989010 -755.32121287 96.13941283
-40.71705000 -743.50045000 33.80036481
-39.03423203 -745.18277356 38.34585678
-40.58234589 -756.51575797 94.11143027
-39.15994982 -753.22955018 101.19334987
-40.00432160 -742.83522751 29.51905150
-39.15449469 -753.31634991 104.13073490
-32.92401656 -748.94073742 61.95562800
-39.15284024 -753.12914064 110.16549041
-12.38060000 -776.59590000 87.62651481
-40.17607503 -756.96842365 92.17684998
-40.32522542 -750.68157917 118.65937106
-39.46110729 -752.70716605 112.59257637
-40.52164146 -744.37085854 23.44905140
-5.08508252 -772.38062104 94.16210737
-34.27941348 -753.24523121 80.68550701
-40.56949667 -741.64704333 17.95141815
-38.01408750 -752.39891524 95.19009622
-40.03577538 -743.40090653 34.30860024
-35.68393982 -751.38082618 68.33538263
-39.08349074 -752.22942984 113.74892653
-35.09082697 -758.27223708 94.31889796
-40.28836289 -743.83274433 26.42601172
-39.21178462 -744.52563417 32.61822233
-40.64330000 -750.30570000 120.72651481
-39.65773514 -744.19486261 29.60400851
-39.20514660 -745.51519652 44.08524870
-38.69609579 -747.25532548 44.35084731
-39.77235284 -753.73341549 92.15393367
-38.87266090 -747.64273359 47.23422186
-34.44245183 -750.75801990 95.14263942
-37.46854602 -746.13257988 44.32025707
-39.37849297 -746.64606719 39.04882106
-39.46201325 -756.99793052 89.45002546
-39.09487067 -747.59642918 50.37699305
-38.77459150 -747.50376533 53.09812953
-38.54884804 -746.28501457 50.10406605
-5.41117343 -781.16242581 94.43858474
-38.26961568 -752.23533920 92.00665321
-38.57856511 -751.95881594 86.19719692
-38.58071042 -756.74990845 86.45482749
-38.57481733 -748.29952155 59.13062850
-38.52271587 -751.83685589 83.26117584
-38.76088300 -753.85430077 83.08068969
-38.46407513 -748.69543076 61.95911837
-38.42004083 -751.62811416 80.21484680
-38.04775020 -751.48899861 55.53319874
-38.24518191 -750.24193876 62.33477321
-38.17132233 -746.48813592 52.18777598
-38.25783592 -750.64259900 68.31469464
-38.19374340 -750.93781833 71.34095336
-38.21392977 -751.12855147 74.17513892
-38.16556929 -753.36706952 77.34134458
-37.98869920 -753.01045261 74.31744694
-37.80546752 -752.47927179 97.63833362
-37.73090000 -755.59780000 81.70921481
-37.21877697 -756.67702829 83.03521547
-36.98753209 -747.59993879 50.22199273
-36.23672024 -751.22897313 89.18251426
-36.57540396 -753.08559043 71.30209930
-36.64007054 -750.95953523 56.39564924
-36.61711095 -749.20544490 68.25105685
-36.33724606 -750.54404298 80.14301439
-37.45867377 -752.75457705 57.37678039
-37.37008138 -746.27360372 47.14956926
0.41852397 -783.98181368 101.08877320
-34.41684310 -751.23454353 74.61377387
-35.99829867 -747.71941685 56.31686160
-36.83517897 -748.47298214 61.96303783
-36.56686549 -752.81657522 104.27830070
-36.30296594 -750.79111264 83.18871217
-36.21185625 -754.45912109 80.24962575
-36.26082307 -750.26215511 77.21859034
-36.21359317 -750.96850522 86.18374119
-36.56391007 -753.89448825 74.00581817
-37.27984404 -749.80792202 54.37006344
-35.40683084 -756.03214112 86.73762229
-36.47707793 -754.40357095 77.43585057
-29.31089733 -760.51055134 106.92314421
-37.60925000 -752.56892500 99.38556481
-31.38972190 -755.25592190 94.97560148
-36.75860267 -755.94439956 80.56573348
-37.46418387 -752.68233226 112.05300514
-34.71920000 -759.32200000 96.97731481
-36.02535865 -752.06651199 101.07625959
-36.54278092 -753.14433687 59.47430734
-36.33931230 -749.43472022 70.84784624
-35.77443312 -751.93726414 58.81506586
-35.51988237 -754.16778726 62.08068228
-35.56099486 -752.40137749 103.40698555
-36.46130000 -755.60070000 78.56981481
-35.33707827 -757.49819309 92.13121753
-35.26298987 -756.65975440 89.36839055
-35.29976667 -755.75301212 63.48445421
-34.87545455 -755.97175000 63.88160118
-34.74485000 -755.40670000 63.78750648
-34.04616396 -751.15758612 59.64499188
-34.58635897 -750.73044872 97.46475328
-33.33408385 -753.43656810 62.67461381
-33.12252855 -757.34876818 95.24977050
-34.18702493 -750.89324934 91.90503232
-34.01743683 -750.96516439 89.10619481
-32.75030182 -754.55449925 64.50488337
-32.29007409 -757.97007611 97.76750429
-33.92672126 -751.29026000 80.17441313
-33.92433129 -753.74116433 83.14536514
-33.74178139 -756.63349624 92.34867854
-34.60801250 -751.03245000 72.36072731
-34.56397500 -752.68892500 78.30596481
-34.23611057 -758.81853415 96.29674571
-33.36640419 -754.07660676 86.29004428
-34.60784000 -746.86966000 57.56099481
-6.52363228 -780.13679614 93.17737376
-34.61890000 -751.61790000 101.74711481
-32.28106714 -754.79223059 91.87976297
-31.98957516 -750.84266536 64.51589760
-31.92129912 -761.06863540 103.25828384
-31.90209329 -757.51498598 67.09470262
-31.88004444 -755.34465333 94.26285926
-31.85888136 -758.96995932 67.20334024
-10.63870000 -767.45390000 91.00981481
-31.97900435 -749.44372609 64.21345395
-31.46078000 -755.74298000 66.62713481
-30.95497516 -754.02793920 65.63768775
-31.38384655 -755.73909483 96.17699068
-31.38338841 -751.29907450 65.89071117
-31.19341326 -759.45565093 101.85712834
-30.75965355 -757.72278240 101.08389452
-4.75978636 -777.61357045 93.86790118
-30.40893333 -760.05828649 104.25191380
-14.68038714 -774.17046810 86.75938339
-31.51983519 -754.58527407 92.71248889
-31.57930000 -753.39760000 63.65463481
-18.52526326 -762.63948197 80.82316407
-4.64960000 -775.76780000 93.69931481
-29.67561557 -762.11134269 107.23846906
-29.02538872 -762.06396890 73.37680536
-28.87545759 -761.17186456 72.97431292
-28.79087778 -760.99154444 108.94235926
-28.74217778 -752.24340000 69.85471481
-24.35047566 -765.29012699 78.40669490
-27.18679938 -760.55653986 73.63352522
-28.38560153 -761.21111221 109.29941710
-27.84954900 -762.62099551 110.60762965
-27.66795294 -759.24210865 72.25721603
-7.55069024 -774.98500488 90.54882701
-26.98737145 -757.08857080 71.54384886
-28.53487097 -761.78664839 108.52155352
-27.13729193 -754.35587770 71.15637336
1.64774742 -785.06077835 103.06101172
-26.60660079 -763.31843492 76.52794392
-19.72235000 -770.31193750 81.84452731
-26.94118444 -763.57349624 113.03841106
-26.09939808 -764.36803269 115.03759943
-25.93680000 -764.74446429 77.81487910
-25.70330000 -755.52880000 72.74796481
-24.68306240 -760.10985665 74.64111481
-24.10576887 -762.90566097 77.07878805
-24.39985285 -756.90440399 74.21383257
-25.27641786 -761.69386071 75.55748624
-25.38911111 -754.35844444 72.50443843
-23.21575682 -766.19599500 78.99036891
-22.89514167 -757.89404630 75.94721111
-16.10844651 -768.56466645 84.38627594
-21.39483046 -757.71667556 76.94687454
-21.23325583 -766.02958102 80.04678937
-20.55882251 -763.21908914 79.42809600
-7.75510000 -773.62090000 90.71601481
-19.17288281 -759.05789609 78.51588278
-19.55701290 -768.94057742 81.63975352
-19.37948837 -758.32849070 78.22612412
-18.44546714 -771.06797762 83.72468029
-14.39175680 -766.04978616 85.64820976
-17.27847292 -763.41979453 82.24955414
-17.24818611 -771.86558889 85.15344606
-15.96968108 -765.97894200 84.04434281
-16.28845826 -761.24516174 80.92107481
-14.67946827 -769.08342656 85.52797040
-15.71803333 -761.48143333 81.78811481
-14.09740063 -763.86469873 85.40347672
-0.71090260 -783.31363539 98.96860832
-13.26646352 -766.04098876 87.16044136
-12.80849737 -769.13134491 87.00376099
-11.45591104 -768.78526657 88.73512571
-11.24213714 -777.09774857 88.46988517
-11.21853399 -775.24374975 88.12670907
-10.98757640 -771.70853315 88.02963841
-10.80290000 -767.74355882 90.80771481
-9.30289102 -774.95119156 89.31172326
-10.00857957 -769.56929180 89.95336374
1.22453333 -784.57227500 102.95022315
-8.98892472 -769.15027789 91.36829530
-8.10506833 -779.94204333 92.36453148
-7.11817015 -770.16093358 92.50260064
-5.98861416 -777.98309069 92.45046274
-7.63851429 -773.11627143 90.66000053
-6.04047776 -775.04957096 92.39658118
-4.54474375 -778.29642292 93.59025440
-3.29163348 -778.03133516 95.35489808
-4.37287525 -773.13984109 94.98143709
-3.84306180 -782.78371798 96.44824740
-4.54970000 -779.60160000 93.70611481
-1.96480865 -781.19227297 96.96994130
-1.19088057 -778.55771629 98.34131930
-0.67887338 -780.95719575 98.42174256
-0.61205833 -779.25868889 99.92910926
1.15001429 -785.83954286 102.88764339
