-29.22860000 -750.09860000 67.14076667
-17.22484286 -759.20392857 79.12492381
-36.62719045 -750.60501223 92.40172496
-40.73621579 -747.99058632 115.86549035
-1.19810069 -770.46539083 94.96263950
-38.71167314 -752.23366857 83.58978690
-38.57992738 -743.86700000 35.47490119
-17.26317500 -768.36477500 81.56471667
-37.69873891 -751.85442594 71.68824042
-15.30614203 -758.85427130 79.96406580
-48.07678545 -757.13497636 45.55338848
-41.60414545 -741.22889091 26.48218485
-39.49752870 -754.79466998 86.71264073
-43.34707854 -754.07343370 101.46058447
-11.82137643 -771.73974714 85.62486738
-45.74346290 -753.45690161 106.49711989
-42.00754991 -752.51848062 101.81816238
-37.52129274 -750.94600000 65.75903602
-42.94673704 -752.84094074 37.87540741
-29.28759737 -756.08712895 67.26813246
-39.04143545 -752.23286557 86.75932366
-0.12756717 -772.76629294 95.45410491
1.39852542 -775.90103690 96.49917071
-45.33606951 -755.08145671 41.46407825
-44.24030000 -741.00337391 13.82445580
-32.83980112 -752.94037528 61.56886554
-42.27551923 -742.80080518 26.62930379
-39.32328434 -745.46412386 41.66014372
-50.46060596 -751.74081404 45.15283818
-27.04917452 -758.34930394 70.92330952
2.30912559 -775.96207043 98.34934963
-41.19582353 -755.93790000 90.77689020
-37.60319762 -750.51477143 98.21876151
-28.28220167 -757.68668713 68.99974403
-34.19125663 -750.52298147 89.34296267
-38.72660967 -746.30784377 47.47880929
-42.52391471 -754.35969936 98.47294790
-36.62245158 -749.09673087 53.28925996
-43.00923370 -748.40393912 116.62521698
-42.46251379 -741.13041724 28.74325287
-31.96275067 -749.38822960 60.91847564
-37.24554109 -750.56931420 104.47973494
-6.35737161 -772.90068005 88.78934540
-31.64505558 -754.34859022 63.62222322
-37.80629900 -745.20922533 38.98692333
-38.16391622 -747.66182432 55.81233153
-51.89048784 -745.87209018 131.69628890
-32.75187140 -748.53661271 59.36543743
-40.20770118 -744.92003588 29.62157902
-15.73726148 -760.83490842 80.89949367
-33.35620303 -750.93740152 86.67268838
-45.66215326 -748.70755422 119.72371568
2.85884746 -776.98499153 100.23296667
-49.10183315 -745.42353544 128.16678634
-45.20416190 -752.72279318 107.73351017
-36.40912797 -748.09892827 50.75321868
-36.95225000 -747.21356875 59.18396042
-40.72635866 -754.18310512 92.33732642
-36.52381830 -746.54126499 50.58270871
-27.28352234 -752.19326672 68.49022574
-33.93379764 -750.13018851 90.37333322
-39.71136773 -752.14142037 92.54989349
-18.73250400 -755.75768489 76.53021111
-39.37508705 -743.46515223 29.32504635
-37.54377320 -748.66837492 59.64268821
-41.99707670 -741.08090097 23.31796375
-33.80728327 -748.95916370 56.69332874
-44.49606667 -747.36006667 33.98700000
-46.03159375 -743.91233661 38.21907738
-38.17941732 -752.40508110 75.67110682
-22.03303846 -753.24390000 73.46072821
-57.41973641 -743.21989388 140.51592329
-47.58991189 -748.68999027 39.41908883
-37.60705000 -747.11343077 56.19635513
-35.69322083 -750.19985833 79.88256250
-55.39807092 -743.47490038 137.44271692
-31.67475000 -753.36080000 88.72391667
-24.68953479 -760.82027160 74.66816848
-39.73839082 -750.74207585 107.57230314
-6.67496847 -767.00209053 89.61892945
-36.56049708 -750.03118070 77.03702047
-38.47771612 -752.38770626 80.67146667
-3.15409043 -777.64893670 93.51260337
-24.70805389 -754.79760197 71.26049509
-33.58458571 -753.36451429 75.20835238
-36.72218941 -750.79575412 86.64000549
-47.46880265 -750.91720927 39.74032031
-38.01526667 -750.24611667 109.87366667
-41.49846164 -752.86671213 98.79215023
-42.84200825 -742.53056046 20.56983596
-50.17483387 -750.22368548 44.80533602
-44.31950519 -754.58812338 102.58440433
-23.56527826 -762.16936957 76.22656884
-49.69814970 -744.06919461 130.55901876
-40.39585305 -742.91412175 24.12184120
-38.81396182 -744.16973455 40.93618303
-47.70237696 -749.09574665 122.85506133
-46.23902773 -750.95032898 116.36068837
-37.98749565 -744.19198261 38.31426232
-37.67614592 -749.19678648 65.58623333
-34.75605235 -748.63451881 54.14065475
-31.86630000 -752.81773843 86.27008195
-41.44750125 -744.75294000 27.65744292
-38.38940220 -747.50322527 47.66949304
-43.07664543 -739.96222589 14.93364738
-44.23326032 -741.57430317 13.93449206
-39.23685158 -743.97605579 38.66940140
-43.25680828 -742.01198000 14.74425287
-37.66959643 -747.45264643 45.44685595
-50.66319919 -752.18092319 47.13858432
-45.35511156 -751.94777227 110.62439986
-16.92219091 -768.45567273 81.84245758
-29.69349766 -751.99464753 64.77575667
-47.97458003 -746.27987050 125.90164569
-34.10739866 -746.59201452 56.66586516
-38.18320000 -750.52760000 52.73756667
-35.05608667 -749.32396000 97.46796000
-49.58603273 -749.75581745 46.43966703
-11.68541481 -761.75330391 85.96522593
-42.95353550 -740.43604037 17.27562529
-37.11392098 -746.25933238 44.48742729
-37.94611599 -751.14961514 77.25741497
-34.56270882 -749.72851765 71.19428137
-43.22433524 -742.17764165 17.56972319
-42.53316881 -740.82344266 20.40411346
-15.26419409 -769.18908555 83.72150780
-44.27484378 -745.92612000 33.63547640
-56.43308020 -744.74956139 138.51084092
-13.01450027 -763.85345883 83.97573942
-24.84875124 -757.59124548 71.81279527
-14.43150469 -761.50131250 82.34036120
-36.29035704 -750.08829815 101.63959667
-48.07605978 -746.32282689 41.45236219
-32.05573600 -753.41247600 84.42893467
-38.27097480 -752.50165252 77.50607187
-45.10915335 -745.96951809 35.59499892
-23.67747901 -762.89731358 76.56018457
-13.14906280 -769.33193155 84.76412708
-19.28117106 -765.97781489 78.64978667
-37.64419209 -751.30027512 68.49965579
-32.06160000 -751.70180000 78.71176667
-35.02875556 -746.29827460 54.82073492
-45.94513087 -751.59096114 38.48724699
-37.96511636 -751.71254731 74.55907005
1.28889545 -773.73336364 97.71884768
-38.99149727 -745.71507104 38.87529836
-42.91443888 -743.02834340 29.44435383
-46.37966250 -753.53119583 39.79021667
-37.52911042 -754.48901910 77.54364097
-3.37168330 -775.84258492 92.12677169
-50.12390000 -753.79330000 49.06996667
-42.49111757 -742.71794939 23.65364910
-38.99143814 -745.90366100 44.67723900
-25.87873448 -752.31209052 69.83533736
-47.97505253 -751.29990972 119.69869360
-29.37778780 -757.69005685 67.47525691
-48.62502843 -750.98021839 122.53689142
-32.73768555 -751.75533965 83.48863913
-39.18095083 -744.81567043 32.54174474
-32.94686509 -752.16338208 80.68619851
-48.94513004 -748.81560968 41.73494019
-45.46807146 -751.21810392 113.66576544
-44.94042020 -743.31900370 35.28380168
-42.85540654 -751.50216526 107.54765088
-43.73662734 -746.41098906 121.69178151
-7.88546092 -767.83929885 87.84270402
-30.85651667 -751.93496946 62.52319743
-36.69138662 -746.35544916 47.65987967
-38.43766476 -754.13033176 80.84564880
-50.19385000 -756.41320000 45.93241667
-36.98769348 -750.91233573 54.20937903
-37.25964898 -750.62812449 63.12089932
-48.20637515 -754.15012445 42.20025215
1.41292081 -777.97855983 96.65922967
-35.79538248 -749.94807235 95.55473998
-49.44088456 -750.73189000 125.23650093
-34.39807547 -750.88511698 68.78854214
-42.67398026 -752.21095502 104.70052315
-42.15679950 -745.85146368 29.69614834
-18.05782436 -764.04647564 79.75428097
-22.87340000 -753.04171818 72.62663394
-43.28316573 -749.36394554 34.98338826
-40.68117778 -745.52720113 27.36771701
4.15903591 -779.74270650 101.35193911
-39.56619424 -751.04087409 101.56584555
-38.03883656 -755.83607312 82.53799247
-40.06591762 -752.00945235 95.38465140
-41.53549189 -747.86973649 30.27786072
-38.23440211 -747.04838105 53.17306772
-21.68517026 -757.79942634 74.82402507
-43.82982587 -743.42945315 32.03484569
-44.42103852 -742.99332213 33.34183675
-43.44527100 -745.76967725 32.21011354
-4.64801311 -775.01466844 90.77066289
-47.00035455 -744.78413636 127.30295758
-41.86104380 -748.47051662 32.41727880
-34.92448333 -750.14923333 80.30243333
-31.96748235 -753.40981765 85.91440784
-37.60444667 -750.88554622 80.36751333
-37.48164151 -749.31232315 68.37018913
-24.81254286 -762.45002857 75.98315238
-45.16738127 -748.52485399 36.07697707
-32.72775333 -753.45398167 80.82023333
-35.28296364 -753.45551818 60.04932576
-46.54443721 -745.80254801 38.26513311
-46.52894761 -748.85229639 37.99334092
-47.47936319 -746.54848512 39.45927528
-47.04026667 -744.76923333 40.33801429
-48.70423520 -751.79597268 41.85536830
-47.01505714 -752.91007857 40.16633810
-34.92746676 -749.47128080 95.31202798
-48.66166751 -746.99140558 43.52207428
-49.58253781 -748.97611503 44.54832175
-49.83897088 -751.95847982 43.66729671
-49.53930460 -754.59699063 44.17526657
-50.40843977 -754.44084304 45.49463829
-49.90396130 -750.87206997 47.37146729
-51.07177464 -754.78428257 47.49597043
-50.92874665 -756.94665016 48.04162194
-50.87720846 -755.48612094 49.57149607
-50.99347440 -756.97524812 49.57505336
-38.38056250 -747.38656250 45.40329167
-46.88643238 -750.60185095 118.86624667
-38.45556836 -746.67848242 50.25024987
-38.36038808 -747.83585232 50.73044481
-36.09020120 -746.13660923 53.49346163
-38.23237018 -748.02149386 53.37090088
-37.38819437 -748.52126808 56.65145939
-35.84861217 -751.57717893 56.51060266
-34.39305209 -750.87971616 57.22463547
-35.48575347 -752.71265347 58.65852038
-33.07387625 -746.99122813 58.69961979
-31.59458070 -751.39160680 60.70298531
-33.82965967 -752.10664878 59.52398031
-37.43707878 -748.97566506 62.49750132
-34.70227241 -753.63683218 60.74733908
-33.07171864 -754.59180592 62.54443391
-31.60453279 -748.76519055 61.94548312
-32.35926667 -756.41047778 63.47534444
-30.33450000 -749.66758387 65.08370860
-31.88228500 -756.55066000 63.88236167
-43.06909732 -746.97788545 119.73137018
-30.44658669 -755.08180510 65.27167896
3.48815272 -778.71006241 100.64591962
-30.44108553 -757.15196302 65.77643315
-37.38240208 -749.59514362 71.55642868
-28.56264706 -759.55403333 69.44482647
-37.14991718 -749.87631909 74.58717621
-34.27019231 -750.11585000 77.15834359
-37.07556698 -753.97094755 74.81846987
-27.34835744 -760.00692689 71.76792536
-36.80505500 -750.76806000 83.51437833
-38.25927581 -753.61000565 78.21176828
-26.46752260 -760.82260678 73.50675819
-4.18984547 -767.46498438 91.90093570
-21.49028084 -754.98013315 74.40005404
-37.77708090 -755.29536108 80.56678082
-19.78944085 -755.24851221 75.79424695
-38.70127699 -754.89179204 83.85894429
-21.16377776 -761.20420552 76.70961459
-21.48585867 -763.58819107 77.49571786
-20.51756364 -765.57366136 77.97145758
-19.48913415 -763.88936060 78.63337230
-17.83111031 -766.53995941 80.10101921
-39.32196064 -752.16903299 89.36595830
-40.24017345 -754.56668179 89.37409109
-36.50848646 -750.73748646 90.06997562
-16.57171177 -766.72567199 81.56548818
-41.37491019 -755.44493694 92.96472633
-15.24566860 -767.03364801 82.79166225
-34.51590875 -749.83792750 92.34932997
-41.66044545 -747.24680303 117.82819091
-35.56306667 -750.15793792 93.14571667
-40.64132308 -741.19731538 23.26622051
-40.98500492 -753.61814153 94.76526339
-41.72779417 -754.73447394 95.57423098
-8.34606875 -774.40461250 87.75930417
-37.31130933 -750.57166762 95.34842366
-2.22753846 -769.02121538 94.14728205
-12.24879796 -770.32704859 85.35385068
-41.21644000 -753.20137500 96.70342667
-9.46384526 -769.82573424 86.37905190
-40.04924005 -751.49283802 98.45388179
-9.23459609 -772.71286694 86.76894636
-36.01310847 -749.89164541 98.22785820
-7.71624695 -772.64066662 87.76556565
-37.48053251 -750.47306749 101.81223745
-6.22849163 -775.05864377 89.69259123
-4.32248981 -772.81446748 90.35204426
-43.78076200 -753.55180933 103.72879800
-44.83794687 -753.85043202 104.67358617
-39.68791311 -750.91942067 104.44433994
-5.43111972 -776.20834930 91.32703991
-36.40680698 -750.22693721 103.53214574
-2.87716755 -772.77188435 91.93534880
-44.42893146 -753.18086292 105.60802509
-1.67465086 -773.06250962 93.40608999
-1.45170360 -775.68231494 93.41540015
-37.58909587 -750.75787810 107.49837163
-0.04345707 -775.86954041 94.98085300
-0.55845455 -778.34428538 95.53001570
-2.55260000 -778.34905000 94.55374106
-39.19896786 -750.44310357 109.56662202
-50.16936667 -753.19510000 49.13070000
-43.15048545 -750.81137534 110.28805026
-39.56551488 -749.94563264 110.95123246
-42.04227765 -750.07091625 111.27954816
-47.52765493 -752.02453380 114.02722300
0.29904655 -779.75456437 97.93480230
-42.72189317 -749.50650038 113.66680900
-43.91810395 -750.45582237 112.35459298
2.50916075 -778.68129632 98.59176037
-40.12805965 -748.98553023 113.48579460
-44.45390628 -750.05945523 114.28027001
-47.82031894 -751.79373540 116.94550378
-44.98160000 -749.51091328 116.81733307
3.05685401 -780.81024064 100.77202282
4.48851729 -780.75729252 101.95485125
-43.54865835 -747.66158071 118.70127984
-21.95625367 -760.11831004 75.49674427
-44.52543333 -747.17151667 120.71963810
-47.27646695 -750.09458220 120.77254040
-45.61170518 -746.63595633 122.79290254
-46.52767268 -748.00130624 121.97864615
-47.24245000 -747.19185000 123.92708889
-46.44511311 -745.70581278 125.16351766
-48.94017049 -748.93235642 125.62558526
-49.86730746 -748.75030889 127.76977889
-50.05976154 -750.48095897 127.30494615
-52.50409262 -747.83136007 133.89374586
-50.27686047 -750.49118837 127.82351085
-50.53425660 -746.23700261 129.43293299
-50.46842652 -748.73880771 129.20021571
-48.84455703 -744.21545156 129.61817057
-32.00549291 -752.95657244 84.38902257
-49.91389091 -744.39140909 130.20654848
-51.33457265 -743.94953094 132.06449026
-51.33758707 -748.17786193 131.34834414
-35.02171250 -750.36572917 91.30789583
-52.74885170 -743.60584453 133.56556365
-52.91352071 -746.24705568 133.50065241
-53.90132741 -745.41120429 134.71174784
-53.97380268 -743.79252787 135.12760691
-53.41493824 -747.50821471 135.35776961
-55.24014253 -745.55422548 137.22328601
-56.47264185 -743.74637519 138.62432037
-56.03108152 -742.75772609 139.33312754
-57.05029163 -744.80308935 140.33204119
-58.76613951 -742.81351144 142.56101353
-59.55302308 -742.31298489 143.75780650
-56.01050000 -745.82250000 139.29609394
2.00426000 -780.45226750 99.73136917
-47.20730000 -752.12068000 111.83508667
-37.98192131 -750.51599672 109.52820601
0.65717353 -772.79235735 97.36064167
1.04063333 -773.77953667 96.71741733
-1.88217857 -777.49346190 93.94148810
-1.88848578 -770.46749822 93.74217822
-3.30646243 -769.74057804 92.19863780
-4.59260713 -770.04091200 90.54026270
-9.36931604 -764.23668198 88.78603832
-6.17400630 -769.70949377 88.96095496
-7.51822389 -769.99926704 87.64794361
-9.55398642 -766.85073544 86.73275821
-8.45371970 -766.07280657 88.42793030
-10.54647458 -764.03463069 87.06357848
-11.52810737 -763.43337599 85.88564839
-11.35026194 -766.37546710 85.26842602
-33.21103920 -751.72842480 77.75389987
-12.83792864 -766.79942663 84.19587013
-14.61159209 -763.84592423 82.48304396
-15.92469323 -763.65615458 81.27164366
-17.46317595 -761.04510823 79.42931762
-18.95839456 -760.70619493 77.98886254
-23.74741420 -758.54759375 73.41202235
-25.86200930 -759.56259535 72.87057829
-36.52399828 -753.46157586 72.07634425
-27.23255427 -754.91003182 68.49064730
-28.48897004 -754.14480948 66.20631731
-37.01412290 -747.69088957 47.78135805
-48.34001673 -757.49973158 47.20168941
-37.50878218 -745.76130188 41.66472939
-44.62331471 -750.71888088 36.79667696
-42.67847695 -751.20634239 36.18227942
-45.80897500 -756.38832500 42.88709167
-38.87158205 -743.67849886 32.41997721
-25.82587391 -756.47306087 69.80128841
-33.51658864 -751.85418182 74.84321818
-32.35854400 -753.48426200 83.15357267
-28.73711729 -752.61216915 66.18397853
-25.89571629 -755.16270895 69.72995101
-24.61919872 -752.66580867 70.95726310
-22.88987284 -754.15667407 72.87911481
-20.39377692 -758.45452462 76.30252513
-19.99943750 -756.46687500 76.03584167
-18.79148327 -757.90493394 77.31629623
-16.43413569 -757.83221484 78.39433910
-13.80137321 -759.01725357 81.36085952
-13.92326512 -759.69186047 81.86908527
-12.97668913 -761.04589120 83.63952870
-32.12645000 -751.12425000 80.75356667
-13.23754000 -759.28912000 82.36716667
-11.03484118 -762.14520588 87.22519608
-7.94815862 -774.48921379 87.98525632
-7.42484000 -765.04461625 90.23254042
-5.47641446 -766.05172651 91.25938715
-4.98151604 -767.77596415 90.93403553
-23.27925000 -756.05382500 73.18146042
-23.02368235 -757.85851176 73.05040784
-49.99127500 -753.15100000 49.11521667
-50.07901429 -753.92822857 49.25808095
-31.50449882 -752.64365276 89.46463478
-50.17416667 -750.78546667 126.99800000
-40.91907273 -740.96524318 20.66484394
-34.97602375 -749.46988500 65.63748917
-38.07776000 -744.68223600 36.56909467
-40.77452258 -742.33825161 20.85273226
-38.08720000 -744.19767143 36.42805238
-40.06666285 -743.28534978 26.51115477
-41.00912000 -740.90758000 18.35578667
-38.62757725 -745.19230529 35.49247460
-43.46112857 -754.02339429 39.30983810
-44.00315357 -754.66016429 40.46967381
-46.55957682 -756.69498005 44.67127367
-45.81393966 -756.18308793 43.76861667
-47.12320000 -756.81000000 46.17056667
-31.27870976 -752.60177724 92.04036707
-49.91246818 -757.62197500 49.42424053
-28.63406429 -750.19750714 67.50211667
-34.24763571 -750.05838929 74.92008452
-33.15852632 -753.41117895 77.91952456
-39.56188750 -756.39222500 86.36187917
-53.97403333 -747.41583333 136.19350000
-33.92426623 -751.12755844 71.69745758
-34.93925000 -750.69813056 65.67205556
-35.09421429 -749.69295714 63.28747381
-34.81453913 -749.44797391 68.28686449
