-45.49804843 -744.81922941 32.83666106
-135.58140000 -870.94380000 124.25751333
0.26738864 -790.41585000 251.23258000
-44.84295556 -782.94697654 186.65640222
-62.67249643 -799.68735082 225.47229758
-114.55484094 -852.39118949 151.90035754
-128.94020000 -863.31670000 136.34798000
-133.92890000 -869.96887368 126.88119316
-134.70336870 -870.55206000 125.80816783
-71.50282727 -805.19891818 241.20323455
-36.87648557 -763.86039055 149.90291333
-39.89032045 -760.29960492 128.79953322
-117.96354363 -856.99722510 147.95047305
-99.98746425 -831.89564555 164.31284772
-133.27079297 -869.95838270 128.63032595
-128.48762500 -862.89970000 137.12811438
-133.68291818 -869.40650000 127.15691636
-117.17892296 -849.80461276 155.35341418
-40.24809530 -760.09515320 156.07251450
-51.47715008 -760.92006789 110.68277300
-14.89285109 -784.92713942 232.91264131
-57.03987345 -787.02267133 212.88076234
-98.93085714 -836.49497143 160.32596571
-45.87401737 -750.90290778 62.86607401
-72.56556857 -809.68910571 157.26314286
-117.52415414 -855.63030236 148.99840600
-83.73853000 -817.06962294 160.19197765
-124.73628675 -862.40597952 141.90708723
-87.37589545 -814.57072308 160.62161776
-132.68877218 -868.77374864 129.09056230
-71.39180455 -798.75149091 151.18952091
-93.00938235 -820.51513186 161.88015990
32.18088464 -807.51781449 275.57192116
-124.62453125 -864.27452734 141.57784953
-63.22831128 -780.84818234 138.27105681
-97.21758789 -828.88129014 163.92295746
-87.66543931 -826.05762762 161.30890964
-130.68733913 -865.81737826 132.75223362
-132.81157500 -866.42395000 130.23590500
-90.67710319 -832.00282460 161.71218735
-48.22860810 -771.14576810 162.12907619
-40.33703270 -750.81499686 66.21690075
-100.22033547 -843.00919942 157.58490616
-123.41022308 -863.73292308 142.54286462
-90.63234569 -828.95798695 161.69779593
-69.01422152 -786.90701547 144.94331363
-131.83059375 -865.76252344 131.60321750
-126.13357553 -857.03275570 144.52617831
-132.31291250 -869.74178750 130.81510083
-83.02252143 -824.70740714 159.87965857
-45.34419806 -752.78623592 63.21127126
-26.30362000 -767.82352222 199.81362667
-61.66997395 -792.57859487 230.73496175
-65.50295271 -783.71403643 141.99906295
-126.50647970 -858.07651371 143.19287594
-40.03703371 -748.15137358 71.89270506
-131.65531907 -868.54442395 131.42341215
-45.44057692 -764.68958077 132.61224154
-31.10268788 -769.08027756 176.77850500
-76.77692632 -816.59179123 160.47014491
-43.25525000 -762.47514323 152.76721750
65.24086398 -820.00725963 282.21823631
50.77715211 -804.86438474 280.61833657
-96.52273014 -826.23344027 163.98704110
-50.06425859 -775.97160078 178.99897062
-42.68187991 -759.94334019 107.88984822
-13.42725463 -769.56842639 228.41518741
-120.24468431 -854.97999412 148.66888686
-130.84622185 -867.62402521 132.56958546
-71.42219375 -800.46952500 247.86852375
-59.58485398 -798.11046106 219.86458442
-130.09371559 -867.40043790 134.62691817
-66.39873372 -795.63516860 147.70719609
57.15374186 -821.08197209 283.43067302
-120.41699341 -858.85904683 146.11214951
-126.58778833 -859.61761833 141.73257667
-95.90600663 -829.57494096 163.01652880
-21.84155926 -745.21180655 96.09948103
-26.35330506 -764.03179382 200.26389124
-129.43272158 -865.39069973 135.03104776
-121.13886792 -861.52662642 144.53504189
-58.30023710 -793.09205084 218.87431405
-86.30150000 -828.69620000 160.24468000
-68.78668723 -804.00988298 237.49611404
-46.14445184 -762.13795774 123.05615150
-121.49852418 -860.02440330 145.06630637
-23.78336833 -740.42261333 96.54877833
-49.52833721 -779.14799767 185.23322535
-85.66026571 -807.33663429 262.93098857
-43.57958963 -762.96307926 158.72253556
34.08413889 -796.99311944 274.21303556
-40.78031236 -768.56494423 135.01434319
-128.95665195 -866.88302597 136.94275403
-77.70376154 -799.30734887 156.47321891
-123.28643467 -861.98237556 143.17503511
-43.12370000 -770.61236000 154.22768000
-129.25280000 -860.27260000 139.34408000
-97.97816364 -830.92022424 163.52621636
-128.73775000 -859.75926667 140.38439667
-77.40285000 -805.42846000 247.17325000
-53.63913620 -780.66828620 197.93912718
-83.07880000 -806.56575000 258.90543000
-59.04907500 -790.19000000 142.52353000
-114.90686818 -853.84263636 150.78375133
-57.27867772 -777.38424604 129.45965228
-37.82099268 -749.18124634 72.65804667
-128.51105714 -865.45726333 137.03928095
-127.66544481 -864.99881688 138.31146182
-83.33378889 -806.39398889 160.00912444
-41.51357000 -767.29760000 145.53771000
-119.70875532 -851.25244681 153.33442255
-2.96458449 -774.89715485 242.67320271
-62.65970656 -783.95568361 138.76129038
-127.31812915 -862.93896682 138.62325399
-127.89023333 -866.69960000 138.32421333
-85.03243077 -811.80026667 160.43544154
-126.10429385 -861.99752514 140.53541184
-43.07832961 -750.07836456 50.97227466
-126.12070644 -864.80757327 140.21020822
-45.99198105 -759.77108027 107.94748762
-43.43950306 -752.36050437 83.43502847
-125.54360926 -856.05783457 146.02135654
-51.58158108 -768.54381892 117.12878878
-44.22120000 -737.32070000 13.98318000
-123.45875748 -855.99425365 146.76020208
-123.64780563 -859.01286303 144.19180042
-125.04400000 -860.45314286 142.20543714
-41.53613053 -761.16024211 116.58160526
-46.27092341 -756.81650571 98.85928524
-45.52262251 -750.29948571 50.98824840
96.44699718 -851.04658873 249.50962789
92.25173232 -841.45763148 264.14783572
-124.70820000 -857.16693437 144.91630187
-42.90505290 -759.41270645 104.96862710
68.30978100 -817.04434629 281.67967236
93.38093962 -849.29799245 257.74490453
-123.62910769 -854.45886154 148.23891077
37.97228929 -794.00463036 277.81648000
-21.37957267 -775.00263038 206.93151895
-81.68134644 -816.89184094 160.03269283
-93.46463730 -826.09556643 162.86269632
-122.77778545 -853.79659273 149.23618909
-122.90070000 -854.60595000 148.40063000
-122.60008125 -857.71798750 145.65281437
-50.14891429 -767.66962857 181.39268000
-120.98757741 -853.39834518 150.08464807
-115.55084286 -856.91357857 147.95359548
-120.89672055 -856.29326123 147.42576220
-112.44059310 -853.90091034 150.73906966
-51.50501474 -763.48783170 41.76916231
-45.29260324 -757.93164509 116.79205221
-21.73740904 -778.01206356 209.86424031
-90.68529860 -823.03472315 162.22094108
5.68062022 -781.06683629 251.37556393
-120.37850216 -852.02927842 152.05267784
-107.83070497 -838.78994161 160.86724522
-119.41156250 -860.67927500 145.43506750
-64.10171508 -796.03506856 233.88900126
2.84211543 -781.06701157 248.44778468
-34.22989856 -766.49602040 161.91197621
-61.15110000 -791.52910000 232.50148000
-78.98945400 -805.05980600 158.10414820
-45.73142651 -758.70819398 96.58242699
-43.44134324 -749.81068018 48.00933946
-45.75265304 -762.75439840 110.77259885
-117.64266402 -850.96570935 153.41975103
-40.55212919 -760.71405867 153.11537306
-118.06707423 -858.66788875 146.77899391
-55.50900745 -779.13119574 130.68778319
-119.01791250 -860.69971250 145.51609250
-84.03702857 -818.67524286 160.31619429
-117.76867138 -853.64063537 150.37274206
97.58559817 -850.15791009 248.74183734
-117.69112055 -852.06548973 151.91172247
-116.30866667 -848.44640000 156.87518000
-114.98352017 -855.38488473 149.43776646
-40.65435616 -757.95171233 113.76325123
-69.48770227 -798.83795896 150.58413646
-114.50331796 -850.57684180 153.36465214
-114.85542400 -849.13846400 155.23187956
-108.74747198 -843.62435290 158.09697251
-81.86537671 -820.12478408 160.54718205
-55.84696901 -780.96900247 206.75315201
-45.72195023 -753.86688011 83.89831303
-115.96566667 -857.75279167 147.36708000
-114.33492300 -847.72846033 156.61011333
-17.02086667 -770.50456667 223.31028000
-87.67297047 -823.00587028 161.29849358
-28.80081883 -742.91094091 91.03899688
-43.05711678 -780.41253217 179.69821916
-42.95636452 -758.46684516 150.08231548
-14.63570573 -771.09885732 226.72493414
-25.76902596 -766.01094398 203.74392981
-114.17108058 -846.40054173 157.70985410
-45.26787391 -744.07685920 15.01642783
-102.47272340 -838.82178300 159.79618155
-113.49531111 -845.10902000 158.31725556
-69.30463032 -802.09629529 239.95517360
-111.59144082 -849.05569320 154.64405415
-40.71219687 -749.25397969 66.32439719
-112.69521892 -845.79258649 157.56135027
-58.71099398 -775.81925904 130.87240048
-108.68582510 -846.97426761 155.96311846
-47.17336667 -764.59136667 165.62801333
-43.53041402 -762.07602500 149.87024159
-111.69724544 -847.12455218 156.10885024
-93.76961019 -829.02736564 162.25752645
-111.55222525 -844.11368608 158.36404044
-111.73258456 -852.51909966 152.35374007
86.47859391 -838.15600460 270.22102211
-111.73211828 -850.49776931 153.70253552
-78.92791818 -816.65608040 160.11062034
-48.79257260 -766.66875333 113.63535103
82.58848544 -829.02012089 274.90483222
31.32645727 -804.69716916 274.19356899
-53.55782500 -780.07006250 130.06170812
-55.71890475 -784.10192793 206.83521142
-112.72087500 -854.63927500 149.70355500
-43.30838061 -762.73731879 155.84876303
-110.67949630 -845.40245556 157.23297630
49.32554971 -805.37528613 280.22920948
-60.45041416 -780.92332511 135.07459781
-110.68943645 -841.89918598 159.48157439
-109.29568986 -851.11289565 154.02630174
-49.71684737 -767.03946966 179.51074037
-84.93983578 -816.97763750 160.75934789
-53.41149620 -777.79624160 195.29403680
41.74808639 -802.10857068 277.80684597
-13.34172184 -786.02380920 234.83506391
-43.60151905 -752.85077540 66.16515460
-108.51747613 -849.76132417 154.94350024
-54.82420588 -776.21701078 202.99828490
-93.63350196 -823.06308562 162.80386606
-41.48083849 -766.91647659 131.42110103
-26.41084372 -765.93531120 200.59368751
-108.53929195 -841.20796076 159.59274962
-109.33941789 -852.11992526 153.28960105
-20.00411538 -774.51883462 207.74873769
-108.33506774 -845.02260806 156.94018968
-91.32203219 -834.54935205 161.73029712
-39.17310000 -770.60285000 139.03071333
-58.30105253 -787.21969344 221.99749844
-108.16161000 -839.68441333 160.41936667
93.24332969 -847.51947249 258.68030140
-33.80877260 -766.04905556 170.49903503
-40.30038798 -759.61758855 120.08429851
44.22146875 -811.42578452 280.97717940
-105.60405424 -837.94117627 161.39021909
-43.97556250 -758.64943750 97.12698000
-106.78531000 -839.64424000 160.39998000
-105.68883960 -841.00924953 159.16350126
-16.83933614 -775.90171145 216.33951012
-105.69284918 -843.32678626 157.70303192
-13.66406979 -775.10668988 224.68295302
-105.64696682 -847.02076807 156.51159604
-106.13419610 -849.31543805 155.76108146
-54.23874429 -754.05556237 38.89905718
-105.91415833 -844.77836296 157.09088895
-104.86995507 -839.34028841 160.20670174
-99.62509617 -835.04306565 161.52906731
-51.55265189 -771.99041336 182.80477634
-49.26491871 -784.62822374 194.57974079
-74.38499524 -802.71088095 154.16486571
-46.10504899 -758.97848219 98.92178000
-105.02800455 -836.18829293 162.77708152
2.65560313 -784.17197244 248.59839816
-104.44888333 -835.40358333 163.49740083
-22.84939034 -782.97902207 209.99188621
-102.99316451 -837.56404307 160.98771808
-102.53455366 -840.86698827 158.78313981
-41.65739714 -770.33050000 155.17867429
-102.74017949 -843.58724557 157.74795570
-56.08963188 -780.33514437 209.02423312
-102.42387078 -835.71618161 162.38639285
-49.94533061 -773.81892041 123.83452082
79.25487196 -825.53593738 277.63977533
-47.06420000 -776.50776667 175.49831333
-102.71665099 -834.40569342 164.01033461
-103.27280151 -846.55023472 156.84244415
-102.48010256 -845.05497756 157.18197936
14.55462836 -781.67320846 256.81452478
-49.32202857 -746.16372321 31.77079607
-101.66565630 -833.06813556 164.73231111
51.58248571 -818.71965714 282.31370857
-36.09710852 -765.99082803 152.87121027
-19.12317316 -780.79357734 219.02252215
-66.66160681 -793.31643904 146.35335974
-32.51799056 -772.73685858 176.72781884
-69.74223863 -802.13146969 152.37856207
-15.86758330 -742.69273865 102.26076612
-29.41719167 -779.60143333 188.19443000
-99.57248801 -838.18058999 159.85526053
-25.99677561 -746.31546341 91.13964585
-59.03546435 -788.92256565 224.30349696
-99.74744614 -841.07120565 158.56291371
-48.53938575 -771.68655902 164.98366396
-47.34264560 -764.41744000 170.94873280
-100.40072547 -843.96637264 157.20161302
-100.37124468 -836.80026277 160.55850234
-86.82890417 -811.61641771 160.03879042
-65.54167309 -797.01559372 237.05639794
-12.59183713 -784.18298382 233.71432945
-19.87791864 -746.24405424 97.12233593
-100.97265000 -833.69292500 163.62485500
-0.69157179 -775.06653023 245.87758176
-99.00495154 -832.96037952 162.81586294
76.51817455 -820.84194545 279.40330455
-83.73559297 -813.68087813 160.25840344
-98.93995371 -829.43091555 164.80202664
-34.93776890 -771.91253445 165.25372055
-74.72863034 -798.52715034 153.99317724
-81.75257792 -814.06018369 159.65499120
-37.90190000 -762.75838838 137.93374212
-68.47342857 -800.98189643 151.21503357
-2.49148871 -780.90667419 241.71775339
-60.68145437 -787.68685194 140.36206617
-41.33267344 -758.88093906 154.80596281
-98.38192857 -827.42351429 164.88908000
-97.00022496 -838.45672000 159.89064397
-51.34648049 -789.85416585 204.08359738
-44.37436429 -762.24371429 102.94701095
14.39189274 -795.04253135 264.77725657
-96.79581802 -832.10029333 162.19726559
-32.01824545 -746.41125455 85.21428000
-93.70079564 -832.03643515 161.59955248
-64.96063377 -801.03521558 230.34045922
-45.46412380 -750.32408825 30.56364777
-96.73528235 -835.11602059 160.89895092
-53.31050385 -783.00587308 198.89716269
-97.49386263 -840.28777758 158.71597359
-43.76384400 -746.68194000 30.40353600
-40.79542018 -761.14369825 140.83719754
-20.76701333 -741.07139593 101.17807778
-96.24238104 -837.07552654 160.50806815
0.86985000 -788.95455000 250.18203000
-6.60066836 -772.23626135 236.80449425
-61.08084578 -784.09134114 137.41660125
-43.14701882 -754.65729696 95.85408190
-43.80508627 -761.73609608 111.74161333
72.80030000 -824.86440000 280.34438000
-47.26004000 -766.54182588 147.42827412
-70.92322500 -800.37740000 247.58195500
-72.71472221 -799.10399571 152.65965029
-43.45234375 -737.26249688 13.69208625
-40.04478512 -762.94987300 128.85655273
-52.06185957 -772.02416554 185.96018687
-58.86762679 -797.78500179 218.64065679
-95.95196154 -824.19676667 163.52798000
-34.05212918 -763.09470448 173.86364503
-81.67895959 -811.05467188 159.54624387
-53.88554381 -772.90756488 194.63178134
11.16520294 -787.09524110 257.17815065
-45.68079330 -759.52347896 128.79796028
-49.48373367 -762.45228367 41.21861571
-95.54799474 -823.41717895 163.09718351
-4.96102857 -737.51767143 115.60972286
-5.46325714 -737.49245714 115.62310857
-58.19141864 -778.26388668 131.42111051
-95.18910000 -826.89580000 163.31768000
97.98830000 -848.53740000 250.00278000
-78.76010758 -814.11721027 159.35302817
-94.90638077 -825.53519423 163.43833000
-50.81072298 -766.11551293 114.30086492
46.40377500 -809.60085000 280.27173000
-38.03598651 -761.03726667 162.76557206
-93.94415480 -837.20580763 160.97457294
-45.58950000 -755.85026944 81.26143648
96.69891667 -854.06015667 243.91578333
-55.34572112 -757.21088768 41.70651188
-58.92286557 -789.57666078 221.76306757
-57.74243382 -787.03764900 215.78296802
-93.93168558 -835.42421554 161.21921895
-42.81209134 -747.86318972 56.83981118
-94.84652432 -838.64663784 160.13391784
-9.58113391 -738.33992781 110.66789094
-94.83198333 -824.18128333 163.42244667
-3.75752865 -781.21521788 239.79561976
-70.24252590 -804.29203227 239.90071108
11.13429094 -789.53901339 258.33423157
-35.39025386 -762.50717669 170.43946537
-20.48451379 -781.99858190 218.10798517
-16.29066798 -783.03093083 228.26842545
-53.83196094 -783.62767098 201.05690478
-46.24373908 -744.94329149 23.88102966
-56.03714667 -782.34446000 133.59236667
-40.73195690 -761.24064569 146.92333862
-80.97442154 -805.60347077 252.24191077
-43.10851961 -750.35088620 68.81350688
-30.31095117 -775.08863456 185.80011238
-46.66125278 -782.39418056 187.69433000
2.51796812 -778.00487202 248.61243642
-82.57526250 -806.29795469 259.86410813
-92.85893077 -809.26558654 269.97323385
-93.15283000 -809.64978000 270.39301000
-75.88095217 -813.82004883 159.61547933
17.82453966 -799.68253103 268.67446707
-87.91139104 -813.51687877 160.14045830
-48.32816213 -753.31582663 34.01864982
-47.62810556 -782.93260000 189.62657074
-28.43883500 -779.73602000 189.61685750
-65.31344615 -798.40865385 148.24327231
-64.49666330 -795.64492194 236.54706447
-45.95706340 -750.88419309 59.92167157
-31.99587857 -766.87954286 177.85121810
-55.79162079 -783.87499208 134.15183743
-50.65158812 -769.31533011 179.86787558
-54.39714099 -780.98951469 200.88028111
-90.62789004 -826.04071084 161.83033973
-38.43323302 -768.73081604 143.43585547
-81.84226944 -805.80293148 254.84901333
1.72719848 -789.66853313 252.33300128
-82.06177705 -818.05362295 160.45550131
-38.52717293 -761.94751466 158.55986459
-90.61060175 -820.05636745 161.92014940
-59.22590000 -791.52500000 220.29438000
-91.61625417 -809.01981250 268.89592167
91.10531429 -845.73030952 262.45389905
-78.54482124 -804.93476062 251.83686097
-65.26668333 -800.42102778 231.83519111
-43.28529818 -756.28222409 87.02544636
-81.02254648 -820.27574789 160.26565324
-54.46307991 -765.14899362 44.82678662
-52.25836858 -769.43595661 119.06697152
-0.55732962 -739.30161599 116.70025418
-49.33289372 -760.25203641 107.90276965
89.87625090 -838.37173239 267.76680545
-58.27542971 -784.83934400 136.91102914
-90.28903448 -817.39650564 160.97269097
-42.64767750 -774.94659179 167.84306714
-56.31063125 -767.84901875 124.22100500
-45.25032593 -779.82091358 180.67222938
-81.64059913 -805.96609391 257.98554870
52.85326717 -802.98123131 281.11711283
-45.71022173 -759.78954365 131.81173990
-42.36689260 -750.78547347 59.61138536
-46.99786667 -770.44505000 157.66534667
-55.37966869 -759.97785390 42.04016758
2.82290000 -739.24095000 121.38343000
40.97470452 -796.45098581 278.87620839
-67.12873482 -796.91361984 148.77312737
-50.99900942 -756.67003498 36.75853471
-67.63441205 -790.39941888 145.86388924
-45.52061017 -771.39178390 158.84995712
90.16335455 -836.27644242 268.15052242
-62.13482000 -797.71662000 226.70029000
-54.02186330 -765.74390202 119.76778657
-47.21150000 -764.54390000 147.89048000
-56.97359796 -792.81995407 216.12909787
47.16041463 -802.23149268 279.91937268
-18.51973518 -783.37328144 225.13728305
-44.45523254 -743.39140397 32.25592127
-42.58402800 -757.80866762 116.95119714
-76.59902545 -797.27851091 154.69302909
-44.89315636 -755.33728879 98.45582394
-90.19584683 -808.51344524 267.09302841
-46.63700845 -766.03372746 143.88706222
-18.65235824 -769.18042325 221.84452289
-45.78608776 -768.63046667 149.91355075
-57.43007078 -783.63932393 135.37095557
-90.04306667 -815.87550833 160.28505083
62.48820997 -822.51668563 283.03911900
-89.48532222 -815.13829722 160.18361889
-25.67223265 -742.11242088 93.81316477
-59.75349549 -790.35423557 224.73843813
-89.35430909 -807.76582727 264.70753455
-51.60414104 -772.62456269 122.55589567
-60.68924172 -775.07893353 131.80152431
-89.28380000 -815.48720000 160.37818000
-50.59925040 -771.91032439 176.88542407
-87.68418574 -817.06512729 161.25781433
-72.70381457 -793.25738488 149.39995086
-46.13270742 -762.37897348 125.96061056
-84.42525220 -825.92988956 160.10120527
90.65425000 -845.80090000 262.63743000
-52.23359214 -757.58250742 37.84807563
-48.64414211 -770.81749474 117.99096947
69.12003404 -827.95712234 282.73300128
-42.78772136 -756.55040371 107.92638430
-87.67386517 -807.71314179 263.87802925
68.36481932 -823.06001894 281.86672394
-72.60921401 -808.06678527 156.29277074
-46.25158721 -762.81787279 137.80815942
-87.77734812 -828.95573466 161.12638530
-4.02569432 -778.05291553 239.76058000
-50.27260000 -758.58640000 106.28183000
-29.28457500 -773.52290000 187.61375500
-38.72214262 -759.88492141 161.72478362
-44.05379474 -784.12664737 188.31056947
-44.50070038 -765.01772243 119.84541498
-88.46602925 -831.36343491 161.33754604
-74.10600000 -801.93795000 154.42307000
-49.48794936 -772.06272385 170.81780192
-47.22721875 -764.50857500 164.60359875
-13.81588889 -779.89409683 225.92917841
-85.42751179 -825.61265472 160.70141726
-46.17396540 -757.01623829 92.91426894
-72.99399250 -801.81904812 248.55015609
65.83287947 -825.43264368 283.04012684
-72.84895271 -805.27443049 154.91569990
-87.66950581 -820.03820113 161.47809065
-26.01712687 -763.98964179 201.58628498
-54.35625714 -773.72283571 124.11429905
-44.63927048 -752.28651542 80.62390687
-84.78262121 -814.14248000 160.60767966
-59.74744198 -777.69717531 132.88221827
-38.96071642 -763.25380365 134.77283219
-56.82973567 -771.74443153 126.61691376
-84.58315073 -806.93184439 260.88731756
-44.77327428 -758.35882156 122.68399866
-31.86663419 -777.29372564 183.88167145
-38.90474775 -762.31062750 138.06101825
-77.67031429 -801.95441429 156.98514897
-49.38671868 -769.07888014 167.88485402
-46.20828201 -753.78051386 77.91227336
-52.49805113 -785.03394060 200.36513714
-56.28458750 -779.38227500 209.29081750
-88.63743200 -808.43423600 266.00248000
-16.52803801 -780.20823904 222.49331699
91.48730780 -840.22303415 265.78891707
-53.18050000 -776.54500000 193.61008000
-9.97523898 -742.49358205 105.36743852
-55.57761034 -778.61102305 206.63755495
-45.93941667 -763.76216382 164.81402345
-50.92604870 -769.08706786 182.72326636
-75.75538521 -804.93442337 155.87697762
-47.50177500 -764.52680000 172.49195500
-51.04015000 -778.02962443 186.00876105
-86.87745385 -807.09979423 261.19114154
-81.32759747 -805.30898030 159.45268455
-37.96585484 -769.68437903 144.51298323
-67.11389756 -797.28979268 241.86699220
-55.95320980 -769.69265294 124.66882804
-24.55999721 -772.33678294 197.88127299
-86.38720000 -812.38525000 160.42958000
-12.12344346 -775.06544557 227.84883844
-33.49100524 -748.49984649 81.03953415
-8.53385417 -777.88843690 232.89234190
-66.44697361 -801.93683067 233.89249854
-66.90610133 -799.00431728 149.50343515
-45.69135907 -762.41176456 119.72812599
-84.24452524 -806.36817282 257.69596350
-84.66357382 -820.06841622 160.71877916
-46.39233822 -741.77523083 14.88860667
37.60568740 -796.29269055 276.79085638
-86.06357059 -828.16544706 160.42766824
-13.26519022 -740.27166087 105.99832565
-11.94011872 -786.63376301 236.25738274
-23.94745179 -744.17728487 95.08797718
97.35804938 -854.93527284 239.67527136
-84.71804912 -811.00230191 160.12670711
-59.13911250 -788.66905000 226.90896750
-70.46631075 -807.49945323 155.53880043
-42.25738801 -747.81972274 51.01580305
17.01528984 -792.92502511 263.46759510
-41.01676667 -756.74357333 101.99352222
-84.67621921 -823.01117290 160.87017400
-18.08908450 -771.86116320 218.57031245
-85.76766562 -828.10260000 160.22946750
-39.69920110 -761.06080239 134.97890265
86.05942749 -840.20396979 269.23241867
-78.42387101 -817.75493865 160.46058242
-55.66950270 -772.13380439 125.20535027
-42.92874000 -759.12389952 128.84059935
-24.87519218 -769.00355721 203.82558107
-78.59121905 -800.22519524 157.55579429
-84.74564500 -806.66213000 258.93302250
-76.89642264 -803.89999057 253.99361774
7.20565000 -776.40785000 251.28523000
67.21302143 -812.33947143 282.15703000
-58.25968496 -772.08217021 128.20304844
-54.42356478 -778.06022259 200.86307486
-49.08360248 -763.46295219 110.34197067
-42.02223561 -763.72762967 122.66787407
-31.87170932 -771.56399752 177.41648580
-61.29305960 -792.43694266 144.72057407
-55.41917419 -758.34376452 43.59073161
-84.23960423 -808.38561208 159.97079994
-7.72512754 -744.38540217 105.86801478
-57.13594868 -782.21881711 214.86383000
82.45586103 -832.00216619 274.82789032
-58.41163750 -770.32908750 127.56115812
-41.07252857 -778.71791429 175.71545143
-50.38926400 -758.30726800 105.97066000
-11.40477000 -782.41395000 232.43989000
-34.52934667 -776.67795333 174.64412667
5.22016193 -786.83011053 252.35998491
-25.30052352 -780.49367201 198.00092026
-83.64120357 -806.10951429 255.88379429
-83.34122273 -824.18513636 160.19983455
53.28458542 -808.03695626 281.06404283
-38.94540175 -769.22609883 140.63490368
-83.37321667 -806.47385000 260.76106333
-70.29777560 -793.59240212 148.89944101
-82.50437819 -822.23821702 160.52753319
54.83960000 -803.51330000 281.31918000
-72.81896741 -801.98629689 153.40197970
-43.40907538 -750.94724164 74.81596967
-75.83082857 -814.95460000 160.44946571
-9.82803742 -739.87552658 108.30619309
-46.12428252 -778.88381259 179.55717930
-81.71114728 -808.05268587 159.43993725
-60.47711961 -786.17309542 138.85475190
-42.95497491 -748.40243052 65.80183803
-46.47275048 -765.56930547 110.83971151
-40.06761557 -773.00053593 164.37619916
-81.98168636 -823.00907902 160.09952650
-54.21927097 -764.44518710 118.68295742
-60.65782459 -793.03168963 224.71175044
-76.04584304 -799.27154789 155.21114456
-1.69264444 -773.35636667 244.92518370
-45.78760000 -752.56880000 61.10118000
-82.94599167 -806.61220833 259.94184667
-51.39187798 -748.85763486 35.39356624
-66.34637500 -782.40716000 142.56772500
-46.10774848 -781.79572152 185.82059970
-40.86850400 -765.98501446 132.23346000
50.52381795 -808.16075769 280.61043897
-5.53366870 -741.27154000 109.68757130
-57.41583668 -780.42150727 132.54490457
-80.45589804 -803.11691176 159.13495059
-27.25350000 -742.44536620 92.38123026
56.40746745 -808.15966029 281.56673208
-79.02391933 -802.16300697 158.05784404
-79.45684271 -820.11688750 160.24394563
-78.70664903 -811.01363068 158.37791623
41.41015291 -798.99838924 278.18795399
-59.10915882 -795.36422059 220.66324471
-78.90870833 -807.98837625 158.17733188
80.72765181 -826.45202090 276.55068917
-59.79751166 -772.52847489 129.47281408
-78.52327797 -804.75502203 254.82411814
-52.55758371 -781.18840280 194.98789716
-60.25223776 -783.04769490 135.86525041
-68.52679320 -802.90624175 237.77075670
-79.33342708 -819.16272292 160.44875083
-79.70754340 -805.18405849 256.93845358
-46.99425000 -788.28932000 196.68398000
-8.98614299 -787.33877683 239.13575744
-38.48753684 -770.73058684 140.84129316
12.02593630 -796.24798836 265.90100808
-74.25545000 -803.50300000 247.04988000
-12.63793139 -739.06427510 107.99498464
-42.96280591 -778.69350968 176.63806925
-19.01281835 -772.06554125 215.81497832
89.66745038 -843.70998429 264.24190184
-72.22751107 -795.42423247 150.83471026
-53.36625945 -774.66125258 192.52954082
-42.47873132 -769.92044066 152.81901407
-78.15102417 -805.20241896 249.04953118
33.57902857 -791.13110000 274.49767048
-46.23142414 -744.84330428 27.11481014
-45.18696073 -740.18401964 14.69493050
-77.52773883 -804.83424660 157.13491786
-33.91910305 -766.55690754 164.87331124
-59.42700000 -788.53110000 226.80878000
-64.97541628 -795.55819302 238.58546140
-13.84246347 -777.48929867 222.69556293
-15.27301278 -778.31812443 221.77269456
-42.68139079 -747.62950033 39.13673822
-34.95560000 -752.65050000 76.03808000
-77.39599508 -807.61150328 157.10810623
-56.43613763 -786.73858000 210.60110542
-75.66420940 -802.05155761 155.54086418
83.77907593 -835.05469504 273.44075027
-75.64536505 -807.93923737 156.71976468
-75.24060144 -804.81630431 246.02699651
-54.44655207 -775.64110454 200.64749716
-37.56475135 -771.05253919 143.89587189
-59.43589048 -780.22087143 133.04589429
-75.94813271 -804.21814531 248.68197464
-52.45201662 -775.06201758 188.88974236
-76.44421421 -803.95492737 251.83252053
-76.51657500 -809.29540625 157.48263937
-41.47171264 -759.01017701 120.50643977
26.27517045 -798.98359481 270.59665760
-50.32824571 -776.84980286 180.69623143
-50.32257778 -767.49067778 181.64313556
-31.21032667 -771.94278711 179.99665526
-75.66851127 -811.09247181 158.18432755
-52.60435346 -777.99916730 128.08724730
-76.71665312 -815.91812500 160.25023312
-20.80027201 -778.46187065 212.60455133
-73.99802800 -801.91692000 250.63455600
-46.45985029 -759.44701075 119.93796560
-76.56690000 -803.44060000 253.79293455
-58.74596471 -789.18186723 141.17489513
-63.30364218 -789.00914014 141.95899293
-75.28175196 -796.10207436 152.90285390
-42.68088401 -750.70488759 57.05611461
-75.17219043 -802.90819858 251.58820553
-74.61703693 -803.18604886 249.06772830
-73.63659196 -804.05500302 245.18606894
-75.10144286 -794.43842857 151.39339429
-42.81401908 -748.24625151 59.76117957
93.91306154 -842.10743077 261.15718769
-56.26689254 -783.17365522 208.07018448
-74.34137143 -794.62251429 151.19905143
-42.00115101 -747.66078255 68.72399991
-74.61144444 -793.84863535 150.59191131
-11.32495000 -740.65641667 106.49434667
-74.82463000 -809.66138000 157.32174000
-43.16821071 -743.50050357 34.64805500
-74.41277333 -805.42472000 244.11644000
-42.01270000 -779.83657857 177.83625143
-35.33911930 -773.73542456 156.35335018
-73.29553879 -810.96732100 158.17123658
-13.97091250 -773.19346477 225.56315955
-73.06817227 -796.51725900 151.97053900
-54.51714360 -762.79819283 42.15677981
-35.90924743 -762.94132941 167.79136198
-55.15773746 -793.15952769 212.90368293
-72.43072900 -802.31224051 246.01764203
-59.23227500 -788.36553750 225.89660500
-39.99847893 -771.75375920 161.77653619
-69.47779804 -792.47872857 147.78736689
-74.15480000 -800.41560000 154.36133000
-72.51665342 -804.59343014 242.86637041
-73.95303750 -812.73018750 159.30509250
-48.55622487 -774.13862594 171.02797171
3.29342655 -792.80663982 257.08480124
-72.07315984 -804.03553033 154.09076770
-38.94314259 -762.39085047 152.88827180
-71.94819565 -791.86807826 148.11624261
-43.33819217 -739.53307267 14.60834248
5.71534953 -784.14766916 251.72899140
-43.79902857 -758.47371429 147.36420857
-50.90134622 -762.06054489 111.71046622
-47.57326742 -768.44365955 152.99145903
-71.90885923 -790.28591278 147.10014552
-71.61089691 -802.82731546 243.50792021
-33.50480580 -774.87060716 177.08216023
-63.77209023 -793.72055508 145.91019316
-1.32980586 -739.96386133 114.62737922
-42.58472723 -744.92144916 26.94080916
-71.32392727 -788.35750000 146.00862545
71.39823052 -820.10634862 280.99697431
-48.96082179 -750.95855559 33.17117777
-70.88231074 -800.86419669 245.52647752
-56.77374365 -781.62979017 212.53944523
-25.48249028 -778.08265464 198.01437256
-70.45696133 -801.68973325 242.60888049
-52.93590000 -779.85812105 129.40045895
-47.24066316 -764.43510000 153.07288526
58.65726531 -821.23544898 283.43291265
-28.49125206 -771.44855696 186.14699108
-69.85704614 -796.13139562 149.62932154
-43.05446912 -753.51651774 86.87365212
-69.70720725 -790.05233633 146.51504092
-60.10563163 -790.22098966 227.71959739
-42.43108710 -767.86352581 129.35361145
-65.21090000 -786.07310000 142.25448000
-50.09797714 -773.19814000 175.66709714
-71.07634500 -803.78947500 241.66866500
-40.71152088 -769.04886264 152.86304923
-40.88616200 -777.63020800 173.62691400
-70.34021053 -806.01345614 154.65045281
-42.78048160 -754.72993280 81.04235520
-23.05892963 -780.29592099 207.92094049
-45.52119622 -757.29834494 107.83555600
-54.77572330 -774.89424945 126.02436440
14.22113284 -792.17538382 261.85718245
-69.60533584 -804.67857146 153.52347589
-55.66384078 -790.46224029 212.34121252
26.24045000 -796.04319127 269.35644175
-70.23069032 -800.16849570 151.62624667
-70.05747661 -788.01042305 145.63346508
-71.13045000 -800.60700000 247.51263000
-54.99981018 -754.87078894 40.84585301
-45.10089390 -762.78290352 113.85376146
59.34921245 -819.92828903 282.95605363
-63.85378619 -795.78311017 146.92465269
-69.99226846 -799.90861846 245.68836769
-64.61243304 -798.33165826 147.85451739
-40.71824516 -757.77236720 110.76871602
-69.02501496 -799.56556085 242.94889920
-68.63648523 -785.10705682 144.32122886
-35.04817465 -772.01700282 162.73238282
-68.53907846 -799.98839692 240.34160000
-21.23805000 -747.23364846 95.06312583
-68.57990698 -795.14392326 147.97561488
-64.93014491 -798.47249259 233.03829991
-44.91737366 -745.98932023 44.66286053
-44.60801610 -749.10052846 62.65000996
-42.79279943 -744.59583439 35.67902075
-67.74336786 -798.20257083 242.22335619
-67.55289903 -801.82922421 236.61798799
-40.52092344 -759.32491719 114.04821958
4.01142727 -788.66557273 253.27195273
-67.89146981 -804.10127358 152.11849132
-67.94730968 -803.80066774 235.97515742
-59.32887568 -797.07722703 219.95587730
-67.93088906 -802.72486875 151.58553156
-57.49578595 -784.10909549 215.80797149
-45.45845455 -755.60570000 78.99100727
-51.48363409 -764.17354167 43.66133758
-67.38945243 -798.74061202 239.64206645
8.67659009 -784.18097101 254.36821523
-5.99384865 -787.36147601 242.03000095
-61.68344122 -798.59067012 224.48485801
-47.13614444 -767.75550000 112.85345778
61.83771793 -808.83194076 282.24843761
-66.85427844 -787.10051947 143.96919355
-39.42994235 -763.04353882 131.84797294
-68.10520833 -800.82126667 238.68044667
-47.29273140 -759.55532674 128.63789512
-67.10198907 -801.60830530 150.40937437
-66.89950412 -784.17740702 143.20544126
88.07512222 -833.23892778 270.41060222
-44.93167297 -773.86417027 165.50440973
91.59976617 -843.66881802 263.13558370
-50.07544000 -774.56813333 124.59688667
-66.35886494 -789.80494146 144.50377970
-56.03924400 -795.40114800 214.77990800
-39.97198043 -758.46421522 158.61434304
75.08548734 -828.81236507 279.87646690
-8.84591395 -788.82916279 239.87848930
-42.52782782 -747.90899555 41.74969321
-65.36050698 -797.33195349 234.86101488
-45.02575138 -760.34400387 140.78257208
-42.39925000 -772.77573492 161.84551810
-46.29196454 -753.61003506 74.98721167
-23.01050270 -770.30728378 207.55325838
1.08692727 -778.43480227 246.82966333
-66.55987245 -798.99969528 236.73299202
-67.41029091 -803.69863636 234.90076182
34.15129902 -798.98952000 274.16771220
-23.18065000 -782.68385000 207.06883000
-66.04151821 -796.73137354 239.68341196
-54.76590238 -783.96726548 203.90975902
-65.79611681 -792.08326549 144.95408088
-63.41590000 -800.64200000 226.31048000
-65.58249288 -801.69078605 231.40487347
-65.63168515 -799.20698408 234.18225013
-65.64693448 -781.72125862 141.68018000
-58.12133556 -787.02265849 218.81737046
-43.20286770 -742.78574371 29.76137710
-42.09603140 -748.10051896 47.69084208
-65.01731250 -787.73813333 142.66658000
-64.16120062 -784.04318583 140.62655474
-44.39133934 -759.67696721 145.84243574
-55.81353561 -787.13406809 209.24124268
-50.20106667 -767.24866667 181.04041333
-64.26736490 -799.11575846 230.80362811
-64.59061302 -781.22618615 140.19427307
-63.61135481 -790.53575227 143.39102483
90.85020000 -836.41490000 267.73788000
-53.32156176 -753.54083824 37.24988882
56.30633831 -817.04806234 282.50598368
-60.81846071 -790.97485292 230.49334234
-46.24644662 -763.07335828 134.90395898
-63.55624678 -792.25439357 144.82260705
-65.16116667 -799.09091667 148.45011333
-56.43447157 -781.26668028 209.97867142
-59.31760000 -792.12454000 220.15760000
-45.86299905 -777.82784101 176.92616580
-63.66328574 -787.02451977 140.94060548
74.75162500 -831.32151571 280.94628000
-56.03451591 -793.36983636 214.71554591
-64.44341149 -800.89812973 228.38136446
-43.04418446 -753.88062358 89.81192637
4.07269891 -783.89334783 250.03171696
-20.83629114 -744.09483502 97.83008970
-63.26616662 -795.96971879 230.85866345
-41.92375935 -760.81891636 113.73009542
-45.43553560 -757.74741391 113.87000685
77.28477293 -823.12366070 278.91011122
-64.60530000 -779.52190000 139.44308000
-63.62166977 -778.80410963 137.48182485
-63.24965055 -799.15550762 227.80056546
-56.13072500 -791.17342500 214.39668000
-48.67345147 -777.46018133 179.91992240
-33.23146570 -766.08536082 173.93368787
-35.44000692 -772.02703410 161.74914231
-63.58407417 -794.08964106 236.10468728
-42.60152078 -765.87016875 125.87789368
50.35154134 -811.06044654 281.09909797
-34.70597111 -766.23663415 158.97247006
-47.49926471 -779.94632549 183.74739765
-44.97296569 -752.02905620 77.74511990
-62.79909455 -777.53324901 135.57260624
-2.09363000 -773.17099000 244.21586000
-62.81311711 -793.66073928 233.97300169
-57.97726894 -786.53093106 138.09788307
62.46766766 -817.11791914 282.33714716
-62.54341397 -796.23802654 228.41364201
-62.73980500 -785.99706500 139.15841250
38.64777830 -805.86652642 277.63813755
-56.02130299 -779.22542388 208.98265463
-61.87925736 -792.42192326 232.87932419
82.16179423 -837.24247308 274.72370404
-62.51349286 -776.14973750 134.13904964
-17.09638000 -782.76470000 226.22084000
-62.42998188 -793.96957246 231.15177746
11.66841800 -790.96486933 259.86853667
-16.44553213 -747.48492246 99.55687493
-54.61226892 -776.38155541 127.58696649
1.94095821 -739.66835627 119.95094343
-62.24263333 -794.48896667 228.86401333
-62.22440000 -775.56790000 133.29018000
-60.82751654 -790.58270919 143.22381401
-44.34300606 -752.46247576 82.87352545
-61.90489623 -795.70564264 227.15120528
-15.64928329 -783.82934011 230.79647861
13.11651200 -789.30035600 259.19929600
-40.86656154 -768.22936731 149.78342808
-61.95242571 -775.97567714 133.52488286
-61.43861671 -792.98220899 227.88423576
56.27469203 -805.49841522 281.54630246
-60.96828038 -778.31323038 134.45274029
88.66305567 -835.28970364 269.49394253
68.36300599 -820.05664153 281.68686079
19.01865882 -782.86479412 259.13409765
-60.58821304 -789.15689681 141.77499536
-61.70693918 -781.43246608 136.89828351
-43.81634375 -765.59133750 134.98076125
-61.79430745 -793.98358617 145.61143851
38.98484526 -795.75133796 277.98076175
-43.67053711 -758.46394588 125.06773258
59.30172306 -811.03884592 281.90702592
-52.13809057 -765.94619394 116.83248377
18.35916842 -800.80837895 269.10403263
-31.57473655 -751.17860183 81.36966799
-61.99501429 -794.88305714 145.98082643
26.75184387 -804.62862452 271.96853355
-45.04461915 -758.11199062 119.79660943
-7.97426250 -743.31653125 106.25155500
-61.06494101 -796.18953487 224.68861528
-56.23853333 -791.81856667 214.33468000
-49.95370290 -768.07890079 176.71070401
-45.28863075 -745.39505162 38.53570500
-60.60620479 -798.41865562 222.15929621
-35.16270000 -773.39510000 160.29448000
-60.78321818 -773.39818182 130.59947091
-48.09934211 -767.99204316 114.61005754
-28.14610676 -766.06312703 191.84911724
5.05570927 -792.41855633 258.33419052
-11.55487021 -743.89987872 103.56279702
-59.98001435 -796.04496435 222.17416747
-59.71612826 -792.94602064 222.23149201
-43.49142684 -758.25430491 122.90573766
-50.57748478 -777.34349658 182.86538932
-59.56510938 -773.86033437 130.12478938
-51.60250387 -780.76354665 191.97499985
-38.70430171 -762.18157732 156.20554098
26.22892980 -787.37796894 267.20504061
34.32075238 -791.29873333 275.08694667
-59.44809621 -790.65093737 222.63128354
-59.04537411 -793.04064732 220.65706571
-58.64382368 -787.82543747 224.34319379
-57.43175250 -775.04427125 128.81302438
-29.42186735 -761.25387551 184.89831878
-53.76091061 -792.89583017 210.36822413
-58.58412137 -788.00051197 139.87566718
-58.44793616 -795.97384691 218.89334205
-48.94059227 -772.10210300 167.96906183
-47.29077647 -764.38773971 156.08629471
11.47755056 -795.14004719 264.70760921
-6.33877985 -784.29047369 239.52850854
-57.71144532 -781.83919176 134.01517963
-59.00190000 -788.45066000 226.53699000
-45.39097266 -747.09912914 33.04916597
-45.55498315 -751.71721295 32.21248359
-48.55852029 -765.23044344 111.55489865
-25.16898220 -766.22559135 206.78618183
-58.40512637 -790.00725944 218.81737880
28.59143889 -798.17541556 271.03952778
-39.72621891 -760.67091477 131.80693104
47.92606762 -816.07409143 282.19897810
-57.09025462 -795.95716860 216.04977156
-38.95610000 -752.65040000 67.20158000
-35.42825986 -769.35172437 161.30375778
-45.92532782 -754.86869149 34.79191617
-57.10710120 -769.41869320 125.88642040
-42.68214726 -758.90511027 125.95583822
-57.51623561 -790.08036553 215.90924026
50.72687398 -816.90964225 282.21377002
-42.84009877 -756.38583969 102.13878062
-57.83615429 -785.35799143 220.62241143
-22.34858716 -774.58689895 204.23255621
-57.73647156 -784.72398270 218.59019043
-57.07383862 -784.06345048 212.83597200
97.91932195 -853.08855000 242.88148457
0.99993736 -740.84627253 117.95828879
-29.20763333 -764.45190000 187.44514667
-56.76561272 -789.40031127 213.29785197
-56.56647472 -783.93717674 209.93523879
95.14685233 -852.06880465 251.62352651
-33.90070514 -776.95392343 179.75215600
-56.48072500 -785.76787500 136.04473833
-56.36055375 -774.86504750 126.88947625
-56.25895192 -781.96499038 207.84557615
32.53109272 -799.19979296 273.32908094
-35.72880403 -772.04910383 158.86695399
-56.24856667 -767.43513333 123.76728000
-31.80425556 -762.88905630 179.78952682
-56.22670000 -788.57420000 211.13298000
-54.96282953 -769.02994439 122.94757430
-43.79300128 -783.28306282 185.91311974
0.66919688 -775.14395625 247.54915812
-50.60768488 -774.89505293 180.01039361
-20.93475428 -781.20165325 215.66353120
-56.06816567 -784.70055970 208.66611284
-3.19189748 -772.96603648 242.54928503
-55.01475670 -780.90663582 131.72913722
-47.52710000 -749.81030000 31.09419667
53.10287415 -816.96895297 282.36185571
0.17850443 -781.16925203 245.27916561
-46.21201843 -764.95051521 135.13397954
-32.44239707 -769.54105951 173.51815073
-54.60406518 -789.87312356 209.84032372
-55.25965114 -766.83788598 122.45863303
-54.78284712 -786.97420016 206.91689891
-54.54432651 -777.79714059 128.98565879
33.23953299 -802.72450876 274.65248309
-47.26822821 -764.47489744 168.35006462
-25.88501865 -780.32643627 195.51585047
23.25790946 -801.94663176 270.55384419
-39.00109073 -762.21935313 140.54329729
-55.69688103 -760.34542991 44.11424291
-24.40788342 -747.93809436 92.34488911
-55.16757299 -795.17869343 213.10356029
-46.94287034 -764.19238966 170.05446276
-55.32060451 -763.12796119 44.75279628
-45.40009542 -754.72770782 92.81252030
-55.20522617 -780.99749922 203.87313548
63.25088276 -824.85133448 283.57537655
-55.02829783 -782.98518913 132.86382565
-45.28513831 -744.97901726 35.86193944
-42.90450000 -767.61400000 127.31668000
-54.99974386 -778.08965175 203.84417901
-54.35691401 -771.98707826 122.98868048
-54.50959944 -756.68916667 39.37187083
-43.48035638 -751.93699007 80.85881546
-53.86108446 -759.64265135 39.79569014
-53.47297381 -772.29720377 192.02995282
-53.83384880 -786.36083732 204.32959675
-54.09030400 -775.15404049 197.97792829
-28.03679629 -745.20194326 90.27693719
-53.63791919 -789.26083663 207.47965035
-53.88276667 -764.78158750 42.92013417
-54.07707059 -773.29506029 196.72706235
-44.33212593 -749.47065926 64.86148370
-52.96637922 -775.28978078 191.31322753
-53.63573734 -763.72584091 116.83380825
-35.26602500 -773.90454773 161.78729136
-44.66942222 -749.75961111 28.12066889
-42.64232663 -763.37093034 119.79600848
-43.96868000 -752.68695000 63.94390000
-53.86530393 -778.02941499 197.87019186
-18.68702918 -742.09511783 101.67599270
-53.54571576 -751.94202554 38.18456696
-9.18454835 -741.28993363 106.87181574
-53.54467224 -769.17583878 120.45485186
-53.68365596 -775.05645321 194.91289245
-42.43728469 -769.07702245 149.88503255
-37.25573324 -769.07937756 149.92450472
-53.89172222 -794.70044444 210.99628000
-53.63645658 -771.05603553 120.80248000
-41.15660000 -755.48550000 97.08653000
-53.40343636 -764.84969697 118.06336485
35.07159898 -801.95877614 275.06209726
-48.42282987 -760.12785865 38.43051648
-53.32737805 -762.72882927 114.81481659
-21.57614618 -783.27858125 215.86447097
-53.31911818 -779.90063636 196.02952909
59.30240469 -814.05859168 282.15947168
-53.24724000 -771.01754000 190.26568000
-53.22950000 -785.56540000 202.21998000
-53.20240000 -752.49630000 37.29348000
-52.50467510 -790.21319222 206.34533331
-39.24652500 -762.39480763 149.94103678
64.00100000 -824.48072500 283.40923000
-46.14397371 -756.71332178 89.85941325
36.05775600 -809.79126800 279.08609600
-15.95115485 -780.97314137 224.68936809
-53.05079000 -788.40812000 205.69845000
-52.95599231 -766.67483297 118.73687670
-43.84578312 -763.10426234 161.37602935
-52.89161596 -793.09865106 209.00381617
-52.98861603 -781.82703910 196.92861077
-51.42768540 -786.87844668 200.96165279
-53.08025503 -772.15381006 190.74136935
-51.47287801 -754.02463519 36.04391783
-19.94667500 -748.48562500 94.20399250
-53.01812140 -778.48241179 194.04060576
-53.04330732 -751.28278049 37.50817390
-52.46054985 -787.56423112 203.57436157
-51.82281265 -784.09606181 197.79828644
-42.58700224 -751.07703898 66.24549374
-42.68794564 -757.38316122 113.77465941
-52.66458514 -772.03098631 188.90840764
-52.63820513 -763.95731026 116.03405692
-37.53468292 -763.68648099 156.17762577
-20.33198667 -770.66260667 214.95844000
-31.84293576 -768.21302153 171.19195014
-51.80011254 -775.19175542 125.55761085
-51.86106536 -763.03956038 113.79689159
-51.99768646 -750.92942969 36.19581079
-52.57298759 -777.94980035 191.86603752
-50.79963773 -759.73587836 108.34982591
20.15520299 -789.94889821 264.26124716
-51.63873682 -759.97670763 38.70624819
-52.41785546 -764.99029538 43.99115185
-40.79883377 -758.41651558 119.15036571
-51.75904155 -771.15279789 120.57582542
-41.16450000 -767.63240000 133.30198000
84.58846364 -839.28400909 271.19013000
-12.90853770 -744.98664979 102.38620428
-39.65676641 -766.01651853 137.83938463
-45.18056212 -755.03969366 95.81677556
-52.94271667 -755.24206667 37.41406333
-52.37775931 -770.09527500 188.20816333
-52.33950143 -764.91577571 43.00525286
-51.22720244 -773.82064472 124.02843772
-51.94094901 -792.37705000 206.98849782
-42.74212036 -760.08652680 137.79203030
-51.79738140 -776.96620581 126.91795209
-51.38226162 -762.01976061 39.87879414
-50.90173109 -783.38510311 195.27277326
-51.77782571 -778.01051321 188.87205411
-52.42100000 -761.23050000 112.36518000
-43.60536000 -740.50946000 19.69382000
-51.87556741 -774.85418999 185.78969480
-51.66086577 -769.64231290 185.76709649
-51.24097863 -774.93324120 182.86478205
-51.08239176 -779.99285059 189.18237353
-44.96656757 -749.65203378 45.64740703
2.66772207 -787.64392069 251.22881483
-6.19813208 -781.17157201 236.69901050
-40.37066200 -774.66101467 167.80962800
-50.81975625 -767.68193125 115.21343000
-47.37182513 -759.79612567 122.92032011
-51.12144166 -772.02979514 179.90244478
-43.62939793 -740.28318846 17.57060396
-50.62784100 -786.11617900 198.63461600
-45.31409921 -748.17984164 53.79759908
-35.02580000 -746.54110000 82.29728000
-50.77522708 -791.91706458 204.77400708
-50.50136451 -769.49267644 176.93328972
-50.40326207 -748.24610000 33.96269034
56.05082287 -810.93117367 281.65558785
7.24532785 -791.80365063 258.95053316
-10.13534444 -737.44615926 111.80903185
-50.41180400 -789.06351600 201.88922400
-39.79681149 -769.00616360 137.86564398
-50.34335714 -774.01237857 177.67598833
-50.31053671 -769.79293207 174.53755975
-50.31328962 -771.41363552 174.72325869
21.91506000 -788.73999000 265.13224000
-42.93139789 -767.80964737 144.34840526
-37.16901723 -763.95365672 152.98874471
-5.10530000 -771.23390000 238.22278000
-50.36791000 -750.00041000 34.27694000
65.23977819 -814.05653257 282.14438046
-21.06193579 -768.57231913 218.58737344
-50.32443333 -782.63891667 193.17484667
-50.39895000 -758.61850000 37.30123000
-42.36869049 -748.09980563 44.86416070
-50.27206452 -765.17678710 111.95976065
-40.69369512 -751.87676098 64.13838732
-46.22719089 -762.79466159 140.88306893
-49.91793964 -772.25014458 173.58643700
-50.04198507 -767.90340398 179.54295363
27.50067500 -800.18489167 271.54400083
-6.57021649 -775.10862120 236.90749949
-49.77341421 -772.84102368 122.35301895
-49.52790090 -775.33621484 176.70060084
-49.93487109 -768.63480013 173.66850520
14.94215507 -787.44926957 259.90239932
-48.91765328 -754.58070451 34.92295131
-45.88986155 -741.70355284 17.91134313
-49.05869406 -757.58707030 104.60701243
-45.58641801 -748.01550536 41.91476084
-44.27851765 -765.80399412 121.97533882
1.01225000 -776.44550000 247.32113000
-48.99906899 -768.92760965 116.53288123
87.91495000 -839.73663750 268.45141750
8.42271224 -787.11743510 255.08004316
53.59730988 -819.14137500 282.62919686
-49.21684805 -748.10619896 32.43305558
-47.31271818 -745.10107273 28.23991636
-49.62342500 -770.20115833 118.73030708
-10.79269276 -778.31189690 228.55461103
-50.01660000 -752.08855000 34.45809875
-49.94791842 -790.90476842 202.86854842
-35.93998632 -772.13938912 155.82938421
-49.72955937 -782.02738437 191.19398156
-41.27431818 -764.38782727 127.68354364
-48.29752859 -757.06703819 36.06484408
74.69154521 -820.11061677 280.03534287
-12.29884554 -742.03464636 104.48036834
61.85718263 -823.49209632 283.53348000
-49.83215185 -788.03940556 199.89495407
-49.39948042 -771.42001481 119.91605407
-50.05318000 -785.29812000 196.67375333
-48.80922638 -778.49942577 182.62759656
19.83935260 -792.81923594 264.74864146
-45.47155365 -762.49893778 105.11690141
-49.85141944 -761.23762778 109.79760778
-44.79522490 -763.77976619 116.79542514
20.59977376 -799.42571768 269.10318359
-46.00879148 -759.69349375 102.27610670
-48.50011032 -783.67766516 192.14133839
8.25989484 -790.11936806 257.49461013
-43.21403357 -755.11016970 98.83641916
-49.07421634 -787.10370719 197.68246595
88.61131850 -837.66588070 268.92247946
-48.07131381 -765.83895571 161.84493676
-42.64189524 -770.97500423 156.08331862
-50.05122778 -767.38433889 181.55108556
-32.07324237 -760.40465763 178.05809017
-45.59595146 -754.11258885 86.85695011
-49.40524565 -761.86778804 39.92011804
-49.28221307 -789.67453399 200.90288850
-45.98250617 -759.84522662 105.02484883
-48.85070996 -781.32901365 188.58883683
-48.25614552 -780.54780149 186.15598597
-43.40716532 -765.45146959 122.89829216
-50.11465000 -791.66770000 203.87013000
-47.37853939 -767.98925076 150.16808379
2.94501226 -790.56642839 254.51373677
-33.01320622 -750.42945041 80.42351355
-43.56815614 -758.86631579 99.10009754
-49.73542384 -768.95727317 170.90446714
-48.33952961 -758.83405789 37.13761289
-45.83292466 -744.84957347 30.02582446
-48.97758341 -774.76242796 174.00723653
-47.93974256 -759.95837855 105.08766443
-43.54615500 -781.81926600 182.57984600
-25.99867511 -778.19214410 195.90123983
-49.21456847 -766.52895536 176.57411090
-45.29665129 -747.74154483 27.55146147
-48.81680187 -766.11560315 173.81050638
42.23653415 -812.84256098 281.89832878
-48.55110741 -765.93306844 170.84533262
98.15380511 -855.08847159 236.73259193
-48.16040373 -786.19727910 195.37600388
-48.36383226 -765.82915069 167.93816606
-27.73296305 -769.06296164 191.84900138
-48.25402095 -762.95034613 108.11844391
-22.50391371 -740.37430726 99.08044774
-48.95694858 -769.06210266 164.84740252
-48.06307323 -745.43062244 29.83701819
-47.83612458 -776.93354068 177.55117915
-43.05898333 -756.60167483 89.88365143
-48.23862932 -765.86590973 164.86621096
-47.85012213 -747.83545246 30.54228410
-42.95174640 -759.44317034 131.81782555
38.29741463 -802.07550850 276.36641197
-48.04710167 -788.98977167 198.53535500
-17.61398701 -782.18951688 224.43061593
-48.56958285 -769.07527283 161.86488443
85.56451092 -834.96107330 271.91638534
-39.09408537 -747.23822012 77.53251841
-47.83640353 -756.64094706 102.89567882
-46.56441552 -776.06865259 173.63961103
95.71218108 -847.26805450 254.93279036
-47.80091463 -773.75982927 168.82778244
-29.61361303 -763.17064915 185.49436397
-48.53636000 -761.40746000 40.53272000
-48.19910460 -769.04570069 158.81488920
-47.96233287 -765.87249877 158.85077352
-47.64775130 -761.89620609 105.81476000
-35.07830000 -765.41580769 153.78104923
-47.81870066 -765.94975748 155.89083864
-47.85500000 -770.80416000 159.60860909
-41.03102500 -770.62897500 156.82754250
-46.55313000 -758.38275500 37.60304500
-47.85925683 -768.86534262 155.96875350
-45.45516545 -753.12108909 65.77354000
-46.38758650 -741.77560616 12.23352330
-47.57291096 -765.88672701 152.89072364
-47.33735012 -766.02120162 149.95168785
-47.36725034 -759.66194830 125.71560993
-37.76581868 -765.10506154 144.22421516
-47.32584573 -759.91356030 119.92932472
-47.27920000 -767.70809333 148.11664000
-47.29474474 -764.42533158 158.81483789
-47.26771383 -760.04496277 117.20675553
-47.27547400 -764.45779200 161.73532800
-37.38496920 -765.75541522 147.04679196
-47.28213000 -759.80559500 103.12481000
-47.23125556 -759.47235556 130.79134667
-47.22457000 -764.46410000 149.60220000
-47.20970000 -760.17617500 114.60150500
-47.20620000 -766.77932500 144.56515500
-45.95816790 -748.23757491 29.34012207
20.14693773 -787.35997384 263.07616681
-46.48153795 -763.98555469 167.76496013
-46.09870432 -759.29646585 122.86275237
-22.84257299 -743.02455985 97.05477562
-45.72034780 -759.30772911 125.83040472
-45.84807190 -769.43727582 152.89340745
-47.13145000 -764.62480000 171.09803000
-46.61174320 -786.95249600 194.54956400
-45.55852805 -748.26279617 44.79728710
-45.83924233 -763.61081638 161.84739717
8.62013232 -794.82243131 263.63158505
-45.84186861 -763.43062038 158.81894264
-45.92730973 -762.94268429 149.81250567
-47.15439273 -765.45238909 149.26557636
-46.93242533 -759.01785067 37.96128800
35.66973206 -808.45562010 278.01358096
-47.01643915 -766.02274868 146.72103497
-45.74523417 -775.39990302 170.89154281
-46.54648767 -756.63606484 35.94421988
-4.23094286 -740.16339881 111.72774786
-33.53710270 -769.00731417 167.60309361
-35.19190000 -770.39070000 163.38278000
-46.58121423 -759.49180948 116.82516019
-42.67530850 -773.99267850 165.12445600
-45.96510740 -763.15517247 152.79285818
-45.91118100 -763.25201734 155.86086710
-19.60854118 -769.80143620 219.29734154
-45.69345984 -767.94193701 147.12649575
-46.98756667 -779.35939583 181.74199250
-46.28845180 -784.69317613 191.33517099
-45.67017458 -756.56979272 101.87724439
90.52069500 -842.17646167 265.00309833
-46.61079752 -759.41703189 113.89427963
-47.16718889 -764.61500000 152.27173556
-45.97995178 -762.80776053 146.81982374
-37.60831194 -760.13974814 164.86278993
-18.27591875 -781.44730997 221.68663676
-42.81383919 -745.67692134 44.92874009
-45.61400765 -753.40784567 33.69466976
-45.64044286 -772.29187311 161.82485059
-45.16432581 -743.72144839 12.41733914
-25.52981372 -772.16480235 194.82447792
-47.13624118 -766.99537647 112.70158588
-46.14726518 -763.49459840 107.71065412
-46.34888579 -759.62321403 110.78541179
-45.79513672 -783.54877786 188.98859484
-46.75639091 -773.43695455 166.91155273
83.65391863 -838.00155511 272.80921969
-45.92284794 -780.52357529 182.88604088
-45.60295878 -757.07428595 104.87837339
-35.85120682 -769.16441087 158.92700132
-46.00902024 -773.05909286 164.69330738
-46.14487586 -770.07535747 155.39127080
-20.37357500 -783.81561125 220.98882625
0.75194444 -741.18401111 118.48771333
-45.63797025 -774.39826962 168.01960595
-46.43543688 -765.72671369 140.98078894
-43.43434818 -753.22964307 69.10642161
-41.54079512 -764.04419431 125.49663772
-6.38545827 -744.08069892 107.74286753
-18.04319973 -783.84244114 227.28618300
-47.03890000 -758.55650000 37.32978000
-38.55263292 -766.34041925 143.69872099
-45.94021067 -785.94690667 192.62379733
-16.20597216 -769.40573704 225.15807914
-46.16410345 -762.82674462 143.84715220
-46.27921525 -765.30079300 137.88769425
-45.48209558 -760.00280373 134.97236096
-45.11472030 -777.01000526 174.15424767
-45.76082923 -744.32931297 17.85684154
-46.34665807 -757.00626492 95.87648535
-46.19521966 -763.07853654 131.92587776
-46.12172398 -744.57932593 20.71857649
-22.67389341 -780.98829809 209.90609837
-46.14599832 -762.72321267 128.81071405
-45.68564100 -741.98205906 20.72485284
-3.60218355 -737.89402854 116.71052159
-45.96217216 -756.48185985 86.94797886
-46.03604701 -753.86491139 80.91470179
-45.85770217 -756.17018142 84.07685678
-45.50810763 -742.43490344 23.71954851
-31.55726155 -760.85122462 179.58037815
-46.20136525 -753.47229915 72.01995881
25.36863173 -801.76424904 271.19787327
-36.74463773 -765.92089612 149.88578439
-45.83473746 -753.41178254 68.99153183
-45.29552639 -760.21352296 137.79367235
81.29564500 -837.05615000 275.62597250
-45.54923662 -754.44750235 89.78185077
-45.53231728 -750.77117445 65.91634352
-43.55046200 -761.76009000 147.09937900
-45.47801338 -751.08913086 68.83253934
-45.34238599 -751.39703527 71.85150931
-45.46478611 -757.51731537 110.85848063
-44.21420000 -740.54970000 19.78568000
-45.85933640 -750.78806828 56.89515088
-45.85187844 -750.48222197 53.94945536
-40.26921607 -773.80985000 165.97395321
-45.19383100 -751.73090841 74.78734918
-38.61946667 -752.62390000 69.14961333
-45.09690567 -742.79715388 26.76287881
-45.38063993 -747.81231406 50.86094079
-11.86755931 -737.92838552 109.89785586
-44.91645167 -770.87734333 156.42787167
-45.62722860 -747.79363340 48.03358077
-45.22037070 -749.96958662 47.99631376
-45.65226253 -747.62631685 38.79784741
-45.61357175 -747.27815800 35.88943225
-45.09066541 -748.43963697 56.86969919
-45.10563362 -745.69155776 41.75914703
-45.33287778 -764.79724815 108.66963185
-44.93784196 -748.78664344 59.68829479
-44.77956489 -743.12695745 29.75374809
-44.70311412 -760.36210447 143.58205882
-44.61120711 -740.39433682 17.08093105
-44.62240625 -767.66570000 144.77476750
-44.55680324 -746.27895027 47.62401892
-44.92776250 -764.60163750 118.15778000
-44.38900169 -758.49172881 124.82902915
-35.03998333 -752.29641667 76.19439111
-33.12336718 -747.25886448 83.11579313
-44.27744211 -746.45814737 49.88794316
-44.24660000 -755.50740000 100.37318000
28.52672925 -793.07410204 270.82898204
-44.24040000 -743.49010000 34.73978000
53.29361303 -804.93195144 281.12256240
-42.92245656 -742.01797099 23.75806590
-42.69948400 -747.56936377 53.83765943
-43.32968740 -746.34680082 50.56145863
-43.64785000 -743.83557581 15.32794559
-43.86171704 -764.90638593 120.65094741
-42.50259043 -742.08662114 17.93240043
-43.12162232 -742.35553561 26.81970934
-43.86850349 -747.39619535 26.84223814
-23.49716154 -781.15881958 206.76660424
-34.07885357 -760.49570426 173.65289151
-42.91787274 -759.81396936 135.02963038
-43.11639950 -754.23275854 92.86338804
11.42234008 -781.11849427 255.22636069
-42.96960054 -747.26942582 35.67614603
-42.65570210 -756.96653562 110.81154185
-43.11122201 -750.73911459 71.78122809
-42.93349845 -760.38930593 143.86055191
-42.79129885 -753.84167863 84.17579031
-22.83728757 -773.01711892 201.25399622
-42.73486462 -745.34013558 41.78158712
98.95323077 -856.17061923 231.74101462
-43.35513045 -743.25611852 32.91629831
8.70299149 -794.14099078 262.79829986
-38.40768889 -746.83957778 79.64852444
-43.40347122 -762.15594502 114.00069697
-43.43052764 -751.44684618 77.84122945
-43.09903495 -762.83553232 116.97977475
-42.91162737 -755.42536089 101.17586547
-43.18115986 -745.95774789 47.71680958
-42.82598180 -756.29525159 104.92471763
19.38676000 -782.48454000 259.04354000
-43.89721875 -755.73067812 81.52808312
-42.90667520 -759.76947910 146.93023246
-0.32487765 -784.35457922 245.51204784
-42.92563710 -758.09019666 119.96846344
-44.06161905 -761.96735238 102.28857524
-43.31714700 -744.09897981 18.04653142
-42.53647287 -768.29260638 146.92566457
27.99725000 -787.22144000 268.21766000
-42.56079950 -757.21662519 95.78573970
-42.82246934 -750.35669270 53.98853000
-43.06372494 -744.40344182 20.78118468
-42.09664079 -745.15129703 33.09003881
-43.40276988 -759.57109036 101.97620952
-44.15703333 -751.96656667 31.79658000
-42.69091949 -744.93257795 38.91436287
26.33268985 -793.02211015 269.18658836
-43.07429832 -753.30941453 71.27006827
-27.44882179 -766.07136445 195.11048420
-42.88910847 -741.74210158 20.78200867
-43.59613333 -779.40804667 178.62647333
-42.74037838 -776.00239151 170.68311514
-43.07199592 -748.60543469 62.73866390
-43.23272624 -747.04111733 33.49321713
-42.64415340 -760.32568377 140.80325377
-43.64050278 -766.43061389 138.35166333
-42.68189892 -777.36606906 173.80942532
-44.05056667 -743.61196667 13.02349667
-42.83155994 -756.92585182 92.83544106
-17.61902549 -771.02950686 221.29159667
-42.31496575 -751.16105719 62.84179507
-43.55140106 -755.95684681 84.02947787
-42.57380460 -760.60180268 110.78777808
-42.90194348 -744.78922029 23.86035198
-40.52394773 -775.94420341 170.45115500
-43.14321596 -767.04122766 140.93886511
-43.20137073 -753.99914390 74.80140439
59.36575785 -817.06376839 282.48922138
-43.92458636 -749.60746364 46.06663455
-42.26458495 -744.90839630 29.75411102
-42.31445147 -767.30543824 143.30224176
-40.00246232 -749.00662802 68.94272300
-1.35173604 -786.62509946 246.38128271
-42.38391413 -771.77566920 158.86426587
-44.08915000 -751.61775000 31.30948000
-40.74839167 -758.46103750 156.35182375
-42.79154103 -754.21969615 78.27375308
-44.01115000 -782.38070000 184.46133000
-42.52236857 -776.61765429 172.14667429
-42.00232083 -773.37817708 163.79886542
-42.54440678 -742.23805876 14.88822393
-43.41753000 -782.68936500 183.89194000
-35.70936159 -745.48371280 82.94111476
-42.10662365 -757.40970197 98.63878296
-42.38036161 -759.52241348 149.88547064
-30.26965970 -772.00974370 182.80206489
-43.46462000 -746.47144000 53.07946000
39.08625867 -810.58755333 280.79176133
-28.82466234 -769.94669870 183.17694537
-41.93543986 -766.27210196 128.75248285
-41.85287931 -758.84140268 123.06192483
-42.02868824 -758.47184412 152.93352412
-41.73318708 -759.30517608 152.69302139
-25.32059297 -774.90582561 198.10774874
-41.73070083 -768.22662853 131.98568222
-41.48580130 -747.19153312 71.26569948
-8.93913333 -737.39690000 112.85478000
-14.71307281 -769.46559291 226.95577929
-41.38981000 -758.45007000 154.79918000
-41.30627761 -768.79525224 133.72213373
-40.02940446 -761.26995238 137.48025143
1.82494214 -786.47977625 249.39997331
-40.18188825 -759.77342188 122.75654311
-39.83978605 -770.22369302 158.40106256
-41.12620476 -756.06490952 99.10902762
25.13862632 -804.11872105 271.25171158
-40.94558125 -757.30634531 105.02192688
-40.80869299 -757.74363822 108.00747618
-40.79089182 -758.99937909 111.07435273
-40.62725915 -761.12737394 149.98797366
-40.48404653 -762.61912776 125.99244245
-41.01665116 -764.90835581 129.70685442
-40.82142041 -761.22150000 143.82116469
-15.67662639 -740.17806343 105.72815546
-40.81985985 -762.16247500 123.07613152
-40.31880367 -759.67556300 116.87080433
-40.51123333 -771.03481400 159.23894467
-14.00593390 -776.23261864 223.11484102
-40.38765013 -766.26287303 134.79210901
-21.11008285 -772.07434563 209.86958728
-41.03038750 -761.77310417 120.88447167
-39.13471053 -767.81741579 146.28005368
-40.67073333 -776.78647917 172.05011333
-22.20573893 -748.36323681 93.51680172
-40.71895976 -758.17542805 116.97659402
-40.00985021 -759.96872709 125.77028028
23.45017005 -790.08045055 266.64036324
37.01830000 -793.57973462 277.18717615
-40.51115563 -769.88317183 155.94182648
-41.01763500 -758.74975500 108.58724000
-39.80804653 -747.48803555 74.75628838
-38.85058788 -766.78340303 146.01859515
-35.53932224 -760.46985251 170.26551407
-7.80080755 -775.53402642 234.90003943
-39.60626238 -759.96094587 158.75900808
-39.36769904 -762.31245598 143.84706804
-39.43608780 -762.44690195 147.00407073
-39.37558690 -750.80320719 68.92594853
-40.12190000 -752.56560000 64.24288000
-39.01171416 -766.06102345 140.87486363
-35.83118738 -765.61805534 158.59199092
-38.99628571 -758.49117143 161.08632286
-38.51238519 -750.79921309 71.17045160
-23.81922500 -782.62953750 204.82345500
-19.64756244 -772.65514902 213.08710854
-38.26713390 -759.57325763 163.59670373
-38.29020645 -761.71164839 160.84671226
-38.31129167 -752.65825000 70.87957167
-37.44493463 -763.33433394 158.89926637
-19.77803000 -780.04718000 216.66514000
-28.69900551 -774.75184593 189.22269470
-37.16680415 -762.99491076 161.86310194
-27.26869062 -763.45127829 195.04096437
-38.05149500 -770.84546500 141.84546500
-36.37250578 -747.05861908 80.48304416
-37.84058035 -750.99102894 72.64880786
-17.77981761 -774.84736620 215.54366826
30.20790036 -796.18044585 271.85692404
-16.67829143 -745.78465388 100.00449469
-3.84215043 -739.01637851 113.76608936
-38.12677143 -770.27688571 142.21098000
-37.68659812 -763.02563041 140.86154677
28.74655865 -788.02345385 269.46036365
-38.04143636 -762.35788364 135.17441273
13.46084593 -780.51160244 255.78894951
-36.81767620 -748.99887188 74.96632880
-37.02993067 -763.61211867 146.72921289
-36.14908297 -748.49293599 77.45823412
-32.09826500 -767.87093500 168.61200000
-37.81765517 -752.72292069 72.50759724
-37.64224039 -769.13665911 146.99667163
-23.31861250 -767.30283750 214.68878000
94.54800000 -851.80019000 253.72569000
-37.30017247 -763.40367126 143.80766340
-31.52223077 -774.83550038 182.95214904
-13.33140337 -772.19591966 227.94646876
-36.75154631 -746.15032416 81.67559611
-36.56965191 -762.97168217 164.87735951
-36.63349466 -750.97005960 74.86652251
2.08620873 -792.41089189 255.10462615
-36.77136934 -771.32304161 147.04504861
-32.49452331 -775.91630301 181.95898150
-36.57475056 -752.72065618 74.44279573
-36.49992031 -760.21245619 167.84941188
-36.86634712 -769.31872721 152.61369482
-36.27541700 -771.72332040 150.33881020
1.03591053 -740.11016105 117.95581263
79.44819346 -823.82905140 277.89990804
-35.80289571 -765.63561924 156.01105440
-36.38079200 -769.18494400 156.00129859
-36.12070344 -771.91105311 152.79677279
-35.88009804 -765.09385000 161.78887444
-35.53728832 -750.43807186 76.89409377
-35.54107735 -765.08929658 164.84183684
-22.91063548 -767.37548065 215.54485419
-35.31028675 -764.84942892 166.95199566
-35.32194762 -773.86390857 158.92861619
-32.42685000 -743.44185714 87.33875143
-35.22323419 -772.83967097 164.09033935
-35.20726765 -773.80129706 163.89746235
-34.70371900 -748.92243513 78.59080688
-35.01413632 -774.56450142 162.08993802
-34.92167352 -760.40965848 171.66103352
-35.07228889 -774.29767460 159.18027524
14.60087269 -793.68616850 263.36279432
-30.37642919 -769.12538428 179.88177247
-34.87517036 -763.42923710 171.00030857
23.29110512 -795.68038849 267.73944982
-34.98997988 -774.54960584 164.60052608
-34.83462589 -768.44621392 162.24598874
-33.99215801 -766.23321421 168.21558273
-35.05864659 -764.24691591 168.83138000
-34.24372791 -751.00586444 78.17398582
-34.92825362 -765.70381702 156.28460553
44.26314299 -809.92457570 280.18673794
-35.13360000 -773.27443333 154.98674667
-9.35869455 -784.33802655 236.68832400
-33.90823585 -745.52731498 84.32198363
21.05570703 -793.45837734 265.71536438
-35.07989000 -773.83919000 156.89956000
-34.30680363 -768.88678573 164.86977780
-34.44861054 -771.82548622 167.75101639
-34.82758643 -774.79469500 167.91463000
12.62550000 -782.46825000 256.49583000
-34.59541226 -774.79163784 170.60886541
8.98492944 -781.16851353 253.90077682
-34.05503000 -774.76019041 174.14482673
-33.79200685 -772.06598859 170.95384961
-34.39539516 -776.76588387 177.00006710
-2.45913459 -741.89049726 112.67884370
-20.14250000 -740.47430000 103.08814667
-33.08188611 -775.30824551 179.55220084
-32.84771376 -769.33470074 170.71612177
74.19767447 -818.23446596 280.24083319
-33.09308346 -772.06942992 173.66739048
-32.86353503 -744.55359670 86.11249599
-32.98281462 -763.02222611 176.87488783
-32.77946471 -777.31009314 182.40491480
-32.79544870 -760.74655596 176.69029796
-13.33164658 -743.10304359 102.96112615
-32.67473867 -765.87773044 176.46867322
-26.53048977 -777.89794622 194.32033007
-24.76994806 -778.04519920 200.68502618
-32.31895629 -762.91775749 178.66416323
17.75880443 -784.84320127 259.88333570
-32.44150000 -749.58740000 82.35448000
-28.70374797 -778.04823173 189.49248443
-32.28582609 -773.35556522 178.60461478
-28.42135000 -761.43342857 188.00162286
-32.25245833 -761.31586667 178.46418000
-32.23392000 -767.59555000 175.75538000
-13.60064082 -746.84387245 101.73990959
-32.21307059 -765.06318824 178.58849176
-2.39929286 -791.73177857 247.76703714
79.00877544 -828.73983684 277.49012386
-31.17711653 -748.35963994 84.18322740
40.32598400 -804.01187600 277.20251200
-8.44037059 -782.31280000 235.51696824
-23.31450000 -740.87880851 97.54405447
-28.44169371 -769.88130449 185.96534677
-31.92548319 -773.96593109 180.59954723
-31.54072863 -768.69304959 174.04240411
-31.66995464 -766.03069907 179.65361992
11.31102284 -793.86852538 263.07878964
-31.13215622 -745.20224917 87.30897938
-32.13512143 -767.51952143 171.31953000
-32.11820000 -770.93733333 175.19241333
-31.83349661 -743.35094746 87.97182915
-12.96883053 -780.68281826 228.21037790
-30.55688958 -750.67649226 83.86173089
13.98256128 -796.45418654 266.19418538
-31.97220000 -767.52950000 168.15518000
93.55710667 -842.22954000 261.68607000
-29.82043570 -748.04300774 86.11806504
-30.76290341 -777.72832585 185.90440017
-30.24067338 -743.00059709 89.77455987
-30.60818394 -763.03073725 182.83490200
-29.99636495 -744.46205943 89.09434779
-30.67771444 -766.07333987 182.86278119
-30.01617696 -768.78804932 182.65685218
93.99763590 -844.02848205 259.89620179
-30.19365432 -761.08928395 182.80075695
82.32656939 -826.87196939 275.39405143
-29.64386903 -772.61652832 185.53189239
-29.73260015 -766.08980862 185.85946158
-29.59006723 -768.37627059 185.76023658
-29.54331260 -750.31539472 85.87236211
-29.56161111 -777.87356056 188.00469500
-29.41707597 -775.43504651 187.85065287
-29.27156154 -767.99615385 187.55244154
-29.25463462 -766.23712885 187.54078962
-28.92249322 -761.32869492 186.32658169
-28.56454482 -750.70500661 87.16200696
24.21131026 -803.97816923 270.95525692
-27.81813804 -772.05276247 188.87498242
4.11760000 -785.60535000 250.29748000
-28.81766679 -766.00074964 189.00448643
80.50065639 -832.00827934 276.36004000
-29.09335000 -769.79390000 180.46049250
-29.00110150 -762.35976692 186.84285519
-4.90935078 -781.20556875 237.81967219
33.42161500 -792.96132500 274.61458375
-28.64679253 -748.11891006 87.59232383
-28.57470389 -763.07223048 188.88912277
-29.12652857 -751.73421429 85.24268000
-29.17250000 -764.71920000 187.31098000
-28.88737885 -770.85675000 183.60052615
-28.36543052 -769.15744913 188.86107634
-23.34689369 -778.73317027 205.95967910
-28.82777500 -746.40697500 88.06779250
29.08852100 -801.91569726 272.62511881
17.12323333 -781.89846449 257.76458580
0.06361493 -741.40571465 116.47469303
13.30419143 -779.36532857 255.07075429
-27.88158505 -763.15525684 191.82207600
-23.82426725 -768.43134754 209.68707101
-27.71116293 -775.00507328 191.69653724
-27.39135635 -778.06694115 192.16609962
-26.10789200 -770.37407600 195.94263600
-27.08990690 -780.05681667 192.38963460
-27.12890415 -747.99821412 89.51778879
-27.09566273 -750.44571990 89.46207882
-26.90115218 -744.38958067 92.09888457
-26.89367057 -772.14876672 191.60207666
-26.92652105 -769.02124284 195.02593449
-26.94708534 -765.99336058 197.72515845
-26.80002945 -763.68214515 197.62823647
-26.66015895 -775.01294895 194.49824343
-26.53413379 -768.48096854 197.58013456
-26.42448345 -772.64197662 194.01986525
-26.44714490 -780.12522092 193.87203969
-16.87376316 -772.99425579 219.63181789
93.71715000 -851.23155000 255.76938000
-26.19670000 -765.18980000 202.35198000
-26.09622857 -766.26513975 201.87085671
-25.51501689 -769.07693481 200.85582184
-25.78237825 -748.29603150 90.97316950
98.75501600 -854.34213733 237.60884800
-24.97465153 -745.24964481 93.14259420
10.10196087 -777.92937391 253.17489304
-26.03762883 -774.74623190 195.96670025
7.57076720 -781.04763760 252.86215013
-25.60682378 -750.24209755 90.95066636
-25.85756331 -769.79447249 198.18125278
-25.89150511 -771.73542936 192.59470426
-5.27204000 -785.39222000 241.61496000
14.31857689 -790.14044165 260.50763332
-5.13050000 -737.46640000 115.31358000
-25.73905702 -764.31367273 203.29828826
-24.26717021 -741.99467436 95.68264944
-24.74039532 -780.75346799 200.83593558
-7.88060000 -771.72008349 234.93262312
-24.21042138 -768.91843170 206.78169902
-24.05053820 -771.83652071 200.54685708
-24.31760649 -774.96613393 200.65652806
-24.24873732 -749.98426232 91.80928797
-24.55428560 -766.56564188 209.70750016
-24.09691023 -780.97321940 203.90553991
83.53953784 -839.78952973 271.87086108
-23.85794965 -778.05013474 203.82965491
-23.60200451 -771.28681803 203.54315705
-23.81966517 -766.96057865 212.68839236
31.98503902 -790.52195762 273.14153793
-23.59259363 -775.61551423 203.29863431
-23.47742000 -767.97428455 212.33287727
-23.40979853 -782.79548676 207.11220500
-23.33606765 -740.36887059 97.63962706
-23.32804444 -770.69922778 205.69304111
-23.24527692 -782.01394615 208.56819538
-23.21626667 -782.96493333 208.64648000
87.00619458 -835.18591867 270.74573924
-23.19260000 -767.61570000 214.88848000
15.59750000 -785.47470000 259.36818000
-22.63770000 -769.89728523 209.95334667
-22.44757833 -772.69030601 204.03129671
-22.71831913 -777.82818281 207.16961099
-21.76590972 -742.08925667 98.75106674
-22.87451786 -773.87321429 201.58133238
-8.48362000 -785.46676000 238.56162000
-21.62935332 -769.02333926 215.93051652
23.11182702 -798.92297660 269.48526532
-22.13222425 -769.47615095 212.84608327
-15.10511538 -771.98379274 224.92944738
-23.18200000 -776.87770000 205.34858000
-23.15987143 -746.27818571 94.25012286
20.60615972 -801.46644583 269.74547618
-23.09778333 -773.23551667 199.14828000
-11.79036769 -769.88607231 230.10874385
-22.06865482 -772.10293063 206.91756426
29.48396322 -805.14534156 273.37767698
-15.01389932 -747.13986267 100.87876048
-22.66571400 -749.73663800 92.56913800
-5.39197500 -772.76525789 238.81183132
-22.22949519 -783.13744630 212.99589704
-21.77041917 -780.99812173 212.98261712
-21.34485294 -740.40437353 101.32570794
-20.72133194 -775.52671722 209.39738556
-20.65385638 -771.32508582 212.46149631
-20.82763446 -783.37216554 218.82748112
-20.34229706 -779.26492647 214.60540941
-20.30221000 -768.10363000 220.46427000
-20.23070000 -776.48440000 211.51898000
-19.72026899 -777.28754551 213.35053710
-19.61948875 -774.82058566 210.18571158
-18.73379579 -745.07774077 98.82237133
96.84380000 -846.67610000 253.48118000
-19.51969000 -743.10424304 99.85949304
10.75802718 -783.83195379 255.79942971
-20.04554091 -773.31205000 211.10536182
-18.82943373 -778.00591190 215.77657114
-19.65820125 -783.30791062 222.19465969
-19.09803574 -747.68773826 96.21361909
-19.99919355 -770.37819677 216.77608645
-20.12314000 -783.05230000 220.20402000
-18.30712541 -740.83295405 104.04978324
-18.79910055 -775.21120556 212.77851599
-18.41840584 -740.31132662 105.15990338
88.67423284 -842.74456716 265.56983821
-17.85885118 -747.33738031 98.05728026
-17.87352172 -778.73816172 218.43768586
-17.45795000 -743.84697143 100.50718714
-17.51622527 -768.87768132 223.71578000
-17.41186857 -784.32018286 229.72752286
-3.41220044 -784.43674868 242.51849740
-17.32980000 -739.81114286 106.45129429
-17.29463750 -773.96373750 217.74250812
-17.19570000 -779.52200000 220.55628000
-16.15148596 -772.39592881 222.05279041
-15.44908461 -744.91607831 101.12630459
-15.59942051 -741.17688399 104.21118337
92.40596741 -846.43260854 260.43146165
-16.71284355 -776.85950968 216.80947194
79.11485669 -832.34278408 277.59454178
-16.19568220 -777.54055829 219.09643732
-15.46828386 -739.20829241 107.18345563
5.73865854 -790.97863418 257.11558854
-16.26481971 -775.16958323 218.89326532
-15.05610031 -781.91573580 227.61578185
97.17220600 -849.03507800 250.97179000
-15.05042920 -775.01787062 221.89116938
-14.73137143 -779.07254113 223.72157567
-14.63907857 -785.76696786 233.79789429
-3.00140000 -791.63110000 246.92950000
-14.42931000 -774.11703500 223.87693750
-14.38647143 -782.45447143 229.58612286
-12.97495850 -778.07275204 224.89978731
44.39836400 -808.13935760 279.56016080
32.49529605 -805.12943360 274.94040589
-12.34546712 -781.65960590 230.41083737
-13.31008178 -783.01742754 231.44449356
31.76347324 -793.00607202 273.34698657
-11.77268269 -778.17726219 227.25935973
-11.82410123 -771.87301569 230.26711631
-11.85015714 -737.47654286 110.28528000
-11.50529231 -785.20400000 235.75870308
-11.43265067 -774.28345200 229.67379867
-11.10789167 -776.18519583 229.07115083
-10.06245827 -780.48898005 231.11048367
-10.67135662 -771.91786250 231.66759029
-10.65071310 -745.22003241 103.04500759
7.21357422 -783.76264444 253.00054533
-10.31865600 -783.25317200 234.52217378
23.68815799 -796.95657692 268.65866225
32.13429444 -796.02289056 273.14762389
-10.28847794 -786.54306017 237.56688315
-9.57421777 -744.45081928 104.35588858
-9.35688800 -781.55198047 233.45113906
-10.48170482 -769.95789518 231.33677398
-10.32494687 -775.22310551 231.00630306
-10.63828431 -779.74162941 228.87721922
75.54591379 -831.33631724 280.19682138
-9.67629296 -778.03048551 230.78771561
-9.17135788 -772.06580862 233.50806276
-9.02707077 -770.25247231 232.97848154
94.63830329 -850.01006385 254.86274573
-8.87448954 -774.94465108 233.51238308
-8.53233958 -737.64576875 112.75029667
-1.31798731 -781.07469752 243.30200786
-7.60678158 -778.19179309 234.35648395
-7.85438462 -770.33892308 234.26706462
-7.22443622 -786.70622372 240.41891724
-6.72025459 -742.28864305 108.08693782
-7.59660678 -740.31941186 108.93107492
-6.78414277 -737.47435094 114.35944730
-7.38856589 -783.34605084 237.50707799
-7.38425348 -780.61855633 234.33118443
71.20905622 -817.19830172 281.01469910
-6.87350015 -739.41366310 110.97986580
-7.83573333 -788.98395926 240.83723185
-6.40208205 -738.03077333 113.43135744
-8.01048571 -780.05842857 232.07098000
85.23741279 -830.04629186 272.78550442
-6.19707298 -789.47330766 242.56697355
-6.08772974 -778.03920550 236.79170566
77.30037790 -829.06804099 278.52610039
-5.51015227 -737.67600227 115.64883455
-4.54028933 -775.17730133 240.04569813
-5.55314500 -782.35825000 238.46511000
-5.45136159 -774.77060362 238.75894667
-5.28340000 -744.01300000 109.38968000
-4.59660803 -772.54820040 240.01913502
-4.28484233 -786.77532131 243.41189250
-3.82556825 -742.17754768 111.05560742
-4.24395352 -783.35742202 240.55860508
-5.08793662 -778.37199577 238.17393915
-4.43608230 -743.79287434 110.15304814
-5.14273333 -743.97586667 109.29518000
-4.82896132 -789.68478962 243.99105925
-3.48273767 -789.91015533 245.82491367
-2.95511870 -787.39764364 245.25912468
-2.51720484 -777.88246720 242.01141710
-2.36920377 -790.76172453 247.69302528
-2.30833077 -785.34179231 244.51058769
-1.33298190 -741.81691026 114.11419887
-1.83303000 -775.71704800 244.03843800
-1.07756281 -789.91553035 249.02222544
-1.38261498 -783.57712822 243.42273540
-1.99293684 -789.03280526 247.12894316
-1.46827103 -778.21033131 243.40615617
-2.15280000 -783.21830000 241.29918000
-1.43799213 -791.90246180 249.26179685
-0.42584094 -738.69819688 119.06386125
-0.16231193 -787.42042601 248.34225780
-0.06523816 -777.94940132 245.51263987
0.04237128 -792.19376205 251.76957179
0.73635000 -785.43735000 247.49828000
1.37196327 -781.04304939 246.73164898
1.20950227 -783.77851989 246.70162261
0.91691364 -792.16005455 253.00994818
1.48625029 -740.83498655 119.01037766
2.02913633 -775.60477518 248.44060590
68.37706491 -826.06117581 282.40852174
5.11387481 -789.68514590 255.15677243
4.19584177 -781.05592405 249.90212620
4.19595586 -778.09532793 250.07182054
4.32308182 -775.98590909 249.88740576
5.71822857 -776.26771429 250.64317762
5.80814142 -793.43681471 260.16336883
5.92233960 -787.94343713 253.89241861
5.61947359 -778.07255074 251.07774113
6.91915862 -786.20863448 253.19623862
8.21952494 -792.94735091 260.92091481
8.29325622 -778.23943022 252.59112911
7.57340125 -789.02556000 255.96116813
9.36746129 -779.14554677 253.54863645
9.34544545 -791.45937273 259.50152545
9.56805000 -788.38058125 256.47472375
10.13470216 -786.38961583 256.16614547
73.25590238 -817.85395595 280.48450738
11.15511977 -778.91154753 254.13393399
11.29328462 -792.47073645 261.33779304
11.81878179 -784.32987500 256.69149327
14.27137947 -784.04176500 257.86905789
13.75525545 -786.70885045 258.84753500
14.81907901 -798.11194815 267.51561210
17.37893137 -796.30887255 266.36333294
16.64149572 -789.90534281 261.83034330
16.88063636 -794.89609351 264.98351117
16.19864286 -791.71297619 262.19514667
17.17077857 -798.32033117 267.90195208
17.04575259 -783.60723319 258.72239509
17.42945228 -787.01620792 261.18823505
17.98675796 -790.11002857 262.79695306
18.57560959 -788.18149589 262.57449233
20.37800655 -784.37675268 260.95590664
20.37985157 -796.08543134 266.91778256
19.71514306 -786.22273310 261.92823196
20.05961932 -797.95702273 268.07721977
21.56440000 -785.39980000 262.53338000
21.64394211 -791.15877368 265.54932211
47.43441711 -805.29976289 279.76033976
22.97788319 -786.67196897 264.46073302
22.17841176 -784.29393235 261.94691235
23.50551849 -793.11921180 267.17035149
23.06686602 -785.11861262 263.22292466
21.85220000 -797.62040000 268.27568000
23.95976423 -787.71509781 265.93597051
25.02878989 -792.79545169 268.20739798
25.03440000 -785.87511333 265.08439333
25.39886071 -789.68268690 267.96066929
24.88145000 -795.25970000 268.29679250
25.17175000 -785.51355000 264.89173000
26.54188177 -790.13883298 268.96292933
35.31253248 -796.02832326 275.31786882
26.93499211 -802.32032524 271.84265129
27.35617755 -788.14608571 268.60946367
28.83798571 -789.77189286 270.51460277
59.79222686 -822.44477893 283.59588909
28.65162722 -796.10478222 270.83545611
29.44078753 -799.22489800 271.91085305
30.05910420 -806.95160840 274.04960101
30.06884348 -793.07574348 272.05175440
30.14785455 -790.48536591 271.78170500
30.55891538 -807.42234231 274.53036846
32.30754390 -801.89420142 273.96117736
33.65439231 -795.02051538 274.47737231
35.47522855 -793.27214934 276.09558644
35.30374647 -805.06190160 276.17234731
73.35110830 -820.00738008 280.49481444
34.77594741 -807.34762414 276.92129379
34.20317333 -800.78385000 274.23888000
35.29970553 -798.94371340 274.82619170
38.06591713 -804.55503702 276.92922033
38.31265690 -808.06345758 278.78903017
37.98440441 -809.92817941 280.01534912
38.27764015 -799.16655833 276.38190159
39.57818333 -798.04033333 277.45066333
40.20802911 -801.91427215 277.17118759
40.16147407 -799.91838148 277.20928741
41.26165681 -808.03687641 279.22720425
41.57540224 -811.20773881 281.14590687
60.16783043 -821.78135217 283.25090174
50.38438821 -802.26716812 280.76139441
41.46741179 -805.19718441 278.02312677
41.05849091 -809.67435000 280.23413000
44.35518433 -799.10377090 279.52076209
44.21501454 -802.03570284 278.84967929
44.32566262 -805.21857410 278.81127508
44.40225000 -813.53945777 281.87725027
43.55676098 -797.14996829 279.72947268
47.41195875 -811.12201436 280.87884945
47.32827240 -814.04967036 281.81549176
46.48148750 -799.46691250 280.15213000
47.30054393 -807.81968243 279.91056475
47.81811111 -809.39015556 280.42124667
47.89714091 -799.69558182 280.48452091
48.40342500 -801.35273929 280.41505857
50.31406972 -814.08663284 281.78722371
49.20637031 -807.34284219 280.26825656
49.30930000 -800.20295000 280.72877167
49.13100000 -803.50170000 280.33868000
53.34149141 -814.07046907 281.93446889
53.55519556 -811.21509161 281.44419332
56.35690444 -819.73105194 283.00682417
56.24153514 -814.01621544 282.04375722
57.58344286 -821.77037143 283.49560857
59.10050149 -808.01049015 281.93343576
58.38136935 -806.06433710 281.76855258
62.30670959 -811.03459469 282.22726612
62.32586278 -814.06044574 282.23005167
62.28324890 -820.07361859 282.66032700
65.35237121 -823.08095402 282.57323960
65.22795448 -816.97321997 282.11216308
65.09897650 -811.57923577 282.29539906
64.89146849 -825.58253288 283.46024575
68.03174600 -814.28849758 281.78783884
71.56354684 -828.63765032 281.91105468
71.17463442 -825.97032825 281.32801425
71.33715596 -823.04291575 280.98637220
70.29572609 -815.03811739 281.32063652
74.55027655 -825.95407088 279.76973284
73.24339326 -826.57492809 280.56461596
73.10899535 -822.90795116 280.44478465
73.76609606 -829.24325394 280.91872961
74.51671533 -823.07342068 279.90762866
76.11620909 -832.25010909 280.45879818
77.28576599 -826.04509185 278.52539466
77.61277514 -832.04675838 278.81901198
78.30150203 -834.21934459 278.68197054
78.79490000 -829.82640000 277.33428000
79.29575091 -834.63353212 277.81684303
80.39175787 -829.08154837 276.44393348
80.81146314 -835.00823805 276.25847096
80.76860000 -824.46240000 277.04558000
82.34632360 -835.03745186 274.82854149
83.92448011 -832.12925712 273.59867142
83.96006076 -829.51269525 273.77957937
84.40110385 -840.25377115 270.48901269
85.16050680 -837.43011293 271.66824667
85.71994568 -832.09369383 272.20752300
86.92518457 -841.45320864 267.37599080
87.21729744 -832.96505043 270.99826291
87.33510000 -842.78685143 265.63900286
87.52857727 -843.26393182 265.02825727
89.28825191 -841.03542727 266.60583112
91.51206405 -838.56331818 266.68029488
92.90043170 -844.36359091 261.23488979
93.98213725 -849.31753922 256.89609961
94.39316184 -846.74586930 257.59540807
94.70820379 -844.71347348 258.24015121
95.86925481 -850.13652971 251.97905531
95.97111793 -852.48520652 248.64728761
95.84220833 -845.27454167 255.95288833
96.47160444 -853.26007722 245.92108944
96.58203043 -848.21430435 252.82402783
96.68612500 -854.76935000 243.09920500
97.58809952 -852.12002536 245.41312737
97.24857538 -847.92596769 251.88082615
96.99559500 -854.75745500 241.86135500
96.96272500 -851.65580000 247.43413000
98.23310959 -853.88658930 240.09682797
98.23263529 -851.06435441 246.37864691
98.74032517 -855.62108322 233.97071776
