-33.94799847 -745.02802785 74.23792021
-39.94196196 -744.12300118 47.54506898
-34.87730134 -747.02911685 59.59055293
-50.36104311 -749.60516407 40.65707066
-35.66445000 -746.98190000 58.25390000
-43.43304000 -743.21834705 68.36204660
-42.23776454 -741.30635823 50.65661631
-34.32754996 -749.23812046 62.60099125
-55.10580993 -749.57281498 45.01289615
-37.22907483 -744.05345168 53.47816551
-43.63356407 -739.79443930 20.86674910
-32.60144000 -748.41215500 76.30770500
-43.29721290 -738.54436210 20.44464373
-38.37697107 -743.00982590 48.27969477
-44.76958519 -739.02890046 20.47557677
-39.34035003 -741.18764398 44.53256750
-49.57888920 -744.20365244 34.98636901
-52.87054115 -749.84671021 44.08211643
-44.63620000 -745.58483333 30.67056667
-40.34513313 -738.69595416 47.55681031
-42.16716667 -742.60786667 39.72242000
-44.68594375 -739.59442500 21.69108750
-46.99503982 -747.28137712 34.95856414
-52.32560801 -743.83846729 38.41977661
-47.84398529 -745.72303088 33.88891765
-43.55640939 -738.34428638 26.26373082
-35.82808047 -743.05761562 59.08853264
-50.82141500 -746.14088200 36.94070500
-40.78251598 -742.88761720 41.92361065
-44.91469696 -738.31833958 14.61720513
-53.17066544 -747.53031544 40.56023591
-43.54121849 -738.47938071 23.63583499
-43.62941623 -742.38712588 67.81653333
-44.78180474 -739.20788910 23.49190924
-44.90224534 -739.85477884 23.98150932
-43.33082744 -740.42771325 23.75243336
-45.37848729 -743.75943415 30.07466481
-41.72068667 -745.61435333 47.33829333
-48.28663605 -743.99649965 33.38378441
-55.33992875 -749.52184659 46.74320143
-44.71409412 -745.65990588 30.74616471
-41.04665623 -740.43828149 33.04568719
-49.02277302 -746.88438749 35.79749080
-55.42070730 -747.10519817 46.80261224
-41.13458487 -743.44051564 56.47164288
-43.29585786 -738.18050797 14.54059489
-45.28149208 -740.89517408 27.11464413
-52.80437176 -741.47297678 41.38457792
-45.27159245 -738.24362119 27.01713694
-38.54999412 -741.97408456 45.61603824
-42.63155518 -743.35598323 62.65138010
-39.81643024 -738.79397454 50.52090291
-44.82886042 -738.65236445 17.68825552
-43.36761251 -740.78985186 26.50866867
-42.29045847 -738.84606972 41.66571819
-38.83823260 -739.92073978 50.30783398
-33.05472853 -746.67084375 74.75404881
-35.40601383 -741.80315609 63.04660876
-44.26134012 -743.25791114 27.14637820
-41.86991422 -739.34252938 50.74736066
-41.12640000 -742.60242414 39.73987586
-54.47582571 -745.23914571 46.19902190
-37.94983562 -741.28813483 53.61563351
-55.70981025 -747.01287071 44.88763282
-46.34819039 -741.11513899 29.46287894
-44.71852778 -742.84398444 27.82664556
-46.36268740 -738.02270297 29.58075171
-44.53019419 -744.37318593 28.88570917
-40.76145824 -740.68254944 35.68311029
-49.86057078 -740.78508434 35.19355982
-38.77460312 -739.89572812 58.45526250
-42.24755570 -741.20488742 44.82039279
-47.38660728 -740.51637700 31.56201854
-32.54968663 -748.06303834 74.63891023
-48.39296986 -741.09858094 32.96049707
-46.50900474 -744.41290012 32.02843229
-47.20087691 -738.20007535 31.91818525
-33.29758291 -749.68336223 80.09937898
-46.25334800 -746.09563211 33.23974411
-48.00370580 -738.45463781 33.44443212
-41.30915033 -739.25322664 35.66719934
-53.00330409 -742.30216374 43.31379181
-49.09213876 -738.64066608 35.45787343
-51.09784157 -743.59009145 36.61597482
-51.03022633 -741.22819746 36.53203140
-51.79453545 -747.18414929 38.56957626
-51.93611957 -740.90872258 38.54729376
-50.53624815 -739.70842222 37.30698519
-51.40880135 -748.88880288 39.45583788
-50.31123716 -738.97985212 37.64277182
-33.05199398 -746.83867785 71.32470267
-54.56440643 -744.29427676 44.37629188
-50.91796735 -739.32698912 38.45461088
-53.52028341 -743.43265899 40.85790000
-54.12043453 -749.14971223 42.55435612
-54.20763793 -743.94159167 41.99390555
-54.50591770 -746.91301838 42.16363191
-52.08902411 -749.49536310 41.42443387
-53.39901432 -742.91485279 43.91848859
-43.42091467 -738.56132599 17.63180560
-43.76853611 -739.70818102 17.78888380
-35.75298737 -740.61375579 64.50623789
-35.31485537 -748.72849831 57.59868023
-43.91619762 -739.61804048 15.26859762
-41.43709227 -739.35635028 33.16780884
-43.00284164 -741.14296020 59.56727342
-42.60367389 -741.04592476 41.48489110
-42.60187609 -740.89422588 56.54542467
-33.68106694 -749.59955532 68.72366446
-38.08842212 -743.86382457 50.62121819
-41.67608750 -742.57791563 51.36943750
-40.36497724 -743.77226865 50.31548578
-34.12730000 -745.50767500 76.15027500
-47.69750000 -741.96950000 30.96690000
-41.34522572 -743.72447917 59.37559293
-40.10994111 -739.11885673 53.18501947
-43.05078380 -743.34647958 65.62700675
-35.58467692 -742.45460769 60.91627692
-49.69019366 -748.18834720 37.59186418
-37.70239586 -746.73634560 53.74097009
-41.85346197 -739.45387746 55.91861831
-42.58273100 -739.00244969 38.63158585
-40.80714611 -745.87671537 48.35178303
-42.79905965 -741.82116990 38.64753398
-41.05543936 -739.11318576 41.82065161
-41.91749234 -738.57329797 44.27862117
-40.95041000 -738.82364961 44.69398078
-38.57235000 -742.57150000 46.05590000
-41.87050777 -739.39365181 47.36740933
-42.22225427 -741.22331577 47.68961592
-39.24248352 -740.55412020 47.23989727
-39.60703052 -746.26923933 50.69010455
-38.39956667 -745.88039379 51.73504859
-42.38550965 -741.25727413 53.62436216
-41.84265824 -739.37352912 53.45694341
-41.77823036 -742.67002541 53.99372739
-33.96878933 -744.18123031 71.29324357
-41.07779781 -743.18631584 53.67526680
-38.95477673 -747.15677818 52.59600509
-42.01683583 -742.86261894 56.72412188
-40.98330000 -739.41537826 55.36602826
-36.21347587 -747.12947183 56.46970281
-33.22903676 -749.97763091 74.65311680
-36.20656716 -743.91494344 56.56637645
-42.41885642 -743.08904257 59.74568553
-36.11579737 -748.66751632 56.70851947
-35.50056134 -747.04770899 57.72289472
-43.18596284 -741.53820934 62.59696244
-35.48815706 -744.72312549 57.72485781
-41.51701384 -743.97744780 61.98604465
-35.13048727 -744.22081439 59.72303718
-34.75607221 -748.99521582 59.83266237
-36.80180787 -741.19141986 59.67979284
-42.46650235 -739.02750921 32.81702762
-43.30779528 -742.01971390 65.35851071
-36.13318252 -740.75967530 62.15509131
-34.55413569 -744.08337071 62.68100338
-34.06009508 -747.03260578 62.65572008
-35.14501156 -741.54325123 65.40283370
-34.26276170 -744.05283270 65.54612671
-49.55952489 -748.96044761 38.68734261
-34.11642863 -749.34631259 65.56261743
-33.55645928 -746.89460454 65.51500891
-43.83054726 -743.13784229 70.61978109
-34.86602073 -742.13039087 68.14016754
-34.06753858 -743.95217311 68.60529074
-33.22159074 -746.95290787 68.57062112
-33.31972370 -749.69332305 71.44527522
-34.67403333 -742.49760000 70.29856667
-32.57582367 -748.00432667 71.89968800
-32.59058235 -748.68738529 72.60080000
-32.54600800 -748.85114024 74.88403341
-33.21505043 -749.73883265 77.69005903
-33.39303029 -747.37052737 77.37649163
-32.58574872 -748.93237778 76.61916667
-33.70781592 -748.25177015 79.38347065
-40.21761124 -743.38829105 44.81659189
-33.51500000 -749.68640000 82.09620000
-42.45599965 -742.98038283 41.59802690
-41.87748966 -745.26682529 46.80144483
-39.86582080 -741.24641104 41.59364435
-41.63610000 -739.43620000 24.92110000
-42.76576496 -739.02077257 29.25181995
-35.66400000 -742.55430000 61.13030000
-47.62830000 -748.61770000 36.78710000
-43.05854507 -740.78922498 32.79297141
-42.54639604 -739.03457194 35.57639294
-42.97716349 -741.27068212 35.50440596
-41.16131952 -739.17540677 38.57459516
-40.44226827 -741.07220498 38.52386658
-47.90934167 -748.58674167 37.01383333
-38.34968804 -741.80137871 47.70455992
-38.15864130 -741.38096982 50.58253654
-38.95367602 -739.88889655 53.70276755
-39.15523775 -739.99507763 56.26872861
-37.50576638 -741.33087133 56.80566789
-42.65999259 -740.44091222 29.44583272
-41.42676107 -740.05461927 29.61433607
-41.56893971 -739.44691176 29.92895147
-41.58480526 -739.73187368 27.44890000
-41.60585000 -739.50792500 26.90175000
-42.30423838 -744.12636754 44.50229868
-35.70500000 -741.44380000 67.59670000
