-34.95794737 -779.91007368 42.70681332
-64.19225784 -773.94511707 39.74295858
-77.94440909 -776.57755035 39.63294014
-43.45140776 -765.03639178 45.20493768
-45.49647605 -753.92661105 32.77628815
-43.86645714 -741.42731429 12.79602460
-30.72082274 -775.37436321 41.82094420
-77.07110000 -770.71730000 41.04243175
-30.75684583 -773.16765906 42.51259479
-44.89815653 -770.12450276 47.53685034
-45.69844349 -748.57996806 50.73929883
-47.53460024 -745.51500642 52.55317330
-47.40126593 -741.59640158 17.33403932
-46.86753457 -759.00311481 45.90600088
-19.24214299 -792.85695163 31.46749002
-84.15191085 -777.51726957 39.79854626
-72.62652505 -778.08674936 39.04807221
-21.65640353 -774.14489491 40.41658797
-24.59736306 -778.44192939 38.46434347
-26.57252278 -778.17916882 39.40480233
-42.96942791 -757.15628190 38.51274838
-6.48116500 -745.28225965 44.28470073
-35.40132609 -761.94113043 45.83401522
-64.92078462 -764.89344231 42.74668944
-81.49754687 -780.83123028 38.94089165
-9.57500668 -748.25114577 44.41827505
-38.62624049 -766.58464373 43.79121844
-43.65125537 -755.23075791 41.14607234
-78.63388617 -780.73422964 38.65413439
-69.72983259 -769.35905754 41.43669787
-3.73416228 -748.12867493 43.22190897
-42.49617115 -751.51055907 47.59950224
-42.59030015 -778.09352132 44.07737948
-12.25555458 -745.48848072 45.40189414
-43.57504987 -755.20794126 37.99121118
-61.65897860 -763.42805391 42.79479718
-75.81524449 -780.29424163 38.59607394
-27.52027661 -767.03233726 45.32760665
-75.02313762 -770.10525655 41.29383782
-37.41838218 -752.98806509 38.68106775
-36.49462149 -757.84270747 48.78346854
-44.56259667 -765.19615667 45.56482286
-50.82049383 -781.91197200 42.34326991
-40.83256242 -759.88268242 39.35355296
-25.90896937 -782.08833938 39.77318800
-72.40302413 -769.30566432 41.42615746
-33.50295861 -769.45626447 43.89032648
-13.01250275 -753.10855315 43.51303191
-44.23793154 -757.41454000 37.60633252
-32.14589000 -767.63237000 44.89450175
-16.86990000 -773.73080000 39.33723175
-42.79618371 -748.42221410 50.14630014
-43.56819896 -747.40325433 51.83581998
-23.79263305 -792.34759655 34.94586676
-23.83606828 -746.29996511 48.26872690
-24.71866559 -771.07288110 42.98798934
-84.22396101 -778.85005524 39.54162709
-84.72323180 -780.78598644 39.30867255
-30.46198011 -781.28278911 41.44029050
-65.42386420 -764.53742386 42.88957436
-33.54810324 -781.15734009 41.99765543
-23.13272667 -788.54673333 36.61654508
-40.26605675 -766.93689696 46.53678397
-66.59725655 -772.18578558 40.49669161
-81.56388104 -778.52981967 39.43190098
-57.46020025 -763.09857910 40.83087369
-83.59528798 -776.28586143 40.05022070
-73.61686564 -779.86990088 38.49313924
-1.44204722 -743.49852951 43.06458070
-81.79345382 -776.96437492 39.72281248
-81.44595935 -775.26629777 40.19254764
-45.19058776 -752.50059388 45.30486032
-24.24181727 -790.66344244 36.08872640
-42.38875983 -769.15295498 47.07472602
-39.45037648 -763.16229439 42.01119853
-41.00270000 -753.01590000 33.25538889
-34.10009923 -771.05067385 41.95244636
-30.61919898 -778.26617035 41.77839934
-78.54450079 -778.45058131 39.28719512
-21.44203578 -748.32674161 46.61519411
-29.35775234 -750.40932969 45.82459503
-66.70478447 -775.66040637 39.40056830
-18.52690304 -753.69891580 44.77495186
-31.12019387 -786.94138671 40.02761106
-38.92746145 -760.65137304 46.40206856
-43.58782614 -768.42953725 48.90957880
-63.57420955 -766.21026890 41.85536492
-37.39208131 -766.53323112 43.18941227
-34.01250627 -762.04428838 46.16376477
-79.52687653 -776.85707449 39.69006134
-78.51552976 -775.27336544 40.03793901
-47.89615013 -748.39798962 50.49063618
-66.41676747 -769.24361758 41.31305169
-27.11558546 -748.99904736 46.89395664
-40.93854167 -754.40796389 45.46644563
-11.49883913 -743.00850783 45.51825044
-80.50186814 -773.42465346 40.59820682
-42.78724435 -763.04350698 44.48411985
-29.10015000 -749.66290000 46.11003175
-75.52579173 -778.35257442 39.13100624
-78.42059089 -772.56580502 40.80130162
-37.38866817 -752.10290000 38.90456279
-22.84344348 -770.83626304 42.75249914
-24.59646464 -751.26954359 45.98187847
-18.69633569 -747.92717061 46.24015488
-41.56572663 -772.75730764 45.51838396
-26.10501429 -790.74004286 36.61224603
-45.63637673 -746.27727382 25.21121175
-75.58122058 -775.17131475 39.95341837
-75.34928457 -776.50211994 39.61322242
-76.37291154 -776.79966538 39.67142021
-36.43062378 -769.18012081 43.64446441
-43.91245652 -747.77329130 24.33584479
-48.28327199 -780.60610038 43.25130677
-40.90974444 -749.80257778 48.86672063
-63.54886177 -772.19699308 40.33103036
-15.60441248 -772.12413670 39.27346668
-48.47863899 -778.34042793 44.52799630
-37.97976667 -764.54327333 42.56400508
-32.89372265 -751.67147646 43.25486394
-45.74929811 -741.79829685 17.65602052
-75.60248728 -772.11202004 40.78562498
-60.54427038 -769.21007986 41.02998656
-55.09667217 -761.06922289 40.00268572
-23.02720000 -789.25650000 36.89723175
-51.10242617 -758.14364167 37.22907854
-72.61215180 -776.38774966 39.56871411
-22.12873149 -792.35929238 34.07279454
-50.53904989 -757.50714255 36.31945550
-66.97712934 -774.30498731 39.86314689
-18.45665143 -751.36720147 45.30605588
-72.64321615 -774.90237350 39.95686546
-43.15079235 -757.00510044 41.43740398
-45.32569504 -757.09653763 44.13270244
-21.48090212 -787.26377109 35.59755746
-26.47153500 -780.28458172 39.42434795
-44.70174387 -759.92468343 42.08323307
-69.83812095 -777.51702637 39.10079179
-15.50971155 -745.32108219 46.30880164
-72.37101298 -772.32330936 40.60789425
-32.03540769 -777.72878462 42.67488559
-40.29137259 -777.98408845 43.53725439
-66.59603291 -766.62734407 42.19854285
-30.17779659 -767.32784479 45.19644000
-20.31238802 -791.17509256 33.40160979
-30.31016448 -757.42417434 49.76061023
-45.66022819 -745.19282474 22.99385888
-43.70603696 -741.98253696 19.94442957
-69.45132100 -776.14791697 39.50596783
-30.20663737 -789.68155887 39.24680197
-32.29319287 -775.34997373 42.56698128
-58.57221375 -768.59713979 40.97798760
-69.61104299 -774.74464015 39.91823049
-41.39758947 -757.00220000 45.70026332
-30.56011677 -769.28825954 44.54451618
-69.44827325 -772.14125818 40.58955372
-41.62253770 -766.88433814 47.22985251
-29.37245000 -767.69028333 45.77284841
-67.67383305 -776.93939492 39.08391480
-43.60008722 -745.45580948 52.45029499
-42.48675510 -775.38259428 45.34815384
-50.23012261 -753.77727638 47.64199255
-45.57594293 -780.46123693 43.16650090
-47.85489453 -758.11407500 46.77500245
-71.24185833 -767.58616667 41.82190341
-41.41663864 -761.95800795 42.32300106
-50.20047857 -758.89145000 36.60260317
-69.30738542 -766.91502480 42.08376091
-23.35826667 -749.65496667 45.60203175
-40.80639485 -780.00931250 42.84052660
-64.32263166 -774.58756507 39.46937127
-63.56920957 -769.24255460 41.12797831
-45.10969680 -754.27951688 44.43770897
-38.84218200 -761.39625080 45.00365015
-40.90354000 -749.17774500 48.85110675
-47.67319866 -755.27725546 34.57764210
-50.61494512 -774.83979888 46.50945858
-32.98423934 -779.09731835 42.53340303
-21.15149429 -770.19288920 42.20669255
-65.16843750 -764.47038750 42.57070675
-44.80849459 -764.98595576 45.84276398
-40.87387115 -749.19221154 48.42517694
-47.11342308 -759.63058462 45.39440867
-43.22098033 -750.51249273 49.15972622
-18.70393807 -772.21331245 40.65188130
-66.28964239 -765.27881102 42.94428306
-40.87329375 -758.21179375 38.31686300
-60.46889868 -766.22795847 41.36883493
-61.12338122 -771.59127236 40.55783458
-43.94568333 -740.35300000 17.57923175
-15.35211484 -743.32444649 46.74492450
-63.17439774 -763.63970380 42.82336536
-63.54528202 -764.18841563 42.47354216
-6.53739946 -743.20997461 44.46396084
-42.87821285 -754.36801953 44.36445117
-60.42717957 -763.80011411 41.90483054
-58.23150853 -766.13552442 41.04563723
-24.61744146 -781.25229639 38.36116445
-35.56005169 -781.80530085 42.44423697
-1.23909123 -747.28518049 42.89931273
-6.80904814 -750.49693191 43.10170317
-30.46250838 -784.14816899 40.58582467
-30.01105000 -767.94898000 45.69002175
-48.69644945 -781.91331851 42.28919049
-46.33350833 -782.80550556 42.12553452
-21.25062555 -784.34406179 35.85223307
-45.74618321 -781.78971913 42.36508295
-41.09810000 -769.73500000 44.52653175
-49.79720000 -758.75540000 36.55173175
-38.83069477 -752.18515021 37.63656857
-56.50806883 -761.49750000 40.40951097
-55.61625804 -762.44989571 40.31463835
-45.52328097 -778.30122799 44.43194827
-35.55327083 -783.58093276 42.06823253
-47.64156416 -751.64540357 47.79988519
-21.06837749 -752.17452707 45.54519295
-42.49246471 -780.71809412 42.63200233
-54.39286486 -761.91078378 39.41086688
-45.78757778 -748.98494444 48.62424286
-41.25323129 -749.29624712 48.58347024
-33.44255455 -784.12149563 41.13082579
-47.59621852 -741.32998683 14.55839965
-8.73046102 -752.25540508 42.61231480
-42.91709786 -780.16442925 43.00127631
-45.22238446 -760.01778699 43.60445151
-27.68124133 -775.46718092 40.80350943
-58.93802000 -770.81866000 40.89157175
-54.09762529 -760.32732398 39.04006144
-45.23814494 -776.19326301 45.42066306
-29.76394068 -787.58073571 39.34060242
-47.98798645 -759.02113828 46.72489519
-20.42781176 -794.79787941 31.14009057
-45.77797148 -744.36763056 20.64999119
1.28813547 -747.16885472 41.88754873
-47.34465000 -743.34020000 22.34965675
-45.73363104 -774.80190407 46.03504074
-27.47639883 -787.33957806 38.74959207
-52.11767839 -759.32641065 38.08283190
-30.35896200 -752.80384600 44.58833575
-10.77847037 -752.81321481 42.87770582
-27.61248629 -769.29948114 44.59047864
-40.84830714 -780.33246429 42.62653175
-39.26772738 -769.33404961 44.79393986
-47.59328780 -739.28082065 14.02325892
-22.37126254 -780.79211845 36.96262480
-45.69454311 -754.65534364 34.43180505
-24.72655133 -774.17170842 41.15304423
-40.57775706 -760.94607965 40.64498128
-53.13718889 -758.60125556 38.08377619
-36.72235438 -772.28429251 44.54572477
-46.66165755 -757.77473532 45.98157851
-19.74258735 -785.14338206 34.65111616
-42.75542228 -772.09391243 46.12772438
-43.35307593 -774.25641204 45.93903391
-39.77153631 -775.12128286 44.65039700
-19.15082233 -790.27793281 32.57485254
-47.45143929 -754.96406071 45.41617103
-0.93482899 -745.32031752 43.04981766
-48.86946385 -756.61999794 35.66606014
-49.96173158 -758.93622632 36.82252122
-32.83029626 -787.01419520 40.49369394
-33.58338125 -772.33119294 43.25533363
-32.26024194 -789.07739419 40.04478207
-31.61964239 -789.32392506 39.84350575
-27.91818636 -784.09751370 40.22650717
-35.92297161 -780.53560849 42.92665106
-39.59606118 -772.16140628 45.23302846
-44.39596638 -763.06276239 45.26203460
-33.01166547 -757.83621025 49.04497565
-44.57282167 -755.09965728 38.38211812
-36.07344744 -778.04616264 43.56218256
-44.65799007 -763.98233560 45.88762083
-40.00700444 -771.43376667 45.72534063
-40.57639673 -768.82077518 46.19436396
-36.28041155 -775.17116422 44.12439158
-16.48262967 -770.28809203 40.84075567
-37.67166256 -765.75909242 42.40526160
-48.41806846 -753.86951335 46.90413410
-43.82685758 -763.80520265 45.76611053
-33.65080432 -777.91108048 42.91308418
-26.96643213 -789.38506189 37.80133617
-42.41206978 -761.31102856 43.66755643
-3.90628612 -743.25550354 43.85593088
-45.26705000 -758.90015000 36.44718175
-42.64012725 -759.89862725 41.28841523
-33.70001548 -775.20049685 43.07253269
-22.16948547 -767.19068477 44.63222523
-44.49455934 -757.02910292 41.55177203
-28.70122373 -785.87416525 39.75451395
-46.00058571 -739.17950050 14.17696296
-25.12537394 -789.47606728 37.04481396
-27.18005791 -773.02270920 42.29793991
-45.99988199 -753.41763055 46.25732412
-17.60156667 -743.62695856 47.42623805
-24.52161483 -787.19054312 37.75668353
-42.40760942 -756.84356709 43.88459707
-39.06273346 -762.63469603 43.96049136
-26.67267640 -784.99084601 39.45828872
-47.76709045 -750.17152091 49.08021041
-45.45654318 -751.69989466 47.69130377
-38.79720615 -765.24895469 42.38258547
-41.54851606 -759.25999639 39.01452351
-21.14511072 -793.27083867 32.77508091
-27.74723201 -781.22817537 40.48426692
-45.63182183 -750.25669625 49.19211388
-21.53155593 -790.14570035 34.85103254
-36.42748095 -762.75306678 44.87228855
-24.42606834 -784.24487833 38.34905766
-48.28167500 -746.67335000 51.51523175
-47.56171765 -746.95754501 51.81575221
-42.27540772 -753.14423472 46.31676717
-27.94989090 -778.35134735 40.23996381
-19.76815000 -794.81445000 30.75982619
-31.94200000 -773.83815455 42.68889538
-19.34429444 -794.85943444 30.38314730
-30.54425411 -771.80348737 43.30299576
-18.76208614 -793.93831590 30.39208646
-45.63692754 -747.13965801 51.96792344
-40.82306898 -756.99760267 45.47306383
-45.55562385 -745.20612109 53.09950650
-22.65107845 -786.57092630 36.94465641
-43.76625333 -752.39248000 43.06028508
-22.63547367 -784.17136228 37.01938434
-18.98179222 -787.83776664 33.26480827
-19.67434083 -789.85886015 34.04923713
-47.13610339 -743.40741186 53.40171988
-36.34995233 -760.03296053 47.04860522
-36.84732899 -761.49657453 45.23818164
-45.71607910 -742.63342724 53.49151456
-12.88405993 -743.11911902 45.93702408
-40.46510358 -753.42210934 46.76811768
-34.54710305 -763.49661006 45.39789775
-26.73672308 -776.58689560 39.45786691
-40.19216047 -751.86310480 47.97789208
-36.23362604 -758.26544290 48.36674359
-33.98628549 -752.88165803 41.98676283
-19.54052423 -786.82748312 34.06953453
-27.71685009 -771.62170686 43.24151737
-45.55847026 -772.12048203 46.84813190
-33.69556059 -760.17126673 47.43019519
-21.73175400 -781.75279543 36.44782979
-42.80768540 -746.35368584 51.43776272
-86.42328419 -781.15625335 39.26132922
-45.63895891 -739.90760810 16.74148406
-45.85291243 -742.26744057 19.85923338
-38.65644124 -752.98124088 37.76864452
-21.90716472 -778.44655218 37.25928506
-43.93435789 -743.63384737 53.09772122
-46.26169355 -737.28233871 13.74338013
-24.54769487 -772.46380900 41.87347401
-35.91020089 -752.02529236 40.65501889
-35.74920385 -752.88924829 40.63481935
-20.46981528 -778.43041856 36.41504092
-24.48950862 -769.21687478 43.99760418
-34.34080582 -751.89044464 41.88329236
-21.48504638 -772.16046977 41.32166390
1.39126843 -745.66033466 42.00260923
-24.69931438 -767.22033751 44.89758812
-30.39537597 -758.95655304 48.87757456
-31.23024990 -760.06490019 47.93124080
-21.94023827 -768.95268483 43.40672352
-32.60462500 -752.80134286 42.91559603
-19.68620550 -768.75326052 42.82652657
-28.93979415 -757.36764390 49.82153028
-19.49701538 -773.97524696 39.99770098
-30.69709954 -751.58051256 44.63264286
-18.27068437 -773.92075312 39.57866300
-18.65820936 -769.68817238 41.81304765
-17.37551600 -773.45536600 39.51644375
-28.13470345 -751.85677084 45.43750692
-26.79459816 -753.04211774 45.45190525
-16.25724375 -771.59979574 40.29256574
-56.11320000 -761.70710000 39.29323175
-9.52455023 -751.09604733 43.42073212
-27.13542036 -751.08537812 45.97321222
-24.43785617 -753.58163200 45.49233416
-26.69234000 -752.84783429 45.74189460
-25.09870936 -752.84658276 45.68246524
-2.65553280 -749.27660732 42.44531391
-48.62170135 -776.35766667 45.50026358
-24.47891965 -748.20730454 47.27691287
-21.54969944 -753.79119868 45.26701186
-23.71407442 -751.71915116 45.53442942
-12.55670129 -751.17684255 44.09862913
-21.71575383 -750.86573490 45.86357855
0.43985709 -744.99400709 42.47739853
-42.83460672 -751.99194943 32.30967839
-43.92320000 -744.58027500 20.43199008
-21.47236147 -745.67426341 48.04462492
-19.51683439 -750.17477091 45.73487166
-15.73024033 -753.44702354 44.21070420
-17.87505544 -749.15759759 45.54939516
-15.55210461 -751.18749537 44.79049876
-48.15742727 -756.21490909 45.57470447
-18.44485500 -745.31505054 47.28251548
-15.31051985 -748.56120132 45.34601670
-16.15583318 -747.35020441 45.87448471
-47.60097162 -744.32890000 23.40639526
-12.61077138 -748.18348658 44.95922352
-14.20012549 -746.55417059 45.62595920
-13.39286046 -744.70251399 45.83427622
-9.84030000 -752.72500000 42.61353175
-31.64403333 -761.77256667 47.12103175
-5.95458276 -751.30783542 42.50904005
-43.99161111 -749.61403333 27.97054286
-9.52610731 -745.18876638 44.90312857
-6.59991330 -748.21329109 43.82390352
-9.62343138 -743.07063702 45.05773873
-3.71557327 -750.39565701 42.29603126
-4.75196848 -750.02593191 42.79506793
-3.59724503 -745.26097992 43.70595935
-1.95593333 -749.87444444 41.87564841
-28.72930000 -749.61630000 45.64123175
-0.47917478 -748.20718454 42.14495988
-0.19482333 -743.63513000 42.52675175
-45.40601858 -741.17257705 14.31774650
-41.11348889 -765.10391111 41.13030952
-49.06173509 -783.00721520 41.82683350
-44.51126923 -759.04756154 38.92377790
-51.06310939 -780.72307927 43.25069425
-50.61184965 -778.57352513 44.42210038
-25.78762245 -783.43591224 39.83501338
-50.17548387 -776.41112903 45.42667691
-48.64944168 -774.88588468 46.18422659
-48.31122110 -772.71722673 46.94980998
-50.30647222 -773.49756389 46.80841230
-45.00336803 -757.11107787 35.72462847
-45.11532075 -768.88446224 49.24823610
-34.36601253 -758.04041068 48.42642425
-33.14163429 -758.83541714 48.88139175
-44.38708544 -754.96936186 41.17565474
-47.51174847 -740.10763558 16.97764340
-45.68947500 -740.64266667 19.21742341
-39.93638809 -753.00844085 35.66223813
-27.91591111 -766.95367222 45.75647063
-25.94701923 -776.58742692 39.14561636
-19.98459583 -778.09710833 36.25191925
-40.37897778 -766.80827778 48.76430952
-86.13780000 -779.66875000 39.60718175
-32.48417917 -769.32134583 45.81249425
-47.42734963 -742.18086754 19.54089294
-47.36715306 -744.98861224 20.78850930
-45.52363085 -743.31602068 22.03995615
-44.52469479 -747.15145521 24.11282341
-47.21729600 -754.64663600 33.35072375
-50.82736992 -783.29189288 42.04324652
-47.45871250 -743.89840625 17.55579737
-83.87016667 -776.58325000 39.55029841
-43.85037500 -742.01532500 21.96573175
-44.75182311 -750.27066818 29.47070258
-44.69094248 -751.99840940 31.60435731
-43.13079949 -753.20341944 33.15591988
-56.27004063 -762.10620000 39.37530675
-43.33224711 -754.47025358 35.06170276
-49.60219852 -757.80266256 37.15676771
-44.20056000 -755.96668000 33.63649175
-44.05170000 -755.79830000 33.61833175
-41.52226090 -752.20129273 34.37693175
-43.74371506 -756.23341988 35.58549982
-40.26675352 -752.23739686 35.63881504
-46.64973333 -752.78206667 49.71246508
-48.40310603 -777.66963879 46.04767657
-43.91725217 -745.97309130 22.43182305
-39.15371071 -768.26462857 42.50213532
-36.00460000 -768.46648889 42.33692063
-46.20581667 -777.22478667 46.50380841
-41.91118000 -776.91730000 45.95655175
-35.61303011 -759.07405699 48.88710486
-20.99282812 -745.20648125 48.70774737
-40.56020000 -768.65390000 48.66943175
-39.15240000 -761.72390000 45.67893175
-45.01444700 -749.20215600 28.56488825
-43.86458551 -748.79882246 26.32465711
-44.89855989 -747.79870481 26.16863188
-45.44800000 -749.82580000 26.55793175
-84.93720000 -779.83590000 39.67695675
-43.84462442 -742.88916744 17.08763640
-47.55930323 -737.41550968 13.62362529
-47.94884000 -740.54946000 19.02408508
-47.09400000 -745.62020000 24.92763175
-43.72556667 -749.88659167 27.14577758
-43.67421364 -750.82702890 29.20675740
-40.98120000 -757.03945000 45.67263175
-34.26590000 -770.63176000 41.79371175
-34.46805000 -771.59671250 45.77215675
-37.65622500 -772.19781667 45.86740675
-40.69222407 -775.11750741 45.87095212
-21.60418795 -749.49169880 45.19665343
