-30.37437692 -769.28224103 40.19563974
-49.93259294 -766.53825733 43.80878167
-44.20291277 -754.31325132 39.23718913
-44.53725507 -754.75094348 35.33268406
-44.21426676 -751.75448304 29.63242390
-39.06698450 -759.46159855 41.41691665
-10.92765625 -752.05761250 37.21762679
-39.76300333 -752.65655333 34.09640667
-26.67160269 -784.23014872 35.14759345
-29.77947709 -768.48189787 40.97661874
-45.72288182 -744.03420909 15.23372727
-43.16392973 -748.93080811 46.52244595
-46.34130000 -741.27944286 12.72837143
-42.78749152 -754.37648242 39.28497673
-51.74504104 -759.93508386 37.84922955
-47.35135061 -756.76459960 33.75038381
-28.09411538 -777.70103173 37.41466923
-45.71510905 -757.36802381 40.78872190
-32.85426799 -775.52110244 39.54702922
-59.16079398 -764.51959491 40.22955542
-40.79113094 -757.73901551 41.87705572
-44.02771250 -756.29938125 34.75510000
-9.92219484 -750.41512616 37.48432954
-21.14849942 -753.97302911 40.59643545
-42.54621413 -752.18915489 42.07913696
-42.18177946 -753.32197027 30.63305027
-32.45526101 -768.28990223 40.74969654
-26.66932955 -748.99380787 42.54472517
-44.53087143 -749.83693810 46.28962381
-42.59282335 -752.52927802 30.56683242
-65.73870899 -772.64851652 38.14044632
-47.09965000 -763.06036000 43.20131000
-59.69868990 -769.65737973 39.19715211
-46.54257302 -744.45367460 23.06727619
-6.42336734 -750.26933876 36.22276389
-19.33136667 -752.69063333 40.32610000
-36.80869595 -772.09141306 40.51303266
-44.35305789 -756.15877018 33.86662105
-47.69302584 -771.76802954 42.57886677
-26.79160716 -787.32221104 34.64663639
-24.57461951 -745.98653415 43.44580976
-18.98559888 -750.81025112 40.42561770
-54.66457243 -763.40570617 39.59029604
-23.72344320 -750.71075877 41.62117767
-68.86868836 -775.51343946 37.00232561
-41.71193283 -753.64792820 41.00549441
-24.06595696 -767.19541650 39.84781877
-1.15648393 -747.40989464 34.46793929
-50.31534983 -758.08794214 36.39137090
-2.92581427 -746.00494201 35.56983207
-50.37684709 -771.17568413 43.44377540
-42.80828625 -749.49609313 45.88500687
-35.75158755 -775.39362432 39.90080002
-46.45822775 -767.16598670 43.27926141
-45.93740742 -765.35908645 43.45502634
-9.35415166 -743.56957991 37.59053885
-1.19354023 -746.34927701 34.50705057
-72.09988467 -777.54140650 36.06467045
-52.43797857 -769.81658571 43.79609286
-45.49604014 -763.53187129 43.62721599
-57.74549562 -762.61405189 40.60159043
-9.25832531 -745.28569934 37.69754753
-30.00866618 -772.87389466 38.26039501
-62.77441647 -772.49205563 38.19809271
-47.29279589 -764.37804047 43.85723475
-42.93501917 -750.92656792 44.67943083
-41.12479739 -760.22437711 38.81435598
-45.18138551 -745.91862455 23.69480708
-44.97055986 -771.19631758 41.93277981
-42.23181463 -759.39019756 37.14091951
-52.39777500 -758.91565000 37.91682500
-36.91924573 -769.99969573 40.46160000
-74.27181454 -770.12462270 38.22315631
-57.35633138 -769.10219119 39.46071147
-3.04124109 -748.19349198 35.31641314
-25.62682632 -788.59364737 34.32987368
-46.49415085 -751.18131017 44.63261271
-44.82559579 -769.29121952 42.52278787
-38.74538096 -772.21433361 40.69031829
-43.26075000 -739.62250000 12.55280000
-19.83895457 -753.98155657 40.14077029
-16.66095172 -745.68084069 40.19147402
-28.53153688 -779.62362908 37.28248936
-79.60119524 -773.72423095 36.55046726
-28.59152500 -753.02750000 41.62092500
-72.56498890 -773.56834649 37.23571492
-44.72572978 -766.59655348 42.81320838
-45.72851429 -740.75304286 20.16960000
-28.03550856 -772.81563385 37.48464047
-44.34247500 -750.04442500 25.07792500
-48.87542593 -771.14217407 43.46369259
-36.87216452 -758.63652509 43.09509570
-11.93371108 -745.64447576 38.54467747
-53.69925878 -761.04771600 39.03771727
-45.32164187 -744.38187653 18.59473040
-46.89863860 -737.60367018 13.82028947
-46.95930417 -743.69749583 23.17078333
-57.26381503 -761.64495534 40.72304684
-56.74554912 -766.45276539 39.84956237
-44.68128763 -754.95381649 33.26718351
-41.75585341 -752.51462074 32.31877884
-52.30320000 -771.32780000 43.50070000
-7.88712729 -743.48450513 37.10721465
-63.59096501 -774.28536256 37.65187131
-38.69273599 -766.06194126 40.19375827
-62.81595525 -766.90419411 39.92674446
-18.20256840 -745.44922364 40.93704991
-32.81221623 -772.63465298 39.30407259
-52.42290932 -770.44426525 43.13867119
-35.69939524 -763.73582892 42.01520481
-51.11845607 -772.11700083 42.93491897
-46.93944127 -740.19127844 17.14829343
-33.81490000 -761.80050000 42.71926667
-14.82303743 -748.48114579 39.35772008
-40.14149341 -761.22808205 39.09689377
-80.64822204 -778.09613676 35.58168455
-28.42055667 -774.87554667 37.30942333
-46.71851526 -741.69100139 18.50092119
-41.68591591 -769.23711314 41.34665966
-25.01126623 -786.93596788 34.44046755
-45.27466549 -745.34817990 20.98584069
-44.85731804 -761.54781192 43.99903908
-20.65246062 -745.57611437 42.07107240
-28.93173643 -749.51406512 42.47827442
-40.77715570 -762.80948070 39.65666383
-52.55263973 -771.76406568 42.75702838
-68.80448151 -769.41280779 38.88682716
-68.45449288 -767.05337894 39.63169754
-7.79730483 -745.23193813 37.21912447
-23.19823320 -745.97809575 42.93187915
-50.54029926 -769.33482604 43.61249282
-48.30560976 -768.90948325 43.59761174
-58.20535000 -770.95715000 39.02205000
-29.89429155 -778.41652515 38.03369277
-82.48045542 -778.58914578 35.34678554
-25.02442472 -768.32409213 39.65304270
-7.94551410 -748.79587269 37.14194239
-27.31875416 -772.87233375 36.85384160
-11.86922886 -750.98167954 37.92075770
-71.74209099 -775.64612556 36.71166212
-45.81262727 -737.63321818 12.37310000
-49.37583333 -740.28568333 12.99953333
-26.63039400 -753.61186800 41.62904450
-45.79221780 -740.26654659 14.22646042
-45.02472599 -751.53812824 44.79556888
-17.83820735 -753.55108456 39.56896544
-44.81387273 -743.43597273 22.87010455
-14.75448877 -751.36104369 38.83968877
-61.15040000 -765.03619583 40.38774583
-55.85423422 -761.62551084 40.08830386
-50.61797809 -759.51648287 36.68226574
-16.47350390 -743.39711818 40.22414156
-51.84556667 -758.56611739 37.71181594
-48.48533728 -757.11077943 34.99433021
-17.48221732 -751.28772013 39.88580818
-47.40858202 -755.43394719 33.55333820
-37.83560196 -764.20308166 40.74408594
-39.40259757 -763.86257520 39.85717707
-45.26312744 -753.85422488 30.37287326
-46.52274541 -741.69475765 15.46783622
-46.78948061 -739.55641153 14.63466137
-38.48129361 -753.24908211 35.52044856
-39.73071496 -753.52027087 33.86996850
-38.70025372 -752.44587286 35.85012770
-29.74905812 -751.44575039 41.77745861
-32.15454289 -751.67729898 40.99659289
-33.75575368 -752.16324044 40.02055735
-45.93031429 -737.58989524 14.60705714
-45.86885618 -740.07266375 17.66782908
-45.63389185 -742.79026058 18.05439483
-45.80658327 -742.97530732 20.61668667
-44.70497954 -748.06961774 24.23616282
-44.54814769 -748.84156607 26.34714815
-42.74262500 -757.12023571 35.29411071
-42.34273162 -757.58302963 39.16308889
-43.79500833 -759.60890000 39.49966667
-48.09491667 -755.85005000 34.39551667
-36.87120741 -753.16843333 37.12830370
-35.81812642 -753.08757925 37.97627736
-35.58974757 -752.22578507 38.75364271
-41.20745203 -753.35762736 32.12177905
-37.14974921 -752.50026190 36.50483175
-46.43530345 -744.30315862 21.88005862
-46.73145186 -742.80937846 20.69071090
-45.76584320 -741.86546446 15.08232747
-26.83505493 -766.50271774 41.78858843
-44.91830156 -747.23306562 22.03652812
-44.15234803 -750.90167143 27.06254005
-44.38426400 -746.49904800 25.40263000
-44.53662093 -749.66713953 28.55735349
-47.14620800 -740.75589400 19.48596200
-40.53764000 -752.41860000 34.48550000
-44.42298846 -752.48830385 35.15265385
-47.48286667 -744.20806667 15.91836667
-23.74077465 -753.94927136 41.25498075
-20.59421226 -750.83603295 40.90456274
-20.58358498 -748.59471099 41.10403125
-15.20323941 -753.22449373 38.49376608
-18.61767641 -748.24147523 40.56358556
-17.25054213 -748.47829024 40.08903898
-13.18357500 -752.96082500 37.65085000
-19.89171622 -743.81250270 42.03924865
-17.48894047 -743.58488522 40.79467602
-14.62395949 -745.50757642 39.43107048
-11.68080561 -748.51348614 38.39810938
-8.67074021 -750.72815038 36.94267635
-15.12037748 -743.46086399 39.61476766
-42.08652868 -761.51201836 41.67812543
-9.39735549 -748.61840706 37.63841664
-11.79128087 -743.42829242 38.32616648
-5.70358846 -748.58419088 36.37551349
-5.78888147 -745.66473212 36.61591457
-6.42689176 -743.60294745 36.60294235
-1.68076522 -748.23634957 34.18977652
-23.52854514 -748.71805168 41.94887150
-25.73144500 -746.53131500 43.45135000
-25.30430000 -746.79630000 43.30340000
-26.35053846 -747.21093077 43.41026154
-40.31460000 -765.43195000 40.06440000
-26.88152544 -751.19062309 41.99378476
-0.98531765 -747.37362206 34.21800588
-1.00032600 -746.31591400 34.16841800
-4.02647500 -743.85498333 35.60443333
-77.66257325 -778.11371079 35.58597972
-80.07229605 -775.65737570 36.04023668
-77.84805337 -775.53734119 36.14100193
-75.00203495 -778.01521800 35.65265257
-77.70501442 -772.94852687 36.93734972
-74.75379436 -775.46011191 36.44505916
-74.87514731 -773.27796471 37.05950767
-76.76853251 -771.72992628 37.47475728
-74.72706738 -771.68264562 37.65874339
-69.43236917 -777.23993238 36.38954352
-76.40048889 -770.83426111 37.72945556
-71.51678318 -772.31489483 37.74940791
-70.79307458 -774.08707797 37.40629153
-68.38361015 -774.31418816 37.48166633
-71.81618948 -769.68991252 38.58885839
-68.79758642 -772.56576670 37.95770354
-66.59677839 -775.60449720 37.16774665
-65.76551558 -774.47091076 37.57164921
-70.80837138 -767.68499357 39.22087203
-63.69870000 -774.97055000 37.33195000
-65.74792524 -769.40826014 39.10145736
-65.94288994 -766.77261903 39.99149099
-62.71964799 -769.64854565 39.15268164
-60.22164931 -771.75841402 38.45489731
-65.15031096 -765.43551263 40.48723719
-65.76298095 -764.61386667 40.30551429
-65.07230148 -764.63624777 40.56209614
-62.99356514 -765.32876748 40.53877996
-59.76704064 -766.40630724 39.90588057
-62.55023836 -764.20216149 40.97833816
-59.69446377 -763.21448835 40.80953881
-56.52185011 -763.59883754 39.99971126
-55.03431290 -765.77112686 39.67779757
-59.19452658 -761.77198303 41.31254376
-37.83529816 -780.72202847 38.89620964
-36.05567427 -780.92111992 38.42790841
-38.55439325 -778.40175454 39.22532490
-29.80758657 -784.41880344 36.22953261
-28.81194075 -786.30054875 35.27661583
-31.82515377 -783.82197038 36.81395454
-24.73836071 -786.98841696 34.28779464
-32.06935821 -782.61614888 37.22189142
-35.74272343 -778.39392682 38.95061232
-32.64155141 -780.98556283 37.91888006
-40.78287741 -775.65763435 40.18794875
-38.75882420 -775.51948572 39.88496042
-38.90956557 -773.67408361 40.30103607
-41.05400310 -774.70964328 40.48305983
-29.30186282 -781.68947111 37.04081385
-30.34854180 -780.92348677 37.67398768
-32.74461740 -778.47530908 38.83761452
-24.95992547 -784.32253703 34.63620802
-24.64702574 -785.34212376 34.28626535
-40.81994798 -772.28817563 40.76885059
-26.89061967 -781.62099288 36.07934267
-38.72627972 -774.09246643 40.42337832
-25.02633796 -782.13120130 35.29098829
-35.59699613 -772.71663626 40.14964781
-27.13261279 -778.68039327 36.86973800
-38.93651521 -769.59012851 40.66866688
-35.32341842 -774.18422316 40.38152105
-29.92680626 -775.43237117 38.19071374
-28.12367010 -775.64791753 37.44114948
-41.89564808 -766.13764884 41.71143752
-35.93883211 -769.54920699 40.04638448
-27.72074233 -775.70476700 37.13450933
-38.92977055 -766.65275813 40.58445529
-37.83356824 -768.44657967 40.30347350
-33.53034152 -769.89072706 39.58219253
-36.66704602 -767.47389826 40.27052438
-35.69312276 -766.10516412 41.25835683
-52.04230851 -770.14264691 43.27519566
-46.83108685 -769.16014034 43.12002583
-44.22818958 -763.71853522 42.76122140
-42.06392860 -763.75255999 41.36034486
-43.82976427 -760.05413948 41.12892104
-47.85008493 -766.65049960 43.64439931
-49.90516788 -764.62556642 44.14086642
-50.93901000 -767.65391000 43.31482000
-32.75522030 -766.42521800 41.76491481
-29.95353273 -766.58574277 41.96561405
-27.26629092 -768.44632620 40.88135974
-33.13336737 -763.65124777 42.77890019
-25.97346271 -768.54442542 40.15532458
-30.06083253 -763.84259508 42.88603834
-24.96648649 -768.29466486 40.72515135
-24.72872925 -766.49132462 41.03616087
-27.39651923 -764.54023806 42.27064777
-29.52032332 -762.90315112 43.49185336
-39.33758904 -758.32965854 42.28997957
-37.07894286 -759.18126000 42.31096857
-36.58228430 -757.06938551 45.06822790
-38.12332037 -757.41118426 44.30855317
-43.93276114 -757.30744857 38.69702114
-46.94702530 -754.81636807 41.18803574
-45.13010273 -753.57036643 41.47706341
-46.71811404 -752.38882456 42.96649649
-44.57629398 -752.66341455 42.67168445
-44.35877813 -749.03682682 46.93320807
-44.81935036 -750.17572950 46.55369496
-46.58610952 -755.45165238 39.87452381
-44.78064483 -746.81042069 47.13709655
