-66.60021176 -755.70427059 90.87932647
-44.21520585 -749.20176976 41.15558488
-47.80548869 -800.28712519 69.33116601
-38.68918810 -757.81900476 80.91458095
-25.82260508 -724.50750820 112.02544766
-41.16996801 -757.23567744 50.78462037
-54.57843205 -756.51466795 45.57289615
-1.28623529 -809.77661176 52.08547353
-39.87701892 -752.44332973 52.83170946
-10.83324465 -732.70395116 96.66568442
-5.84599100 -835.54250263 35.05125094
13.87798776 -840.64036735 34.25992347
-41.17341472 -745.83864000 40.89982623
-5.12105637 -727.76325477 51.56462418
-21.82786088 -760.61699354 83.49502959
-15.12989623 -826.21774542 43.78286098
-33.95458929 -761.18668393 69.50886607
-23.91668874 -721.38913480 112.16699961
22.28850000 -792.31777568 33.74593919
-41.26361053 -756.41637368 47.90287105
-40.19247778 -746.12736667 100.05158333
18.96047142 -790.67065592 36.48661247
30.03332316 -858.61834751 22.92392743
-36.38349263 -757.49473873 74.48156027
-45.63585169 -800.35602797 69.51063947
-1.00109348 -809.62060652 51.52934435
-86.17201263 -775.10433387 52.15342930
-36.20746220 -727.68888920 115.52804983
-62.87261028 -717.71736822 102.91585000
-46.50517083 -747.60420000 32.05080833
25.16368072 -850.48313221 24.50486352
-19.27400000 -699.24690000 108.69205000
-5.44600256 -748.68417740 81.13166356
-43.50290000 -813.36050000 58.05345000
23.91804145 -841.46654879 25.84129786
-45.90159037 -742.11522193 17.88720455
-39.16730533 -766.16653077 80.74606834
-18.67380899 -757.76323541 88.75026998
-44.35711068 -751.26158492 41.64192751
-20.80417121 -802.64681277 57.30983742
-38.26192052 -769.43006918 74.64280728
-44.37096154 -794.95980769 72.79644038
2.70025706 -805.21600157 52.83492786
0.71491954 -785.13298102 59.80298160
43.73783571 -825.00463571 42.92233571
-85.50852000 -774.08116000 52.33589000
-53.87954742 -754.58008408 95.28099032
-43.57968889 -789.04296667 75.66227222
-32.56596270 -736.71599329 107.90999978
24.08639937 -821.44908915 42.00542301
-42.80882318 -790.67485467 75.27695692
-13.83974000 -736.10594907 99.61194031
-7.20511463 -763.84272683 76.11308902
-42.25119355 -755.26501917 97.09256499
-20.59487416 -734.06652853 57.22657692
27.05900115 -853.73132455 23.50004696
-57.37633849 -757.68632120 93.69361159
-27.13082295 -726.92043026 111.80402398
-23.06999024 -766.33471545 79.19869959
-15.51427900 -733.68607317 100.71413940
-27.86853350 -718.31924700 111.95343200
-57.01406613 -804.44076454 65.27303083
-29.92745743 -749.14485245 99.53598175
-8.83642984 -841.08703903 30.14032204
-34.39260000 -747.38780000 97.05065000
11.03926195 -783.49207898 49.28246239
-0.69438843 -727.17516680 49.28482624
-33.02814910 -766.57897159 74.75797463
-53.60873038 -735.47591577 105.85745846
-38.20114855 -760.61199357 62.49976185
-32.79785644 -721.53374828 112.43028275
-46.16331600 -725.84616400 108.90377800
-43.17816000 -736.95182000 18.17107000
-30.53476423 -767.01030976 56.62813347
-39.01131844 -750.54639672 97.33616311
-20.97397174 -832.72902236 38.48713336
-40.54644667 -749.84660000 51.40963000
-26.89922308 -747.34010000 106.14042692
-50.69601150 -718.56478596 108.24830039
-48.28623713 -809.34962676 60.19604426
-76.68091799 -767.91602063 52.85503095
-21.53273636 -746.91200909 96.28308117
-26.93537473 -791.00973280 78.23878178
33.72951975 -816.45520630 49.63006933
-15.95969682 -728.54166227 58.20782909
-23.43128715 -809.98230559 51.86991480
-46.60853333 -810.77653333 61.78535000
10.20922500 -839.83415147 36.84429118
-9.90041624 -819.40434539 49.24225923
-71.73748747 -772.59457840 51.28265707
-37.46280000 -810.01793333 63.99478333
23.08248571 -825.20684286 40.04867857
31.93940712 -853.92378780 20.34718017
-30.03858565 -758.21981248 83.53992223
-29.36626724 -742.47727934 107.38884772
-35.26872941 -755.98435294 75.59146176
-54.12256325 -760.22901378 94.50243489
-8.98374122 -830.22604024 39.24081233
-44.69888308 -793.74194902 74.27402249
-42.55346436 -724.71469384 111.33473180
-33.68505908 -811.57535195 63.22623966
11.92057679 -850.32810641 31.64261128
-35.39532662 -786.98973928 79.48835259
-46.75947727 -756.80166307 97.10120170
-39.31667945 -777.94223493 75.40875137
-25.01667271 -736.33326864 106.29016324
-59.76920695 -757.23575794 93.01674203
-40.50799894 -773.29909149 78.86841915
-10.51762977 -721.80931679 93.84097748
-7.03301304 -802.41625810 55.20999545
17.64201890 -793.23017415 37.72151779
-45.48442342 -815.42349712 54.29784080
-26.83839750 -691.64594511 109.54959732
-33.18050773 -746.14526516 98.84160160
19.37547547 -848.46531509 27.87191132
14.97271840 -829.33433937 37.88730356
-87.82258333 -786.25143750 49.35786250
29.86318715 -781.78850027 30.45780468
-44.98133254 -808.40171316 62.75377118
-56.77213150 -724.32192602 104.33861845
-43.98550385 -753.86967949 41.47586282
-16.87605749 -749.50202575 90.55896766
-34.66330816 -694.48070408 109.86178896
-46.56931579 -746.74876316 31.54121842
-26.71169859 -718.99071594 112.10237190
-35.62711250 -804.59717500 55.72237500
-17.72816242 -707.08869662 112.56803713
12.47210276 -787.70652621 44.72065099
-37.71758333 -810.40273333 48.42810833
-3.48052476 -790.34000095 61.22601238
-26.76904523 -706.69933228 110.90448822
-50.94904338 -804.65024938 64.52457462
-38.45640561 -759.80085825 56.60179456
-46.76897844 -755.19368895 97.17634892
8.48635714 -819.25850476 46.12690238
-58.05095189 -716.80745660 105.84657547
-17.61049467 -827.90558852 42.72131906
-4.48191212 -795.72386667 60.01114394
-44.75535433 -784.98367164 79.45020234
-40.66302053 -756.74859714 52.84384189
-29.67148053 -733.69477142 110.51082769
20.38424811 -834.83265693 31.44135050
24.71794322 -825.73425700 39.48287484
-47.70931707 -813.72429332 55.57077163
-13.25908182 -739.51537273 100.06324091
-35.84386795 -806.60957799 66.62181583
-41.86651667 -756.52481667 44.43166667
-26.50992232 -688.62531420 108.52895478
-32.93507152 -758.16709200 83.21744672
-42.74130471 -731.36274160 108.60289037
-47.65874138 -744.38675517 17.59699483
25.14213123 -841.88975797 24.58051163
-37.03330000 -768.17385000 69.78580000
22.93908667 -832.86922667 31.21797444
-36.56163181 -758.21696175 54.21415000
-6.52485389 -750.77484966 81.21894773
18.19847729 -844.67210304 29.61785745
-23.78315516 -803.07543043 57.27381319
-44.75524667 -746.86043111 99.84865111
-77.82009869 -778.59698489 49.82754526
-25.87981810 -716.76316293 112.07507155
-17.68818878 -800.75250646 57.86925951
-13.21751596 -800.46641489 58.09314468
2.08872092 -825.97222288 43.39501471
-58.60322500 -800.57710000 70.06025000
-44.57180264 -784.56286650 78.69205446
27.11339693 -821.30011094 41.96002965
-46.73176626 -746.44167669 29.27914571
-35.57037113 -754.85549766 82.73325845
-16.48786000 -825.10927000 45.87436000
-34.79640000 -742.77826667 99.43177222
9.29977426 -836.04961716 39.32000138
-38.88631061 -739.66871084 108.51230041
-15.80985298 -724.28029197 100.54393876
-32.64889633 -700.40702089 110.54443090
-44.71853578 -814.21317916 56.06543037
-33.44527692 -761.62363846 71.24083077
-56.34076219 -746.30015425 97.57313877
-3.64472854 -806.24004182 53.08751596
-23.75108269 -763.68525936 80.68683357
-18.51360197 -760.51814567 88.30312551
-23.10151370 -770.05131182 79.14229034
-14.54306114 -824.71749200 45.26955133
33.09540987 -817.45116858 47.27312512
-39.59538433 -749.35918433 44.09925149
-17.40411645 -824.29158205 48.00442675
-42.55225000 -759.38460000 85.04270000
36.06587359 -823.57494547 41.05856603
-15.10342215 -749.03631074 89.12572349
-19.79103176 -703.88742765 112.28103353
-64.70609831 -762.04176610 52.34935678
-65.86258976 -769.85152213 51.70592358
7.22641689 -794.16511396 48.62042793
-32.28689870 -741.95585502 49.66596264
-51.00824696 -796.96611862 74.34666646
39.98709677 -822.42594747 43.26500253
-19.13372971 -825.62550435 49.30277319
-29.46131704 -795.66550482 77.25887958
4.60510000 -833.99810000 42.93345000
-45.73147857 -744.83982857 15.36538571
-17.69857896 -739.05205690 54.71697492
-52.57798375 -819.36827250 49.30799375
-2.51156648 -809.33610501 51.65525652
-14.70649691 -805.50828840 55.80000766
-47.79776757 -749.46868622 38.09203324
-25.32040000 -747.20420000 106.22775000
-53.69258381 -727.82239112 105.29266380
-43.29710000 -747.67517576 33.45094394
-58.13146829 -759.54256748 48.49580772
-52.63508769 -752.97316923 43.34821462
-52.58055357 -820.16775982 48.33503929
-38.82094323 -703.64994129 113.41914419
-50.76207065 -748.53888283 97.75758230
-37.86953666 -729.65341833 112.22762749
-64.88624161 -712.34648438 102.71238415
-22.16238286 -729.33334286 114.34793286
-37.73690571 -764.00464228 68.47610307
-8.55204867 -727.69842601 92.81031343
-62.97732700 -787.28927485 78.58163782
-35.39008667 -755.81902000 58.65841667
-45.06322609 -753.47919807 96.83941135
-42.86973754 -782.62227201 80.56363601
-18.68529459 -796.28269485 61.56941314
-93.03730662 -786.46814485 52.23726471
-14.62283491 -761.59473133 79.86673433
30.10476785 -826.14482731 38.98266035
21.72781754 -852.89194637 26.59636028
-48.51970998 -721.80378768 108.62381268
-41.09597517 -698.67013252 113.88539720
-46.00644419 -789.34027442 79.44057326
3.35502617 -720.03616168 49.59677710
13.86369218 -787.02711042 43.29137866
-18.99243473 -847.08837545 28.11468832
-51.64326207 -816.06707069 51.93492414
-38.90329171 -751.75158466 95.98698255
-39.10306556 -776.12559444 74.96195444
-52.75703729 -740.61277657 108.27096782
-45.80505116 -739.89987350 17.64907686
9.17647814 -820.64857809 44.89362688
-21.87144050 -837.61502314 34.60541942
-24.20496725 -773.09335906 79.38997416
13.07844964 -851.08926091 30.79013777
-46.96193978 -739.14958039 17.29556289
-56.72443591 -733.32251952 105.55054144
-31.40280000 -711.45530000 111.97045000
-53.81172539 -784.88964604 79.67357238
-68.98158812 -766.46603858 52.72709575
-36.44195955 -743.29901709 45.10987523
23.90718594 -820.09897693 43.91022651
1.11197273 -788.40026769 57.59244189
26.28042500 -816.13068750 48.95765000
-35.94116678 -713.06337904 113.13170299
-59.84000336 -803.55220217 66.31226800
-24.69663641 -686.14761529 106.57308471
-47.52959727 -746.87137104 99.76927350
-41.84193158 -736.61260678 108.46555516
-5.79444125 -825.37091253 43.13923143
-29.74157742 -741.26178065 52.18582742
-38.76736938 -757.14109733 53.56937612
-20.78294301 -797.45977060 60.32967886
-54.53103161 -722.25606961 105.54595630
14.83545000 -816.30030652 49.20974855
-23.83494079 -745.60080351 104.84735224
-33.86011392 -802.15433671 73.26197152
-60.01270378 -715.72463572 105.25303965
-32.86565704 -694.63174508 110.21851859
-46.17236038 -741.67775377 15.15746226
-42.01798517 -802.83512407 69.22210045
-60.48245943 -732.82225943 106.26471014
19.16537667 -816.08291333 48.86582500
-47.80153817 -718.79472541 109.58249033
-41.70985994 -751.57927781 41.65509467
-36.42213953 -757.04447749 77.09744518
-50.78508366 -820.71652248 48.06350608
-14.78810219 -751.99509124 86.86698038
-15.08731461 -739.43044637 100.80343407
-29.19804757 -731.08804362 112.60350512
-22.99853175 -746.97536667 96.82649444
-31.72013200 -750.28620267 99.33766067
-45.65621030 -803.79499614 66.72814957
-26.85651789 -715.25789896 111.76830553
-4.50025517 -807.72264138 51.93433966
-30.45864262 -747.01543934 99.73002213
-14.90915859 -754.78213055 86.01089109
-15.67666977 -822.29795814 49.18761512
-58.19118824 -711.12726471 106.19702059
-3.11490438 -808.18430531 52.64273312
13.00344741 -796.69890949 42.20674408
23.23139925 -837.47494962 28.28759887
29.58806655 -847.86926092 21.14409527
20.86286229 -816.04080457 48.75092371
-48.02394981 -757.69299306 96.51357367
-18.68602772 -810.38427041 52.30587734
-18.03808516 -733.60704840 56.26602427
-83.52404379 -773.24976778 52.29319391
-46.06878098 -739.73735358 14.64257565
-16.76210556 -793.72905556 56.37038889
-20.97645238 -769.52391337 79.16505257
-47.19091111 -745.57891456 26.24551820
-17.63044818 -771.40055017 78.65839191
-26.65000000 -807.00129137 54.87526878
1.28710128 -804.55461496 53.94844231
-66.37532473 -772.40177455 51.39546336
-41.47666708 -762.76258542 83.94980167
-56.52443636 -756.64052121 45.78725303
-37.72455714 -749.71350714 48.12093571
-33.87361277 -763.64113191 69.54466277
-43.86240000 -751.11995000 47.29740000
-31.59571111 -762.74956667 82.74754167
-53.85243784 -816.32517027 52.29947297
-43.97220000 -780.15220000 76.46435000
-49.60300000 -749.54921429 40.23536429
-58.79372736 -712.74447120 106.18095960
-44.75008136 -724.27811759 110.00766638
-6.12395027 -766.05924430 74.74403946
-38.04756863 -758.53450526 62.49054789
-36.36788490 -759.99342813 68.81061198
-28.16940000 -741.24796667 52.17781667
-18.78348365 -730.69076196 103.55874901
-22.44175000 -843.27530000 30.44490000
-32.21545800 -765.93139800 54.75086400
-34.57605500 -745.93659000 97.91629917
-23.77778825 -730.72988445 107.08422414
-27.50400968 -722.37624758 111.96378387
-37.44511158 -758.65576842 70.62623211
-1.13247955 -810.71685000 52.08951364
28.68140000 -843.08370000 22.37485000
-15.61141429 -768.73822857 79.01682143
-30.20668098 -730.48588892 111.04375627
-45.68465000 -744.42332000 18.08159000
-22.23960704 -689.52754225 106.95775423
-57.09720000 -747.02865000 96.99305000
-37.51400000 -726.27890769 116.25881923
-13.00366602 -763.02949452 79.13519316
-31.05220471 -765.92219643 74.55743279
-11.23915920 -751.95841315 84.21898530
-78.66641304 -782.41092174 48.93364783
13.14426238 -793.69678858 42.35499185
16.88519333 -843.64637333 31.18537000
-40.06744286 -807.62042143 67.30835714
-41.10330054 -724.36982790 113.18628134
-65.79187679 -763.82545163 52.68960947
23.80279576 -850.70034728 25.74898223
6.53845535 -823.70791901 44.71292220
9.29473239 -844.43374359 35.25379093
29.18297076 -780.82419942 31.25691023
-39.16511514 -754.50155394 50.64305204
-42.79727770 -813.36163446 58.31729595
-37.06104375 -757.52377500 85.45900625
-9.19935654 -745.37176800 85.81149136
-83.91892234 -778.76661793 50.21078109
25.11502319 -779.68094943 33.44702224
5.93388364 -793.66962418 50.50351888
19.60573333 -831.00576667 33.96001667
-2.61787910 -815.95428507 48.89672910
-53.75587348 -746.35631104 97.86710140
-2.79752866 -830.59198114 39.59215215
-15.05990230 -744.79026077 100.96606191
-41.65346935 -807.75645423 65.27723558
10.80210341 -790.02685912 46.16056727
-29.61991998 -763.57809500 83.32354287
-21.22015515 -701.12408067 109.19603273
-19.16890363 -739.17165083 103.12942261
-29.74536503 -724.57725890 111.69884489
32.18977419 -857.88930000 22.10112097
-20.82402956 -808.54642347 53.03094715
-4.53199706 -725.81615882 51.89042843
-10.39750000 -720.07760000 93.94585000
-42.21836940 -788.41156142 75.53407727
-32.02093547 -685.81265554 107.61392432
-46.17620000 -717.04209167 111.92572500
-36.34830991 -805.77743243 53.87314640
-20.89892934 -757.49337418 89.83611337
-15.77672606 -701.67757430 114.56646303
-47.27980952 -745.19754592 23.81353639
-55.70699730 -759.96295315 94.09021712
-7.97825678 -802.10409813 54.28202259
-31.60491000 -768.47924000 59.26495000
34.75768723 -816.64187021 49.52855426
-8.83315291 -823.71359625 44.60633220
-13.37595000 -723.48335000 96.96275000
-47.61964436 -743.58787368 23.35916053
-50.80687143 -742.48236429 107.64278227
-26.58861211 -789.40023632 79.18133947
-3.07920006 -746.06619357 80.22922794
-17.29859522 -756.41208217 87.47021728
-40.96742838 -752.64015546 49.79283865
-14.48132933 -733.77132923 54.57962538
-30.06132238 -727.80784585 111.35919146
-8.72006984 -719.93935979 92.64041455
-20.59978896 -766.50533156 79.19321516
-53.87485830 -757.38476978 94.97432732
-36.85836398 -766.54544194 71.92090215
32.30518889 -858.86459957 22.32630171
-86.92734679 -778.66248528 50.77992862
-8.34544971 -834.91817634 34.51849717
13.30262561 -836.20489482 36.68570274
-39.65297379 -794.26896692 75.64299275
-55.88513389 -755.87015649 46.44610649
-40.26190000 -750.06290000 51.26285000
0.01993918 -829.29760737 40.71029514
-79.99595386 -770.63196183 52.34932119
-62.30013439 -804.92430266 65.58635749
-4.02608000 -764.93546476 73.46234143
13.58883333 -849.01827778 30.96925000
-24.59955000 -765.09560000 78.91705000
-38.55270198 -798.72084448 73.42993782
22.43233216 -785.07246275 33.78981745
-72.18933846 -777.91282568 50.09888338
-25.93279056 -772.20872247 79.14505315
-32.19195944 -748.47936299 98.87965785
-47.30105656 -772.79162798 84.35257945
-57.19563945 -757.43761745 47.56856186
-44.05917073 -737.64055366 17.74962317
-81.21631585 -772.07710563 52.30294823
4.74163000 -834.48724000 43.10542000
-13.93550065 -718.80972423 99.59262740
-32.69053949 -808.53284393 52.97244863
12.19070657 -847.60033621 32.24357047
-29.87482340 -811.14366431 50.43891836
-22.95912370 -781.28172963 56.96844000
-48.17382941 -747.90930588 24.71603235
7.08744947 -829.99202128 42.67738528
-37.55298000 -778.69119000 79.13254000
-45.07543708 -748.38804766 38.46625248
-36.20790584 -752.42585211 95.07248541
-37.02820625 -797.99969375 74.63155312
-20.85459861 -742.60310313 103.89070831
-35.49143533 -755.78577178 77.64645636
-15.00269702 -823.28711501 47.57257112
-21.17646496 -805.35934385 55.71730117
-46.61372273 -784.40728182 78.92747273
15.20849000 -832.93149029 35.96441473
-41.97268182 -746.19216221 38.41370838
-78.05482927 -781.21688499 49.30943640
-19.58566078 -710.29008627 112.03708725
-31.18285000 -739.95234286 105.78708571
-55.51541818 -735.49045455 106.05308636
-29.10634139 -740.22000139 52.59944149
-40.97403944 -779.71712113 75.75547817
-27.33950219 -745.44742664 106.43892941
-63.88004887 -769.49155687 51.78220391
-37.61418717 -759.66280000 68.40940348
-30.19740000 -750.11980000 96.40728333
-24.51568730 -733.78036049 106.83939996
-3.25071046 -821.69142108 45.71717549
16.82222000 -834.36445500 34.14340000
-9.48997485 -816.46901404 52.31378275
-49.47603333 -717.47676667 109.07050000
-40.51411250 -745.96266250 100.08190000
-46.60135412 -740.58300824 22.70515588
-37.64177878 -766.77266366 75.30895068
-35.94765191 -706.88744991 112.83884411
-18.52008000 -714.29462000 111.96659000
-33.11907803 -785.53587743 81.13107973
-42.69126847 -812.06070949 59.78953169
-23.93926047 -793.66505641 77.40746956
8.17722497 -826.15573621 43.30621595
30.97746085 -856.29765237 21.49951297
-41.88161905 -760.26241429 53.21579762
-7.24747419 -720.55430323 91.08330484
-0.07830000 -816.19850000 50.13795000
12.66083114 -815.93831317 50.09195958
-3.90556637 -837.44140265 34.28063142
-22.55297727 -731.64428182 105.85944091
-30.97452259 -715.45998237 112.10546019
-29.70925059 -721.75478429 111.86471390
-25.09195892 -692.40378589 109.12690270
-57.12216633 -800.33943416 70.37108416
-26.19912827 -775.47920570 58.15833599
14.32714091 -784.45167092 43.56820318
-9.30759740 -839.49110208 30.71007007
-17.04807259 -755.00190340 87.47105635
-3.08739312 -825.42423482 43.18865445
-36.92427500 -759.50995000 74.31085833
-34.82936178 -754.41147197 86.38239140
17.55676412 -790.63896427 37.81244220
-35.03062376 -746.90597327 95.93763416
-44.80900950 -751.46141130 97.55673219
9.15698401 -781.70604372 52.75757968
-36.17175298 -701.32117996 110.95502778
-20.82261063 -706.97275252 111.10861091
-40.51731154 -726.63817115 112.24133654
-54.74870000 -755.74798905 46.36979876
-19.27365000 -774.43266667 79.93135000
1.39760000 -783.02000000 60.45255000
-32.12038948 -727.88027835 111.55927225
-54.26607055 -713.46004185 107.75269523
-35.25046603 -810.49627609 49.83766440
-14.95122264 -738.97265271 54.07053950
0.67609520 -813.93038714 49.68543159
1.48272381 -816.35290476 48.30021190
-27.50474203 -731.81671232 111.41067150
-47.87718941 -763.48473249 95.88232287
-92.02564545 -786.48891212 51.53108636
-26.42540000 -810.21818182 52.13622273
-35.73084318 -808.74909192 65.10512013
-26.73328608 -757.63085908 93.23547577
-18.25241105 -748.77267700 91.79597586
-35.44161253 -760.16709348 54.19864649
-44.85138058 -733.60658815 107.91199029
-36.18897414 -756.72455293 80.17218890
-47.70107372 -736.82837726 107.97306388
2.50544480 -784.24359161 58.93761254
-49.57851307 -763.65201078 95.88700915
-41.90856094 -758.01077144 96.77539019
-18.62025393 -721.01064073 113.43983455
-29.70540000 -686.99233333 109.02041667
-20.33100000 -739.55030833 54.71340000
-23.89113116 -760.12337131 92.80503904
-43.79403636 -781.23016364 76.59078273
-15.14706115 -736.76400211 100.71106123
25.76497500 -855.65101875 25.09614375
-44.65630000 -816.24800000 55.03355000
-44.78017076 -797.06292907 71.78575659
-11.95478368 -736.64352183 53.29511642
-83.57907528 -784.52361678 48.92246565
-17.77077063 -847.73736233 27.54886847
9.86976738 -801.31436241 45.04503369
-7.20188571 -738.05978571 96.01575000
-38.41409231 -755.58064615 58.83799615
-54.01723951 -807.61249926 61.48472580
-48.69374726 -772.39735137 85.30761644
-64.06047292 -766.84042812 52.06106875
-12.89818007 -744.57372824 100.19678821
-29.90287862 -750.52118616 99.28268543
-49.69863878 -742.29436939 14.80424796
-14.25328691 -793.33164791 57.05487555
1.73026279 -786.37021395 58.13481047
22.66900000 -792.18502500 33.48015000
21.87338686 -824.91394234 39.90830693
-58.94616328 -758.39805205 48.42740258
-10.62820136 -798.81833878 54.74843776
-21.45833362 -801.77639770 58.38142155
-9.56886468 -731.07927859 94.90478888
-39.60261864 -698.75793227 112.90295182
18.99516213 -792.91670892 36.61278275
2.16640408 -799.58965572 52.48887938
4.44512931 -834.99723103 42.76620172
-4.13942048 -726.69832651 89.60747289
-5.28240000 -729.17970000 90.89075000
-2.84050051 -829.12107662 40.58886051
-26.82692296 -805.39509335 56.09977483
-0.83580000 -785.81090000 61.04511000
-29.87786670 -706.72937760 111.29642363
6.28907349 -835.57733635 41.28648255
-36.65485588 -757.68937059 62.58953676
13.77439459 -779.95730000 51.04482568
-19.19303500 -707.15587375 111.93216750
-39.55487262 -745.04161582 41.37629501
11.51833007 -793.61064467 44.13760776
-80.86738178 -778.65684362 49.94559324
-22.46950000 -758.79350000 84.60205000
-15.16646758 -839.64142541 30.62909535
-2.08234817 -811.61673016 51.07508182
-48.91579776 -820.79134190 48.31101459
-23.53432748 -736.95575526 56.06721108
-43.71630283 -751.66747322 44.05431261
-27.24816834 -787.71581439 80.23198507
-53.64379545 -809.97741591 57.76708409
-42.06667517 -753.85248869 44.23469989
-58.02637215 -754.90631300 93.87868050
-14.45727143 -795.08482857 58.11296429
-42.08802451 -745.52945798 108.71753586
-35.47570391 -775.07243826 79.28845174
-47.21151692 -737.34946866 17.69418731
-17.06826357 -737.35174987 54.83012984
-1.81827780 -721.84843899 87.77865307
-47.00440556 -771.07364444 84.67033889
13.90939034 -832.62559738 37.25513913
-39.01273853 -757.56817701 96.21161353
9.23744290 -829.55828031 41.59470528
-53.51561390 -806.18970550 62.87115996
25.25072494 -853.50919618 24.78042048
-28.15572414 -739.44284483 51.90845690
-6.78155904 -748.09609020 82.54939023
5.73497517 -802.74395017 49.89063744
20.85750630 -838.57690591 28.90052117
14.30553043 -793.67520454 40.99586846
-2.95111086 -724.82814460 51.17285793
-44.20139308 -745.48436791 29.63157703
-3.42973571 -765.04896786 72.83138214
17.48774219 -838.65829392 32.06438431
-33.90496946 -754.16262515 86.16621886
-15.10040144 -790.58172234 57.03203037
-56.05826591 -747.30348864 97.06818182
-49.26100000 -749.37150000 40.04085000
-11.22148176 -746.02436664 87.36521797
-58.75664167 -783.01132917 80.08654583
-37.45193000 -759.31186000 70.45084000
-3.63007530 -835.51401476 35.72157077
-18.82877875 -725.40784250 103.44584875
-52.62363793 -752.99587241 42.67160172
11.03498866 -780.47006765 52.36734496
27.30471335 -856.49110933 23.61382438
-40.08404074 -775.01562037 79.23423611
-28.10743373 -760.38219880 83.18692470
-38.91318447 -742.39702039 108.54219438
-49.68511667 -742.57983333 20.78116667
-39.08521939 -700.40843689 112.70481657
-56.83930004 -712.82739548 106.89602596
28.37613525 -844.80416475 21.85170899
-45.74854935 -740.45856238 20.28650700
-38.86044146 -808.58183286 65.37928490
-32.88591176 -771.48346471 77.53460882
22.77680000 -789.34707500 34.02562500
-31.77868555 -768.74099133 56.22504480
4.50986102 -819.37167458 46.56260763
-44.95268894 -790.56851514 77.13948514
-58.91098186 -801.00083721 69.33076209
-41.33575330 -754.55514447 50.43982665
-12.70429685 -738.56723202 53.30485499
-29.95769906 -767.08852077 77.51935106
-55.82161935 -786.86406452 79.09857097
-29.29036728 -754.51722640 93.46329925
-12.92618617 -743.16815178 99.89581364
43.93301026 -825.60942308 42.66125769
-6.99125370 -751.85041481 82.12027778
-43.04324243 -718.87423463 113.43087798
19.62680000 -825.22670000 40.61175000
20.50281053 -777.05326316 39.81282895
-41.00419074 -781.85475204 76.21041676
-40.67710000 -762.20823333 67.66261667
-40.13633165 -745.89491899 39.50105886
-20.73796502 -799.66592307 59.04420191
10.27366045 -833.60956343 39.82061418
-36.26170282 -764.43096160 71.99592069
-42.10538571 -775.93984762 74.41591190
-60.96915833 -749.92488889 93.91048611
-36.07335758 -763.26114912 68.41530423
-6.56944190 -727.37563379 52.52576951
-0.30505788 -800.50971672 55.10416447
-42.08310146 -799.60678320 71.56294864
-45.70265000 -740.96605000 25.09270000
28.21948284 -847.93080938 21.78113215
-10.08176272 -736.63447851 97.11191272
-74.83237883 -769.53323340 52.44968793
-77.83911294 -769.73603479 52.56014730
-5.82387679 -826.84411746 42.04293547
-9.09607758 -836.14807543 33.10340972
-64.21862174 -713.16577283 102.89869130
8.28094165 -835.04652755 40.31412722
-39.18519326 -796.83678159 74.59516245
-51.65713548 -752.90902043 43.16179194
-19.47473043 -746.56360000 102.95528043
-47.82232179 -751.41985446 97.29721077
-26.88971375 -685.71340104 107.21538898
-15.46905396 -788.58990030 56.85556799
26.97997905 -779.57169088 32.14700673
-48.85297751 -716.33544948 109.63324654
-34.97366905 -732.46316726 112.32612440
-36.69423113 -761.56917704 65.13203585
-42.87205662 -748.14505801 35.69547115
-12.59153843 -745.49340234 89.12105386
24.72899314 -847.36722576 23.97648247
-28.21480000 -781.12505000 81.91995000
-39.59820000 -748.50660000 42.68105000
-36.51362500 -772.88602500 71.84875000
-2.99457628 -814.69536531 50.27874038
7.69007500 -828.29907500 43.04230000
-86.79535423 -781.52012857 49.80875142
-34.43401250 -744.42435000 100.26665000
8.08159562 -783.71700310 52.29425876
24.03280283 -815.29377739 50.28014314
-23.81319055 -742.53898199 105.35537531
-43.50824444 -749.99884667 43.21630111
-5.67098413 -832.20210020 38.02547512
-30.04730556 -801.35007222 58.59237778
-33.47255000 -747.08360000 96.93450000
-44.06799904 -746.88625550 37.69930981
-17.60060687 -763.80902816 80.04402955
16.92559167 -828.65438056 37.25970972
-5.82506466 -820.12062931 46.92090747
14.55155707 -799.67944921 40.90411601
-21.95684302 -746.43981512 97.38218488
-23.23203446 -746.43598023 98.14781893
35.76258396 -824.89074519 39.81820241
-25.91637754 -749.38376232 95.39513551
-20.80954936 -712.62139666 111.90168947
-2.52090000 -806.79090000 51.93475000
26.50784723 -784.57700416 31.41026198
-35.12357273 -755.97974545 62.35212273
-40.85099177 -770.77715443 81.56348228
-46.46820000 -743.73870000 31.22495000
-8.01576929 -815.96437559 51.74961535
-36.81965046 -759.50767431 70.96421789
-7.87640821 -802.07592164 55.65468657
-50.88173312 -782.78877277 81.60944259
38.49940106 -818.97208201 45.80950344
-41.62860786 -756.73467919 97.05862006
-41.72766976 -773.03855766 80.54848729
7.03799532 -787.71324673 51.26493098
-25.65992000 -690.45323652 108.91307348
-9.20880763 -766.67213125 76.57301330
-47.75865477 -742.19482410 14.72328365
-7.07371572 -725.04446683 91.25552912
28.43029492 -858.37708644 23.37992966
-32.56694387 -733.84255015 110.04101079
-17.39773016 -731.12270702 57.34199750
-37.03598056 -744.30457778 108.34752500
-59.46156667 -759.70130282 48.73061271
13.33692381 -822.06715238 42.92485476
-17.62222698 -833.46524876 36.32944432
-14.30617276 -818.82103333 51.55070897
-43.76365000 -747.20250000 108.88550000
0.14306380 -793.50844386 56.40816374
-43.64598889 -761.80360370 84.12744259
-15.90468897 -819.47087795 52.47633327
-23.51441589 -736.45372150 105.52845081
-42.93094305 -746.51283229 35.54606526
-54.63457483 -779.99177285 83.14187119
-32.62819729 -740.60160889 105.20713283
22.91997818 -783.65420182 34.15901727
19.90410408 -847.27984082 28.26550510
6.37088253 -832.82769092 42.20102391
-9.04104708 -721.74994366 92.46941402
-36.87338832 -773.57850374 78.14465140
-35.57516822 -760.48328822 55.56125804
13.26669775 -842.34278315 33.64281105
-23.74991024 -709.34227885 111.29805661
20.23070000 -816.18370000 49.11865000
-30.23096750 -751.20299105 95.21978303
-53.76184064 -782.51305717 81.39696932
-34.08105000 -735.32342500 110.72940000
29.95442528 -838.10651465 27.21613824
-20.92247932 -733.85518016 104.29997134
-23.72927630 -738.57678057 55.38806137
23.98373106 -838.81134698 26.94535888
-8.71669398 -831.98096846 37.74728844
1.12635238 -815.41462755 48.74774864
-20.67374369 -730.55766231 104.81389759
11.63299834 -779.90790801 52.45608094
-75.76112840 -780.55708320 49.54358680
-36.41348672 -803.56711749 69.23402692
0.11541381 -834.66168333 37.92675722
-14.06626328 -745.77300641 90.31824012
-47.07847500 -744.26132500 15.35790000
-45.37050612 -728.30918253 108.47285678
29.33132270 -779.70059189 31.31549000
30.47779000 -779.85532000 30.80454636
-41.93405829 -733.69055687 108.56587797
30.19585979 -823.14666076 40.61543500
-45.03575985 -748.52544361 35.30923421
-77.52188333 -771.09781667 51.95688333
-33.00696079 -765.58810881 79.61011740
-19.75174048 -827.68189365 44.67070635
-24.95673333 -750.21493333 94.15888333
-5.78986486 -828.90966409 40.58867521
-21.07640020 -699.68036837 108.81315982
-35.42643448 -763.58120000 54.57700172
-14.00903285 -733.84937162 99.54236606
-9.86138348 -756.66851451 82.87492835
-30.59388188 -764.56004130 80.84395145
-59.68220120 -801.94385864 68.27902174
-19.76044410 -849.64582314 27.77186485
-28.62234138 -762.38606207 85.25501207
-18.40669588 -849.60724076 27.53068023
-31.91390736 -730.66230764 110.65904075
-51.62819218 -733.51207872 105.84954452
-37.74355882 -766.56379925 77.05636126
-35.11972778 -752.85777778 81.74425556
-9.06306076 -751.45456489 82.80390609
-36.34474000 -810.09219600 63.97347800
-11.88022511 -833.19194991 35.85573145
-23.95507082 -767.04485882 78.45456656
-63.01881371 -763.63828706 51.61558834
-50.78768270 -807.56741414 61.45851414
-26.72899474 -767.05298349 77.83183075
-24.03640000 -747.75173333 100.03155000
-0.01536000 -822.20730000 46.05435000
-3.94127787 -765.76208743 73.30666858
-4.10267100 -838.16331900 33.61606200
-8.81881671 -817.72659610 50.31624175
-12.65997691 -751.53335269 85.49310794
-27.61437385 -780.67307936 82.34146376
-35.75083343 -764.96189632 73.86004377
8.31518405 -721.65239845 47.63025009
5.50901293 -819.74125872 46.23310685
-23.28529590 -838.49798980 36.06550331
-9.02761640 -739.83950358 97.86157018
-26.84949817 -700.45786266 110.39303268
22.25983778 -787.45638617 33.74991617
-31.80356099 -740.94740709 49.84388404
-42.60042000 -738.52702000 13.78657000
-7.55087143 -728.89065714 51.76330714
-56.87813679 -721.78144464 104.67806594
16.62195000 -834.10285000 33.96150000
-37.71061867 -810.60404133 63.83536067
-55.55599676 -811.80037854 56.86746012
-64.55440330 -787.62396484 78.45440495
-38.89712331 -809.19494417 48.49867086
-31.52877500 -682.74364500 105.07918000
-0.27641165 -730.07730216 48.22117374
-41.24185700 -700.39093876 114.09420195
12.01261722 -818.92906333 45.78407611
-19.76839679 -826.44590705 49.21452885
-62.15319099 -749.87922793 93.57265045
1.85705524 -792.51161175 55.21314270
-39.50819793 -754.48669855 48.00988388
-35.46974237 -807.94611483 52.64388517
-29.88480405 -760.36157540 83.19101100
-42.91600952 -759.56087143 50.58582619
-41.31748472 -785.64423611 75.81672083
-77.94439008 -775.65528063 50.60397755
-13.67455000 -702.72990806 115.17989516
-55.85502420 -780.74920414 82.91274490
-74.67061526 -767.12254260 53.18494721
-69.16161488 -775.15396357 50.70027954
22.02642667 -825.50306292 39.73437833
-87.04573241 -784.77805498 49.34102803
-32.63251447 -760.32884282 83.49242869
-39.87406492 -752.19272050 47.52878121
-23.91325575 -712.99376611 111.66472942
-37.51278824 -735.33860000 109.18579706
-28.87355022 -756.96016039 93.76807078
-47.95518527 -739.89124008 107.86661844
15.94007044 -796.59827449 39.42389443
-80.57395645 -773.30030976 51.73605626
13.17730374 -827.78295187 39.74665654
-36.72703041 -757.94406877 65.65687027
-20.97868889 -798.21284444 76.21438333
-50.83840847 -724.35625569 106.91252904
-12.81429379 -729.90176807 55.29711208
-8.69764324 -838.30296010 31.70198071
6.96954902 -816.58199020 49.08920294
36.22531368 -825.85058755 39.35782341
-2.97700367 -820.51573470 46.61901522
-74.94358984 -772.77939710 51.32586858
-9.21660878 -833.34802215 35.97868664
-24.40270681 -775.98913068 56.98659813
-49.67796452 -750.92344677 39.55325323
-50.89313067 -817.59727575 50.73602691
-19.07106827 -736.64907372 103.18139006
-0.69143898 -796.00225777 55.70075225
-23.59495140 -761.19869969 82.87032944
-46.36850000 -780.11150000 84.19725000
-19.73628247 -731.83037922 58.31692597
-39.93497143 -762.66793776 84.14242449
-38.51970286 -772.12308683 73.49563333
-36.73312333 -744.44246167 44.83249500
-8.98434048 -800.31720711 54.66002926
-20.86018077 -736.44429357 55.94035955
6.84094978 -799.64806173 47.97314138
19.84373529 -831.33941765 34.15267353
-39.18686936 -785.42089918 78.15002298
-51.04123500 -818.95730500 48.59016000
-5.64778691 -799.05318435 55.54909272
-44.72165700 -782.34684324 81.34267393
5.95390920 -724.53047745 47.57596246
-31.62020128 -751.22571667 95.50089615
-23.46038346 -697.47021041 108.70977585
-13.20677407 -701.70735556 115.45340556
-34.04968462 -756.56055577 81.63998654
-41.45707199 -805.34087412 67.56984157
-19.21860056 -742.58495531 103.07772095
-20.64245085 -752.37726075 90.38803123
-3.29022808 -798.79202358 55.46559547
6.53151300 -721.87585895 48.56558545
-23.97353120 -751.81121838 92.33236622
-37.02548639 -761.18727515 61.90417012
-11.72373866 -730.76760726 54.23254029
-4.21839706 -803.92597059 53.39961176
10.39451630 -845.75794667 33.85278333
20.32380050 -778.82484021 38.39986530
-1.18202000 -787.02052000 61.05103000
-51.13762105 -753.62844737 42.41974474
-8.71165803 -799.43697292 55.45521493
-53.91381848 -801.76488637 67.62088751
-42.70718918 -775.78008993 82.15933209
-38.66000549 -803.50257340 69.09212872
-10.19507742 -721.21279677 94.22821129
41.71811370 -821.30885585 44.97166882
-20.70879088 -772.64863232 79.71380695
-43.03134000 -745.98228000 43.05909000
-38.83841740 -744.84456244 108.36857374
7.24546985 -844.50751881 36.67652397
-23.78893628 -797.27930019 60.24152688
20.84254030 -832.74857832 32.38935509
-33.23205000 -793.32187500 79.03860000
42.32080804 -822.88777241 43.80629880
-33.53592279 -748.58949609 95.44361447
19.85038246 -830.64339649 34.46581140
39.35686481 -825.55070529 40.44588624
11.22399406 -799.51969666 43.71983279
-0.00012329 -801.89803190 55.14422620
-45.05604191 -742.71206059 23.48311919
-53.00559313 -742.14169618 108.11580420
-34.24705000 -754.35233000 96.44281000
14.89739670 -844.22415607 31.65753410
-41.53684979 -778.35108577 79.56766674
10.05627527 -796.74826509 45.42457301
2.24529729 -827.45747315 42.32223350
-32.66329011 -769.80873061 77.14171096
-0.86817500 -720.07420000 88.07817500
-10.28095373 -726.35398060 55.09777090
-52.50160000 -726.92764000 106.28353000
-19.08010323 -782.61800000 56.91015968
7.42754188 -785.61356405 51.64101876
-25.05159735 -739.28724794 106.09622206
43.69505000 -822.02750000 44.83890000
30.31023244 -819.89848207 44.01639083
-29.88274244 -694.73029848 110.83491853
21.76970084 -779.53703496 36.25123449
-24.99710000 -721.99956667 111.99233333
-34.16872523 -731.64421622 113.29484820
-26.52738021 -775.49402280 57.04257627
-37.88063582 -758.65213686 65.51685155
-23.95239971 -688.96008435 107.54326829
-8.64673983 -748.75832088 83.67403530
-13.28036774 -718.41436774 99.42059839
2.10119633 -814.36110889 49.35399288
-53.40228044 -747.78855710 97.36780205
-43.13840000 -748.23576667 23.59358333
-44.96799788 -748.65504298 98.88505327
-13.08276667 -753.49535333 85.15008238
-11.65476470 -748.43104200 86.48652024
-20.59846802 -844.33634933 29.61173380
-44.63507164 -780.51847463 75.70998433
-20.26734855 -847.62659027 28.38626063
-57.04941033 -800.72479773 69.51937443
-6.02296429 -833.72158205 36.57199112
37.66630000 -825.16030000 39.93885000
-1.23645250 -745.70871750 79.14239000
24.82816435 -855.48895130 25.33420130
-42.15743507 -749.55201521 43.67319014
-21.84265683 -831.52867194 40.27754353
-40.97448175 -792.50267153 77.22291496
-34.52085833 -753.40900417 88.64178333
-39.52004767 -734.50648567 108.77438833
12.26260802 -832.74254774 38.81265986
-25.29634706 -774.02361765 56.98202059
-72.03760329 -769.19134859 52.31984527
-35.86925791 -709.58142706 113.12080208
-39.61603333 -752.89859369 49.71465631
-34.18657143 -742.96571429 99.43217857
-14.92577921 -742.75692928 100.72991366
-34.34608750 -741.51003750 108.47426250
-56.03164190 -797.80855028 74.74135950
-11.63504240 -763.50863096 78.48652259
-27.78450000 -807.16690000 55.31745000
43.56057500 -825.39515000 43.05885000
-27.11589975 -730.47602571 112.93346028
-38.95078090 -730.50985424 111.39585628
-92.03465195 -784.66338929 51.57222890
-32.91715290 -744.95190887 100.53658891
-15.14837616 -756.52644167 85.90059360
-10.65414639 -749.47877216 84.75728608
-38.25714500 -762.70139300 62.99817900
-27.15105933 -772.81893987 57.11964942
2.85499441 -815.49138843 48.49127412
-7.81127988 -766.55090635 75.75298071
-47.59793690 -742.72272380 17.42286470
-47.90448011 -801.86632428 67.83433351
-11.97263155 -841.74851664 29.53854312
28.91228257 -854.01380642 22.25872798
-16.84482070 -790.07960578 57.02485274
-35.70409778 -755.23109377 80.57357875
-36.04519588 -754.46222629 95.94089832
20.92052316 -817.40380813 47.15018081
-60.30590243 -710.76956068 105.21248981
-52.82954107 -753.64961786 42.60628393
-50.95241223 -806.12198197 62.98280359
21.36348935 -836.02311590 29.89632598
-36.66216446 -769.67933636 72.35653926
17.69556587 -787.65993142 38.10205644
-46.62334688 -743.15260937 29.34795313
-12.27498341 -793.92855991 56.54994451
-17.64895373 -787.59891176 57.34293039
7.19789187 -782.78927081 53.88057919
-42.13057692 -753.98681099 42.23405879
-21.99620359 -834.65704263 37.26610020
19.94101705 -777.44843088 40.32971866
-17.81503271 -823.31816305 49.31805217
25.23890552 -855.66512828 24.74340517
-51.37559965 -715.82124110 108.30543962
29.22812037 -783.80882778 30.32982143
-17.31772558 -839.85100639 30.72352826
-36.91511500 -754.64630250 53.67032500
-55.71573256 -755.41390988 45.46779767
-58.07812545 -758.58420727 49.15558818
-80.59800000 -771.07268333 51.80283333
-28.98734679 -772.26580467 56.95009877
-41.19892500 -807.52190938 67.51573125
-11.18307391 -797.84334348 54.89371957
-38.46352632 -766.37523158 66.64921632
-19.69134565 -801.02996304 57.92478478
-28.55010000 -779.60974769 82.08090692
5.06548154 -832.24888154 43.41222972
-19.70367778 -786.48917407 56.71920926
-63.17855812 -709.97427214 103.74277062
-47.75460266 -782.63643239 81.35254332
-30.55411108 -741.59734091 50.93354091
-38.94283548 -757.18861582 50.99891106
-1.33456667 -729.19270000 49.03935000
-38.65192481 -760.15538519 59.75808852
-37.64412632 -758.66943344 68.24014071
-14.93994444 -830.49378757 39.22385159
-15.16294323 -797.08137257 58.67022048
23.25124115 -847.74275544 25.79658262
-37.47910000 -750.89170000 93.92818333
-39.25439740 -755.19880495 53.19777019
-32.87701500 -741.85337289 103.90649453
-38.10580852 -766.52648957 68.54850565
-3.52570681 -817.64231005 48.26028838
-0.18304874 -811.92287591 50.70185538
3.60408649 -817.31349254 47.60806905
-14.10472270 -796.03731351 57.76978730
-5.40687071 -805.40896202 53.58660284
-11.70850123 -835.93104987 32.67633532
-4.67165577 -807.58497212 53.00209519
-17.63626005 -830.82374069 39.56212696
5.97814481 -817.67045059 47.36709033
-6.22453228 -802.97379191 54.18324115
-18.57373012 -784.51945008 57.20633613
-45.66986133 -762.95165952 95.99193253
-11.50575600 -796.60189608 55.95603522
-11.43273777 -799.18766658 56.19930408
-9.49381314 -797.06048668 55.78540406
1.80001852 -812.92418889 49.54231481
-60.25924956 -712.53872942 105.46785398
-6.39014076 -800.11553252 54.66707000
4.75702414 -816.00093103 48.30370172
-74.97591541 -778.69227443 49.90444077
-41.99544608 -774.74674735 81.03834427
-5.55181446 -798.04399880 55.29421867
-72.10788750 -767.48827500 51.97142500
-2.73197059 -798.93473483 54.72956827
-2.31600183 -796.84466962 56.66119962
-44.93933307 -721.89603410 110.59820171
-2.92413284 -797.83162910 54.81680075
-35.88235013 -721.77072496 112.97803206
-16.16984130 -711.45928696 112.18825217
-10.27182778 -795.00309444 55.97396667
-13.02854539 -791.75601908 56.57997105
-42.23951575 -787.03339100 77.43485450
-32.04712500 -780.34378125 80.18531406
-41.85501426 -784.64070244 77.49396814
-62.20956491 -761.29436340 50.83512897
-60.21733639 -760.17392476 49.93288362
-23.73385239 -748.37318642 95.47679877
-39.03978358 -780.75424925 77.70108582
-41.69321893 -752.23070267 96.46036690
-39.99794817 -781.63577927 75.81073110
-59.27470341 -758.79331024 49.37479970
31.20048028 -837.57314437 28.34235211
-41.79569150 -780.83588366 75.83781078
-16.28278571 -735.30342857 55.02015000
-40.88045897 -778.99687909 77.78134211
-14.38877954 -724.54408851 98.55338952
-39.36881707 -779.06692659 77.51402024
-41.62632000 -776.52900800 76.75624600
-55.10930208 -756.50716875 46.74387014
-30.26057209 -755.43936558 94.08650767
-53.88293980 -754.40676390 44.51538317
-7.93745000 -796.77677500 54.57205000
-4.90172000 -797.91406857 54.84860714
-20.95612847 -781.95278755 57.09529478
-48.97488028 -750.60080211 38.92088380
-36.84395484 -775.78572581 75.49759839
-24.99490000 -810.17540000 52.11795000
-47.13321656 -737.62360728 14.18096854
-26.62274158 -795.92297723 61.39727574
-38.57038384 -774.62950575 77.80192781
-7.09359929 -729.87599433 52.17994716
-39.21599020 -773.34505666 78.27013848
-36.19313173 -769.85358822 74.39855673
-34.09045902 -754.18102787 81.61586148
-26.72167462 -751.96294817 92.61146849
-23.65147062 -778.36131592 57.23210625
-29.63014985 -769.67263699 56.91195265
-27.45836774 -750.39027419 99.27425645
-37.88093942 -743.76339103 43.83757788
-36.01836960 -765.87442518 74.76050244
-41.09544286 -761.92800000 67.51535000
-32.55411201 -766.45101808 56.55204442
-14.22369365 -802.23643333 58.33090079
-37.65266422 -764.50240205 71.11802185
-78.43503977 -771.32819886 52.06788636
-37.88963876 -766.74826167 71.74501338
-36.42282344 -765.57465938 76.87360719
-28.04030849 -770.67592201 56.82011887
-35.47453294 -764.88118529 77.42286588
-33.36369153 -764.34484397 71.75149258
-25.77105870 -738.06495163 54.55457663
-33.84130077 -764.76016867 74.65722718
-36.55648551 -757.85644787 71.54491585
-36.61718500 -757.84916917 68.42517854
-43.37220000 -742.03450000 24.47975000
-33.99869371 -755.10986853 83.60185559
-35.76362224 -750.94882208 93.08254464
-33.35021311 -751.03323033 92.23095061
-14.15060901 -730.74502099 99.30513428
-33.55239218 -752.39672963 90.08614835
-34.92444678 -749.77456266 92.99148906
-45.46912093 -812.62330286 57.28338414
-47.77139808 -752.67284956 96.86692056
-33.32904220 -749.78592202 93.59287783
-34.71572471 -748.03418555 95.38643669
-22.26166667 -759.02086667 84.59778333
3.76751947 -799.58092347 51.07664981
-47.46970183 -797.41191612 72.17241630
-34.54557273 -742.89931818 101.58088636
-53.75334897 -797.26702845 74.76128365
-32.92346796 -743.15836890 102.08639370
-32.70875016 -739.14067022 106.73540685
-36.08883511 -737.28933027 108.35680463
-36.74229500 -762.69573200 66.35072400
-26.90083640 -739.16188068 54.00387559
-12.13350797 -768.92916136 77.41971802
-35.89525724 -739.76281817 108.55242943
-29.58341564 -739.56262744 106.99505060
-34.01882000 -769.04172000 72.61093000
-29.44720805 -737.12995145 107.61681421
-32.46614689 -734.84177261 108.77849149
-31.17968667 -734.71811000 108.85433500
-17.77589154 -805.14169277 55.64586311
-24.78827333 -739.53418500 54.46773333
-37.55970000 -762.53492500 73.61160000
-38.53843623 -757.98673002 59.21963828
-61.84520345 -803.75042261 66.64303621
14.05383043 -847.23638532 31.31892851
-38.40356855 -757.53597533 56.45305539
-40.66507968 -755.61378067 52.75036065
-37.19433636 -760.41477273 60.10229545
-41.73717294 -752.10109740 47.50427496
-42.30937137 -754.19590606 47.70654944
-14.76991284 -802.62105307 57.12147453
-0.78297113 -790.42150218 58.43134034
-38.57581837 -760.07264694 53.56940306
-43.71838235 -754.47318039 44.14942451
-41.87374411 -751.22650936 44.55568927
-50.91068242 -752.04402324 41.69902266
0.15466076 -825.60046097 43.34136983
10.16712857 -816.11084286 49.42736429
-49.00095769 -750.85016154 40.57411154
-20.34500210 -784.54222488 57.16071834
-56.71787590 -749.10125277 95.65441150
-51.81168810 -753.59801071 43.93111667
-41.75900647 -790.59343188 77.17600884
-20.01208927 -827.28883770 48.39326230
-23.99780086 -805.40860120 55.87310869
-22.63627067 -831.38323733 46.94280333
-37.46950000 -750.08920000 91.63285000
-34.75440099 -752.48443960 89.99069653
-43.19660000 -747.19600000 108.86275000
-64.62885000 -771.35620000 52.02546667
-27.00558761 -742.44303204 106.51791012
-11.28949886 -761.78989583 78.65777315
-33.95747742 -753.36092258 88.56651129
-35.43190449 -757.69911916 82.93247515
-8.07056162 -746.00316353 84.28119234
-32.91362596 -718.79520711 112.51528131
0.14718866 -832.64757859 38.67792515
-38.34860652 -769.87088619 71.80805985
-37.10694380 -766.15558264 69.33955413
-47.12786964 -721.58784913 109.41307962
-39.07012500 -770.62010000 78.41212500
-38.85078676 -771.83550654 72.43766028
-36.48890357 -796.39069333 77.20496473
-36.65976733 -772.50358911 74.26050347
-34.32340000 -771.83515000 74.57110000
-45.21325714 -780.07834286 75.71429286
-25.69926154 -777.66357009 56.75055684
-21.96139822 -779.23869733 57.06658422
26.96894132 -838.57345468 26.29348711
-3.79819275 -816.44736135 49.41319734
-45.15402500 -737.08962857 14.72020357
-29.42286113 -797.65455608 60.07821439
-44.78694375 -788.98717500 78.56480625
25.72491176 -854.14830294 25.06486765
-41.75768622 -784.47097708 79.52564071
-11.39128147 -727.44642732 95.91526631
-35.45392790 -777.89557970 78.74436354
-47.67651875 -739.43850583 14.61546944
-46.68161599 -739.47900705 19.95570854
-17.52360192 -745.54621045 92.53117026
-25.81693626 -738.56832637 55.22058297
9.92626656 -782.31793994 51.32443998
-59.30399939 -723.97039498 103.88830380
-47.55099677 -743.39218938 20.08229018
-47.50988821 -744.74238308 20.84970538
-45.48221296 -740.66206481 22.81321204
-85.93737045 -785.64135682 48.91298636
-17.43883735 -743.81454458 93.30794880
-44.89778658 -742.98424382 26.22317263
-68.93599647 -768.57939153 52.11459894
-46.72420000 -742.31122093 26.53627791
-30.87200238 -767.32720952 54.86697143
-44.96047253 -743.58894857 29.55771967
24.60403466 -844.72487191 24.25339375
-46.33277500 -747.94582500 27.20972500
-46.60494074 -748.74174815 29.61609259
-45.09640988 -747.82786166 30.03252233
-35.31659968 -743.26564324 46.82001963
17.33705000 -828.03790000 36.92195000
-44.91932683 -743.93280488 31.49003293
-44.01757452 -745.57409659 32.48254775
-48.18712047 -754.67546527 96.57122993
-44.52849900 -748.24744052 32.70466559
-44.35707889 -745.94880557 35.29618596
-47.00778273 -748.88596909 36.43848455
-42.44520306 -748.51449664 38.50974144
-44.34770638 -751.01132085 38.87364915
-17.59354600 -799.29566089 58.72192667
-42.39014354 -748.69841229 41.44080011
-38.47580684 -743.91464274 42.43133120
-38.30826020 -744.82322434 43.71845066
-40.01966582 -751.40049494 45.01276266
-33.50814407 -742.44701354 48.07524433
-11.59282897 -839.30483284 30.71307391
-45.91530000 -755.86560000 47.27455000
-32.47588889 -741.01297778 48.68219444
-30.24744923 -740.45080885 51.12751365
-44.19465714 -757.72074286 50.83253571
-24.64149806 -737.70965049 54.46340307
-25.69493387 -737.94917903 55.24308710
-5.86684486 -821.74245396 45.65487563
-38.72576136 -755.37600576 56.36681780
-36.83509643 -755.21180000 56.24133214
-37.04729756 -758.24183354 56.37403963
-51.93938113 -735.41847358 105.90028962
-36.75524615 -757.22643077 59.49186058
-35.08170571 -763.35070400 56.09775114
-41.79791667 -758.83591667 61.20376667
-34.50720000 -765.28488000 54.97279000
-63.78582969 -715.80388781 102.78697531
-32.87525697 -763.74944357 56.09097407
-32.14800000 -768.29560000 54.96715000
-37.89859547 -760.50026091 65.16106105
-37.90598478 -763.51232630 65.54340354
-30.70453780 -769.23489878 58.69947195
-50.77350967 -739.99031425 108.04174746
-38.50159011 -768.60479341 69.66736758
-5.90647678 -724.54717827 52.98997389
-26.39120348 -733.96613627 108.06935186
-33.31159444 -765.40268889 71.67889444
-40.48840000 -773.08558000 70.63537000
-35.92926538 -760.40370192 77.98709231
-33.70329615 -752.93675769 81.28323846
-18.00970181 -768.74076627 79.12943133
-12.67892029 -761.64779897 79.27169397
-35.44025000 -759.81950000 80.33507500
-29.12959091 -771.62200909 58.41256364
-10.93204669 -728.26377104 54.71193889
-41.79794000 -761.52986000 55.41477000
-49.93986038 -797.97863396 72.71595566
15.09672577 -847.97754495 30.18541784
-8.07799692 -738.75791346 96.58512769
-36.07716667 -744.27686667 46.44047778
-35.83597453 -805.07066143 67.99271588
-43.52490714 -749.15540714 47.28162857
-43.31274872 -746.73670171 33.49417821
-15.06435288 -800.66869448 57.84180793
-43.33110000 -735.55930000 15.93215000
-45.85206971 -744.67910571 21.23036086
-45.51771168 -742.51856023 20.50518505
-45.27096283 -744.87451394 23.72285130
-44.76708987 -745.31334921 26.47034636
-36.01223139 -809.41119279 50.88307651
-43.52695714 -747.42308571 23.97297857
-43.82618333 -750.32953333 31.80061667
-30.98190000 -743.58300000 48.94295000
3.95542029 -802.64490356 51.36384600
-46.97561250 -737.61980833 19.40645000
-2.01759247 -811.08883630 52.65333733
-3.77767188 -814.01854688 52.15244687
18.74600406 -833.11686463 33.33345000
-11.74316967 -821.27117597 48.20019697
-46.53566667 -750.64226667 29.46480000
-52.49115000 -819.09180000 48.43085000
-43.70583636 -750.39468788 36.64598030
-11.78613750 -843.97465470 28.27479794
-43.28010000 -750.46950000 36.61485000
-56.80029336 -782.88620664 80.35052583
-44.59850000 -744.09040000 36.39180000
-42.70877011 -750.83807123 38.79515922
-34.31860000 -742.57360000 45.91995000
-85.48483333 -774.08986667 51.99035000
-43.45241429 -746.67325714 42.64449286
-40.28583158 -753.86900526 45.65886579
-39.74726667 -756.46207963 48.50523704
-34.21366250 -800.99415000 73.69252500
-43.27692667 -749.22843000 46.92753667
-30.17510000 -768.38007143 54.94115000
-33.28309091 -763.55836923 54.43545839
-24.01948444 -778.17607778 58.17870111
-34.12961892 -761.72772162 54.61261486
-24.92058605 -776.51901628 58.07274767
-33.99970811 -761.68203874 55.48908784
-18.84167578 -714.81656536 112.38770156
-41.45920667 -751.65980000 52.37349000
-41.78220000 -750.09570000 52.19505000
-27.23557600 -773.67046000 58.38985400
-8.82574339 -730.63281617 52.86874909
-38.92105000 -753.13635000 57.77475000
-38.50328000 -762.45882000 60.40555000
20.10562561 -777.00125488 40.39280732
-36.52654444 -773.85006667 69.81979444
-37.08551429 -762.21571429 61.74622143
-32.27092500 -767.32980000 58.66065000
-21.88468000 -779.67768000 58.03683000
3.49953000 -816.30682000 49.13017000
-8.69366508 -727.70536347 53.60243543
-39.03831500 -806.64735950 51.12919800
-8.30132101 -724.86308454 54.27776972
-5.74273169 -722.55981510 53.18750626
-2.34086118 -721.91448049 51.48611314
-3.89187635 -722.29079842 52.22851914
-4.16317500 -723.73089054 52.15358176
-2.88159406 -727.72000131 50.33886736
-20.85317782 -738.62240414 55.29418797
0.00377958 -724.50522111 49.61969534
-19.29815714 -849.49154286 28.03671429
4.96387389 -720.73616051 49.09006274
-7.53165161 -722.18233656 90.91550699
4.05937154 -722.59240712 48.82920206
-35.81666504 -730.49011934 113.25782915
3.15548709 -724.84400701 48.21578942
7.94815370 -723.48799167 47.12697037
-44.78487142 -802.47308464 68.43230861
-47.73740878 -791.25405217 77.51751983
2.72673993 -727.57238229 47.47891429
4.93285303 -726.43427273 46.84879015
44.35422831 -823.93237274 44.22732599
0.43721464 -727.86159967 48.49598354
0.14680830 -721.71313748 50.32198122
-66.46639017 -768.83819711 52.21298179
2.80981278 -721.43777377 49.46187197
-37.70713146 -700.42790845 111.84346690
6.74759936 -719.95289873 48.54765382
5.20140943 -720.01749245 49.17306509
-19.68933226 -849.48743871 28.08414677
2.61888435 -787.75547816 56.49646663
-7.69817708 -722.98369896 54.25079479
-65.17529963 -709.73101097 102.63783940
-47.74891905 -760.66881753 96.27267875
-9.89722558 -725.02788917 55.31510115
-21.23146667 -735.94034167 54.94305000
23.74366408 -816.02906602 48.76690534
-11.22595007 -725.51810315 56.12235288
-21.22309043 -769.28973210 78.91491975
-12.02682074 -727.43321955 55.85267999
-23.55155746 -715.89011412 112.12978345
-13.77953597 -731.87050288 54.62008525
-17.99339138 -734.42209310 54.76664138
-14.29019935 -728.05328258 57.18641312
-15.03711829 -730.50196999 56.25181877
-26.56452481 -769.75805225 79.64083255
-16.69713906 -728.91663281 58.44833594
-26.93244116 -697.54582030 110.12088911
-16.44760000 -729.10440000 57.97915000
-80.81927396 -775.55140284 50.90814235
-17.99890447 -730.45608243 58.33385319
-20.27615117 -732.59448638 58.15545141
-22.45041667 -735.01453333 56.99375000
1.25963090 -725.39456677 48.81237981
12.38719734 -823.98179350 42.28880458
0.65601000 -720.08639500 50.34261500
1.88093846 -729.34322821 47.28441795
-1.84580735 -731.27709130 48.72736394
-2.94567395 -730.45953278 49.59197384
-2.84102201 -732.54537736 48.80220031
18.39053539 -817.30075269 47.35485004
-21.76927037 -762.32002593 82.17214259
-3.67642525 -732.74555581 49.40727924
-5.90759327 -730.76918096 51.26017152
-6.24106804 -733.58336739 50.87969618
-7.56735542 -731.82990120 51.92946566
-22.17611000 -732.65425000 106.35866000
-6.96390588 -735.47215204 51.09113597
-17.50746667 -720.50755694 115.30624861
-7.88167597 -733.87680233 51.80070245
-9.24491949 -733.56833122 52.53379055
-46.16505106 -818.14564043 51.65770957
-22.70006292 -755.87118876 90.90339831
-8.24179588 -736.04242132 51.73969985
-68.12935000 -767.99279000 51.98007000
-18.94909865 -840.37406757 31.15994865
-9.62590583 -736.29012432 52.37705760
-11.92743995 -733.65128806 53.69902040
15.89746214 -790.60913077 39.35340965
-15.75246702 -733.11949154 55.39874725
-44.98046683 -742.04633538 107.77659405
-14.74145100 -736.69325100 54.26051754
-18.13406428 -736.42094020 55.34585161
-18.94774925 -738.51920299 55.07311866
-16.31216667 -729.22157778 58.07221667
1.91043526 -723.48803526 49.11192564
7.77746667 -720.14023333 48.11465000
11.97128431 -820.76996178 44.39720480
-86.80353380 -776.50224477 51.67275727
-83.87345599 -781.67538525 49.43712744
-80.96501551 -781.72542761 49.22611273
-80.35901696 -782.95531786 48.93928929
-81.40045120 -783.57535430 48.88850808
21.61158548 -821.55589340 42.26611361
-81.93982676 -783.38503803 49.04249085
14.05877962 -826.06119652 40.49401080
-88.56989024 -776.96985366 51.81663780
-26.39906094 -728.13255300 112.49197220
-89.29459787 -778.61499306 51.41471041
-84.01261498 -783.90432310 49.06850256
-89.84921445 -781.77349504 50.48026067
-91.76854689 -782.04776295 51.18897590
26.04036757 -840.40251486 25.31952162
38.32459738 -825.86063537 39.70540502
-89.65012458 -784.50184466 50.17557008
-89.60435333 -786.25165333 49.99847667
-92.90107450 -785.54638456 52.22197081
-83.82465668 -775.85352507 51.32043808
-48.06808410 -796.07831034 74.25106728
-84.81922368 -774.51157566 52.16478947
-83.37626047 -773.83411047 51.85513721
-74.80033307 -775.62397842 50.51134352
-77.76648943 -772.70502126 51.50655098
-71.94526409 -775.70004787 50.46596835
-63.51594647 -766.62040669 51.74827567
-9.08251413 -820.77498058 47.55333825
-26.74059748 -799.80506775 58.68334842
-70.22375000 -777.32710000 50.14545000
-34.26549565 -699.91009565 108.90125870
-37.99127157 -810.48922843 64.27680686
-74.23645359 -770.93303268 51.93610621
-56.96089198 -801.68538476 67.84224845
-68.88340581 -772.64911477 51.17288715
-71.60162805 -770.53766870 51.80016808
-67.20345000 -774.33506818 50.97982727
-68.94472215 -769.99643835 51.76507857
-71.89504111 -766.44646375 53.44293591
-64.20177692 -771.33550000 51.84261923
-71.06876589 -764.73267793 53.64387408
-68.64274122 -764.13414187 53.51255717
-0.71292000 -821.93715000 45.81748000
-38.76219549 -716.21409508 116.87553115
-66.18487548 -766.41670524 52.32943188
-65.06674401 -767.19554790 51.87484012
-65.03886881 -764.28145321 51.41412156
-63.97881291 -763.36652035 52.17461630
-63.91198469 -761.93797959 52.16867857
-60.75320863 -731.17141786 106.34222827
-61.18257945 -762.56354247 50.85244589
-76.06631538 -771.24884615 52.03438077
-88.61626667 -776.68616667 52.04498333
-17.99335333 -712.88044432 112.10147211
-64.03736739 -769.09091413 52.05186522
-19.75468435 -848.62421905 27.92267789
-20.57327366 -842.32462935 30.55962666
-22.50187059 -842.75543824 30.71996765
-18.14783244 -844.50705208 28.49996062
19.06480391 -779.52532281 39.29490789
-39.84781337 -791.43349128 78.19370523
-22.57510693 -841.53775671 31.88452879
-21.21540796 -841.18105036 31.63325302
15.41739624 -821.94081278 42.81120038
-17.35907594 -845.59122543 27.84488089
-23.75842024 -840.59064702 35.91169226
-15.15334168 -847.14457949 27.35116333
-22.50020909 -839.72701212 33.73701061
4.31634118 -834.43800588 43.17405392
-20.60498749 -838.61379154 32.86474809
-17.73597909 -841.57653666 29.76736546
-14.72240465 -844.75494212 27.59493402
-23.03022978 -836.28791019 36.66191065
-23.26088128 -834.94156230 37.63242909
-21.06927031 -835.76257973 35.74436020
-18.05583222 -838.59927432 31.75613033
-29.87056693 -682.04100541 104.57767064
-15.41317670 -843.52175437 28.13854417
-14.93534978 -841.63402744 29.19109287
-13.01023103 -846.39621429 27.47099335
-20.07268561 -836.74528956 33.62439548
-20.80113932 -739.50370275 104.10435166
-12.63973975 -845.13594249 27.70390430
-23.01349570 -833.45570909 38.85673248
-14.62492500 -843.11749375 27.97648125
-59.88134712 -718.68371939 104.57301608
-17.90199465 -836.30600542 33.12547749
-13.01724000 -843.09252000 27.97823000
-13.65305745 -756.55264574 84.81434681
-20.11187559 -833.89900563 36.73192324
32.99870717 -819.99776274 44.02682753
-5.72405006 -724.73624736 90.23419284
-23.61764132 -806.83920632 54.73573118
-18.09663810 -834.84871702 34.89512714
-14.83640753 -838.25900560 31.58818131
-24.73591429 -774.05214286 78.95423571
-22.55997944 -831.76967664 40.23774252
-20.54498435 -829.94295351 41.07601987
-22.47530000 -831.13480000 40.67925000
-20.13101069 -810.50277296 52.17116887
-14.76539839 -836.13933882 32.95586118
-26.86093695 -694.78005566 109.92569224
-22.23339737 -831.31332105 46.88626842
-22.55568529 -830.82867647 47.58062941
-21.54160591 -829.55977593 48.04309836
-17.95737011 -832.01590342 38.13102281
-20.51027742 -828.70130323 44.43490806
-19.82210000 -831.02084000 39.88156556
-12.14529977 -838.10742459 31.36955518
-14.95102755 -834.73428125 34.52699796
28.38473816 -852.67136184 21.85735263
-14.79310630 -833.30882214 36.01214701
-23.98635385 -769.09638556 78.77852071
-17.81859437 -829.26018888 41.33264427
-14.77751117 -831.83989228 37.77443774
-6.72397016 -841.52013256 30.49098527
-19.46930000 -828.15365000 42.88490000
-12.11566426 -834.51488667 34.42750444
5.30878979 -799.48893744 49.65309938
-17.64406608 -826.70496760 44.39090415
-14.83103298 -828.97875946 40.88601836
-7.56239600 -840.44450200 31.14669800
-6.50937136 -840.63522215 31.39358557
-18.27893923 -825.81454394 47.17962980
-5.89005177 -838.56014577 32.89227985
-26.84426006 -712.93363781 111.63264742
-11.66565826 -831.69773898 37.51098814
-14.74947901 -827.55571292 42.32685937
-2.59730000 -747.30870000 78.99605000
-58.18777234 -752.34161489 93.93861383
-11.95601917 -830.20834759 38.96482629
-35.58181637 -802.57532327 72.11788898
-6.79572618 -836.72211922 33.66576411
8.84790291 -784.65410966 50.59698637
-12.19869835 -828.74743018 40.48277838
-11.81816102 -827.15531517 41.90928684
-4.93090182 -837.43511636 34.14267818
-17.61458655 -820.49369135 53.17839774
-17.78126800 -739.76611916 102.16507115
-31.15507949 -713.29909949 112.06979564
-17.12828415 -821.20166213 50.93253872
-12.11137243 -825.72263301 43.62392328
-8.69231282 -828.78060902 40.41557215
-14.73040476 -820.41681030 50.20012814
-14.31137079 -821.78675537 48.70113621
-11.41774557 -824.01242847 44.98937056
-8.56869199 -826.62300079 41.98092547
-5.66863925 -830.37680073 39.43796255
-11.95402569 -822.69437147 46.78544544
10.08625838 -824.65761916 42.75757994
-3.52807518 -833.97070146 36.84433467
-2.80468132 -832.55538752 38.15555761
-9.20651299 -825.36695056 43.21411271
-16.66161835 -818.83407890 53.50658303
-16.92528148 -719.78343111 102.26513889
-14.77752022 -818.06992367 52.95532260
-12.04825756 -819.90111149 49.55552473
-1.52103200 -834.35082400 37.63627000
-9.80310360 -822.34305766 46.22020045
-11.84457897 -818.31390178 50.85037167
-6.12451389 -823.76166170 44.21078643
-3.14246498 -827.01856658 41.96927772
-12.39132198 -816.95725067 52.98142873
-17.08177178 -701.58788293 114.14390052
-53.73066281 -814.77906210 53.40413604
-7.98719525 -821.93328475 45.75184763
-37.61304767 -715.24649302 113.92317791
-0.26885178 -830.66341376 39.62109536
6.21401087 -805.69047831 50.42052160
1.67749600 -834.29661600 38.31712200
1.85606508 -832.58057007 39.12634525
-2.77813701 -823.56144397 44.43580106
0.20262195 -827.03474525 42.25982717
-33.01468292 -776.09090811 79.98032336
-11.13058085 -815.86695709 54.04311241
-7.84085775 -818.98359718 48.82383310
-43.18670000 -813.13910000 57.90505000
1.91143158 -830.93660526 39.86074825
2.03581233 -828.95861164 41.26991473
-8.89758448 -815.48408623 53.13858628
10.42760000 -780.07416129 53.04792419
-5.68151359 -818.50020980 48.28288052
-6.17180341 -817.11251399 49.89044755
-0.15624296 -823.92826363 44.47278548
-5.46517117 -815.49244967 51.12589301
-36.93025091 -731.68521491 111.77500709
-5.64113709 -814.57557296 52.80767197
-0.88391471 -821.30137529 46.44563412
1.77870000 -824.80649412 44.11798235
-22.36810000 -831.61270000 45.88175000
18.30715640 -823.47256592 41.69402026
-24.00770000 -838.45434194 37.06263710
-22.37960000 -843.28080000 31.06885000
-1.87158469 -788.22342642 60.39044877
-4.26460000 -831.17080000 40.09995000
-13.36930000 -822.18130000 49.67765000
-39.22982982 -772.25047446 80.16713819
10.06217409 -847.81214314 33.32469080
-41.62938084 -742.35282450 108.44431328
10.45636026 -849.39403205 32.50128013
13.80018235 -849.65475882 31.14272647
13.12596883 -852.31367403 30.53135909
6.69503753 -843.83101282 37.37226469
21.13755581 -825.34617209 40.20321163
-32.39694774 -764.35121322 80.12107582
15.06506855 -852.54378691 29.79379782
9.44731176 -846.54676863 34.27289052
15.16838307 -850.61420998 29.68310670
-27.06966037 -811.07224788 51.00768634
6.77053210 -841.53487133 38.14069053
19.04803911 -836.82993575 30.67678017
7.52346341 -842.85506829 36.89003049
9.28518665 -842.10953642 36.24646034
12.08850723 -845.07111858 33.18242378
8.25295697 -841.06981169 37.49531779
6.72684064 -839.02912877 39.35091875
17.47033761 -850.35049352 28.54628919
11.26666000 -844.01555297 34.35975108
-55.54224286 -809.45879524 59.37550714
6.03544343 -837.97519084 40.43274562
-58.98735839 -750.52137737 94.14691204
12.87787154 -801.58390630 42.34352935
9.08478244 -838.48423240 38.28323404
-39.98386908 -770.80155121 81.67097995
13.12215000 -852.21242500 31.08145000
11.97730165 -841.45526010 35.04799485
18.97399688 -850.12200714 27.69909018
18.15531674 -847.51681971 28.83024810
-9.95990096 -768.41756058 76.54275625
15.95410295 -845.23508542 30.61942214
4.33741031 -832.57950336 43.72415384
7.38696078 -836.90512353 39.86009706
21.23274423 -850.59278084 26.92332549
24.02623042 -853.46516817 25.61813795
24.11268196 -784.71698995 32.77947787
12.23466184 -838.95130728 36.08594060
15.06874213 -841.79650873 32.68735879
11.22390260 -837.92805336 37.44379577
21.34655551 -847.71442337 27.11020310
4.43842772 -830.41595842 44.37153515
5.87585463 -829.54718372 43.70612889
-28.31100000 -735.24177778 109.07450556
-57.04402269 -760.53743166 93.68277397
-27.68670306 -733.04967766 110.00677008
9.17321583 -832.47114325 40.75315246
-21.23320365 -704.18089605 110.53958026
29.90286313 -857.16888966 22.56761251
12.16311599 -835.38492643 38.07140421
2.43211398 -802.86115204 52.73857098
23.17352736 -844.61456802 25.50986948
14.82477587 -838.16498563 34.57607440
17.32703721 -841.09135190 31.80202214
15.92950460 -838.91558302 33.53719353
-17.84567665 -806.59922994 54.66960086
-43.56345600 -745.79141200 108.95282067
-53.91468041 -808.91797026 59.59973175
-45.23056825 -787.13510361 79.57787959
18.70984010 -841.65477347 30.00309540
20.01268068 -844.22955625 28.40745284
20.55742133 -792.67560000 35.34242215
21.46307426 -844.63015866 27.01043352
0.03764609 -787.53467490 59.00080330
26.88193489 -850.75527219 22.95063053
30.27585975 -853.48343677 21.05128161
6.64443767 -826.56194648 43.96773573
14.90822451 -835.53732139 35.33770237
-56.29862174 -798.88681180 74.06897774
32.23920718 -856.61916493 21.24358380
20.28851378 -841.53396497 28.65213269
24.10759977 -835.69123064 29.08899928
32.79161379 -858.52464483 21.92060517
21.68301363 -841.85134944 27.11987128
26.89032613 -847.64474334 22.67788427
28.19750486 -850.48155278 21.74793380
10.92653680 -831.70459680 40.17857920
23.64386801 -790.28973513 33.07276469
-21.83954789 -692.13637113 107.64765376
18.91446076 -838.78634713 30.43027855
30.13265023 -850.63590860 20.88676534
7.52189167 -827.94193750 42.94693750
16.34122880 -835.95458640 33.67896342
-24.84152111 -697.86700427 109.19502211
-44.90480826 -774.87467892 82.53579735
9.39077195 -827.03042155 42.29102195
13.71896341 -834.70089268 37.15433293
-41.82689395 -727.78024993 110.79954177
11.20021141 -829.43610322 40.50973561
17.88848223 -835.70767918 32.36670450
27.03405238 -844.69612734 22.89468699
12.56431506 -829.90139794 39.22841474
-13.53873714 -755.42485371 84.90904314
22.07944413 -838.94154130 27.73111261
31.75071525 -851.40130000 20.45407034
8.94536485 -823.58675664 43.72623849
5.51940612 -796.61209732 49.85793771
6.50451086 -820.88410139 45.48137941
-47.54590361 -808.15178912 61.98327586
12.09355773 -826.53478262 41.04934546
17.67658200 -832.12926271 34.69040461
16.01283830 -830.34453910 36.60421090
26.74546861 -841.96548650 23.55956254
28.21566701 -782.19316840 30.81814931
29.12032755 -845.08381522 21.46430337
14.92131804 -827.30714197 39.10705366
-19.06308153 -748.12851911 102.75435892
17.86460227 -830.24546676 35.67425755
7.08973333 -819.12912222 45.97560556
11.54104290 -822.83133867 43.32816918
28.45494211 -843.03478421 21.90562895
24.83609091 -836.90162222 27.82067727
-58.81395530 -760.66348052 93.37578553
9.48724679 -819.02593013 45.87092179
-61.47342857 -720.70117143 103.45100714
28.63480000 -843.16030000 21.75165000
26.87202414 -839.84573448 24.82820172
14.84603621 -823.45329272 42.01234109
-38.00784056 -805.68818611 52.78711389
22.28562090 -833.69467463 30.82183358
16.83773200 -827.96252000 37.50954600
20.29073559 -830.98102542 33.67939746
-21.94587017 -747.83534751 95.09850138
23.83879416 -833.60336444 30.38749324
26.90636103 -836.74698308 27.64114879
-14.39581250 -701.39152167 115.32879375
27.03271768 -835.37679894 28.76845288
-21.44770245 -796.54131086 76.63472601
26.43739043 -833.93147872 29.42132234
31.77464286 -837.03545714 28.61952143
29.47666250 -836.88634625 27.74984500
29.98355795 -836.02160500 28.77147090
31.68720000 -837.81060000 27.77418333
-54.91071750 -735.57052500 106.03483750
31.78299583 -837.44783958 28.51076875
28.81345357 -844.53967024 22.12136786
19.67468000 -849.32234000 28.03657000
16.69150000 -852.19155000 29.13555000
-55.51303636 -720.24981818 106.07729545
28.74944419 -847.48910000 22.07849419
28.75055217 -851.52294348 22.04567174
8.97843289 -817.78492938 47.30834174
9.19682798 -816.51170535 49.26936646
12.10158739 -817.69721405 47.38628417
15.15233726 -820.56321808 44.34965164
12.09186417 -816.37105294 49.44741203
15.50427860 -818.84324156 45.79658745
-41.66836071 -730.16897555 110.01687129
-29.84747606 -709.33511295 111.54466131
15.17383405 -817.49492986 47.30479479
18.54618125 -821.73809571 42.51699821
18.01377327 -820.31859975 44.25308509
20.99674368 -823.49860148 41.07967587
15.13562523 -815.69092539 50.16513359
-29.71960558 -683.57788985 106.41482513
18.10279893 -818.85694879 45.71960040
24.39927375 -824.68783717 39.78691888
21.13768365 -820.02973358 44.23120136
24.02265942 -823.25017385 40.71205949
-27.40588435 -769.09394561 78.49794001
-29.84403458 -697.39862398 110.98587404
18.14966933 -815.52021112 50.10635068
21.08201464 -818.85710635 45.59735855
27.20077976 -826.08605510 39.17761842
-20.83120000 -798.24220000 75.80755000
-44.81152067 -754.91369019 97.23087301
17.67424884 -816.29151628 49.22790814
-53.53100935 -800.80412833 69.23700807
27.14303466 -824.52968705 39.71768466
26.83793996 -823.21588760 40.47050763
21.16745549 -815.23740068 50.27044706
24.15855669 -818.76579093 45.46196519
33.39856634 -823.31952500 40.72080737
24.15224362 -817.35729894 47.33466991
-22.47285000 -794.93493750 62.61322500
30.14825836 -824.54139767 39.56187945
27.09368292 -819.83393464 43.94151183
33.08306358 -826.02213399 38.97999223
27.23278059 -818.68588030 45.33319444
-32.59374822 -810.71683029 50.24670964
30.10233126 -821.40263240 41.99027681
27.18137160 -817.23356040 47.54538047
32.87277234 -824.70630219 39.67047375
27.13718021 -815.69704417 50.06130798
30.23163241 -818.59115319 45.33455406
33.26388155 -821.43418457 42.11495294
27.84049429 -816.31836857 49.30191286
30.14797861 -817.25053852 47.34443944
-17.84739653 -797.52086687 60.14618027
-15.74437567 -721.58432603 100.70655269
30.28369817 -816.27337523 49.24055550
30.03275810 -815.91378750 49.35932940
32.78955138 -818.71379887 45.49807802
35.80675138 -821.65444846 42.45026923
39.14668333 -823.58188565 41.71819894
36.40618692 -820.22341967 44.13802845
33.02266736 -816.00222798 49.56895311
36.03770726 -818.78337919 45.57140935
38.36011551 -821.91352408 42.76529735
-40.32495000 -756.34065000 97.01805000
-21.42906360 -766.33770297 78.84835801
35.80525629 -817.90988759 46.74928593
42.07991647 -825.52666000 41.50852490
-31.92057261 -806.72255350 54.61162261
39.15361787 -820.77178565 44.46179534
-43.66998931 -720.59493359 112.21733244
41.74114022 -824.15074655 42.29758262
-35.41121202 -793.55634820 78.62758474
38.23025720 -818.61997083 46.21453561
44.57891287 -825.44676257 43.50059854
14.17785000 -822.26728750 43.06358125
24.66156316 -816.29038421 49.11533947
39.68143425 -819.48078356 46.13625137
36.83056724 -825.33631207 40.12606897
-50.77620789 -822.75090093 46.57473051
-3.54118037 -796.02923515 58.88801660
-22.30727778 -757.64273333 91.26563889
-44.16908299 -727.38951055 109.38472890
4.24318545 -805.52621736 51.67974127
4.45015833 -807.27160556 51.72143889
-18.96355418 -697.37839452 108.55409265
0.33387890 -799.46554356 54.03112537
6.78539306 -807.69883986 50.73888505
0.86181775 -802.47871583 54.20194456
-27.61856529 -800.45879256 57.83571529
0.22940077 -796.92587905 54.20511938
8.85374774 -808.23625930 49.74603867
-29.23435000 -747.35037500 100.02115000
-2.98333827 -793.58534980 59.30866128
-1.70358245 -794.39391372 57.60315720
10.02972552 -807.73695724 48.80598931
2.43587564 -796.29702331 52.81113914
-15.72565855 -709.21958946 112.93773876
8.31940468 -806.41985099 49.26521650
9.08432382 -805.47156851 48.53665920
7.43450208 -804.54720625 48.89855833
-48.60204151 -809.83715283 57.65674811
1.28932041 -794.39765000 54.60264027
3.93229701 -796.69989078 51.28489500
7.02463859 -802.55227047 48.81173020
-56.70140000 -789.17700000 79.00335000
8.30488985 -803.37763287 48.30967780
3.07775344 -793.61786967 53.44247124
0.66306931 -790.92584644 57.00290635
4.38328814 -794.69444605 51.69299837
-29.66051763 -712.89242436 111.67578745
6.96948893 -796.95818757 48.38611408
8.40679764 -799.52835380 46.59869789
-3.22460802 -721.61032560 88.51897031
2.13079528 -790.52325132 55.78585885
9.75124251 -799.65294065 45.23796189
-33.76927000 -764.63540750 77.58387250
3.58624970 -790.74581282 53.97303355
-45.18652833 -795.48942167 73.37029917
8.67231831 -796.58420368 46.97017882
4.88347595 -792.76138228 52.20632658
11.51028458 -801.55643000 43.50050958
5.24807036 -790.46482943 52.40809229
12.92478228 -799.70627298 42.18958932
6.70231193 -790.77468022 50.84934202
8.86795619 -793.65281705 47.23250034
11.37357625 -796.72536456 43.88466497
13.98161429 -801.30937937 41.51430397
4.15373811 -788.22735686 54.47464902
5.61855152 -787.49064022 52.98959092
10.25827582 -793.65346848 45.64722409
7.93552066 -790.23898926 49.53931226
-2.45334215 -790.88943251 59.74144482
-53.91811775 -811.62206271 56.65077167
9.43636534 -790.64060741 47.46054987
16.12456091 -799.22999278 39.67755581
14.38978284 -796.44863311 40.92139619
-56.71019231 -803.28479094 66.05092349
10.42315489 -791.47272962 45.80697745
-22.05231627 -728.50323541 106.24289593
17.88754902 -799.27873903 38.91187672
8.21737507 -787.55813689 49.92747572
-45.70132514 -806.98010514 63.80923400
-65.16576222 -756.73137764 91.48735952
11.70982597 -790.61544516 44.60171905
9.88277107 -787.74928689 47.98422781
17.98511048 -796.89439765 38.40755905
-22.82352044 -699.64084309 108.87045829
-14.85257081 -703.83179152 114.22749755
-32.15513234 -709.01322370 111.81182176
13.24982610 -790.93896296 42.44740741
15.85776809 -793.82815859 39.25733057
11.07193881 -787.40678846 46.73873313
12.43911617 -782.82697760 47.38951790
14.34335756 -790.51566803 41.12702337
20.17364109 -798.81851240 38.05311641
10.10199503 -785.21679030 48.35189922
20.08943771 -797.42098186 37.86985000
-31.71694211 -683.76083158 106.24720789
-25.08727500 -684.89250833 105.89098889
11.42510123 -784.70159700 47.24038296
13.51493000 -788.73811400 42.82046800
14.94574789 -787.65706236 41.64466370
-38.77121261 -724.24778971 115.84562457
12.93147361 -784.64725302 45.05957343
16.24098187 -788.33911556 39.55444668
12.00491497 -781.58643502 50.35011202
-13.44399091 -742.66573636 99.98758636
-47.85103191 -748.68831309 98.48219555
15.61135339 -784.65573433 41.88134307
20.87849879 -790.59385081 35.02123417
-7.25440000 -745.07380000 85.56166667
13.30808958 -782.65336023 45.48393417
-15.00813297 -718.65451766 100.72427922
-7.70543333 -732.20930000 93.92835000
19.13633253 -787.48155185 36.49535209
14.95247770 -781.64511935 43.83671227
16.84684790 -784.41314841 40.30845395
-55.53728750 -735.40975000 105.92275000
18.17260872 -784.75023460 38.39171685
-5.64382982 -719.90674327 90.21555468
20.63721594 -787.80631729 35.24017914
22.28635115 -790.76682564 33.73787928
15.99700804 -782.09576419 42.37254924
-21.10928110 -709.51160132 111.50147923
-50.08976111 -736.59621019 107.44246481
19.37639129 -785.44905602 36.74942427
17.22486437 -781.53525805 40.88162880
21.02770251 -784.55192793 35.42943859
18.74294851 -781.58030619 38.80627436
16.06645305 -779.86877653 43.39572556
24.26286713 -787.67743715 32.66670388
16.48242232 -779.78208393 42.83086429
18.13405634 -778.85338027 41.24340745
-34.70703310 -705.85367958 111.79650634
-11.65141534 -756.77646858 83.79366242
19.80762239 -783.74747463 37.34081119
-17.86019116 -703.94144843 112.90612478
20.02498083 -781.33653358 37.49897055
21.38358024 -781.80061557 35.95857350
25.75600000 -789.31971875 31.94307500
-14.26400462 -721.92542799 98.63937391
26.35866920 -787.54192393 31.53468830
-30.82330417 -764.93779375 76.51355104
23.20989480 -781.42449613 34.44560466
24.58359764 -781.78356945 33.11484037
27.38783357 -786.65828042 30.83395699
19.45737727 -777.07027273 40.86112727
27.84363150 -784.79280965 30.73214316
-41.63247373 -760.21256118 96.56635307
-10.44635000 -723.52022500 93.90490000
23.38694622 -779.62289486 34.80409703
26.91069384 -781.62265482 31.65842909
12.98215448 -779.93584216 51.58187948
-48.03565673 -784.43271590 79.93236413
13.78990699 -780.47891748 50.48915769
-17.79911287 -709.55225238 112.19411071
16.72648571 -786.60811261 40.11715336
6.53128764 -784.75026412 53.33098811
7.77337000 -792.33567500 49.09102500
-2.50132179 -788.16148901 61.24025055
-4.47431184 -794.14044079 60.56936579
-34.11113218 -707.67532184 112.18994655
-58.58564706 -711.13454118 106.09227353
-1.21180397 -792.53901032 58.10731270
3.28311789 -785.33128822 57.50866404
4.47814545 -785.90701818 54.42438636
2.87562068 -782.76056315 59.92619304
4.26645714 -807.31127143 52.07043571
-4.25318298 -792.75865745 61.18663723
-4.43958000 -793.26390000 61.19777000
-45.90791897 -809.98823448 60.77911552
-53.40240741 -721.43390367 106.49026942
7.63665000 -804.05970000 49.15990000
22.76263333 -788.94806667 34.02730000
-33.48796838 -727.33244511 112.50084368
-39.10751927 -800.12758298 72.28061834
-36.12745420 -727.87824367 113.97909965
-35.44799579 -724.52934771 112.93632193
-20.98835473 -715.51650742 112.11665467
-38.01982533 -721.39012294 113.43052802
-33.29085369 -724.67795168 112.28870411
-37.88986899 -719.50479620 114.43131772
-22.04947073 -725.24196098 111.97469146
-31.83234870 -725.02714377 111.89381696
-30.79782308 -768.31426058 75.92501154
-38.65871839 -718.52327330 115.94261020
-35.61709683 -718.56039667 113.20482730
-24.05490237 -729.78584276 113.94549026
-35.81253510 -715.54402256 113.14223669
-31.48035667 -722.59304667 111.96556667
-27.02051116 -724.73720481 111.89313963
-23.92567627 -727.81290592 113.24318940
-37.29500000 -715.80323333 116.54798333
-44.12795000 -762.84327429 83.88340000
-30.67007004 -721.06053464 112.07871142
-38.11920810 -712.68369292 113.72814600
-32.94301640 -715.57687568 112.55007445
-30.71979567 -718.86622840 112.15146330
-24.03694656 -725.21026328 111.96029766
-24.45099730 -726.28420270 111.96361757
-38.56975373 -709.70409649 113.66166289
-52.09015455 -749.92850303 96.94161667
-21.76697561 -728.02024967 114.14543825
-23.85004981 -724.47809396 112.05452076
-29.28631146 -718.84894115 111.88201306
-26.78384933 -721.35094100 112.10016499
-32.88425455 -713.05846155 112.48332940
-38.78198390 -706.92561690 113.74839225
-29.51827746 -715.43411603 111.77837668
-47.72867128 -798.84284889 70.60559921
-40.56288462 -705.67239744 114.15910641
-27.17527767 -683.21380651 105.39064442
-21.38649055 -724.31403028 112.15256259
-40.99171718 -703.54159042 114.25561592
-33.40130877 -709.70378083 112.41997911
-23.76040142 -718.68223400 112.17242596
-20.81937845 -721.29900185 112.48567827
-36.68556845 -704.12034507 112.41913141
-20.83445685 -718.81285729 112.64192387
-32.76519076 -706.65763810 111.66743243
-24.32054848 -714.76206930 111.89478997
-35.40101709 -703.34039663 111.57239200
-32.90670884 -703.70420628 111.19530211
-26.90684410 -709.42589094 111.25053314
-37.21372500 -701.08623750 112.05071250
-18.76478377 -719.08774434 114.01849829
-38.32875000 -699.08325000 111.98075000
-14.33158156 -727.59706351 98.95888303
-44.94149020 -770.99524804 83.69203922
-17.39915477 -718.55787809 116.34479992
-19.97163875 -725.65289250 104.54583500
-29.70725807 -703.56314356 110.85332618
-20.44565309 -714.64079630 111.98275617
-34.73669145 -699.88790921 108.83872829
-23.67976072 -801.74566675 58.20412181
-20.66295819 -713.28439435 112.04495565
-34.61912500 -699.09782500 108.92132500
-18.06330267 -716.73038289 115.89537406
-34.59367256 -697.24307617 109.78144206
-33.03595287 -697.60333747 110.36740379
-30.06710706 -700.72873212 110.93667880
-27.10576207 -703.97110835 110.63030210
-24.06268563 -706.95505855 110.68449262
-18.94094623 -713.06349396 111.95217925
-52.16877528 -725.70078989 105.89862528
-23.80173786 -703.85386635 110.07853266
-18.80609565 -709.17002319 111.96747536
-16.13130000 -711.87095000 111.98885000
-37.18591875 -810.07189375 48.83418750
-4.36500000 -745.49930000 82.03815000
-32.97092320 -691.77782617 109.76209420
-24.13910175 -700.58966382 109.44636600
-32.40560958 -689.39073210 109.41649970
-29.90001037 -691.63520629 110.36338954
-35.78349091 -807.39724545 67.15487727
-27.96348866 -763.88891015 84.06402701
-19.17266000 -704.90003000 111.98564000
-59.73601200 -784.53179466 79.38757508
-15.15373038 -706.93312889 113.53984689
-32.75360678 -688.06270256 108.72447821
-29.74554941 -689.05671378 109.53015028
-24.96390977 -694.84335017 109.13966805
-20.76853524 -697.54269143 108.38794799
-23.46004203 -694.56264193 108.63685000
-23.85987386 -811.01405076 51.26582562
-43.76498053 -773.48891829 81.74635059
-29.92268412 -687.43848514 108.83300203
-29.88380389 -685.85007651 107.92921181
-50.42703796 -813.33981111 55.21912500
-27.56986063 -689.51043102 109.26619100
-21.09015381 -694.81974408 108.08304459
-13.29532500 -705.51926250 114.29767500
-23.83667601 -691.87932849 108.42532159
-13.23242424 -704.15536515 114.69557121
-13.17203478 -702.78040000 115.20703696
-18.80432779 -695.08983032 108.59947884
-35.93658588 -735.54714274 110.30439016
-27.73610353 -683.79701176 106.29169353
-25.71673148 -684.55786481 105.87863519
-31.29913333 -711.07596667 112.03131667
-37.08123750 -725.38567000 116.26790625
-39.52407000 -723.12556000 115.41062000
-17.97349024 -762.26601951 87.74766463
-30.26710333 -681.40439000 102.77575333
-34.49023800 -692.75409600 109.62348400
-39.34971026 -725.14841656 114.21286567
-28.39380000 -729.09910000 112.00695000
-34.09479250 -695.16839000 108.91368000
-38.35808763 -808.36886672 50.24549305
-35.86603016 -810.60622024 48.69158929
-39.17240718 -788.46351290 79.16697082
-34.31364000 -810.91904000 48.92699000
-32.80667630 -809.80120231 51.55689239
-26.86857171 -754.70304250 92.89608277
-29.65647148 -809.99674963 51.83041407
-42.04880470 -793.84946416 74.44666812
-29.70507568 -808.65908035 53.32548610
-27.13146500 -810.10383833 51.94121333
-26.86418790 -808.61914824 53.46907694
-30.27528440 -806.88144645 54.80867234
-29.54502085 -805.80890173 55.70629331
-23.72282312 -808.38639996 53.43298028
-20.85914532 -810.82122753 51.69053401
-47.88152264 -727.86771953 107.57211628
-44.23857558 -745.53280038 109.17395096
-21.34310431 -810.05016207 51.94612069
-26.68665619 -802.75282460 57.35977101
-18.96065778 -810.74649556 51.88613000
-33.75379571 -810.38195857 64.22628571
-20.79410212 -806.69309925 54.53495608
-18.20536849 -808.83311050 53.22802404
-15.44858102 -807.94410244 54.24319836
-49.36830000 -717.00110000 108.98985000
-17.95245777 -802.72394219 57.03124840
-15.51346466 -806.82323589 54.77267959
-13.10800776 -804.88989885 56.23209799
-12.97093196 -802.76988619 57.25332922
-33.81081120 -808.88508357 65.07915708
-47.88271879 -793.56426338 76.52050955
-14.52061071 -807.36918571 55.20130714
-14.98515797 -799.33755867 58.39647676
-20.54924518 -795.95508096 62.00088223
-23.98207941 -799.91043399 58.86256714
-26.17549091 -801.89395152 58.08322576
-29.60740317 -802.63460524 57.22209317
-32.40997611 -805.15677389 55.64371167
-37.76465000 -810.80195000 49.37715000
-30.18515815 -800.44159046 57.77576046
-30.18659211 -799.24295584 58.78630233
-32.02635324 -800.12188853 58.74699657
-27.17028935 -797.06882597 60.24795565
-24.25839891 -796.11528804 61.57053370
-32.51198284 -800.90049403 57.85255896
-32.96045121 -802.34279236 56.96066825
-28.61746429 -807.42742500 55.35384286
-32.29775000 -810.34595000 52.04390000
-35.51464145 -802.52151652 56.51807841
-34.76840000 -800.97296667 57.74578333
-21.33075161 -795.06077419 62.54414032
-37.52063333 -807.29550000 52.15135000
-36.58902842 -803.96865684 54.87874474
-47.13074965 -794.40775208 75.39791076
-31.95374938 -801.40495432 58.48542778
-18.33090392 -807.65990588 55.65540686
-67.53110000 -756.19070000 90.93915000
-13.17611667 -801.56158889 58.20728333
-20.45303333 -807.57421111 55.27499444
-29.37478791 -766.02573453 80.01851835
-23.86654194 -807.64831935 55.48339839
-18.54226316 -801.54584737 58.41047632
-28.43275000 -796.85745000 61.10060000
-28.81930238 -744.78898905 107.01819905
-26.22824805 -747.53093506 105.81616818
-25.96670630 -745.84597708 105.78438123
-22.79608730 -747.38806190 104.05366270
-25.62287727 -743.28614870 105.91101558
-20.84725618 -748.05248406 103.39310737
-17.66954516 -751.65430823 89.10884429
-26.84347586 -739.70131076 106.60237571
-20.81151285 -745.47248704 103.60567409
-19.59222449 -748.19887143 102.92562857
-19.85738762 -761.89483429 80.84785286
-25.22903673 -741.53772245 106.05971327
-29.37126846 -735.95242076 109.73411181
-26.85128582 -736.46828122 107.23829447
-23.56229225 -739.56673610 105.48236405
-17.71087178 -744.93002863 102.23383609
-19.16072813 -745.87345625 103.06394062
-17.74720153 -742.64557254 102.17748943
-62.93878104 -751.68239652 93.04350646
-20.99631333 -736.83665810 104.39380373
-23.19608508 -734.34473203 105.53236209
-25.67406477 -731.69033523 108.12983977
-13.15699385 -743.43613408 100.13324944
-17.62552395 -736.76240583 102.23630677
-12.41559677 -744.52176452 99.88794516
-19.11579084 -733.80792252 103.19298473
-17.53876904 -733.54675968 102.10407231
-13.52463902 -738.81281220 99.93724024
-11.70976315 -739.23187466 99.21677274
-22.89335060 -728.59819881 106.80296607
-22.07103028 -729.77422936 106.16658578
-11.91599070 -736.51418828 98.21459589
-20.51049737 -728.13829171 104.94169237
-42.79676660 -797.41159770 72.58658551
-17.36001865 -731.01669645 102.03873591
-18.69000611 -727.84488424 103.50787058
-15.61994144 -730.84867527 100.61254098
-19.39890000 -740.73180000 102.97695000
-12.37648192 -733.61150466 98.13471868
-6.75516139 -739.72894343 96.35606287
-50.85312692 -812.87435769 54.63723077
-30.93590714 -776.79079524 81.02486190
-9.05773694 -737.27605155 96.62976289
-7.29127037 -740.15607778 97.12931296
-17.27519362 -727.77696296 102.06772436
-15.83207604 -727.77819470 100.62220346
-12.51830201 -730.88630330 97.84974236
-17.30949358 -724.69201669 101.96888756
-45.02905042 -772.65842174 83.05277188
-9.32145144 -732.69380288 95.41215863
-11.03678239 -730.63573383 96.25945502
-12.86937126 -727.65485467 97.57783364
-18.17593818 -721.69841545 103.25632364
-17.04194710 -721.68738647 101.97935387
-8.20532245 -730.53371468 93.21434173
-62.54253643 -715.51560048 103.85013939
-7.36830000 -732.66000000 94.06095000
-13.00885000 -725.00554460 97.29001259
-9.99887117 -727.67335255 94.45066168
-6.65249564 -730.22869505 92.15480307
-34.83991205 -801.53858072 73.29851145
-11.67920237 -724.58182511 95.82722289
-13.24077596 -722.26045481 97.58207788
-11.66057621 -721.63235421 95.35145510
-27.38299535 -761.90640814 86.04196279
-38.92970901 -805.03714595 67.78490564
-47.73138145 -787.73287876 79.85472445
-10.14462550 -725.25987248 94.36785067
-6.65750519 -727.91772930 91.41912577
-8.63604513 -724.55703124 92.49172355
-5.33273950 -727.29902786 90.38308445
-10.93143958 -720.05811458 94.78530417
-10.16937857 -720.04260714 94.15480714
-46.89084955 -774.39096486 83.68713829
-5.87413120 -721.62149455 90.04418396
-3.37430823 -724.42878152 88.71867872
-7.04790000 -719.88423125 91.26834062
-2.14444833 -723.57484750 87.78204500
-2.98143824 -719.89941838 88.51712500
-0.90783819 -721.30149536 87.40939051
-1.78198644 -719.91418136 87.90093305
-51.98359078 -713.84897376 108.71353936
-1.03106207 -720.07210000 87.66000690
-13.20868000 -737.00186000 100.37399000
-13.47222000 -745.53170000 99.85713000
-10.11300000 -732.32570000 97.03725000
-7.51065000 -723.30260000 90.96125000
-61.60160313 -732.34843750 106.61154062
-59.09783778 -733.03617280 105.79142733
-61.68266094 -731.58284844 106.76470469
-59.26425383 -730.71182201 105.67857899
-47.83793290 -742.20635640 107.46493122
-57.01235170 -787.51116804 78.75730551
-56.93059640 -730.63551213 105.27975966
-53.90596888 -733.65606497 105.62252836
-36.02500893 -742.13837697 108.50559037
-44.22670000 -747.18300000 109.01815000
-58.60593043 -729.08322609 105.55186304
-56.62973763 -728.69823794 105.23668202
-53.80140774 -730.34125240 105.28089508
-44.02270000 -743.89381200 109.06091400
-50.13091281 -733.58452852 106.22143342
-44.77360256 -739.68250965 107.94736947
-59.56814727 -721.66873461 103.92901915
-51.50056560 -730.46670402 105.74730026
-47.85949696 -733.60724608 106.93773161
-52.77070754 -723.78373017 106.17122011
-44.82742244 -736.72559984 107.93001508
-62.00157563 -718.23839777 103.44669473
-41.93944164 -739.76454155 108.23752500
-50.22210730 -730.25602467 106.31040183
-54.06743033 -724.58159263 105.36232314
-52.01874989 -728.18371155 105.86720076
-47.84184063 -730.38025636 107.17389861
-64.51706296 -714.68069630 102.68205370
-50.59027874 -727.76193737 106.49288837
-62.85978893 -712.53351740 104.03432850
-57.41969203 -718.93808308 105.57919694
-44.88267141 -730.46071704 108.15767927
-38.86741670 -736.73469294 108.63041972
-55.19517143 -761.11564286 93.95883571
-64.25239231 -710.16696923 102.94068462
-56.01734221 -718.24366124 106.41754152
-54.04430152 -718.81922570 107.05386011
-50.99274821 -721.90866483 107.42390748
-48.22313635 -724.55196506 108.10206814
-56.70028196 -715.52879790 106.74509953
-58.63722446 -714.96235324 106.13487302
-54.03351988 -715.38749767 107.60497771
-45.08650332 -752.68015365 96.75593870
-40.72193431 -732.62322843 109.29246471
-38.65879068 -733.30116605 110.01166614
-43.50056296 -729.35926667 109.10029815
-35.88586180 -733.72883481 111.13690119
-46.78197739 -723.69442375 109.24915307
-49.02595674 -719.38199752 108.83381525
-39.88509184 -728.75625142 111.82032518
-38.69184508 -727.59152866 112.95948942
-50.06364697 -715.07439255 109.42999523
-42.81817167 -771.67085708 82.34884083
-45.58560762 -718.92968411 111.21420116
-43.01386593 -722.60501941 111.72824414
-33.91347024 -732.96580488 112.35407732
-51.26206976 -713.35861596 109.64286976
-42.56936789 -721.62215306 112.55810882
-44.15100027 -718.30417042 112.99332653
-50.98096500 -823.54478000 45.93457000
-35.21144138 -729.24968276 115.07712586
-44.86520940 -716.39339789 113.59804287
-46.40670000 -716.29200000 112.51175000
-64.50582727 -709.64815195 103.09435390
-43.30074444 -746.25873333 109.01608333
-64.52163852 -712.05431967 103.08477705
-14.74543241 -769.32187606 78.23561415
-64.46730000 -716.48783333 103.51995000
-55.64936667 -735.13656667 106.01668333
-50.93343650 -811.74983283 56.83892846
-50.90399054 -814.77616705 53.39233330
-47.86780455 -815.16207555 53.94846617
-47.61295217 -816.68831267 52.46777517
-48.16898903 -818.02121211 50.95173027
-49.99087215 -816.28496203 52.13593354
-48.15794078 -819.60216732 49.58304550
-53.83534286 -812.94728571 54.85154286
-45.35785296 -816.82878149 53.38755312
-48.12939204 -812.25899869 56.91665091
-43.03732974 -813.88240967 57.35876078
-35.67056297 -811.04798684 63.51517502
-52.90301304 -815.97358696 51.78206522
-54.59945064 -813.32635128 55.21123013
-53.00905230 -817.56663304 50.81932456
-50.91627700 -819.37497133 49.18355900
-55.66214074 -810.61265309 58.25479938
-53.45277214 -810.39680786 58.19253500
-60.13232892 -804.74832489 65.26687131
-61.59121687 -803.19926386 67.22920060
-50.94176577 -810.42954486 58.36447901
-50.83343185 -809.02846904 59.75743925
-47.81024122 -810.78540856 58.72784844
-44.77417712 -811.42748757 59.48290294
-53.96102528 -803.14733412 66.14476605
-53.18123269 -804.58047821 64.66308027
-48.17382085 -806.38713296 63.08604145
-20.18054701 -746.64935299 93.64424487
-50.95501704 -803.29887113 65.73929746
-44.44204872 -810.40203846 61.33161026
-47.65452261 -805.04691405 64.90092288
-48.94675667 -795.42749333 76.48928000
-42.50107543 -810.52261714 61.41736486
-42.62375998 -808.85149513 62.95860475
-53.64795857 -799.65682284 71.43580534
-50.77830692 -801.80332531 67.69122707
-47.98051960 -803.37464004 66.25552254
-44.71512998 -805.88019520 65.24190071
-54.31564310 -798.67947554 73.45755702
-50.82058325 -800.58514589 69.01903848
-44.11853506 -807.37856104 64.16559935
-50.88551058 -799.21331548 71.39108355
-42.23804188 -806.32784181 66.05761467
-49.45960000 -807.13670000 60.99805000
-51.88521250 -798.26615625 73.07453125
-44.24627761 -804.43177313 67.59963507
-39.16997035 -806.53790369 66.65305481
-35.54264398 -810.52737651 64.20254458
-44.58007388 -799.45111035 70.81687242
-43.89361494 -801.36527701 70.31375575
-41.83618827 -801.51159693 70.30199581
-50.09182056 -795.59501682 76.95124065
-49.75745385 -795.10950769 76.94220385
-33.90557374 -806.70844242 66.58941313
-41.84088239 -748.60395384 98.85653097
-38.80147291 -801.87409489 70.74162771
-34.08908770 -805.59014064 67.51347139
-41.62965507 -796.49491847 73.60902926
-40.85192348 -798.32569043 73.11053000
-36.82980000 -800.75315741 72.67018148
-49.65775242 -790.71185484 78.60690242
-33.91130132 -802.98727558 72.64242987
-45.44409444 -792.36159778 76.48652111
-24.66499796 -791.18079231 78.31842457
-36.06979233 -799.69612522 73.81291342
-47.76572339 -789.62348592 80.24308294
-43.71611695 -790.82884068 74.82524322
-19.29278085 -773.00512766 79.71235426
-37.82471030 -796.12924188 76.43610378
-38.81633832 -793.99130091 76.82544410
-49.58550000 -794.24098571 74.89695000
-55.51610000 -813.27145000 55.37423333
-33.23405000 -810.11705000 63.96890000
-53.02350000 -807.14380000 60.76105000
-29.60696079 -752.29583484 92.84670952
-51.41770000 -804.12536000 63.96893000
-20.59172840 -760.31243718 89.33231962
-18.60835000 -762.19690000 88.02915000
-17.44953694 -761.03705103 87.79328918
-29.77125984 -757.49621782 94.27108970
-26.24087331 -759.77741901 93.35069497
-31.88603333 -752.40986667 87.08168333
-24.02358232 -757.63828725 92.16272886
-22.51135541 -757.58555180 90.88715991
-3.67130134 -747.88628549 80.02214765
-22.54180000 -759.33012759 90.70842931
-23.96430424 -754.64690675 91.79455481
-27.23155152 -750.54908636 94.44096515
-20.72291713 -754.83138473 90.12206774
-22.10395296 -754.38951308 91.17209330
-23.24648276 -749.73158506 93.71456724
-21.13070776 -751.22733015 91.62499269
-18.48691064 -754.60452569 88.56485707
-20.59472138 -748.79970791 92.85708810
-18.77555369 -750.39794039 91.31470616
-16.65153275 -752.66121754 87.80968860
-11.80398559 -754.79211642 83.98504508
-16.03008628 -750.89651841 88.34034964
-10.09052773 -755.47775434 83.04564860
-13.86799565 -749.78383261 87.49469783
-15.95853684 -747.47618947 91.19242368
-15.42213830 -745.27546365 91.43057021
-13.03093750 -747.56642813 88.14349687
-7.77601494 -751.50046177 81.81291051
-9.93636826 -747.80703473 85.60150449
-13.65514722 -743.97960278 90.88961111
-12.21480110 -743.82268011 90.46855663
-6.26935907 -745.67557582 82.99775702
-8.69837742 -744.07835484 85.70491774
-4.84939231 -746.33923735 81.56296102
-7.73710526 -744.04714737 84.69677105
-45.40478253 -745.96205204 100.45274665
-6.81913750 -744.07856944 83.79584722
-1.61995156 -746.13037865 78.80191667
-1.22754348 -745.80459913 78.70276913
-14.77832266 -743.82111953 91.50726875
-16.34560000 -761.41860000 88.46295000
-69.18247500 -755.12478261 90.87503623
-68.41326472 -754.88087374 91.28390667
-66.68080256 -756.42046923 90.94650641
-65.71644741 -754.94509909 91.74568844
-62.94658976 -757.16572534 92.13297462
-62.79882670 -754.77716290 92.44189845
-65.32103933 -752.51898600 92.37751900
-59.91894285 -754.64231135 93.25569140
-56.11414336 -757.06353086 94.20433287
-48.56061953 -765.40807734 95.66780469
-49.41530000 -765.29250000 95.66691667
-59.98142481 -751.78228622 93.64608784
-56.59432823 -754.39069638 94.42942306
-51.05098090 -759.82545528 95.51734640
-50.84483306 -757.51619377 95.83272547
-56.77721843 -751.61303161 94.67606886
-61.54335000 -749.39198333 94.12590000
-59.91391196 -749.31745679 94.42590738
-53.82793911 -751.92013973 95.73596335
-50.89770905 -754.77792139 96.05766394
-45.04762222 -760.57090806 96.47575773
-54.16548286 -749.09397972 96.54775110
-51.01237293 -752.28548046 96.48978452
-44.54080380 -758.31538571 96.74434516
-45.17695312 -756.89103145 97.19973961
-50.03070714 -750.84689439 97.22522449
-39.53267695 -759.91551724 96.08970410
-21.94263249 -794.43726751 77.16980888
-51.48907697 -746.64620915 98.19179259
-41.70631238 -754.47363952 96.72606683
-27.87063654 -779.80991923 82.33481923
-38.88999774 -754.61080887 96.12532214
-36.11450444 -757.60910920 96.47248050
-36.04033958 -759.34405833 96.70604097
-42.17522273 -751.19045602 97.37547436
-47.58242350 -745.73386795 100.62158611
-41.48060758 -746.78718864 99.67627576
-39.28249253 -748.94875350 98.46161096
-39.80355690 -746.80130862 99.73454138
-40.29270000 -755.84103333 97.01358333
-34.60765000 -757.54547500 97.04232500
-34.43026190 -769.68530952 76.10465000
-33.50968342 -768.62339430 75.62299870
-29.28918214 -772.03783707 77.17098299
-29.84068509 -769.38640025 77.00996186
-27.12262314 -772.53946162 78.35801524
-32.39035632 -766.42201232 77.29218027
-34.43620000 -764.75340000 79.11985000
-24.17864392 -774.30189257 79.27601351
-15.35520394 -766.00841059 79.18958088
-27.62584608 -765.64985588 79.89456275
-20.01992752 -774.36472661 80.06179771
-28.62896667 -765.19355000 82.10525000
-28.23350000 -765.23985000 82.13285000
-26.52076963 -764.41350556 80.52943519
-26.29665000 -765.07878333 78.91305000
-28.57477500 -762.05806250 85.43696250
-27.45981010 -762.87675791 85.42218603
-17.76678139 -769.93209718 78.68994305
-20.76734149 -764.21214852 80.12942864
-24.95024211 -762.07757895 81.90033421
-17.86839367 -766.49562922 79.34379697
-25.54716667 -762.02363333 81.67821667
-22.86204400 -762.31256000 82.11060600
-16.89988200 -767.91515000 78.92914200
-14.44675671 -767.06921913 78.72684987
-17.58576813 -761.69664357 80.58773421
-14.85420610 -763.64235114 79.52207295
-11.64005649 -766.86975432 77.73363111
-13.59473789 -764.79263053 78.97061316
-9.19724891 -763.60315261 77.23541609
-10.04638394 -762.00695275 77.94827890
-7.48097805 -764.83960488 75.91661341
-5.98310046 -764.60128158 74.97104636
-3.21558792 -765.66705459 72.67015193
-30.91098476 -763.78566762 72.29934429
-30.58926611 -764.72624600 74.38554683
-30.28665561 -778.99227016 81.25950722
-35.54508543 -773.85003311 79.93528377
-32.64444895 -778.53886107 79.91321421
-29.67649988 -780.63208384 81.46334221
-28.46623810 -780.60130476 82.05553571
-33.62738889 -774.02351111 80.50485000
-35.68009628 -778.21754797 79.07259865
-35.69508978 -775.75747527 78.15728907
-34.08242157 -777.34281176 78.88334608
-34.03022972 -776.41359196 78.72945664
-50.05879431 -772.43267805 85.91468252
-43.77420737 -774.70035500 81.74290079
-42.39836310 -770.56044354 82.66134077
-36.39670977 -759.98300651 84.25535814
-28.33410000 -758.99298000 83.19703000
-32.25213333 -757.77370000 86.27368333
-34.07648000 -760.20764000 79.51289000
-41.64521087 -761.01060525 84.12908986
-38.76349232 -760.62954727 84.34447222
-42.33073333 -759.08756667 85.09315000
-37.65237667 -758.77071333 84.24642167
-37.48516000 -757.45086000 85.95377000
-59.73611466 -787.37320108 78.58251796
-62.36003792 -785.61002768 78.78525487
-59.88140829 -785.82172743 78.84490657
-61.87290924 -785.24120756 79.10868025
-56.32464286 -789.24922619 78.75235952
-54.88305000 -789.21808333 78.91786667
-57.45613820 -785.88156554 78.94230843
-54.92905528 -787.67448008 78.91490691
-53.79040250 -787.52720559 79.30052721
-52.64872994 -789.85506287 79.77705659
-56.67714238 -784.79277892 79.42285296
-51.26560721 -789.94995988 79.87842391
-50.80071894 -787.89904850 79.69187181
-50.85905477 -784.39108885 80.22498789
-53.96608125 -781.00741381 82.68873357
-55.87236977 -779.93351318 83.10119341
-51.09659621 -781.75405453 82.37302326
-41.43868454 -787.66379278 79.33804536
-47.39300147 -781.15471301 83.19435577
-45.59790481 -781.48235343 82.66453556
-47.94822179 -779.69270702 84.58569964
-38.76822457 -790.39409335 79.50148598
-38.98444400 -792.28853600 79.68900600
-33.31080731 -795.78638205 78.46480741
-32.81053990 -793.74828517 78.12903813
-35.55433749 -790.61073308 78.71406797
-37.01106622 -790.09508514 79.07264324
-29.94515420 -793.49941416 77.62189675
-38.44571005 -787.32343349 78.58578033
-32.84095819 -790.89739032 78.39380833
-26.90698410 -796.09461036 76.85849867
-36.19885512 -787.77299265 78.56177297
-26.87706431 -793.51448306 77.37274518
-23.50073265 -796.56430610 76.63419407
-29.78930051 -790.87033297 78.35352889
-39.01325035 -784.47577681 80.40135035
-33.45251845 -788.61044292 78.68115644
-37.22548333 -785.99806667 78.84211667
-35.82188447 -785.00774521 80.85472344
-32.86933733 -787.10469749 79.77523270
-31.65725000 -789.23565000 79.02165000
-38.35059235 -783.73852514 82.36992541
-29.89469352 -787.68143517 79.79440648
-29.71256523 -789.45584219 79.09776094
-36.03572733 -783.90160333 82.28132600
-32.66041745 -784.20680590 82.64736993
-30.19750647 -785.87638382 80.59177201
-25.17118788 -789.66759394 79.19629242
-31.11700234 -784.47560156 83.03652813
-27.77540417 -786.05852083 81.04540833
-36.70825000 -793.79225000 79.13603750
-25.31735000 -789.12480000 79.33185000
-20.68617500 -798.03752500 75.87980000
-26.99003349 -748.70739207 99.54446902
-29.56918983 -745.92937759 100.86175979
-27.18175939 -746.24497370 100.59278131
-26.46065938 -747.08237500 99.97386562
-24.81764648 -747.75278216 99.64305047
-24.52639453 -746.35879104 100.32077886
-27.17803636 -747.27910909 100.01886818
