-56.35698852 -758.43271609 36.60076870
-41.41342000 -765.74666000 30.92282000
-70.13255167 -765.38257833 31.00852833
-14.38210629 -752.68571029 24.51503429
-23.67628559 -751.61787509 32.81466217
-49.00993333 -753.11800000 31.53930000
-71.41801818 -766.80393888 29.78434093
-21.43700494 -749.47064217 31.36893723
-38.03310333 -759.43050333 30.54063000
-65.14388575 -761.56926577 34.55780611
-42.27892353 -760.53338235 34.36090588
-70.72364288 -764.12463023 31.39214851
-23.88567594 -756.73669222 31.59295483
-18.77490000 -756.39045172 28.14876552
-23.36953734 -749.39798355 32.78075928
-29.42157125 -751.93302327 35.79772915
-67.08736667 -762.66906667 33.99226667
-16.76560000 -750.15504545 27.86582727
-71.27798937 -769.11828039 28.70878756
-37.98487230 -765.35800270 31.03432162
-46.75266582 -743.53001579 19.81165785
-39.02125157 -758.89967294 32.21977451
-45.34133799 -750.50454246 27.47283464
-68.36274803 -763.64961187 32.60047590
-19.81309844 -751.86429688 30.33268836
-67.06076250 -761.63592500 33.98581250
-62.88418202 -768.56274983 31.81931373
-16.78467573 -754.71709643 27.33752516
-47.72094188 -753.74614459 32.12208918
-45.91516667 -739.99640000 16.48415556
-17.77106137 -751.94127869 28.84065478
-18.05804353 -754.27063431 28.71344493
-48.08237280 -759.67362030 36.08249417
-46.88486603 -741.77709424 14.96548545
-42.43014846 -752.30926667 33.31812966
-30.24016461 -749.38515012 37.19115476
-53.44417329 -757.99515335 36.09472769
-64.70662985 -762.83750484 34.17358765
-50.81090943 -755.55933322 34.41990340
-72.06116647 -770.04366078 27.64055119
-33.55491508 -766.37419907 28.39062297
-45.63511818 -747.74159148 24.32551136
-74.92085101 -767.80795061 27.49422692
-44.11529009 -752.23979092 32.12060659
-52.21388765 -755.93772099 35.27628395
-66.84731667 -768.19428333 30.92193333
-35.52901099 -766.58201978 29.46379444
-74.47388203 -768.99631504 27.20385793
-46.83507005 -740.42449367 14.20763903
-51.30819819 -757.23229241 35.22888156
-16.33588131 -751.99790114 27.63907022
-67.61695978 -761.98173196 33.58164353
-46.76220450 -741.69631050 12.14502250
-41.92545103 -758.12797138 33.22957815
-44.12374500 -757.37086417 32.87738560
-36.82406667 -765.33949333 30.99634667
-38.02329561 -765.82690252 30.62248200
-21.30015785 -751.68643165 31.34971446
-46.43358126 -750.74246382 27.07924453
-46.98091348 -751.88928077 29.39581702
-59.80703780 -766.64267214 33.37015610
-25.32546118 -751.88321134 33.75230512
-45.74170000 -745.63540000 18.90030000
-46.17626000 -750.15860000 28.02142000
-38.45295202 -763.94644900 31.65620057
-49.69031924 -754.64790835 33.08289722
-35.29005243 -761.97586505 30.49140485
-63.17002035 -764.77319484 33.74113918
-46.74976064 -755.38563670 34.67277580
-40.87122349 -752.38722294 35.04173706
-44.62821068 -755.44891954 32.81493580
-25.70308108 -754.94078472 33.51442012
-68.48259139 -769.23682720 29.76341187
-59.32365871 -758.35684565 37.04972774
-46.90209886 -742.42051104 17.37881540
-46.74616641 -745.18814026 20.91117602
-46.62139574 -744.54752926 18.08902128
-46.58358257 -747.94082639 24.04806363
-46.82478433 -740.79240015 16.73160215
-46.63263883 -746.18861287 22.87328138
-46.46175733 -749.16733525 26.18049911
-47.08190000 -738.08074000 13.62964000
-46.60870073 -752.74312886 32.43634228
-44.97110872 -751.62026877 29.56017722
-45.68759563 -743.68564617 19.63675738
-45.57554226 -745.08874414 21.01240879
-45.69402819 -746.28313512 22.82559701
-45.63648234 -749.07111723 26.13375042
-45.73964000 -750.13802000 28.14612000
-44.72753718 -754.93697872 34.46003333
-46.29577082 -752.70036931 35.98048026
-45.49736455 -752.52877345 35.68673615
-41.70270000 -753.25780000 33.86610000
-41.94385692 -755.78194167 35.14496808
-38.56449909 -753.50833050 36.41662041
-39.07602545 -752.49721490 36.23660197
-45.46760308 -740.66902288 14.38587892
-45.53282156 -742.55077425 17.66755210
-47.23833333 -747.70933333 21.53476667
-47.48985000 -753.40807333 30.67791000
-50.10956316 -756.35571579 33.79461579
-37.19670247 -753.49911358 37.00798519
-37.35692506 -752.13937845 37.06095238
-45.56140949 -741.48632278 15.39624684
-45.23938618 -753.64520650 30.67643089
-49.00254000 -741.84152000 16.13750000
-45.79428000 -738.11838000 12.30392000
-45.92290000 -747.19150000 25.06360000
-46.25724286 -747.13175714 25.16074286
-47.44471818 -758.23839093 35.81597873
-34.11098750 -750.08258750 37.87165000
-46.93553000 -743.97052000 22.02946000
-35.31366866 -751.86076577 37.40470568
-35.13493528 -754.28009660 37.10478233
-35.33624910 -755.16858844 36.81808063
-32.29438114 -754.57153923 36.57212244
-32.08349855 -756.69030702 36.12535610
-33.64325138 -754.03267039 37.01256284
-29.45072807 -754.65154917 35.49328141
-29.30859578 -756.92486287 34.97799169
-27.57390299 -756.73676347 34.16563144
-26.24811569 -756.93684058 33.21539301
-32.81607784 -751.22306373 37.33951206
-31.84588189 -752.33403504 36.59652277
-27.11733417 -754.64961776 34.35986632
-31.84849280 -749.71295219 37.65317309
-28.86050743 -749.37930283 36.52015442
-26.75871835 -751.51558442 34.64950660
-23.42221386 -754.66084238 32.15777486
-22.62673965 -756.83509125 30.63435656
-26.34029390 -749.35252283 34.97081121
-22.12031370 -755.92946575 30.84172466
-20.69362157 -756.59978820 29.50350663
-20.30012665 -754.65394230 30.17723103
-21.55410760 -754.15218260 31.20895638
-25.02517308 -749.73196154 33.88344231
-24.87879351 -748.86525584 34.02382338
-18.19560893 -756.36435357 27.59537679
-20.00502182 -749.72252141 30.41915357
-15.31185603 -753.99091578 26.21105793
-18.17426996 -749.94751908 29.06964846
-15.37530841 -752.25343602 26.68411693
-30.82832128 -750.35858723 37.01543830
-14.77276194 -753.91447388 24.70283507
-33.99620000 -756.42810000 36.49730000
-73.73992464 -766.82920785 28.58514091
-73.37631843 -768.60045528 28.24313437
-73.18881421 -765.03555421 29.72041211
-71.97147940 -764.71410018 30.51444669
-69.00648340 -767.48272117 30.57427740
-66.03653501 -769.18965110 30.59308252
-68.00203979 -766.44720157 31.48619509
-65.46907629 -766.86062610 32.12084020
-64.99872388 -768.68508450 31.24384038
-65.74631648 -763.81359931 33.40743316
-62.48951167 -766.83304377 32.87241245
-66.75935833 -762.10476250 33.89479861
-62.45035974 -763.30506930 34.54733097
-62.38142503 -761.10915772 35.48824345
-59.46654428 -763.62692849 34.91719452
-59.05880574 -765.51631633 34.08012230
-57.71688680 -766.23316599 33.76083807
-59.43081438 -760.99199914 35.86877470
-57.23428400 -765.56970544 34.24861589
-56.54090243 -763.72534710 35.20712650
-61.48679614 -758.97950611 36.26703698
-59.26826401 -758.73683547 36.75077526
-56.50561574 -760.79954586 36.02779147
-54.31471609 -762.95659504 35.68602891
-53.79859900 -760.50309111 36.04927654
-56.41168979 -757.45938853 37.08269189
-61.48969250 -765.38730250 34.01222500
-76.03003333 -768.58270476 26.16790476
-67.49036447 -768.50026316 31.04489079
-44.06759433 -761.13175230 32.87822006
-43.53268298 -763.13730258 32.24382010
-41.53690243 -763.56430620 32.14237459
-41.90722140 -765.58603603 31.31475054
-41.39464585 -760.90248088 32.82057307
-39.53410889 -765.13352000 30.89739333
-34.21918214 -767.86101786 27.79771071
-33.35027246 -767.45837319 27.71900145
-38.77095176 -760.87295950 32.29146339
-36.42382575 -763.58954040 31.19036822
-35.15768832 -763.96784635 30.41127082
-33.79808409 -764.57696023 29.19464432
-36.48396705 -761.70303815 31.38480925
-43.10017143 -765.25855714 31.37944286
-37.97245699 -758.73213011 30.25251398
-44.32403333 -760.85013333 33.99116667
-49.11967632 -759.70381105 36.22468474
-44.43321050 -757.08959573 34.19707520
-41.56206292 -757.13233929 34.98422386
-38.83720306 -757.47291222 35.53353884
