-39.72612961 -760.31036211 39.28186551
-46.45836000 -764.61280000 40.66332250
-54.88560971 -762.87094194 38.47448019
-22.35591417 -749.24637953 39.84388770
-29.86968815 -751.68919454 41.98841843
-26.07574211 -749.47423684 41.73511513
-63.87622266 -770.95736680 33.41679863
-45.47325755 -751.67514132 43.26426768
-37.68024167 -761.69051250 39.78578750
-10.00732681 -751.77024899 31.25597601
-35.11688994 -774.01390888 35.64348824
-78.78042857 -770.29927143 27.42352679
-46.62237727 -753.16768295 40.67817614
-44.44548323 -756.85120050 38.27407973
-66.09451127 -766.05393252 35.53201457
-62.59101671 -765.21778320 36.97206233
-32.88315571 -774.82886546 35.00025836
-58.24778824 -767.99342353 36.50060956
-50.43480610 -756.66540449 35.95993236
-48.37342114 -764.92807019 41.90894475
-69.89792896 -767.10200703 33.37262452
-46.56110000 -752.45170000 41.55846250
-25.16975274 -752.80413082 39.83456113
-42.40183333 -762.06858667 36.60616917
-41.55378906 -753.18994520 35.43444533
-45.77001915 -747.89368631 26.07427977
-22.50390000 -758.60335000 36.73546250
-45.58126438 -744.98365262 23.44672870
-42.73477945 -756.44934330 41.05021557
-77.35913074 -771.12507747 27.99691911
-32.67405569 -769.14330890 36.26556423
-68.60097979 -764.06470821 35.65341303
-51.71719297 -757.64076873 37.24147836
-31.69023077 -761.38630769 39.49799327
-77.31093543 -769.14663058 28.72815547
-78.27748422 -771.61036606 27.29084895
-75.75464414 -772.62874745 27.48316971
-46.70396139 -747.66700594 24.09087834
-50.13231787 -763.54852683 42.30727229
-60.31783924 -768.66751524 35.57698448
-74.88351315 -771.63658801 28.53177981
-19.20867385 -753.30083000 36.83690609
-75.12572442 -769.09848917 29.68877130
-13.44066512 -752.97144651 33.76183459
-47.83679733 -760.13038455 41.12123451
-76.66868000 -767.40010000 29.97476750
-31.82440435 -776.71269783 33.32457120
-51.24060000 -758.55180000 36.68006250
-41.12393648 -771.50079518 37.20119903
-75.91176507 -767.27632344 30.44697494
-72.06313489 -772.03136191 29.49514138
-64.19937674 -770.43174186 33.63367180
-33.64094084 -765.65050681 36.00967218
-29.75807962 -775.26633651 33.17673022
-74.42675157 -766.59385157 31.61083206
-47.13054737 -737.12219474 13.52064671
-15.14915698 -753.89990041 34.55342567
-45.44779743 -752.83001143 43.03287393
-42.08210624 -760.08911890 38.06575757
-66.49423145 -769.77984089 33.29985883
-72.90781768 -769.92339007 30.40216504
-73.87694352 -767.98404684 30.94198110
-45.81862305 -760.28527424 40.23022186
-15.11890865 -751.15647080 34.85382450
-13.83862286 -754.80325321 33.49057857
-34.07275139 -764.37607729 35.68870632
-71.84258607 -768.73311218 31.56974386
-10.81366036 -755.98741081 30.53541295
-46.65210000 -752.28860000 31.06986250
-10.60213333 -755.48343333 30.65146250
-72.09201122 -766.41158438 32.84790210
-30.05609110 -776.88567598 32.83017057
-29.58897731 -757.71310880 39.03276574
-69.77669863 -772.29574910 30.32286619
-71.04948562 -770.84170137 30.88523853
-40.18609845 -753.43377474 36.34299394
-12.38771637 -756.16987846 31.80591508
-42.00938079 -766.00574987 38.61579862
-68.71364281 -771.48097678 31.31298249
-11.97819399 -754.08545893 32.47414214
-39.00111471 -766.06643235 40.21088309
-69.23144931 -769.11811652 32.61709658
-48.18197500 -761.21592500 42.76276250
-59.93083474 -765.58305404 37.32768998
-47.52603182 -739.94503182 19.39835795
-71.13673024 -765.23223389 34.02620179
-35.86200371 -771.31739652 37.11686314
-66.18715284 -771.37630639 32.38565354
-54.17281000 -742.95271000 12.74676250
-44.34186044 -759.89070104 38.59905698
-30.70120112 -772.25283366 35.00279214
-57.01152197 -763.05053708 38.47944964
-70.84309020 -764.43711961 34.42479191
-68.91503039 -765.82137134 34.58354897
-45.58413329 -746.13128407 25.24471860
-31.25066667 -760.94026667 39.18019583
-67.89541574 -767.88475833 33.83067917
-29.96723926 -756.56344759 40.31977508
-65.73779605 -768.52276194 34.34793392
-36.39697003 -764.03083236 37.63164503
-60.02585687 -760.82197457 39.30300940
-79.70612093 -771.58453023 26.20951831
-43.34523273 -758.13152545 36.36905886
-35.96236079 -762.00924043 40.16849601
-41.84138431 -763.10777507 38.17431192
-46.70212619 -747.44063810 25.70438750
-66.69971833 -764.09350423 36.38120455
-57.21648094 -765.91132191 37.66382634
-63.01265049 -768.98084799 34.80868850
-19.79524355 -754.83565645 36.59725927
-62.89471566 -770.66099759 33.83165828
-65.48990204 -763.23718209 37.27681794
-63.28821643 -766.37314846 36.20115664
-34.97703776 -764.44312143 36.38539107
-64.85064286 -764.71068571 36.77379821
-47.24699112 -741.59159672 17.35363415
-31.86183214 -776.33234643 33.55701607
-63.08464188 -763.05648507 38.00222298
-45.51606556 -744.27346949 20.67456643
-32.36907500 -776.56575000 33.72141250
-62.35670211 -761.20351727 39.27933620
-60.39504655 -767.14517586 36.43900012
-60.01101732 -763.04064887 38.29341253
-57.99847107 -767.81983802 36.88256498
-38.79244030 -759.66076777 40.17219837
-34.86478529 -764.62965588 36.55489485
-45.44819435 -754.10061273 35.41356939
-49.63300476 -760.21898333 41.08164107
-35.82646867 -772.74000774 36.28006272
-59.18642030 -759.99235636 39.85137189
-32.66089692 -772.12068213 36.14612631
-9.02270244 -754.23330493 29.59086228
-56.68519091 -760.39897238 39.11234309
-48.12500505 -762.80546168 41.85305086
-57.86609726 -759.82527699 39.85152908
-8.69891563 -753.10289688 27.51389063
-55.28136899 -765.02968924 38.12925934
-34.09354586 -771.49592451 36.86684716
-39.95499091 -773.56202727 36.63211705
-48.31926182 -754.84912236 34.38345868
-46.82347433 -754.32466696 38.13916830
-54.21430730 -759.93819429 38.48300649
-34.30698997 -766.46402007 36.84574139
-53.10385459 -758.19831193 37.92523100
-44.22469401 -762.83836693 39.19125758
-43.07236687 -757.06543958 38.74765860
-46.88734948 -743.33913814 21.92726147
-10.00141703 -753.64461819 31.14857360
-46.89378000 -753.16994000 42.81230250
-45.02876579 -757.46190359 40.15171491
-45.61908545 -762.56616653 40.37145418
-21.64557648 -756.50325380 37.13049049
-50.23752075 -765.17644466 42.15754320
-45.27353953 -754.01298760 38.05352658
-39.50530588 -752.49984706 37.47333309
-52.17244048 -758.91868878 37.60494515
-36.24304313 -765.93966609 37.75021965
-41.54475797 -753.75736087 37.33851178
-38.90322882 -772.63506463 36.57122713
-49.85063529 -755.39234706 35.22585074
-49.08585874 -755.95696803 35.08355395
-45.70043547 -741.52054358 17.51632947
-23.12932249 -751.75466367 39.35942108
-47.52161489 -758.44785957 40.37357952
-43.75021868 -767.96995824 37.96542404
-41.78003354 -769.03902828 37.77368947
-27.22933956 -753.85886329 40.21336344
-47.35063122 -754.00862455 32.87610467
-43.71990982 -766.40413528 38.29966526
-39.40765987 -771.69336584 37.06187589
-10.19476000 -755.73261630 30.04771065
-44.45804070 -756.85432841 36.03364130
-38.92656083 -769.19281237 37.82612056
-45.41906760 -753.24965841 41.15707765
-38.99123716 -765.86689283 38.37280249
-24.26593174 -750.70042288 40.49395331
-49.90100200 -763.12196800 42.85999650
-31.29773355 -769.87009613 35.47742960
-47.03023990 -744.08575192 20.65456301
-46.96711623 -744.85499989 23.20109930
-45.45556237 -749.07566690 28.16244159
-44.77347349 -752.34140698 42.13220808
-47.38208904 -739.06209448 14.00289373
-47.18920225 -742.24191399 19.96707228
-40.76529000 -759.86919000 39.96311250
-44.04927273 -758.91979848 36.39264583
-47.23657209 -741.32733098 14.73793612
-42.86758655 -759.39059216 36.46140228
-39.14114024 -763.29081275 38.31437529
-46.83414653 -746.08744356 25.17173676
-47.35415461 -739.94848608 17.10455130
-36.07947226 -769.11841101 37.63850546
-46.05547246 -740.23921739 19.15668714
-45.56129079 -743.21466775 22.38049610
-45.84799377 -742.09560966 20.16321351
-46.03616173 -739.64188649 17.02178892
-46.15114707 -739.11122684 14.13297611
-40.02255714 -758.28167551 39.32235434
-46.19926154 -737.18203077 14.38485481
-33.99281496 -769.18588696 36.92596986
-30.68909468 -774.40534614 34.33680940
-36.18826675 -760.20252852 40.78010827
-39.04172231 -753.51328443 37.97868915
-38.20920657 -758.27671825 40.54444936
-36.96080484 -758.15731677 40.86341250
-45.97040151 -747.27915377 24.05935533
-33.54541297 -761.97569363 40.39884505
-33.28231984 -760.57388306 40.88866448
-35.65840592 -753.55496964 40.31815065
-33.11430906 -753.66936938 41.01102309
-24.11515994 -756.85369706 38.21924846
-32.17166910 -755.97827079 40.64716081
-32.28119347 -752.28333838 41.66958432
-29.93857809 -753.77643806 40.95575888
-26.60660000 -758.64355517 38.61870905
-26.63544304 -757.05362117 39.26107069
-45.23665000 -752.37864545 35.01458977
-27.66498730 -756.18807296 39.90566232
-27.01597081 -751.20375784 41.42924384
-24.13182000 -758.62413200 37.50745050
-25.92194780 -754.66504074 39.55650642
-43.14432500 -752.13914386 32.95529978
-58.43050000 -767.52500000 36.69286250
-24.03042964 -754.16836317 38.89952187
-33.04706176 -762.54411765 39.00005662
-20.40070646 -756.97354484 36.16878399
-22.18351111 -758.60958889 36.47315139
-15.90663560 -749.35278743 35.22259025
-23.41407371 -749.33091643 40.54318950
-21.06392774 -753.96826280 37.59013439
-13.37008036 -751.18364291 33.80089377
-20.99325932 -751.00367365 38.39291673
-18.18484378 -756.54058055 35.11504810
-22.37930217 -749.69128696 39.79900163
-17.84870422 -753.90778999 35.99813254
-20.95741153 -749.15458733 38.80393122
-16.87092500 -757.70703333 33.59061250
-45.31702381 -749.83173333 27.16629393
-18.90257070 -750.95772608 37.12118241
-14.54663889 -756.59316002 33.04518984
-15.84591046 -756.26543852 34.05109821
-17.40204040 -751.12869667 36.17022507
-18.84930820 -749.09319360 37.23323630
-17.38940949 -749.19842975 36.19783117
-12.02748513 -751.21722685 32.83611159
-8.85191444 -752.12731407 29.74083213
-36.98930856 -753.62514279 39.40987273
-40.16240000 -752.53580000 36.49006250
-47.43731250 -752.31628250 35.66803000
-40.84948000 -772.81566667 36.66406250
-58.69086970 -767.80211515 36.75940189
-31.33450417 -760.65058333 39.82843750
-29.46969375 -773.43354375 33.61363750
-43.25828383 -752.99563114 33.12266549
-42.13229211 -752.35516754 34.76711031
-48.55233750 -755.65320000 33.61035000
-49.15921429 -763.36709524 42.76991012
-47.26194474 -743.74525000 18.33198882
-45.50223482 -750.54956151 28.83133677
-45.29391818 -752.82729091 30.46344432
-45.31345868 -753.22834030 32.54675013
-44.65203673 -752.02281444 31.57991091
-46.76947500 -755.67563750 37.85162500
-44.09650000 -752.52640000 38.57786250
-39.87795000 -773.59727500 36.78501250
-48.89183333 -764.92537500 42.75463750
-41.59207073 -766.43718293 40.28221372
-41.92326667 -767.61576667 40.03922917
-36.90041500 -768.63124500 39.98626750
-8.56135000 -752.46540000 27.55691250
-49.64835000 -764.65865000 42.71881250
-45.88747527 -740.86716044 14.69837569
-44.75146250 -743.68101250 18.04792500
-37.60339500 -753.57065000 39.79458250
-36.97324590 -760.26750787 39.25353529
-32.24466667 -773.62286667 36.80402917
-34.68210000 -773.56240000 37.06356250
