-51.38268615 -745.81024462 31.42258699
-33.97146926 -744.26402302 36.43083681
-61.07807827 -749.68537521 32.28023834
-37.11343765 -746.64206668 36.00488416
-48.49468506 -742.97679575 21.14842942
-39.95724881 -744.34715383 36.38528127
-63.98358157 -749.83351327 32.00800078
-46.93674810 -741.85350190 17.59807010
-74.93905640 -747.23292226 30.20535362
-47.86730000 -742.75308333 19.16801212
-73.20563806 -747.59423216 30.78818949
-46.49923838 -741.14401268 14.40807688
-45.46994504 -742.16835787 35.92624147
-36.98593026 -741.77330476 36.63311465
-47.88657857 -742.09185220 18.07142073
-55.40498739 -745.22931818 32.35576025
-72.08015290 -745.33095871 31.43261255
-72.31639162 -749.08148333 30.64075463
-70.40808032 -749.66858227 31.01627536
-51.85145461 -745.26459331 30.14320752
-42.94657115 -741.97549136 36.33235435
-68.31360286 -750.56742286 31.15909688
-63.89132205 -745.00811907 32.85865997
-45.97586805 -744.27901679 35.43871534
-51.14250802 -745.24228042 31.93639608
-48.04450368 -742.43922960 20.28091335
-47.57866667 -742.63803333 35.19207879
-34.38992783 -746.23790624 35.94893861
-58.00024695 -744.89653469 32.97206078
-31.30960948 -743.91550673 35.94494988
-72.97110078 -745.49550233 31.09547646
-31.31743275 -742.18382368 36.04583259
-43.03845417 -747.14455707 35.60837564
-55.46812689 -746.77328891 32.22396925
-69.87435619 -747.31749808 31.72492753
-47.76398824 -741.36360000 15.46842781
-50.27368833 -745.11513556 30.58201323
-66.97735159 -747.28152246 32.21162332
-49.59856699 -745.17226817 33.05698394
-57.97875271 -747.09774417 32.70954349
-39.92633514 -741.77127842 36.51683113
-53.73092899 -746.04042971 30.95547009
-52.24910120 -745.96360460 30.27867707
-51.09392636 -744.39979636 26.63894955
-49.31084902 -743.61386234 23.61528577
-47.29510479 -742.44669401 19.78528498
-49.00352709 -746.23731228 33.43991074
-47.30069630 -742.79174815 20.17852694
-50.01063176 -744.21881118 25.71948310
-53.79778016 -745.55393730 30.83305101
-48.98205714 -742.66762857 22.39751688
-47.00790000 -742.79510000 19.05904545
-50.32613214 -745.89237143 30.98419188
-50.61267576 -744.09580303 24.79290909
-48.07446570 -744.40947740 34.75829613
-47.88373287 -746.47832550 34.41514476
-45.91943783 -747.01812643 35.02987530
-43.04219540 -744.32469632 35.99133197
-40.07587226 -746.97832094 35.89403833
-37.01394588 -744.31363255 36.55503756
-34.08622181 -741.91209305 36.55022586
-29.36516400 -743.12471200 35.05177745
-32.42290000 -745.74880000 35.70994545
-29.40220000 -742.58922500 35.10407045
-47.35936667 -747.75733333 34.17167879
-71.97912497 -746.78364575 31.35340910
-66.91183224 -749.84216342 31.63240143
-71.15701284 -748.51311014 31.12085289
-69.30534431 -749.40641189 31.35258837
-69.82564353 -745.14432724 32.03717213
-66.99023872 -745.04382390 32.53702244
-63.91547327 -747.16993838 32.60250414
-61.00499909 -747.13362792 32.77849490
-60.97421294 -744.93883967 33.05483456
-58.22935488 -749.34445817 32.52458049
-56.33599423 -748.90773654 32.50024353
