-23.31017412 -730.16296370 92.18512627
-43.51258023 -769.05456047 74.77435659
-26.64761814 -711.18191299 93.41856962
-48.01614787 -750.96566617 37.85004036
-44.77052398 -793.04541535 58.98900943
-44.52841788 -706.24477681 92.39789244
-19.08720000 -719.61290000 99.57153333
21.05279768 -835.19965682 23.36115772
-15.38847043 -722.18268130 87.19512290
-46.77251003 -740.01378285 16.90483228
-48.08665875 -727.36935234 92.95174759
-5.88227589 -794.22687172 48.15943712
-20.43493425 -742.14792121 89.96643175
2.15975983 -809.12030855 42.73347949
-53.43744570 -778.17029092 69.76647285
-29.54285623 -754.28499507 80.92713230
6.03905359 -781.08872286 49.30590396
-57.50395061 -759.33372267 46.97936856
-60.95128800 -765.85370000 48.40010933
-23.79983239 -749.44712661 83.64709538
-26.27451240 -780.02363802 69.79755895
-22.33863333 -832.08830000 37.67421667
-47.88528198 -738.46790601 92.23686678
-17.93988992 -746.50721008 82.59319048
-3.49582769 -802.76830134 45.05460188
-14.90876687 -841.23916780 29.29039299
-34.21905000 -759.78470000 57.43588333
-32.53127504 -766.34356867 65.64215158
6.05911798 -723.99269925 42.99819267
-21.90381754 -776.23122763 50.25808652
-41.60022462 -788.18064662 62.91613839
-17.53994286 -783.69768000 52.53135333
-41.40436988 -784.94471698 65.74016940
10.43718041 -791.29608247 42.38311168
-18.90654516 -753.86077097 78.86018495
-23.12568235 -778.17925882 51.85839412
-41.69885000 -754.13075000 36.51358333
-38.60308791 -759.86873415 83.16913975
-30.35666421 -776.63348807 71.86875930
-35.56830000 -751.68265000 42.18008333
-39.34315107 -775.46437159 70.60933372
-46.89388485 -798.44893333 54.62892727
-35.73474639 -757.02007417 83.27745562
-9.02823552 -733.21318649 83.24483281
12.19364464 -797.95737857 39.42737976
-30.28435142 -804.51764033 48.99810297
11.30279759 -844.12391978 27.85097932
-24.25455079 -739.38888201 51.15246349
-15.21765895 -742.23140742 88.51965716
-21.53421399 -719.22362378 98.80359557
-0.78146957 -724.27276993 78.80016163
-35.46734811 -798.89888849 59.25988517
-21.55545615 -786.49090720 66.70010493
-50.74384627 -780.27530990 69.02786937
-10.71194216 -732.86966583 84.17937356
-35.16204841 -766.14916509 62.07355285
-31.35270000 -695.92300000 90.54413333
26.35914980 -841.15100951 18.99024224
27.04429994 -829.26008346 25.02861844
26.87292002 -830.26853776 24.21709947
-44.99882571 -742.52029032 20.32859192
24.62309014 -835.85734925 20.98841511
-81.29590542 -783.44378034 45.95921435
-36.77490944 -768.82030702 70.01338224
-11.71982733 -792.64694954 48.77649055
-31.29470000 -749.35330000 82.26823333
-62.06007876 -723.62846715 89.81503891
-12.89993737 -724.99973723 84.78791977
0.37999563 -820.12279375 38.75889597
-29.98679815 -799.22612542 52.68756024
-42.88601527 -807.37846794 41.68158066
8.24138437 -723.70464987 42.04013738
-30.71727402 -801.77903293 57.90627062
-58.46503103 -758.98861034 79.65691609
-8.98878241 -727.44806892 82.34138070
-11.93148315 -823.19847819 38.61277496
-26.81933586 -727.34919920 95.72291978
-38.91650769 -784.43039512 65.14811018
22.39661923 -847.66193187 21.42775861
-45.25819045 -803.50960627 47.95884438
-20.62837108 -738.75653554 52.36924903
-53.44249091 -792.50383636 60.86298788
-12.03432225 -763.55208348 67.61116248
-36.31573249 -760.31499011 73.58369145
-38.77361818 -776.25572954 68.48123776
16.37588378 -843.72765405 24.33470360
-8.19593905 -815.33010592 42.20792130
-63.23310476 -770.33293333 48.51173333
15.17332815 -841.26821397 25.90293683
-17.73683378 -796.49980518 51.06892301
-46.88988689 -741.53462459 14.30647022
-41.50186337 -746.07608365 34.76786746
-68.29287112 -764.16085714 50.77508014
3.73233440 -787.61777198 48.01798477
-23.41690231 -761.93750077 69.77991641
10.01935501 -843.89724351 28.44867499
-27.73704750 -746.71415250 87.93668333
3.50215178 -826.44087355 38.66391590
4.45008567 -834.95132533 34.30420033
-30.72624118 -799.16419012 58.76509737
-19.61801449 -709.01074928 96.68263986
-14.06546263 -738.40263575 87.08031960
-5.95390606 -828.57540457 34.31790575
-37.93598947 -760.01855263 62.43929649
-2.45824542 -793.44786269 48.05961934
-2.94010971 -828.83742958 34.06093177
-5.80205190 -826.60007627 35.56557213
-39.28641990 -794.11256304 59.95841500
-80.88626397 -778.26841863 47.23388635
-42.31950541 -744.17079498 93.24641248
-35.58781774 -757.76430565 56.25348868
-45.47469775 -722.21793371 96.20398839
-8.41588495 -793.74875000 48.64957581
-47.57932500 -774.66718874 73.05481848
-49.82564869 -799.98706797 50.62823301
-46.52104000 -753.58968000 84.76073333
-35.90534372 -708.94899874 93.12131032
-40.64274821 -751.90008462 42.98673128
-25.39733333 -728.72340000 96.57556667
-86.63392512 -783.84374847 46.76296620
-4.83487534 -812.41486301 42.40102100
-19.53079237 -783.23006489 50.40995242
-62.71987122 -766.22129732 49.06568507
-44.53304377 -763.12682167 83.12970807
-26.64322816 -757.25666016 81.07925422
18.32826526 -832.34232240 26.38627233
-17.94113094 -747.65204887 81.95648911
-18.04804925 -730.42083305 88.50528770
-33.75379697 -744.00832727 43.24296970
-80.41910188 -775.47875666 48.04536204
-14.77889409 -746.34006803 81.97313621
-19.95890233 -749.60352093 81.45458775
-35.72947189 -744.38241935 41.04015494
-41.93544000 -749.97448000 33.10321333
-44.10030280 -747.42146822 29.29416417
-16.10037778 -706.18836667 97.58912778
-47.12122596 -804.77857518 44.12678597
-22.13355000 -760.01805625 72.79710833
12.28729755 -781.45743677 44.57222841
-4.72315294 -784.60069294 54.65376745
-32.64209397 -737.30337297 92.80814477
-47.34196224 -780.43710918 69.65654966
-47.07862100 -739.60864819 13.78898944
4.24474219 -817.24633471 40.47554722
-64.62036154 -772.04725385 48.57468718
-19.83102800 -734.32619040 54.26569253
-42.68384000 -704.79030000 91.64139333
-29.69316283 -750.50471395 86.17266155
-46.50117619 -742.72929048 22.01051429
-41.88498310 -805.07584625 46.86612139
10.29119964 -782.10911115 45.37272290
-74.09313308 -767.24758131 50.17515808
6.63467113 -835.63870343 32.73888624
-28.79701538 -702.00463077 90.47722051
-35.71220806 -783.95402740 67.83030982
-2.75016170 -817.12651462 40.50601779
-32.75892368 -715.27432674 94.54699587
-19.63591214 -840.64948000 31.52188119
-11.74477959 -739.11925598 86.52324776
-39.07324389 -750.68937011 85.31730399
-41.13797020 -745.36046566 94.13196205
-2.09228270 -781.78544757 54.63386198
-35.51039015 -807.76832432 49.56542170
-16.64918944 -731.43598451 54.23650869
-30.41994342 -779.42739475 69.35420947
-65.91578133 -769.12795962 48.90549371
-11.41947685 -809.22071653 46.57089828
-34.04946757 -744.07772432 42.24078468
-2.94706849 -826.38891131 35.53898753
4.77215000 -836.92755000 33.65520833
28.21683492 -776.64339365 32.96447460
-32.56444939 -745.88896822 86.51404788
-56.86909354 -757.40091380 80.05236401
-40.80990000 -770.84340000 71.91463333
-50.79333444 -733.46390466 91.49360689
-17.92308670 -766.30555388 67.25893755
-28.66386082 -740.57639794 49.02304313
-48.58383953 -797.34562016 54.21702171
11.64744100 -777.82059234 49.20100481
-12.42493853 -790.55341402 49.11691169
-59.20066373 -760.35738160 47.65226461
-30.07906885 -763.73476951 65.54706361
-9.23430168 -765.34538392 66.68098984
-43.33873333 -754.99980000 84.69963333
-17.77741308 -742.27664691 89.00347237
17.03390145 -777.72860870 42.74016957
-44.55699124 -739.32759411 93.10517513
-56.57734718 -751.96880722 82.15596200
-29.85487382 -706.25823029 92.05011730
-18.07821066 -727.32631140 88.36427274
-17.71069262 -736.19453991 52.50695270
5.78539358 -817.20236341 39.95574653
-44.55912248 -801.25417752 52.02940793
-23.22859586 -794.40459941 54.28448679
-22.51032061 -759.75382807 78.42501491
15.12366934 -811.41357821 41.05245671
-32.81451468 -739.57002150 91.95732266
-48.18252039 -780.49577281 69.20525296
4.28272500 -803.93040000 45.94223333
2.44578172 -786.94171664 49.08570707
12.60998333 -835.66164398 29.50685873
-32.30221890 -771.58089349 68.34631226
-42.02381771 -710.14373383 93.80968180
-11.04880316 -793.67325133 48.24706170
-38.85461252 -799.15442247 55.73896290
-47.13146715 -804.06016788 46.00245450
-26.82447198 -739.97004821 49.99832329
0.58955495 -779.62268739 54.83698063
-29.81063313 -721.33693155 95.47876522
-32.23098761 -792.35641755 64.16852743
-56.99324253 -718.29379143 91.28087658
-50.89232802 -727.23771032 91.74224644
-17.41282896 -817.58857195 43.51059543
-62.48780900 -755.36606218 79.55067590
-3.55621417 -789.37357125 51.81065479
-16.20337500 -708.91417500 97.20768333
-6.27456607 -808.14591613 45.93960819
-36.75274375 -721.98603780 96.79956607
-8.73306640 -828.59577430 34.17254055
-20.16714724 -730.56096130 89.98621037
-41.88229628 -760.23501503 83.25296753
35.18574839 -813.86527742 36.74584946
-42.86734256 -743.08615927 25.98406102
-12.11221785 -735.93662272 85.81170099
23.42214248 -781.15644325 37.29107428
-38.39941044 -730.08924451 98.23123861
-5.82333737 -823.23391361 37.66866390
-40.81188504 -717.53441173 96.21847410
-34.73060767 -729.88023734 96.14399701
-36.66471599 -804.32237158 51.81225127
-36.49603972 -774.75705410 65.73275301
-7.64848543 -726.95639688 81.37619243
-51.67372384 -719.42711453 92.83410019
-54.52369167 -757.06575417 45.87654583
-8.85153056 -730.28824825 82.46446622
-20.95694493 -799.41478069 50.18904854
-29.68241133 -760.72617652 71.69381082
8.58666352 -784.17821029 45.98597162
9.39475808 -826.36813573 35.88783907
-51.14422919 -721.62204250 92.37960684
-38.70617405 -706.67408990 91.51842874
-43.03351912 -786.06746324 67.14585686
-22.17040000 -698.76900000 90.49703333
-48.95795000 -788.90665000 67.13098333
-32.34717224 -799.68296650 53.33787420
-36.09122970 -757.38463083 47.30213784
17.90363552 -829.25196863 28.38464452
-53.77561467 -757.37351686 80.95546711
-46.79865000 -744.29605000 17.59893333
-65.28532136 -716.33870832 91.77458940
-24.50099043 -700.31278868 90.16143317
-18.22151458 -711.24772708 96.63201667
-43.92295647 -723.84966433 97.21097654
-46.73649255 -741.64842583 17.14462522
-27.06591417 -807.34739947 47.22076446
-10.09931667 -843.00392222 28.57623611
27.91719271 -849.94269119 18.04511084
-30.17806667 -711.17719107 93.44018452
-35.63593333 -718.83130000 97.09573333
-12.98782157 -788.51333791 49.09650196
-33.94340085 -757.21396467 83.74022262
8.05816157 -721.85012314 42.77719360
-32.85243513 -795.17389803 60.77456228
-31.62350045 -742.15201445 46.02137058
27.14618322 -818.03665338 35.95612599
27.44220584 -841.52569966 17.89763986
-44.97409603 -807.76917643 39.08328768
-26.64204089 -754.36483317 80.61615382
-7.42586667 -798.57760000 45.38796667
-8.81945550 -796.11100818 47.48701667
-34.33230000 -755.80626000 69.15251333
27.42388271 -847.14949199 17.77174896
-77.82312497 -775.18358422 47.80297191
-32.39333636 -752.99059091 78.94992879
-28.03562368 -741.36512105 48.22010965
-28.72411250 -723.26620000 96.84849583
-52.10888333 -761.90170000 81.06948333
-2.75873162 -820.53854267 38.80159786
-47.83733399 -802.95889660 47.18289868
-3.35871401 -726.88729588 79.61550906
31.27575769 -815.66701154 36.45431026
-52.76084516 -757.44917742 81.79918172
-9.92687556 -742.15215111 87.65016889
14.46482352 -837.65753320 27.99249895
-12.30467235 -816.39647880 42.80923771
4.28767219 -832.34085308 35.69651274
25.62153333 -843.52266667 18.50679333
-38.80558574 -800.56731300 54.14259561
-20.20629960 -704.34547540 97.09616786
-36.01288896 -730.26199273 98.04116791
6.50551285 -804.16982865 44.81850017
5.21260000 -804.04146667 46.26910000
-42.32181483 -724.43555409 97.44369213
-31.81626618 -760.31333529 71.17661127
-32.32062653 -747.98046928 85.68453172
18.56267265 -844.27724363 23.81718636
-38.39663957 -793.10427955 61.59734555
-39.53467046 -737.20824440 93.36602675
32.51173468 -819.15896694 32.85375188
-18.02767120 -838.15762998 31.83899849
-42.84601062 -744.92294249 26.16496543
-41.89814535 -706.65156948 91.94058967
6.24638437 -832.39612643 34.71319570
1.96376571 -824.51414857 36.38358762
-32.67846963 -688.74935336 86.51797006
-38.01254802 -697.55234888 91.05574228
-46.03358718 -728.37573590 93.41710256
-2.40536667 -808.63463333 42.48303333
-54.37609113 -755.08700233 81.28723275
0.12730804 -796.39128551 47.06686674
-43.19865000 -737.37703333 14.91568889
-26.98611558 -801.99682985 49.53718534
-18.71809871 -795.28388143 51.79870156
-38.14241058 -771.13745337 70.33550256
-6.67546667 -799.77710000 49.71970000
-38.85661081 -749.37741794 86.43681327
18.27566229 -781.21535366 40.95518619
-23.81664124 -700.57888412 90.84329976
-50.86832425 -791.34072575 59.84259527
-32.58673263 -769.58492420 68.39848053
-37.13883750 -729.75573250 99.65127833
-37.86009692 -732.45796769 97.11618256
-32.53289000 -750.46019982 82.13284497
-47.95895800 -803.65848200 45.24134633
-23.98706061 -759.58127793 80.22577074
-32.26166667 -752.71965789 78.29349123
-32.46877165 -807.82893022 48.25732487
-17.83952551 -733.28031785 88.40539247
-40.36662000 -757.89108000 45.51969333
-22.62962766 -737.45373617 52.90845674
-29.46831396 -739.41374871 92.17437711
-0.77474704 -724.11752382 45.86398068
-11.29946192 -727.14758651 83.84936428
-23.03523486 -721.60553082 96.98628342
-30.22333377 -700.35800040 91.00136275
-61.19526333 -768.30986000 48.78283000
-17.58248368 -722.17388710 88.71770103
-65.81816703 -763.70536057 50.42293070
21.07776436 -844.31535805 22.70843970
-29.67865846 -768.34605538 66.06437179
26.68482662 -781.15310725 34.42870659
18.61669283 -806.46992197 42.33284723
-41.87132683 -802.89645764 50.44598826
-13.95262046 -836.17961419 30.21838548
-24.30200253 -703.19588690 91.07458172
-42.90737500 -725.43399063 96.33499583
-11.14826128 -730.37083670 83.95538379
29.13268091 -829.95152182 24.90477879
-41.66864785 -801.53702586 52.47185229
-44.70700371 -807.29122303 40.38794622
-29.82008392 -724.26289213 95.53714490
-44.25345115 -804.38559265 46.96816434
-13.86035537 -728.28255000 54.06509011
14.10904400 -846.12728667 25.94714133
-41.68870940 -762.10441181 74.06890490
-50.12031461 -752.42824831 40.34460375
-29.89304894 -730.34419186 95.35679591
0.65361111 -779.53438148 54.44970741
-20.84251126 -736.41499547 89.79910890
-3.31139149 -830.13455440 33.08336162
-15.75057597 -736.27755977 87.75328193
-24.05644387 -742.56637945 91.19085158
-34.96799892 -760.21290612 61.80404448
-34.86050870 -798.62518261 60.59845942
-82.85452681 -773.43498478 49.38650290
-40.62877059 -758.25271618 45.75967598
21.28778938 -814.60192694 38.84004119
-37.95995000 -767.06232500 66.32003333
-32.77605802 -796.68570582 59.86306791
-74.80633088 -772.99098162 48.25273910
-12.39428708 -750.72444141 76.09140446
-24.05064522 -807.01137132 47.10814142
-26.38863017 -759.54265638 81.28511584
-50.58920000 -750.22594483 84.72638851
-56.66467283 -729.58701716 90.02244518
-63.72484638 -771.87390128 48.44170440
-43.23923125 -740.07130625 20.49983958
-11.06124828 -791.17910172 48.44643851
-7.86606836 -724.83244128 81.28130383
-29.81416565 -727.29025619 95.38279645
-33.50359507 -689.62637958 87.68086573
-3.45832253 -748.50330887 73.87318371
-16.52861089 -839.33758713 30.39371848
-26.48342531 -736.06369330 92.75851494
7.48218462 -839.66634615 30.42322564
-41.27450104 -751.38364392 41.00327488
-32.86261340 -700.30588797 91.79467945
-42.18894335 -786.84245169 64.52839248
-46.26710000 -744.07640000 14.25673333
-8.79727226 -751.28353283 74.11284746
-34.75512132 -764.18938008 65.47457991
-43.17430000 -731.82720000 93.52953333
-20.00869382 -826.92461977 38.50541799
-29.76318869 -781.20080714 68.69718115
6.41758208 -802.47294009 44.58904876
-24.23142292 -730.04579169 97.50930009
-5.61521768 -722.57629722 80.29451869
-29.92511151 -786.36198335 67.78537937
-35.65456269 -727.18538778 96.16286974
-29.67000070 -751.99234016 82.69594861
-7.56106806 -733.59947315 48.39617546
-20.78084240 -803.05101694 48.29203100
-27.02999089 -766.47944112 67.80879922
-10.04168387 -791.60104839 48.24044301
-42.92602500 -743.49146923 28.38066410
20.49437500 -818.92509167 36.70129167
13.41088353 -824.54941294 33.38119098
23.59418536 -787.11397238 34.87103436
-56.83295326 -758.20686519 46.40584082
28.18502516 -809.38337799 39.32870881
-25.69802500 -787.61450000 66.47458333
-31.77590833 -732.52969167 96.69072500
18.23582316 -808.37878881 41.80204356
-26.75602470 -700.25734255 90.08048368
-22.20240000 -762.14213333 69.60280000
-14.70964545 -767.89286364 66.53319697
7.58604474 -840.65836053 30.14861754
23.20584789 -849.50332113 21.77301925
-49.07362727 -719.67779091 94.51096970
-22.27795000 -749.10640000 85.53503333
-23.45500175 -760.99837227 70.84422449
-26.99141950 -781.51577211 68.73113604
-68.62958841 -766.48254078 49.98932479
-44.79889739 -757.38137184 83.29852136
-42.15860073 -750.92025481 38.14964599
-37.16166860 -799.16255814 56.27344147
18.22784375 -824.71192500 30.37772708
-80.34212355 -772.42776725 49.29907603
-27.01209935 -795.00371634 54.62840327
-36.31350000 -707.10814545 94.60715152
-14.51706911 -751.35434931 76.98078966
-36.36550000 -755.83020000 55.79963333
-35.96682857 -752.15201429 48.72394762
-41.55954286 -738.55646905 93.75646429
-28.14162927 -766.71858780 66.42991382
-37.59847464 -769.42231579 68.91369530
-46.61103632 -806.10041421 41.54986018
-22.85785468 -759.73728079 72.88644269
-49.75047829 -796.45676711 55.26221096
-46.47473333 -806.92880000 40.09860000
-11.40302325 -751.76050933 74.91682323
-65.16994407 -717.94111556 91.24256746
-41.37667629 -749.16844513 86.71593328
-50.20447083 -753.15937500 39.23914167
-36.11000000 -749.81710000 43.90983333
-37.16660000 -746.87710000 93.46893333
-44.79830000 -750.44765385 37.34767949
-44.93197174 -806.44694052 41.41111188
-29.69244782 -694.18565873 89.58830700
-46.97623783 -727.03756817 93.85701096
-9.81830551 -725.47748088 51.85930870
-7.78246087 -722.57792174 81.30698007
16.24221756 -781.61299886 42.27256013
-44.74631661 -805.43242282 44.12022525
26.61894570 -810.55153996 39.75114952
-12.05555253 -825.69731425 37.04851805
-31.66669516 -765.32881344 50.02865269
-26.79630723 -805.34976625 47.67175015
-34.21195000 -767.65875000 69.77623333
-31.53813281 -806.60345469 48.44978490
-23.95450311 -801.43932036 48.90174579
-38.45706134 -745.00968757 37.82724377
-36.72787778 -748.85574444 45.73596667
31.14017500 -806.77248125 39.99155208
-35.59794343 -805.46042351 50.71339986
-45.28709383 -742.00385901 14.14121136
-42.06656623 -806.11563483 44.59548618
-37.19866000 -800.98910000 55.39485333
-17.85868906 -739.43318807 89.03781249
24.19155091 -844.29945418 19.97413719
-41.75530185 -807.03456204 44.05716574
-91.44843182 -785.09070909 49.18588788
-65.71547769 -770.60054545 48.50106474
9.69847868 -838.74273604 29.85332338
-5.42951388 -787.54672959 53.48859265
-59.77737274 -754.61416837 80.43986247
-59.78970741 -716.64430597 91.31735288
18.16669253 -817.34603001 37.56374423
-46.64347333 -729.22420667 93.63973667
-1.07585385 -726.21893462 79.00582949
-5.47402745 -799.92302745 45.28750294
-69.27533455 -771.11657068 48.60817522
-16.08266667 -803.91860000 48.08096667
-33.64065000 -750.22311667 87.61561111
-39.09549013 -790.74880101 62.65376142
9.26349379 -835.27691611 31.80605165
-47.59721897 -724.51164250 94.09918798
24.34440843 -814.43158326 38.72917360
-44.96749779 -745.45161007 26.23430385
6.06927909 -795.85698436 43.53110122
-36.07549265 -690.10134265 87.42176716
5.64461021 -726.53483591 41.96292378
-44.80655428 -802.52681819 50.03728901
-24.93597240 -729.23064479 94.93618281
-23.93494704 -791.29612357 55.90528238
-35.73885125 -691.68027575 88.82408919
-41.55528922 -798.88847009 55.53603813
-39.93649563 -805.08124281 47.61278583
-29.51217139 -805.76406858 48.10851820
-33.33017455 -768.73925182 62.69089788
-61.09833333 -757.79460000 78.49196667
-47.52522989 -801.73018788 50.17150969
-66.41578489 -774.60191491 47.76134710
-39.76896341 -731.16838537 96.24930650
-48.27825650 -800.43371500 50.98791158
18.19906041 -796.00088090 37.28919022
-21.60543350 -750.51915939 81.93962420
-43.59787273 -803.90130000 48.82476061
-41.83809684 -804.08984596 48.92565860
-59.72263600 -724.14468800 90.78458933
-6.30688194 -825.12956323 36.72600946
-47.50431263 -799.31924907 52.99254682
-29.93873134 -691.78876560 88.43725877
-32.83647233 -730.53289803 95.24124161
-68.80133442 -769.18429583 49.08371379
-26.66199346 -786.65498766 66.97048830
-41.65743574 -727.12795502 97.64910643
-47.28785833 -773.78926667 73.43220833
-68.75586000 -772.51166587 48.16678315
-36.50252055 -752.09815098 83.11866523
-35.47146572 -776.56200566 70.84724025
-80.74458006 -781.52908184 46.34508423
-47.05286897 -800.98385172 51.73291954
-28.84763958 -746.98490208 87.66850625
-18.30413204 -804.65880966 47.92374028
-26.69538738 -784.28721490 67.57546635
-38.62359225 -724.21256803 97.38559543
-3.95816462 -802.62344154 45.72643641
-11.04955506 -746.47510623 77.84016165
-53.88213335 -721.18555874 91.49608571
-63.19974967 -771.25535954 48.64411327
-21.44601236 -792.25071533 54.69617544
-21.93013152 -825.29865815 43.11375942
-26.91503912 -697.47486050 89.73106820
-11.63865965 -835.51597480 30.19791974
-44.87909605 -799.80449630 53.33037384
-27.60064876 -762.64074935 70.83870606
15.23661990 -778.66968584 43.28865997
25.48654444 -851.90346667 19.81503333
-8.80367677 -826.56426785 35.68338756
-35.71763531 -789.87285838 64.20407165
-23.72124537 -754.38313576 79.95423240
20.78194336 -831.85391505 25.26444698
-0.87447615 -723.93288073 78.37090398
-18.99167129 -714.32352277 95.55613135
-17.43847059 -733.56567216 53.49216566
-38.59831854 -805.31191755 50.34197338
-38.06752900 -807.67609514 50.63358833
-35.09211561 -763.31199543 61.62920550
-71.59429157 -766.67744020 50.35555042
-65.71105916 -772.45141943 48.22996172
32.63665955 -813.97477910 37.11934446
-39.18576962 -803.14668433 50.74281353
-8.89367384 -746.48514988 76.73019926
-23.35260164 -749.98323607 85.20064645
-35.88073395 -757.93009742 73.92587125
-14.79355555 -814.30848325 44.24193445
24.39881667 -776.77613333 36.25491667
-34.72075503 -786.61869815 67.06015952
-44.48140018 -745.25673285 29.29564687
-1.90428576 -782.17661197 54.17448759
-37.58077670 -692.11182621 88.77729320
-32.97818821 -778.99110010 68.83239929
-33.46501510 -807.42599396 48.89053516
-37.82037158 -720.86645237 96.35699096
12.90086686 -787.99411163 42.17722243
-3.20288153 -730.18997865 46.20449323
-45.43203636 -760.88721818 84.67726970
-65.85693678 -766.37114087 49.50474409
-17.99160390 -802.04864078 49.06207857
2.00111250 -789.14046875 48.70931667
2.66942500 -813.40337500 42.63723333
-22.34750000 -758.74432857 78.52930476
-12.09888449 -828.76408326 34.64672542
30.54103620 -778.07664932 30.23923333
-15.24307981 -793.69233100 51.22481635
-42.07008317 -800.28437470 53.79215544
-62.82967158 -769.38295995 48.78896184
-18.15578777 -704.33927174 97.60510208
-43.96868974 -747.02422821 26.74984615
20.49560367 -827.10894653 28.12208680
-37.70219810 -805.10322589 51.86207158
-32.88820325 -724.20773756 95.55014396
-38.98260495 -801.65877032 52.82794267
-15.96806895 -734.10393105 87.67832514
-29.93778352 -778.24586034 70.48092147
-18.08520488 -841.32713553 30.87877939
-24.11825868 -750.71087430 82.51963280
0.02747338 -799.19940470 46.88003010
-29.22834328 -697.25217990 90.26550482
-32.90977396 -805.35928794 49.59765371
-17.73556208 -745.03216810 89.29603190
-29.72358708 -807.62332637 47.62742820
7.41679035 -788.32770175 45.36598772
-30.14584286 -689.65068571 88.20031905
-42.83932727 -806.45628701 42.19918139
11.85529103 -826.36626738 34.21052596
-2.45453327 -732.94613069 45.09184392
22.56108584 -785.41534248 36.39970590
-35.63971125 -762.40841875 56.56726521
26.20090653 -783.63434070 33.91548157
15.11561971 -787.25324438 41.10455811
-32.68619538 -763.04842374 49.73223149
-21.33199540 -768.93491572 67.74786341
-9.96141781 -735.48062055 84.77293744
-42.37809177 -745.31651078 31.96761518
3.89997496 -823.58744604 39.02117831
-34.72226996 -803.50946726 51.33706517
-28.57962100 -747.13044900 92.11232133
-24.83962716 -732.20606728 97.71922963
-37.52481250 -695.57172500 90.64923333
-35.62476961 -802.82249581 52.39412762
-38.86730000 -749.09520000 87.60622667
-44.77236456 -721.59622057 97.86343891
-6.98245698 -746.53970814 75.74916240
3.20109972 -790.33869291 47.10751370
6.06427385 -826.17111548 37.54602436
-4.80860654 -785.13525293 54.20938890
9.12298267 -814.13133130 40.29220868
-35.59553887 -710.42255396 93.74184705
24.74776074 -812.34907481 39.38636185
-38.87804545 -762.38246909 82.74791515
-32.56871202 -802.95133072 50.90184310
-28.65810205 -741.46020342 48.86455731
-33.08870479 -801.66361091 52.15385152
-17.80454980 -793.33745809 52.68009889
-72.06703476 -771.19891280 48.68775742
-32.84790825 -790.35060662 64.87750948
-5.38083297 -834.64147060 30.94442784
-17.47107678 -835.57803551 32.46282446
-30.17591579 -756.68279211 81.65310439
-21.94992593 -702.59978272 90.89575802
-29.72596233 -802.56162817 50.13676450
29.69055000 -780.30738750 30.39005833
-50.88668975 -738.60076101 91.91664700
-9.19003987 -819.72572662 40.12904858
-11.40792286 -830.13673329 32.98539539
-38.15985664 -795.73698187 60.86791700
3.20646394 -724.50265516 43.69370931
23.08653900 -789.07105300 34.43673733
-23.80279384 -805.38222874 47.44313573
-39.00857205 -721.67754154 98.12805454
-33.59104882 -788.32081220 65.60993461
-35.77934733 -796.55722950 60.04141740
-38.46679753 -781.48864282 65.79566178
-28.08109333 -803.97073000 48.59409333
-16.00165333 -847.40596000 30.58209333
5.46967714 -828.73563002 36.99369232
35.33241512 -816.40301463 34.45510553
-17.65842112 -756.54129270 76.70418125
-39.29278438 -797.52542733 57.23302342
-26.17381874 -803.34513432 48.28714218
-39.64747163 -787.82655802 63.26919493
-38.45291611 -796.35894643 59.23581327
-36.98219464 -771.09060714 70.00741548
-45.09287165 -744.71578110 23.12721398
-43.73583111 -711.53139148 94.07101148
-8.97571031 -741.69290487 86.83827877
-39.40636364 -763.74276364 58.77841515
-30.83985962 -801.08811250 51.72625737
-27.56820000 -746.17496000 85.46071333
-20.76516222 -805.19802741 47.63831162
-22.18380000 -806.87666667 46.92643333
-0.43609039 -721.91341072 45.99549914
3.03578425 -727.24719573 43.18779928
-10.71450738 -741.41988322 87.39445145
-38.81427082 -758.26909950 75.02919718
-29.78646038 -732.19715847 96.73840923
-23.78149428 -802.92709361 48.17244664
-32.24723552 -798.43257268 55.00982705
-29.00893020 -800.59406711 51.36720380
-20.85965055 -761.39854038 69.06071726
22.97343444 -844.87974222 21.81916333
-15.18476199 -801.50086739 48.87890268
-12.73312910 -727.51518339 84.89313675
10.39802353 -821.59457059 36.41656275
-27.97677368 -768.34394737 66.42518070
-32.60358992 -777.76251866 70.38852590
-32.86339965 -799.39312629 58.75232315
-32.29313239 -776.52066761 71.40765446
-35.58856432 -768.84617437 62.97916851
-32.46555287 -801.60131947 58.03182745
25.21952500 -787.16505441 33.38210392
-15.22448813 -739.70236950 88.34684293
20.87477733 -841.27493462 22.86643946
-29.48991538 -766.72634615 51.93485641
-15.32437143 -746.88200000 88.92050476
8.24153162 -825.50530481 36.80691100
-37.14850000 -752.82600000 77.99653333
-74.91341622 -780.43642514 46.37529414
-30.77696458 -802.91681458 57.42650625
-16.91986364 -789.41849091 49.19299697
-41.95061351 -793.35719527 59.51865735
-26.09002652 -733.80799931 93.07683058
22.33437089 -838.57165788 21.24052991
-47.74440345 -749.24645218 85.87811862
-21.82885250 -756.95899069 78.74658891
-41.22035134 -792.64782273 61.12104791
-69.62161263 -777.26283030 47.11966515
18.79057692 -818.71088000 36.43500410
-13.93100389 -754.56275157 75.24476703
-41.82858812 -790.05654848 61.87056137
-36.22019977 -795.28130126 60.73979402
-44.63507205 -787.58459009 65.05431855
16.21794444 -806.75371111 42.50013333
12.16045867 -808.20606199 42.81310175
-60.62087110 -763.16834286 48.77055768
-59.98154682 -762.53075087 48.30124721
-33.02443994 -760.90606159 61.83173791
2.54900030 -801.82182274 45.73089779
-35.92406806 -793.54772712 61.50762372
-53.56809487 -753.88031097 81.87007241
-65.88846552 -766.92053103 48.30380575
-17.76190561 -803.37566238 48.30841429
-20.51924069 -801.84735344 48.98300136
-9.54973617 -753.17096008 73.95115784
-30.88918657 -796.75282901 59.85797769
-3.64185342 -733.08460635 45.92524354
-35.09263645 -687.56640841 83.82357445
-56.12401734 -757.45914171 45.01544816
-33.13834271 -793.64950381 61.71425218
-21.45547112 -725.32372766 91.48825339
-58.47200000 -758.61650000 46.61723333
-45.30895395 -789.01859450 63.96213986
-60.43931037 -761.01121259 48.75949704
-44.48358187 -790.06833787 61.98780312
-41.11225000 -789.07305714 63.91673333
-41.69844208 -736.51987163 93.27595823
24.53851003 -850.01973144 20.26843430
-30.76780000 -753.06680000 78.48503333
-36.14228633 -791.25110589 63.08340333
-23.78710648 -799.38295787 50.43870786
14.43010637 -829.23350958 31.11344478
-40.01630882 -719.60531765 100.00305392
-15.60396900 -802.71357386 48.36823850
-0.21680142 -817.54907744 40.15428145
-0.98497589 -786.12818300 51.97707286
-17.46673791 -799.21766589 50.16179856
-44.17855878 -742.52740665 25.93494824
-30.95174715 -795.18355337 60.80103385
21.20622817 -819.53524854 35.53490190
-38.50523027 -787.02418633 64.45713173
-15.00841298 -799.37032952 49.64796603
-37.85574957 -789.36460288 63.95151402
-31.03365714 -794.61808980 61.13061701
-34.04779565 -791.58945942 63.25199855
-45.07585263 -742.36322921 17.12912241
-35.95836786 -787.45933382 65.28652533
13.26854884 -833.25563837 30.23842287
-20.57297193 -797.13934596 51.23824550
-41.27963750 -745.92182500 37.57537083
-46.76892414 -736.96136207 13.61452989
-44.83821228 -744.17714211 18.07828070
22.30171579 -849.11283684 21.25757368
-44.99513370 -744.32917096 20.31065361
16.46432857 -788.47689184 39.43091497
-38.72594797 -728.16552211 99.96050862
-13.83058210 -749.31684154 78.13314606
-5.95542001 -730.08204378 80.97444095
-33.98407756 -754.51916353 83.22112191
-29.38210475 -690.29183149 87.02462917
3.82700376 -799.24184008 45.08948253
-33.93000000 -743.08130704 42.30457840
-36.23513060 -744.85105271 93.37240765
-19.04814444 -723.10794444 98.82282222
-47.82185357 -776.08536240 71.05463379
-39.39010000 -755.99843333 41.17323333
-17.33273843 -748.98094137 81.04411770
-46.44729064 -741.87920832 20.01972128
-13.00253333 -753.02375000 75.64214167
-18.24275878 -791.59082341 54.26657913
-30.81350784 -792.44924895 64.60662473
-45.68700000 -737.25836042 13.86804167
-45.72712500 -737.43915000 15.88765417
-44.99285695 -739.03150810 14.22006262
-20.79146573 -795.82162033 52.33912469
-21.46973571 -778.27242500 51.97046548
-46.52855882 -740.42992471 19.48399216
-36.55857514 -784.93741010 66.07225933
18.18247303 -814.95733588 39.00885140
-45.00083358 -739.44752277 16.94637111
-44.95417238 -742.32101822 22.80023907
-30.96379773 -791.26593447 65.15619015
-32.92319281 -786.67985324 67.82862322
-14.66247403 -796.34006399 50.69059900
29.46751429 -830.50739121 24.27302015
-45.00133082 -740.07527566 19.86215267
-26.35451669 -730.46900157 97.07042959
-18.60078000 -731.12416000 90.58637333
-43.76705898 -784.25724893 67.97286229
-46.77573846 -740.42886923 22.02831795
-12.86278238 -747.51105087 78.86839115
-29.06312952 -796.90408449 54.01398857
-20.38139858 -793.39114964 53.70441286
-79.57451250 -770.63262500 49.82107500
-46.74085000 -737.78170000 17.02038333
-44.50237540 -740.31947698 22.14377460
-20.75126801 -791.13619487 55.17461074
-16.78794672 -794.30781533 51.37152713
-46.54612500 -737.22467500 18.59625833
-9.38583068 -735.14342510 84.18664529
2.24434706 -820.69679137 38.58010804
-11.88632371 -841.34844390 28.56511937
-42.88128974 -747.79678034 29.15211282
-50.67832162 -776.42240350 70.59035654
24.33525442 -818.27013214 36.11806888
-53.11594165 -727.13327276 90.92248739
-71.76793497 -769.32904312 49.31823396
18.03748283 -819.04025657 36.73892020
-32.66395160 -784.13420265 68.44849273
-15.07536000 -747.19847722 81.72846222
-29.14390997 -762.71909317 70.51146133
-19.84760980 -791.26053137 54.29033725
-36.44559965 -755.21557594 50.11532887
-21.22385850 -709.17483191 95.69666516
-47.69291150 -796.10038070 55.73809760
-44.17984305 -747.52803562 31.80369181
-32.16950333 -743.51385333 87.33421333
-14.79342484 -724.74158156 85.86915715
-44.00396174 -745.79160731 31.90370246
-10.05835000 -731.06585000 84.64798333
-44.08807576 -748.21304629 34.95894674
-22.60159320 -746.15613229 90.47783928
-45.03870714 -749.52725000 36.84243333
-14.73517059 -730.32580893 86.22039696
-50.74548960 -736.21200314 91.61972746
1.89679079 -781.67766124 52.90449629
13.03983681 -841.71136293 26.97751457
-15.92397478 -792.84515884 51.74689883
-43.81526156 -743.45655125 28.44691521
-2.81237356 -724.38769477 47.06119297
-39.17772188 -754.30419506 44.23732629
-44.35894513 -708.73502056 93.27616231
-18.87914805 -791.14015325 54.76693463
-49.02331324 -752.08114559 40.17831422
-22.35970000 -738.03840000 90.54103333
-14.84141845 -761.41013780 68.82484746
-41.75300870 -748.07619460 35.37044128
-5.63055180 -733.25159868 47.25340643
-41.85655180 -750.53525117 35.84813459
-38.93911953 -742.17255043 93.39139432
-50.28493581 -744.98747054 94.10888186
8.27129783 -809.98709783 42.68388333
16.96610419 -832.45781209 27.75775891
-35.58476766 -781.42219909 68.86364478
-41.05378077 -755.98089231 41.05090256
40.43873182 -812.54856364 33.43390606
-35.69165455 -759.22083333 79.52508182
7.32613514 -833.26685338 33.33538874
-42.17860084 -784.16293532 67.05994840
-40.75947084 -753.98919770 41.11681799
23.70187967 -778.40089669 37.39271734
-21.76756804 -759.52375052 78.83349931
-51.31658346 -760.39317669 81.23561003
-14.71258110 -838.43053425 29.86485368
-43.66019787 -746.61277021 33.85446206
-29.93606798 -784.39521139 67.95117631
-32.83622674 -781.42235575 68.56457106
-41.86281948 -748.59719549 38.05849063
-41.21920000 -753.16115455 37.80135152
-8.97145684 -793.91798971 48.14460374
-39.77372333 -753.81704667 39.00093000
-39.56863205 -753.97189911 41.32170485
-35.55076068 -765.26827607 60.04627607
-18.15347500 -768.07152500 66.23415833
27.40917639 -844.40110250 17.70051278
-48.01828982 -759.79737378 82.39541883
1.83612453 -783.09801132 51.79170126
-8.20483312 -724.96247277 50.58057026
-38.70640259 -756.55350757 44.71963951
-45.45135286 -741.97357181 93.72341028
-23.96689496 -786.56823940 66.74391269
-23.25411233 -787.66542976 66.38677569
-64.34770000 -755.78603333 79.01126667
-14.86558650 -727.32461308 85.94554777
-15.25250559 -754.18620255 76.13781234
-29.99970541 -733.57312791 95.42445797
-41.12411829 -749.08939086 40.06879617
-40.52503431 -753.33086131 43.46043041
-26.22454456 -771.77482709 50.79274407
-2.85884450 -787.20510748 52.40060179
-26.80152775 -769.55738336 50.65004543
-36.68409531 -742.78256156 93.61779458
12.39176741 -823.36389593 34.73039120
-23.92897533 -784.45479364 67.44143466
-21.16792850 -787.81846634 66.22842916
-10.09377805 -734.26036829 84.76527236
-20.42554628 -835.26022843 35.45778523
22.10522308 -812.76516154 39.49778718
-38.19087211 -756.75198054 47.00066221
-30.37092282 -772.19238211 68.95727466
-36.83254667 -744.55062148 93.60773704
-20.85346338 -788.92528310 65.84560939
-38.59627657 -754.37575303 46.72647052
-35.79234150 -775.38357826 67.99369460
-34.91421366 -777.33058956 70.40834301
16.33356413 -836.12778386 27.20883961
-38.93342735 -751.97351575 43.89053393
-3.94457680 -811.07828255 42.91348652
-35.53557568 -759.81150757 48.03822793
-29.49477646 -766.21050156 50.47645954
-28.83556482 -768.77411248 50.69916340
-24.91944400 -759.84718400 81.79958133
-37.00979589 -744.40210137 38.95790320
-36.06010706 -772.66881361 67.70554048
-36.00417070 -757.46646082 50.36570366
-55.98887500 -793.57055000 57.49123333
-35.02624818 -759.93907564 49.59294710
-32.80766250 -775.95761250 68.97480833
-23.42220211 -775.12645848 50.59803652
-37.63209232 -756.92219955 49.99705803
-41.66171775 -781.70460067 68.30191520
-24.50166542 -772.64742142 50.44454084
-39.78418214 -716.61316429 96.95415833
-21.82594495 -785.17631170 67.17275434
-0.22565860 -784.18286646 52.36682825
-44.22977819 -781.66529022 69.22858151
-33.16119123 -760.55722391 49.85869320
-38.29000409 -767.48497013 71.58261981
-27.01768077 -773.90716538 70.84873718
-38.68776800 -769.26472388 70.70358958
-24.59978720 -781.96666447 68.58605678
-5.25057189 -792.78246302 50.28896339
-38.61022119 -752.17825894 46.26576380
-37.45484035 -757.36793333 51.72611754
-36.39888000 -757.41244782 52.69795058
-36.15536339 -759.51797252 52.92317802
-39.03289500 -767.40975000 68.68673833
-14.89603801 -763.24011506 67.94979883
-39.60265556 -777.87848889 69.90906667
-36.15906642 -768.83101094 68.52688371
-27.60940870 -779.74746087 69.47126232
-5.83947401 -790.23004449 52.43815416
-4.91537158 -791.39783118 51.22325161
-30.10145996 -759.57356701 72.67954412
-35.53359880 -760.13789103 56.24300678
-35.29714782 -763.21559702 59.41622279
-52.40562500 -776.76740833 70.36341667
-35.56376685 -765.65545672 68.26572595
-26.83448474 -779.04031937 70.11339650
-14.11470738 -736.29305894 51.21155440
21.24563623 -781.58703653 38.71737416
-41.71598216 -754.34761560 83.60988741
-35.08961429 -760.36793661 58.91222024
39.04338062 -816.36295426 31.87744884
-32.50113421 -771.50460000 66.00705965
-51.73402559 -757.88649892 81.38757871
-40.02424677 -767.62790484 72.87446559
-45.03904092 -724.78001678 95.38736232
-32.84853518 -769.36139644 65.18460962
-21.80640514 -732.68069605 90.88569638
-15.60037079 -736.18323109 51.81072797
-14.78873886 -844.33834830 29.19723178
-12.41941445 -756.98449288 74.50076213
-42.60509110 -762.69527553 83.18207935
-27.30144774 -762.25226186 73.13725706
12.13112837 -838.27299929 28.67778942
-35.13387701 -765.91951687 65.00156584
-24.78614308 -763.79625231 66.42031641
-6.39753263 -732.03694526 81.43287965
-36.09578360 -766.89630000 70.17831026
-25.11689091 -779.92670000 69.93408788
-35.74918559 -697.58857529 91.47887737
-2.71804787 -790.50212493 50.40277107
-36.53895200 -771.55630600 62.97565733
-25.01665192 -779.18733205 70.33248590
-39.20824088 -747.22719126 93.79033732
33.19316225 -818.49723775 33.10958631
-68.91639313 -775.25394529 47.52779284
-36.79601076 -750.73604738 85.12851851
-30.50109973 -769.98372366 68.97592742
-35.25508940 -757.90860402 58.97022919
-23.88569961 -727.08566868 95.34327188
-32.30938119 -762.89384985 62.17127602
6.53150994 -837.96420410 32.02798062
-32.76984515 -763.39108727 65.35249500
-20.04725912 -727.34739233 89.79598394
-6.61380240 -813.31912440 42.79510053
-41.39727806 -760.68808587 74.64000123
-29.12166988 -772.09693716 70.11273549
-33.59685371 -760.94587915 59.12706796
-27.06397969 -772.78794242 71.06796924
-33.05866834 -695.12208319 90.81021914
-9.99387273 -750.18395455 76.09776061
-37.97352176 -762.07991059 73.51696392
-36.92199820 -759.44075225 82.84556622
-34.95809834 -764.20976801 67.96507665
-29.60118281 -766.10809234 65.99650593
-35.09630366 -757.72351414 62.06790890
-3.93840050 -812.43595250 42.36805583
-35.77435235 -764.51741412 70.18560588
-26.79350004 -763.32884414 67.78263968
-29.59419162 -770.41083035 69.79422697
-34.30830000 -757.24160000 84.67103333
24.25224705 -829.41546671 25.45676881
-29.80954418 -766.07040862 66.88688447
-29.76972258 -748.54581993 86.52063754
0.30700873 -787.41138377 50.23515321
-2.72360714 -784.38127734 53.60620081
-7.77965769 -736.42537644 48.35640857
-23.74709598 -757.25902102 79.71501345
-1.85940293 -788.12930781 51.20212865
-41.91864864 -742.36251032 93.35464536
-32.08108639 -763.72611675 67.95510707
-37.72303077 -759.89551538 52.32236026
-26.24191183 -768.61760729 68.12105905
-38.63995819 -783.26718836 67.05667609
25.62413333 -842.72903333 18.50990000
-25.18551220 -773.13817073 71.55147480
-34.83275728 -757.34445501 64.78673352
-36.95788868 -762.16908302 73.45698805
-8.84141164 -811.27551302 44.53772701
9.01753919 -811.54991394 41.62340501
-32.69086889 -709.20879771 93.03123285
-40.56580000 -758.68549677 75.30232043
-29.92510425 -763.43495942 68.05763920
9.62585247 -832.85324267 32.82460330
9.20874394 -820.35367443 37.66369990
0.79267523 -785.12009928 51.03847907
-23.64369164 -769.06775323 68.37532047
3.16829051 -784.44624554 49.72371932
-41.52465851 -747.63392330 94.39173743
-31.36881429 -761.60712857 68.70399048
-29.82508361 -761.19503443 64.88693825
-27.51013102 -750.38439983 86.25571320
-33.59503253 -756.84854286 67.99661421
-88.95112484 -778.76720186 48.63344079
-35.81583733 -754.56228741 83.02191917
-40.77086743 -769.87311908 72.02017099
-61.18240000 -768.68900000 48.47543333
-29.59313865 -761.21127423 68.70336708
-6.03633676 -746.69409135 75.22115712
-23.66672036 -766.30771585 67.64640892
-40.17207273 -774.74308182 72.64681515
-21.97345455 -770.90960909 68.38517879
0.24342101 -781.58019314 53.60700750
-21.91798333 -726.34090833 95.91881875
-32.82702942 -748.77189305 82.90018659
-31.83209424 -759.44404974 72.85035166
-26.84048559 -763.54080871 65.92690871
-47.73504016 -754.45217847 82.96076581
4.38010108 -785.22113978 48.33608136
-26.91692066 -730.01157681 95.46808868
-71.83910775 -775.24572365 47.53287014
-12.70777500 -822.09051667 39.68971250
-20.96179774 -715.17223609 95.48481299
-15.32300803 -768.01804234 66.69291436
-23.67365981 -763.23911558 67.91720783
-16.54384737 -732.29430789 87.45099649
6.33760730 -784.35796230 47.42640057
-32.54757449 -757.31181667 72.94792789
-26.53062094 -749.54998708 84.17085271
-20.73705937 -766.32538695 67.38961331
4.17317927 -782.07616107 50.16562092
-46.37780000 -807.37498000 39.24393333
-40.57082500 -754.57320000 48.29130833
-34.61942941 -759.81465294 64.19765098
5.17425795 -783.46969359 48.81921026
-53.62707728 -733.72206667 91.15513410
-9.61661416 -738.11647763 49.19970913
0.00103559 -780.43804339 54.87191164
6.97981106 -782.05111554 48.01310360
12.11654798 -814.06845193 40.11049777
-17.51692741 -768.00806854 66.93971713
-30.15900830 -758.23490655 72.37149141
-27.44417458 -760.19124531 73.13549508
-18.26492329 -813.74209360 46.22359536
-20.85876769 -763.35152551 67.98161902
-26.52318594 -760.88123437 70.80168333
-5.83677420 -724.58790661 80.48901828
-57.29229512 -721.76881870 90.33844648
17.34274784 -840.88136579 25.15788803
-29.67797466 -757.54434520 72.95005639
-38.59444292 -757.36443447 83.59548827
-41.83118899 -757.44838192 83.66864886
-53.66574925 -751.67681910 82.88326438
-38.55114471 -754.11350837 83.05142939
18.15023169 -790.10359965 37.70218829
-29.26391894 -740.64824545 47.83937992
-50.77547976 -754.26704323 82.36525925
-30.19232996 -741.68844053 47.08565023
-6.00620719 -792.18489085 51.88698039
23.44635294 -827.66587255 26.30287255
-14.84404484 -766.25829820 67.01697135
-34.84401877 -756.72198483 71.83934259
-27.91269292 -758.47267406 72.85755456
-14.51305368 -739.09189888 51.13617787
-59.84057584 -721.37596802 90.08430820
-17.79346454 -763.49650944 67.94402490
-14.95697370 -822.44440676 39.84934694
6.79993279 -779.20218542 49.84870857
-14.08009636 -767.62998000 66.51432242
-15.06726674 -733.15312012 52.28621190
-1.07952336 -726.70780292 45.67512895
9.01430006 -778.47649928 49.43550234
-21.39748468 -760.95520081 70.49798817
-38.70990151 -752.18722875 83.58149164
9.89173571 -779.37021113 48.10944951
-11.39554632 -766.87040926 66.44407561
-1.86564242 -796.51763231 48.20317995
-11.90333160 -765.84644974 66.81806055
-31.71315120 -750.21361520 86.04311573
-27.62714239 -741.30901036 49.50429741
-30.93219091 -764.08065455 48.11126061
-17.72021896 -761.17614984 69.04755572
18.63894176 -819.33926241 36.08607951
-32.78379849 -727.23481071 95.42568531
-47.53162273 -777.93245136 69.85500892
-29.46446061 -756.76653142 81.20115263
-62.96520373 -716.43068242 91.46472186
24.97966933 -830.45767032 24.29043957
-21.40579726 -754.23270633 79.03974632
-8.63752171 -766.25907794 66.30785931
-49.97430000 -736.16620000 93.62098333
-32.94307523 -751.40128688 80.22826801
-29.80325826 -752.46625318 80.43553533
-20.60920640 -760.05359445 77.76854748
-15.81376880 -729.72044248 54.74016642
14.06029554 -831.62930421 31.09830338
-36.83626842 -749.43739649 86.25668947
-23.96289544 -738.79122062 52.02888225
-19.57201818 -761.92930000 77.30226061
-32.94119718 -749.39870845 81.21261784
-15.33768000 -762.36002000 69.83309333
-19.16686667 -761.93116667 77.16886667
-59.09494508 -729.30243111 89.93123365
-30.50915686 -754.41442843 81.78121078
-19.02938787 -760.38421173 77.33412996
-9.30912168 -764.27568155 67.05935859
-53.61073600 -779.16120936 69.26770908
-6.42377556 -766.18810331 66.00600087
14.98633127 -795.87915687 38.36922039
-20.82544164 -757.64510157 78.20252327
-12.85602414 -761.59444943 68.60115172
-56.88028685 -727.36815784 89.69881488
-34.54361429 -754.87808571 73.85815119
21.18202514 -789.48262024 35.74792865
-53.85460812 -792.65337945 58.65750706
-11.91310698 -838.25108332 29.28256486
-55.96368900 -721.09216628 90.82706102
-25.46782143 -739.11997143 51.72071190
-4.13304000 -800.79462000 45.35451333
-26.56800027 -752.36935182 80.89828063
-14.69961724 -728.66476552 54.66653678
-26.59504943 -750.99864886 82.74253821
-26.17197385 -755.14445846 81.92511179
-33.07391373 -746.57935490 83.19094314
-23.75781560 -752.10854036 80.71958442
-27.04331548 -732.35135184 97.17846478
-19.99815210 -754.69556921 78.19682203
-17.80998382 -754.24775679 77.32794652
-15.68825171 -756.53139096 75.90457036
8.06251409 -786.48195186 45.78344508
-14.30287312 -756.81725229 75.09502545
-30.42464231 -746.30384615 86.57615641
-20.62464521 -751.47640710 80.54221703
29.34820851 -847.29617825 16.72764350
-26.83389747 -748.72413076 86.43452269
3.67046183 -829.02579069 37.77683487
29.12173223 -844.43501066 16.87071125
-17.56219738 -752.20771426 77.97014910
-8.60367897 -832.26355960 31.19436815
-18.08128632 -750.99464257 79.81236660
-23.85003315 -748.89498141 85.72821620
-45.73151111 -744.53821667 93.62372222
-12.26901114 -753.95577131 74.68102313
-11.25754392 -730.72455473 50.95844610
-19.45995714 -836.47569524 33.41189524
-26.78949734 -747.24257041 87.74254280
-61.93534643 -763.01645238 48.03132143
-29.23429910 -746.56215946 87.83499279
-20.77352629 -748.27845878 82.49012667
-15.09719163 -750.43719104 78.94997460
-17.33950645 -750.15090645 82.20669785
21.14952502 -847.05884443 22.37340670
-12.01702202 -738.66089472 50.27200249
-62.77976076 -763.53586206 49.40899911
-11.54045349 -826.90210328 35.94264339
-64.66936667 -720.90822955 90.27810114
-11.79888795 -741.59066830 87.91220353
-14.78030695 -748.30479968 79.70794650
-11.85957150 -736.32609960 50.32890560
27.01113218 -819.47793200 34.58217661
-13.17805882 -750.75838824 79.43481569
-15.80865383 -785.13521985 49.54885288
-11.86689638 -748.50463974 77.21945113
-5.64488096 -748.37933489 74.50916235
-5.74533976 -730.28671992 47.78576065
-7.21945000 -752.92355000 73.71528333
-13.92416588 -733.93859481 51.34179701
-6.33425484 -750.59166923 73.63155085
-85.82136000 -776.74692000 48.48791333
-8.83710831 -747.65491321 76.15978471
-27.22564327 -747.34396329 91.74350616
-8.39892170 -748.96790572 74.98373345
-41.73397890 -769.00055477 73.59631733
-20.99470395 -745.34649936 90.21187399
-13.24540000 -747.58260000 81.56063333
-58.02676471 -716.70225882 91.36045098
-8.03335141 -809.57306667 45.33562712
-14.99000371 -745.06230140 88.77634855
-21.93841724 -742.31909540 90.65496475
27.07237625 -776.71678500 34.14381333
-3.74433889 -749.93701296 73.46955556
-6.93774752 -747.35516615 75.81176765
33.14063856 -811.26670574 37.56466156
-6.00841550 -735.46771173 47.46430556
-21.79577646 -739.63640582 90.77694135
-20.54414732 -739.42977677 90.01595503
-37.61854231 -772.04101538 68.25947949
-23.44501169 -738.98627273 91.15628744
-33.89037085 -758.31868924 49.23639118
-61.03764306 -766.22976263 48.81731732
-34.25605000 -754.17215000 50.34948333
-16.74908776 -727.16330113 87.02051715
-24.06382118 -736.54579164 91.22983156
-22.64989407 -736.52237669 90.42739857
5.42119656 -834.64668900 34.11190355
-35.66668727 -700.38948466 91.97404748
-23.86923960 -733.33708586 91.86688450
-18.00318516 -724.39510734 88.51376646
19.30524548 -785.00059347 39.23138886
-27.38018077 -733.46491644 94.28610755
-12.47517792 -730.09214476 52.02065675
-56.79754615 -759.05153846 45.26517949
-8.81334299 -825.24539083 36.83048873
-17.30853835 -820.77555151 41.61078293
-27.66365747 -735.36939886 94.18292668
-29.96515328 -736.22148355 94.35287601
-33.14675000 -745.75342500 81.51140833
-32.02051592 -733.06857034 95.05751198
-19.16640000 -741.32670000 90.61623333
-13.26220000 -745.53170000 88.49868333
-38.21498337 -727.26233744 97.83043936
-22.44298710 -824.30245000 44.26791720
-13.89655781 -787.63980781 48.46381458
-36.68926601 -727.70437128 96.97353972
2.20356905 -809.54968968 42.40106032
-36.63433660 -724.16611387 96.75151352
-17.82245587 -736.38962704 88.56708737
-22.12768077 -735.31058846 90.67378333
-39.92713750 -759.12748750 81.36195833
-35.49734344 -724.26557684 96.11175643
-20.51221282 -733.43298870 89.90143273
-8.86466413 -808.67095441 46.21849564
-12.36441743 -740.36814958 87.74492910
-14.37080212 -736.23382502 86.99511641
-35.75493420 -721.31002836 96.02838649
-33.50892297 -754.34932030 74.03208498
-44.89648063 -727.53771455 94.46575757
-9.27861417 -740.01297383 85.99490660
-50.80881639 -719.12031355 94.38891966
-7.16686842 -742.07512105 86.25435439
-21.73131320 -730.33818034 91.18389940
-1.01035556 -792.05884444 48.70933333
27.16619884 -838.96738876 18.23849729
-32.81901431 -721.49871726 95.45352200
-14.60591277 -733.40762959 86.81182047
-0.94970932 -732.19699153 44.30135028
8.53588250 -792.98634383 43.16201047
-8.72097343 -821.13119524 39.05289725
-47.85737187 -736.35682283 92.08651143
-34.40256111 -762.00487222 49.07000000
-12.01369878 -733.49762476 85.30402173
21.68837500 -806.31392500 42.55895833
-21.49524389 -727.34708083 91.23976774
-16.14696000 -730.86576000 87.71660333
-40.29880000 -727.52250000 99.61223333
-16.75228402 -730.17323563 87.20862816
-12.57300591 -730.42203599 84.97489673
-6.87264239 -732.57312205 81.93285316
-38.71106910 -712.27183027 94.31023785
-19.90588159 -724.58901980 89.88898708
-15.93796500 -726.79177500 88.00128833
-6.89351948 -730.66681169 81.74323704
-15.14472702 -724.29116290 87.63951680
18.32575068 -776.23261193 41.64455660
-11.57833484 -724.62874072 83.74796705
-7.24278462 -728.09644615 81.59204103
-42.47060623 -745.00890174 29.01105338
-5.72996814 -727.25471785 80.60899684
-3.82857939 -729.34757273 80.21924909
0.69483333 -809.35678023 42.37471628
-9.28684366 -724.53238920 82.29430657
-15.60382196 -721.73818738 87.77227118
17.54426047 -807.38519535 42.65654496
-7.21940909 -723.39201818 81.65298788
-2.85103586 -724.41885330 79.30381231
-49.70043171 -788.54044065 66.21236504
0.58773973 -724.47547926 44.93172183
0.23548331 -727.36801080 44.64209385
-23.65110436 -709.48395840 94.64402126
-41.44353450 -714.88451453 95.17101063
4.17411224 -727.54989583 42.26727396
4.60752857 -725.66835714 42.46853333
6.59216152 -724.96886142 42.12895207
-16.30020000 -818.79080000 42.50193333
-4.04160000 -734.92600000 45.53583333
0.93927623 -721.84782273 45.11265428
3.33677010 -721.55670956 44.11675402
6.09269638 -721.58993902 43.29116771
7.50920769 -721.15448462 42.42805385
8.65858840 -721.87530437 42.00543352
-44.64521482 -750.80979198 85.21398694
-32.77625629 -691.60761686 88.96235239
-45.79213218 -794.54984023 57.41035172
-33.31354298 -690.06325207 87.36507713
-26.67642451 -796.51425972 53.65608064
-18.92183797 -834.49017487 33.99822852
-30.23797623 -689.26133272 86.43433148
-52.77480000 -754.75632058 42.02901646
-37.41685000 -762.65400000 53.62055833
-27.67429405 -690.86211905 87.20638333
-29.09979967 -700.21405602 90.36081477
-24.03778193 -793.13720686 55.08035140
-22.36320000 -770.87030000 68.48198333
13.23414653 -779.46738035 44.40290963
-11.02676768 -833.24556585 30.31994126
-24.76661528 -798.14278056 51.74682315
-19.46414815 -733.36449259 54.64574444
-23.87216364 -765.54398182 65.72156061
-26.79810047 -745.37597402 91.67372635
-9.27852735 -837.99119632 29.37161672
-27.00500523 -739.57810586 91.75442111
-53.97944856 -719.04229837 91.95332033
-49.07034364 -722.36825636 93.24088606
-40.98450000 -773.35607500 65.89883333
-16.85232500 -746.87860000 89.20680833
-48.61469544 -725.03276555 93.09841379
-29.03945760 -737.20206198 93.20675846
-20.90194537 -831.89399802 37.17073928
-26.79418342 -742.31946863 91.83871582
-56.14751973 -792.99976335 58.32441626
-18.07627439 -709.14130861 97.03296932
-22.06944197 -744.75719534 90.60983022
-50.68737262 -724.43874411 92.41666850
-23.84971753 -745.30219014 90.97772189
-59.74098908 -717.95134807 90.98287493
-29.60286192 -742.37641212 92.30558478
-21.38551226 -747.94808719 90.20710991
-42.28420777 -730.47890899 95.10344484
-44.57723285 -729.82838148 93.96603813
-53.67299112 -724.44589227 91.15500813
-45.51576238 -730.77812861 93.08824822
-22.88859197 -747.82093039 90.32111531
-21.03232820 -723.45529160 97.23138953
-41.79839875 -732.98889837 94.68194023
-24.16987184 -747.43793196 90.80419293
-62.83375853 -718.11233241 90.97651756
-58.05150645 -719.71265484 90.50941398
-47.75438518 -730.43533274 92.44595413
-42.61910809 -733.95095987 93.17417832
12.07091747 -784.30907984 44.14862909
14.16200199 -821.40716414 34.59573652
-35.86172568 -739.54103036 92.78695027
-33.19507690 -741.56524513 91.60996734
-60.01810723 -719.50114180 90.44950529
-44.99976288 -733.12823142 92.88376643
-31.14804130 -742.57428261 89.44494855
-29.24585089 -745.01477582 92.32934334
-56.94165749 -724.38858917 90.05281877
-48.01476598 -744.88829274 93.79105587
-54.87600450 -724.71114835 90.38664024
-41.25056086 -735.92190526 93.84024386
-36.64027434 -737.51208092 92.96013531
-32.50310799 -742.92940974 89.37942359
3.95566224 -814.33271259 41.05535291
-21.36595714 -748.70442857 90.75577619
-38.61576593 -739.27912655 93.21907451
-49.68637412 -752.19770000 39.11669216
-35.64171772 -742.30965793 93.32085989
16.77048400 -834.33052400 27.61621333
20.21953710 -828.49383548 27.75853737
-50.80797380 -730.45407338 91.49384723
-47.89965436 -733.34342452 92.18056877
-60.53774545 -722.23983636 90.91496061
-54.49613935 -727.40712902 90.16857733
-22.47678857 -825.44229286 43.59734905
-63.28685929 -720.18236571 90.61196190
-14.81734863 -787.51942784 49.69189737
-62.72849259 -721.40068622 90.11752977
-44.88406403 -736.39424189 92.72209912
-32.76618730 -744.41145556 88.09536286
-59.81518720 -724.38872619 89.78629063
2.35123556 -799.38648069 45.91596258
-41.81018916 -739.48905984 93.26470784
25.60028333 -785.46378333 33.50860000
-5.12707778 -824.73189167 36.46734167
9.18126343 -809.18402029 42.84503962
12.25259604 -811.29506604 41.31066521
-53.36084826 -730.60504440 90.84033246
-34.10364815 -744.88203333 91.95304815
-54.44948348 -729.79970155 90.30921535
-38.35734438 -743.11774541 93.62843511
-59.23313001 -727.18572822 89.65739667
-38.58738721 -748.15197907 43.87725194
-39.09182011 -745.49513528 93.73685666
-17.77735057 -738.98632983 51.99422038
-5.64855800 -837.36030358 29.31660613
-37.75002210 -745.45682278 93.49057808
-45.72410487 -740.03429647 93.76254745
-44.23428623 -742.17892357 93.36629569
-38.43288652 -747.14819326 93.48321648
-53.65078154 -736.42190018 91.65291458
-46.86363866 -740.26484381 94.11780679
-42.48378818 -748.37296897 87.97405747
-34.39474545 -748.95538182 82.78788788
-6.62197022 -727.01896548 49.03646830
-24.87457949 -757.59578205 81.98317436
-40.73268667 -759.60398778 75.80883222
-47.82933905 -742.45351190 94.04028855
-56.54176667 -734.12382089 91.63340789
-44.96945530 -744.84165791 93.27199922
-56.74878151 -736.36574037 92.13005343
-53.43725965 -738.57131974 92.05954202
-26.73152235 -793.38517793 55.47820000
-3.04227314 -807.99004534 43.86571370
-35.07011254 -751.77922544 80.61339744
-32.34851022 -753.27560538 77.21718978
-35.36168954 -743.37529978 41.52934619
38.67664942 -812.01118762 34.86216319
-49.86087177 -743.08496803 94.29708980
-2.18460541 -818.70673243 39.48174685
-59.01640604 -736.24071538 92.87874524
-56.70165987 -738.11364650 92.30313397
-47.10260022 -745.47591094 93.44059249
-41.67680797 -750.86154113 85.36247984
-44.32088413 -748.40782667 88.23226667
-44.50969725 -749.36330148 86.61914390
-25.91031053 -761.63191579 69.15251439
-23.44739598 -761.66814221 69.25349866
-41.71338704 -708.86473581 93.09360961
-64.42225652 -756.19671304 78.75775507
-41.29537323 -752.35245143 84.18988840
-22.11776923 -700.03935000 90.43065256
-33.44115448 -756.71418457 71.09122571
-28.38615000 -761.92610000 72.60248333
-47.46621042 -750.45444034 84.99470443
-26.85695174 -724.24943485 95.83294537
-44.97668000 -752.21869090 84.14963718
-44.95169436 -754.27545829 83.35106287
-86.99031793 -778.68942700 47.95462890
-14.76279589 -730.61071551 53.32043555
-38.65433699 -760.27506229 73.89929678
-47.87122622 -757.30291939 82.57289252
-50.89468478 -751.60752533 83.57540471
-44.49162750 -760.34509811 83.25772350
-50.45192292 -757.30841024 81.95195037
-41.86760075 -780.60933620 69.83102262
-42.31214000 -747.05574000 20.82865333
-31.69903187 -768.86814505 69.65296300
-56.12033013 -753.36032707 81.70529709
-50.06981870 -759.85145042 81.76999934
-31.14155926 -797.93564444 54.91819630
-20.78463846 -778.45838978 50.38941814
-56.80244308 -754.53873253 81.03088112
-44.45360833 -764.91292500 82.61311667
-25.61814211 -774.45496491 50.77487105
-19.07279783 -779.51034565 49.99099638
-58.84054143 -752.63586857 81.39999048
-58.58667600 -752.31414800 81.73582333
-20.18565676 -780.95501900 50.66208753
-40.08439016 -768.23183443 72.75164317
-18.40466286 -781.56418495 50.13267141
-44.97708703 -791.56797618 60.29071329
-58.90210833 -753.29903333 81.60195833
-9.68115326 -841.38358924 28.65921124
-22.96144363 -777.79638027 50.85050544
-31.60427895 -802.79421579 57.45837544
-17.49159430 -783.99466239 50.21874061
-53.48310571 -760.31933383 80.76017752
-34.39571754 -755.70647719 71.40665965
26.52772148 -850.46226461 19.10415861
-59.81402849 -757.12254691 79.34686626
-56.41989047 -759.18763259 79.97543555
-53.20733782 -761.99756474 80.89858974
7.29803672 -827.24245625 36.31224583
-51.28819951 -753.75985788 41.26553062
0.00112152 -730.29152230 44.16984839
-33.94341590 -757.52352877 62.30029772
27.54364194 -820.38049355 33.24575849
-53.39005193 -755.06946660 43.31753295
-36.11491600 -772.25375638 65.25659732
-20.65349783 -736.60539293 53.13345552
12.53351780 -846.24910200 26.95665253
-51.90996667 -754.65576400 43.08205600
-37.15092857 -765.86722857 57.47544048
-62.62857153 -756.48463366 78.96676291
-35.55162235 -778.43685933 68.43104203
-54.39266790 -756.48933086 44.25222881
3.50153551 -822.92598742 39.82926754
-14.34060092 -790.27572276 50.07412601
-55.35165000 -755.34320000 44.35213333
-45.31110000 -749.88620000 35.46323333
-39.09835396 -778.25270399 68.60705574
-36.79507852 -777.91595037 66.02346000
-17.93483576 -832.12851383 35.22206550
-3.68353333 -804.19900667 45.73763333
-37.88591733 -778.87194356 65.83499556
9.30922252 -841.29887655 29.28309165
-41.75134639 -775.77585357 71.13368951
-40.93485541 -776.60554223 69.18315563
-41.46766566 -777.98460000 69.07552679
15.34270000 -821.77130000 33.37433333
-42.44318066 -778.55716632 69.77552991
-37.20985000 -780.04861667 65.64858333
-39.16718870 -781.74027568 67.30463691
-42.58579044 -791.58706250 60.21487892
-42.96102222 -741.71404444 20.11317778
30.09338510 -807.65198891 39.88501611
-23.80482125 -796.31680083 53.20513485
-61.90111500 -761.56789167 49.41273000
-13.24393000 -788.34265000 48.40499333
5.54199610 -789.65050021 46.09332563
-39.64251207 -745.51904569 35.69597471
-22.84490431 -797.68425000 51.35877644
-26.93026490 -798.69047455 52.17989159
-11.43199758 -722.69180161 83.41599785
-43.55756429 -785.53091786 66.23070119
-44.76810212 -786.40521423 67.20563092
-26.40206618 -800.16296672 50.71976151
18.22335777 -811.39933741 40.79679998
-47.65430477 -787.30572205 66.98192174
6.38766096 -820.49542903 38.99977927
-47.44498473 -788.09790503 65.57058982
-37.54379766 -798.16815352 59.90306966
-41.37602851 -795.67613151 58.35079997
-67.47220000 -770.79493333 48.53683333
-26.83331558 -715.24510301 94.84604374
-42.08869551 -797.02671152 56.82304569
0.40053730 -810.16061508 42.86661270
-74.82643786 -769.28777108 49.60579540
-23.20175419 -706.76301405 95.23923239
-71.67937945 -772.64022550 48.22383609
-44.84010200 -796.41388433 56.27362695
-44.59910615 -798.27337065 54.93396954
-75.00143863 -771.50969141 48.77915670
-77.49916380 -770.06684078 49.51649324
-83.87749712 -774.82440844 49.03700638
-77.99540357 -771.99270319 48.95438387
-74.89147783 -775.27995597 47.57137272
-72.15997732 -778.19722899 46.95302554
-74.75112279 -778.26530817 46.84987519
-73.13891875 -780.00194375 46.43585833
-77.55768992 -778.14651845 46.94809513
-18.82916242 -721.07532293 100.04174416
-78.03209229 -781.14765248 46.29368875
-78.76903200 -782.95297200 45.65386933
-78.83563333 -783.04310000 45.49771667
-83.89504230 -781.33249705 46.66547229
-81.16734286 -784.11097143 45.44301905
-84.08820985 -784.02141010 46.13521351
-52.24225000 -755.93850000 42.41288333
-40.00228333 -748.79415417 38.14499762
-37.40418333 -744.51816667 39.56700000
-19.28670000 -821.87900000 42.55513333
-77.53241663 -773.34358135 48.40345603
11.58871860 -796.21069790 40.05743877
-5.96098648 -817.14978003 40.72318529
9.88435593 -809.50821186 42.36300282
-46.82899070 -749.66405349 36.89981705
27.30821065 -852.29475799 18.93690848
24.14520345 -816.87065269 37.20429377
-40.60550000 -722.91677500 99.62285833
-26.73353835 -721.63740503 95.84885155
-42.60873333 -743.69525000 33.68561667
-50.64219394 -780.57009697 69.63584242
18.28942177 -778.39103166 41.17119772
3.66951477 -802.24518282 45.32459832
4.43534792 -791.50610417 45.43246667
-30.63458621 -695.47560345 90.63039713
-50.59855461 -778.93240802 69.31917757
2.73522745 -825.27637647 39.68503333
-35.51875739 -736.46462690 95.56461136
-40.91795408 -719.57882653 100.09915272
-24.03762976 -712.47219947 94.81466274
19.07907446 -838.20509569 24.16412766
31.89821429 -815.99814286 36.92914762
-11.65919480 -811.82296792 44.89843359
16.17863585 -818.98561509 36.90957484
8.01546755 -780.11891391 48.76623598
-43.08792000 -803.72540000 48.43583333
-38.14988333 -743.77115000 38.22051667
-39.48315669 -749.27366535 40.38953412
28.80504167 -842.45150000 16.91574167
20.17891062 -778.35292397 39.87474349
-50.73295093 -790.27870669 61.97490025
-13.81704037 -827.49145688 36.26403425
-1.01455537 -815.56703058 41.13334490
-47.78242584 -791.37081799 59.97132421
-10.49116000 -749.64779333 75.39481000
-32.60776161 -742.62558377 44.57597384
-37.78263740 -755.27094409 49.22136955
-2.89244933 -823.20365045 37.34623971
-39.23819904 -733.42089759 95.67779839
-55.44577627 -780.07724237 68.94011130
-47.61944278 -790.11189207 62.13600850
-36.75522137 -754.36357372 47.21152543
-55.56198037 -779.34292617 69.21640343
-53.47332670 -780.10652026 68.97818379
-33.54044596 -760.70576894 48.09517867
-26.84730598 -703.56492287 90.93404141
-47.96437736 -789.36613817 64.57458728
-32.89533382 -762.93176324 48.38152990
-50.05937880 -789.49590328 65.91025700
-31.01237636 -742.16564364 45.44982061
-36.41733556 -754.41265556 51.99982444
-50.04043167 -789.09105611 66.71328627
-49.85434532 -788.35686374 66.80859532
-63.03621200 -756.96832600 78.45907933
15.36839601 -815.17444487 39.16584492
-45.01093043 -792.29311304 60.80752029
-39.26864313 -710.55183542 93.72447574
-36.63202500 -762.41530500 53.77031833
-47.62762108 -792.81873691 58.64552181
-34.61387971 -743.20484493 42.81547826
25.13521336 -778.20211954 36.14194685
-53.30735602 -790.59882406 61.33632231
-50.83857923 -792.63164786 58.58149040
-53.69150052 -791.41589818 59.90364579
-39.20902395 -751.03614955 40.83986044
-24.87375625 -753.63720000 81.86419583
-18.42749702 -819.81921654 43.30748692
-38.09281434 -729.22048606 99.90775071
21.58073359 -778.33425727 38.75378364
-83.41834462 -776.05500974 48.27996154
-83.60890964 -778.45532060 47.48109817
-10.64829345 -728.37093974 51.33357482
24.27795752 -808.20542133 41.04802415
5.10420000 -791.86360000 45.54663333
-42.94801250 -738.14812500 15.17769583
-1.49726923 -791.72913077 48.45954103
-16.98108421 -841.44302105 30.19402191
-46.45200000 -744.10373333 18.88990000
-33.79124315 -756.99214832 65.05667881
-42.98471250 -740.58958125 22.18016458
-14.55856748 -832.65677996 32.27201308
-42.87745691 -742.43820663 23.41419797
-46.39400000 -745.31712500 24.04423333
-34.55013284 -756.70664026 68.09358366
-21.52236593 -717.87283516 95.67947399
-30.48597143 -771.09820000 65.43689048
-5.82618692 -832.18742733 31.81459281
-37.08598571 -748.81681429 41.23659048
-21.21152088 -823.22843370 43.79772119
31.77294000 -806.77860000 39.87679333
-10.31570000 -815.78780000 42.50873333
-46.35880000 -748.89130000 27.64163333
-16.90036667 -740.07902889 51.45754889
-26.85315238 -706.18497149 91.83294739
26.21988908 -786.32684622 33.01920224
-38.63151263 -738.52192842 93.72641754
-18.28957622 -843.94956476 30.84091500
15.72430059 -784.48069161 42.04759295
4.20423099 -820.68677652 39.93753429
-24.32562288 -702.56948824 90.34845686
14.15008012 -792.56558911 39.87782724
-46.53445000 -749.58393913 35.98398768
-17.28179294 -814.65840714 44.74839239
-46.95763684 -750.31338816 35.97264649
-40.08372500 -748.53550000 36.41930833
-49.25465000 -752.90040000 40.82425833
9.29051648 -829.48559078 34.89765639
-36.88717778 -743.68713333 39.36791111
-34.68590667 -744.09384667 42.74579333
13.86020545 -786.27605818 42.64177515
-61.31890000 -761.54460000 47.98183333
-36.73184023 -751.27028276 43.93886092
-36.63734490 -751.84835408 46.93726497
-27.90507895 -740.38506667 48.33066842
-41.11618125 -759.32977500 46.25130833
9.93226975 -784.68290010 45.16831531
-38.84282000 -759.50130000 47.19482333
-38.60734430 -759.81762911 50.31095992
-2.75675949 -722.39332873 47.20362602
-18.42681628 -732.57032868 54.76056473
2.46228273 -729.53040696 43.03839184
-1.56564957 -727.91428522 45.41641942
-2.86668080 -727.22898304 46.57566490
-4.72452158 -722.61783813 48.19645420
-4.76590980 -724.46949662 48.23822386
-1.91563100 -730.65091504 45.18265342
-6.09902793 -724.25116658 49.23836818
-5.47614000 -722.76783000 48.77072000
-5.19867625 -727.46663834 47.94275140
-7.52967500 -730.73860357 48.48428690
-8.78843923 -730.27892994 49.58284123
-8.54670734 -727.36097747 50.21751297
-11.70950597 -733.31090791 50.53407355
-16.79929091 -735.18243636 51.47949697
-16.44170000 -734.82640000 51.48863333
-9.99467707 -726.38922486 51.83036703
-11.64862300 -727.51079322 52.59333329
-13.14471622 -732.16765135 51.62973874
-30.41714302 -763.60193173 50.21807268
-17.04326832 -730.92583789 54.83222184
-34.19055714 -755.67952857 55.28271905
-34.02501818 -756.16780000 55.49865152
-27.91775600 -767.27521014 50.46827419
-49.87897855 -798.59088339 52.55590669
-49.73755000 -797.20412952 53.82263032
-34.16204862 -757.97566514 59.59236453
22.33532111 -841.26105986 21.12517797
-15.15154952 -834.99890746 31.28098971
30.17873333 -776.71603333 30.34582222
-12.01678776 -832.00589673 31.74653803
29.39133162 -776.67955147 31.74115539
29.49033952 -778.25467196 31.76920449
-9.11038121 -829.82866145 32.66145169
-13.69073171 -830.49052683 33.25558455
28.33948401 -778.26546876 33.14783513
29.22546236 -780.90296221 31.72480014
-2.95478120 -819.15849323 39.70531303
27.99430459 -781.39217896 32.98437900
-47.50078459 -794.36589245 57.06594458
17.72804209 -793.22631672 37.68040770
-45.54460000 -797.57276000 53.48583333
-40.80694503 -720.86933011 100.11016013
-14.75479265 -829.39142469 35.44977049
27.19623781 -784.22020370 32.80851539
-5.60999514 -830.06466368 32.90554817
0.22403392 -818.55909766 39.39767135
-16.84244800 -786.59552781 50.18975048
21.27767477 -784.35106015 38.01438016
-32.77589401 -706.11647327 92.23763777
-24.53480758 -711.09236364 93.31746515
20.81618002 -787.08550066 37.18607422
-33.86135882 -755.71802941 66.14459216
-30.61324583 -762.80930926 62.70904074
-33.64482500 -765.63302083 62.99234167
-17.77827503 -822.86119740 40.18705910
14.80771658 -781.28298805 43.13097522
13.56512469 -794.57687407 39.39337407
-35.78059059 -769.18922532 65.06210125
9.57209240 -796.22970104 41.19448634
-7.89878455 -798.66952892 46.74861457
3.57266223 -796.29056400 44.92751031
7.85340000 -840.02171250 30.69209583
-6.13558360 -799.59571694 46.30167648
-4.97791753 -802.71565568 45.19979788
24.03119442 -784.41534280 35.36338860
-2.74557271 -805.38734755 44.58132925
-33.70500000 -721.26965000 96.62878333
-33.65331671 -755.46937312 68.41374931
9.79407269 -793.63759083 41.99899583
-28.97173136 -794.28049806 55.48822784
-29.63928160 -796.05762836 55.03126792
11.82584182 -787.11336835 43.35117915
0.23615291 -793.41369026 47.25170744
-32.45062500 -760.93668333 64.96304167
9.38776406 -787.29767784 44.59615633
-19.09276667 -704.62688889 96.47043889
8.89585177 -781.38718230 47.08702048
8.60935887 -831.59453330 34.19647173
6.52104077 -829.64045858 35.86369167
0.70474747 -790.87830324 48.10225853
-40.64380000 -778.06486000 65.58525333
-39.69266667 -785.26562857 63.38206190
-22.25920000 -730.15290000 97.64793333
-33.52529508 -754.79507540 71.23931892
-32.05982517 -767.10584082 66.80510612
-44.19408140 -777.87604244 69.29697868
26.18221701 -847.80034418 19.01313154
-44.70713116 -775.92725653 71.43043044
-44.94071645 -778.34954592 69.85043114
-24.79720476 -728.75810000 96.90821905
-7.22010000 -722.81230000 81.72363333
-32.54946577 -752.29683154 74.99590246
-39.04644481 -757.99576940 75.76480191
-40.16927059 -759.21423824 75.91752157
-41.62747819 -774.43479922 73.08716199
-40.69758448 -758.40968103 75.83073333
-37.68970893 -775.32371964 66.09128512
6.23358195 -814.31096014 40.62332509
3.09024525 -811.48317155 41.96800570
-6.79446000 -795.42122000 49.07123333
6.24329485 -793.37663484 44.16831449
12.43455080 -793.41131410 40.54515942
12.94184875 -796.36590216 39.24760659
-2.49980000 -806.01440000 41.76076667
15.35176487 -793.56537357 38.76222059
-18.16098636 -782.31595000 52.39442424
-21.18819772 -825.37081173 41.55945223
19.97957017 -781.06235776 39.71467420
-20.15276842 -781.26783684 52.74221228
20.58837187 -775.74717785 40.38190055
21.37119138 -776.59362989 39.14431149
21.93833187 -787.64535164 35.97819045
23.50138772 -776.74926842 37.38540702
24.99866123 -781.70905950 35.77151251
-21.06550000 -776.61130000 52.85183333
27.03877075 -778.41105080 34.55478080
-20.48508511 -829.26975581 38.06152721
-33.30027347 -762.74128265 59.34098435
-16.91062860 -830.30606329 36.03255923
24.29030786 -847.33210228 20.41333884
-19.96784141 -833.23825985 36.03348460
-17.09021864 -833.20531695 33.05331299
-23.60894615 -775.20673718 51.72169487
-42.84160000 -734.58390000 14.71663333
-7.02941235 -729.97419669 48.71197159
-62.25038000 -765.64384667 48.29726000
-8.92424786 -835.31205470 29.83148873
-75.26310000 -770.64390000 48.26723333
-27.47525773 -692.30488247 88.24360000
-13.54620769 -809.68670000 46.42175641
-35.53095425 -688.59276635 86.46266226
-35.79905517 -693.61659459 89.95037663
32.01825823 -807.49693291 39.85382321
-32.76329030 -693.53561197 90.04683215
-36.17321148 -696.31348852 90.44049891
15.29882396 -808.67720039 42.09032647
-62.43968777 -719.53672065 90.45529746
-35.59851283 -695.19471937 90.88384641
-18.56509306 -709.35838611 96.21940972
-32.73199038 -697.53568211 91.40276345
-26.88766082 -694.47789806 88.93888907
-38.19649789 -700.11906456 91.64742540
-30.36809106 -697.58449356 90.84800679
-35.72271155 -703.28003158 92.28910506
-44.08144755 -709.87375633 93.75256884
-32.81641045 -703.37367182 91.97187223
6.10392617 -810.25173238 42.83090898
-35.77185993 -706.26848488 92.24321802
-25.06802034 -695.15412373 88.73876638
-38.77893768 -709.14745483 92.93092074
-38.78883023 -706.03924535 90.39930078
-28.26440000 -697.01230000 90.56893333
-37.08317105 -706.24189737 90.41249912
-39.05104302 -718.71252829 96.92190426
-41.71191536 -712.31489903 94.36571391
-24.76686491 -697.67142292 89.51815788
-49.98952200 -720.94410269 94.02639250
-9.87654528 -810.08880755 45.63826541
-27.14863750 -700.09414375 90.67650833
-29.88910099 -703.36110024 91.37206946
-48.40005094 -721.87469249 94.40250492
-26.56006492 -702.26054074 90.42354205
-35.82453453 -712.50554768 94.23720269
-38.79524544 -715.07302939 95.17139781
-36.12850000 -710.96643333 93.51666667
-33.54866429 -710.46976111 93.69686389
-29.79574373 -709.28286033 92.99759509
-32.89251584 -712.55830526 94.03982751
-58.58563448 -734.47855862 92.34675747
-21.76869064 -700.42154678 90.78551345
-35.68160708 -714.96947008 94.89278221
-38.61481165 -718.10834818 96.09606317
-40.87398148 -722.04071905 99.11229947
14.30996138 -822.94749068 33.94379020
-24.36876350 -706.03830627 91.83728714
-26.80532092 -709.53563436 93.00940358
-34.11103333 -735.29206667 96.67886667
-31.83548429 -711.09556714 93.47895762
-35.70645466 -718.36847609 95.55808404
-29.63909073 -712.74486122 93.98000692
-39.81123953 -721.19560930 99.98602844
-24.52118166 -709.21661182 92.70825529
-29.93691681 -715.16426699 94.46139058
-32.77917148 -718.11337790 95.02544626
-42.50981092 -727.54129741 95.78570994
-26.85874955 -712.56402179 94.19224149
-0.09092015 -789.77071343 49.20942715
-21.05780272 -706.45914480 95.78871889
39.68826384 -814.59679322 32.68359209
-29.92855717 -718.22102023 95.02279561
-18.90122752 -706.36793119 96.31689021
0.23594189 -828.45015968 35.01431464
-21.63672222 -704.59294074 96.33027778
-43.32665000 -761.72925000 74.77843333
-17.81597043 -705.97749870 97.30715652
-40.77539750 -729.97651063 96.88050146
-23.97247742 -715.34591886 95.34188197
-26.87745373 -718.13469272 95.44728738
-21.08736278 -712.53177846 95.64587026
-3.05327653 -814.48910349 41.69616449
-89.26593591 -784.21673614 47.93298606
-24.03756743 -718.12457039 95.75922800
-18.72415174 -712.31644477 96.16776938
-24.41315175 -721.62946613 96.20551918
-35.38338827 -733.21133592 97.88606657
-36.67571379 -734.09308793 96.18903333
24.24302558 -841.35533127 19.83633529
-38.92809799 -736.21122428 94.33909684
-50.89203272 -748.95158712 85.69575910
-52.70611069 -748.82747484 85.93712579
-5.53474912 -811.14090965 43.45621792
-21.98889333 -720.49533333 96.18920667
-23.90308609 -724.55989310 96.08675868
18.48750072 -787.53876047 38.61646239
-21.32002231 -721.38731352 98.25603629
-35.04083488 -734.98343256 96.77407636
-47.74247295 -751.84032056 84.07840689
-11.89972698 -814.26128780 43.72109792
-32.09478433 -736.34205641 94.92447315
-35.94917463 -738.07698955 94.59623483
-19.20063333 -719.73686667 99.52173333
17.40782133 -843.64988311 24.80026933
-21.57684328 -724.55810547 96.21209751
-19.09451515 -722.04393636 99.39981212
-30.53413347 -738.36785173 93.97066252
-50.85476411 -777.50691838 69.91149588
11.52524912 -819.67497095 37.05474955
-40.57788182 -767.73032121 73.40600909
-45.58995719 -774.60445216 72.81777902
-48.26706695 -779.10718291 69.38542749
-41.87904950 -773.67051089 73.69201056
-19.59434306 -752.65645000 78.45803611
-44.83073439 -780.87024003 69.67777118
8.01558155 -723.48741650 42.83151003
-43.91729249 -788.63597984 63.33995547
-36.57810208 -781.79892917 69.69746042
-25.15508293 -770.23670732 50.34161138
-44.22492381 -795.24148231 57.76984830
-49.74847143 -801.33360179 49.51526190
-49.58616479 -802.24879155 47.30214038
-25.56443220 -791.68517373 56.13452062
-13.11387071 -796.89313586 50.40976540
-10.57424926 -795.20696103 47.96429142
-13.13555680 -798.64057864 49.65691634
-3.29586640 -792.65412166 49.29001947
-6.81905893 -796.72129536 46.89313655
11.54888524 -779.07040486 47.85488628
11.04678276 -780.43596502 46.74003974
6.20083446 -787.33849414 46.60345529
2.60877217 -793.15841012 46.23628455
16.46499741 -778.78904304 42.38394790
-5.47210916 -801.67370916 45.90894054
-17.09514516 -812.29420438 46.32799946
6.63292057 -790.58512451 44.83091986
35.30236822 -810.84745678 36.93289096
4.08480205 -793.75725688 45.16039179
-1.63678577 -798.53882835 47.84825766
-14.82034351 -811.29870483 46.03266253
-19.38550286 -814.41746286 46.57071048
14.48423134 -784.02204724 42.87642381
9.06331263 -790.30031612 43.69993735
2.20172636 -796.27600965 45.88332059
-12.16827066 -810.39657919 45.94588483
-14.48729309 -812.29361680 45.23874935
-4.58476522 -804.28310761 44.83214312
18.00774917 -784.09972021 40.73783442
11.03296069 -789.48846794 42.76007608
12.27630401 -790.37831827 41.57351704
-39.74838265 -751.12378622 38.49659150
1.08405150 -801.43609519 46.05329927
-15.00075748 -816.93912395 43.09418550
-19.86538742 -820.89817904 44.16099653
-5.58246848 -808.94192207 44.83287737
5.82773871 -799.48749096 44.37164021
8.01416579 -795.17806842 42.80547807
-40.76699589 -749.31103425 43.01454018
17.32578859 -786.57705633 39.96512787
14.65387550 -790.36480702 40.10047108
7.32939840 -796.45378720 42.34574293
-0.81625175 -806.21979261 43.89128392
-25.64553125 -731.26343333 93.32804792
-8.93263996 -814.06112732 43.16335790
19.87136667 -783.19857500 39.68405000
-14.35952413 -818.29249002 42.20748600
-17.68247884 -824.23555807 39.14654751
-14.66722676 -820.51006265 40.77295869
-20.12648421 -823.77891228 41.30311619
-11.59225475 -817.83689110 41.76189990
15.98269325 -790.54434299 39.07956327
0.15282976 -808.56571973 43.12243564
23.02215631 -783.66287372 36.86681866
18.75109961 -830.32861718 27.07254260
-8.70682558 -817.40371006 41.17027105
-11.75190765 -820.29214096 40.40346894
-90.97870000 -785.90667500 48.75200833
-5.62455354 -814.59645765 41.78802047
7.77590000 -800.70900000 43.87163333
7.81339714 -802.63236143 44.09404333
15.66241686 -829.26019892 29.81754596
-17.81380566 -826.35010762 38.44356405
20.01361885 -789.37157348 36.77605378
30.11449178 -811.38254570 38.47465066
11.59941667 -797.95010455 39.75516212
-14.70113878 -823.78533326 39.05759786
0.99696724 -810.64121465 42.24541239
-14.96617367 -826.10598492 37.90236828
-11.09217632 -821.61562737 39.41532860
-18.09123167 -829.05272060 37.52863884
29.01186000 -783.27420000 32.46577333
-6.00966117 -819.36318376 39.82712064
11.71460750 -841.22559616 28.18671789
19.90336949 -794.33337966 36.95762147
3.58435190 -810.37403633 42.77706932
-5.69382197 -820.76260592 38.93943063
-8.77550980 -823.46557064 37.74154329
-15.67556735 -828.25514847 36.86816701
-18.97062857 -831.17953697 36.77295854
-7.73898462 -834.28222051 30.68836154
20.01070670 -795.76492201 36.85023429
6.32101391 -811.65578361 41.75429451
-10.23815000 -815.86760000 42.69095833
-21.63744667 -835.60594152 36.82073939
7.10343069 -809.62448020 42.94896700
-15.60149522 -831.27455378 34.17344568
-21.78361182 -837.32718818 36.89848604
-20.84728585 -837.57489929 35.17634654
12.50354921 -809.19038792 42.24522563
14.90665385 -807.48009231 42.74793736
-13.39619231 -723.68301538 84.47041026
15.84266000 -806.74975500 42.65897333
-19.74083887 -838.67045736 32.74081635
1.72550000 -818.81850000 39.16613333
0.04286649 -822.85935075 37.21366671
-2.60965259 -824.58181778 36.43430815
7.09366228 -817.88321972 39.27915098
9.82386133 -815.56146533 39.38396067
9.23102118 -817.49551655 38.84491799
5.29541008 -819.83769647 39.73632678
0.25775078 -824.40068450 36.30034302
-12.41961917 -834.66793496 30.78581830
38.58962599 -813.44363757 34.25986130
21.14486763 -806.39513889 42.07619251
-15.89990547 -837.47798516 30.79004036
21.21928716 -808.35923891 41.48149512
0.18019810 -826.37631779 35.53955674
12.28541182 -815.39048425 39.27653858
-9.25644118 -833.29958627 30.28359338
15.23794512 -813.76121593 40.06046510
12.07898935 -817.27984745 38.20291024
6.17983059 -823.38496887 38.27753941
23.87236204 -806.47978159 41.67306449
1.94510685 -826.19811233 35.90998813
21.23132646 -811.20324032 40.56358027
-17.24761583 -844.13095821 30.11781517
17.98643525 -813.53548109 39.91826374
-20.02141280 -746.43987946 83.54318958
15.23842102 -817.23319237 37.97691942
-3.29604747 -832.17160275 32.20726147
8.57498920 -823.26447276 37.21112212
-6.87460769 -833.77069231 30.49867949
-5.92251294 -835.70465249 30.02210261
26.94046121 -808.52861666 40.19848255
-7.44304105 -729.88872526 81.43965123
15.28335844 -826.34315109 31.58749177
-16.25690000 -812.89000000 45.69103333
24.04799644 -811.25215012 40.08066672
3.31178507 -829.62040000 35.97099900
20.90463934 -813.37054481 39.77178579
-16.81595000 -846.41047656 30.21549349
30.10231695 -814.32307937 37.80689999
12.51423061 -820.98962222 35.81742400
10.10339460 -823.57439388 36.06940671
-3.80834040 -834.49540202 31.12671465
-12.04663736 -843.86715538 28.63413563
-15.06749686 -846.68128980 29.67734137
-4.07636406 -835.81823750 30.15564271
27.53182386 -811.53946727 39.08085066
34.62363333 -812.74391667 36.49615000
21.18838862 -817.14795960 37.26037738
30.33817323 -808.91646387 39.01365011
3.92621212 -831.25108182 36.80890152
32.50469604 -808.95949568 38.54730689
27.22119542 -814.34833628 38.40312619
21.34725180 -818.47928084 36.27964471
15.17499991 -823.76759848 32.88073274
13.05651336 -826.17780285 33.09533638
11.28439929 -828.82686028 34.25988636
27.07678358 -816.69988236 37.12264923
12.77226416 -829.63352327 32.48693630
24.16973527 -819.71170649 34.99337868
17.34639524 -824.35751345 31.33163501
4.48049677 -836.44563871 33.44546882
10.50703529 -830.66347647 33.49397451
12.21836828 -832.31267676 31.85421006
15.14490816 -835.22450821 28.63018246
34.99675294 -809.74991176 37.20942157
17.36244811 -825.58658840 30.85122290
4.56142000 -837.34984000 33.25057333
29.86909571 -816.30778149 36.86493920
17.99916546 -826.39405112 29.93958192
36.55215670 -811.63298810 35.92971250
16.28383256 -827.35456860 30.33628915
30.51980306 -817.56882156 35.50432481
33.72214641 -814.96106188 36.05782481
36.15443549 -814.28591829 35.19393954
11.33382180 -834.62437512 31.31010291
8.41843055 -837.70481037 31.20330468
32.95614940 -817.21528963 34.82789643
15.50116501 -832.49944467 29.07867238
29.71069458 -819.27065422 34.01336647
30.30938471 -819.62352394 32.97657760
10.38771481 -836.60122222 30.39400741
31.52140625 -818.80576875 33.45052083
21.83116369 -827.48461844 27.25838696
21.36491695 -829.50903664 26.60806226
16.62614865 -832.32119459 27.43409279
36.30624088 -817.40942628 32.60834428
40.94051111 -812.62532222 33.20806667
37.49638000 -815.67912000 33.24333333
41.44280091 -814.43643014 32.04557877
18.25108099 -835.47969881 25.82008737
13.35108788 -839.22136818 27.24685152
-22.38291111 -741.89566667 90.52050000
15.61111319 -838.67334516 26.64075651
21.72530248 -832.93127794 23.99601475
19.61422500 -833.75135000 24.48110833
41.02318000 -815.87602000 31.16935333
23.68820539 -831.38263506 24.83973873
24.16067098 -832.30967643 23.42168698
19.48108166 -835.94437794 24.29275253
17.76612063 -838.26339632 25.37971200
12.50063753 -844.36079189 26.84502325
26.99025474 -831.86128751 23.45101717
23.68181116 -834.87525606 22.28366593
21.18301408 -838.40416150 22.60721646
14.66112969 -843.87856304 25.78555995
18.84020513 -841.59909163 23.96193029
29.28456036 -831.54320393 23.75342476
24.14274170 -838.20624022 20.57777117
26.05373171 -836.12499878 19.85694675
26.37895045 -838.41158125 19.20040580
19.17505852 -846.42211659 23.31051063
22.51577573 -844.01905922 21.36371100
26.34337918 -844.40056531 18.91799088
29.57465403 -850.22757785 17.29966521
28.53258889 -852.36897778 18.44853333
29.85254082 -852.62811497 18.23995442
28.89892500 -852.69700000 18.58680000
10.55110000 -845.14180000 27.53903333
19.57824667 -790.45624667 36.43322000
-19.52180745 -824.55552553 39.28477376
-9.83050000 -791.73190000 48.62603333
-34.46252500 -800.68352500 53.66283333
-54.76840000 -793.79190000 57.51653333
-38.26721667 -770.42875000 64.58455000
-38.30146667 -770.87333333 64.94613333
-44.54657500 -753.01175000 36.63300833
-53.04669333 -755.99020667 42.35062000
-79.65752857 -773.78135714 48.52153333
-10.23126667 -724.17253333 84.80700000
3.24347647 -729.34967647 42.34224363
4.47747059 -837.09230588 33.75575098
-10.61077108 -725.64286265 52.22016345
-9.08225038 -733.46341151 49.27804075
-9.02559101 -736.10080959 49.05968259
-3.28129045 -722.58440056 79.42229794
-1.52179545 -723.75524886 78.44413674
19.69130000 -782.59150000 39.54053333
16.61374000 -776.70456000 42.40243333
-15.97919502 -738.76676680 51.62610014
-30.95403333 -777.02378333 73.06761667
-9.20972344 -722.60507760 82.11228333
-44.34060000 -743.90640000 12.49193333
-42.77002000 -746.02155000 21.16680333
-43.16488434 -744.39317229 24.02038153
-16.65491083 -724.94027500 86.92094066
-26.04339133 -710.20935467 93.78708467
-10.55724412 -735.05214706 84.42906569
-38.08169276 -703.32466510 91.87073854
-19.94584752 -721.11733168 100.04756502
-12.68991710 -746.65363731 78.87984732
-44.75657519 -704.74704211 91.65210251
-22.49523607 -725.55322951 92.48344481
-23.05080200 -727.99827664 92.49190436
-14.03958313 -746.70200120 81.10675261
-7.69096667 -764.68663333 66.50936667
-13.45668333 -752.65273810 75.48185238
-22.49606897 -734.22873448 90.45830920
-3.77646796 -783.40881359 54.65108964
-40.39240000 -715.76130000 96.70096667
-18.72595769 -760.39229615 69.63835256
-1.90399448 -796.17841034 48.72002644
-38.28197083 -755.57464583 52.44813750
-33.02987000 -738.28542000 94.04868733
-25.94474625 -771.72222125 51.72337583
-25.79225854 -759.54346341 81.90573089
-49.60904222 -723.93641556 93.66811333
-34.45121429 -760.29152857 68.14904048
-43.94229145 -732.63385066 93.87225899
-44.05867273 -736.64133182 93.77596515
-35.24139697 -754.05176566 81.06286970
-46.47369167 -733.75795625 93.94616458
-37.01501667 -757.50145000 75.95440000
-55.87864634 -723.70327724 90.69843415
-41.54465625 -742.90057243 93.67429583
-64.41711250 -719.66977500 90.53097083
-26.10606058 -757.13182788 81.87251218
-55.62444737 -730.21682368 90.61144123
-64.55235122 -720.27044878 90.58631870
-59.04590000 -727.58516667 90.67513333
-46.58919545 -743.36540455 93.51566061
-41.63377143 -757.39860000 84.71370476
-25.14600000 -794.87166667 54.56693333
-43.45056667 -757.64483333 85.23840000
-58.48907273 -737.99038182 92.56688788
-31.64969029 -797.61504369 55.39346052
-22.63563763 -719.30268817 97.60508495
-19.42722083 -712.34732083 96.63626250
-57.99355714 -752.70264571 81.48351048
-34.59442857 -800.89424286 58.51454762
-34.58951667 -808.58730000 48.51458333
-46.83675000 -803.91962500 50.32033333
-55.66839417 -791.49851068 59.59431683
-81.14103583 -774.22419417 48.71505250
-86.07514081 -776.15965516 48.93353692
-87.46558272 -777.50681937 48.71472705
-86.86043443 -781.41148822 47.07053354
-88.69139788 -779.19689823 48.24107326
-89.17741681 -781.34136464 47.91248986
-90.66825870 -784.53170978 48.91080779
-91.44725000 -785.91505000 48.89733333
-41.80905000 -801.14670000 55.56448333
-70.43160000 -764.75922500 51.40523333
-19.35410000 -818.49760000 44.09763333
-49.23900000 -760.91290000 81.49313333
-3.46497895 -825.04457193 36.67333860
-0.23843750 -825.12700000 37.08483333
-15.54724286 -791.65192857 51.66448095
8.33544843 -816.38066478 39.70809434
4.51816000 -803.93530000 45.29401333
18.02307222 -806.58934722 42.65861111
23.90500413 -813.26279339 39.69519862
32.80143333 -818.95380000 33.71041667
-4.17061667 -746.80841667 74.43265000
16.55956667 -776.78573333 42.63790000
25.75605714 -786.15054286 33.58857619
-43.16946667 -747.18906667 27.13616667
17.59420000 -776.54090000 42.55793333
-41.70769595 -748.03001655 32.34007827
-4.23180000 -734.91656000 46.11827333
5.20014167 -803.52136667 45.98890833
-7.19267143 -732.14950714 48.61615476
-8.52108000 -737.95222000 48.50465333
-41.79397273 -746.51615909 39.94080152
-3.66820000 -810.26157500 45.99200833
-1.66678636 -798.37855455 48.57358333
-37.00432208 -754.22367403 44.79481126
-37.00072800 -756.30901600 45.14624933
-30.16752500 -765.37142500 48.52940833
-33.92839024 -757.56672195 48.27656016
-1.16920000 -797.94820000 49.09623333
-1.19620000 -797.76450000 49.11363333
-24.72240562 -773.07637753 51.66699064
-27.23779333 -769.88569810 51.75684000
-28.36970000 -768.00370000 51.55983333
-30.98821818 -764.30197273 51.66681061
-31.51342593 -763.83689259 51.80544444
-34.01140000 -760.96349375 51.97188333
-5.01524286 -786.00172857 54.65996190
-16.48820000 -722.60267500 87.51865833
-3.77331923 -789.31278077 55.04957564
-33.52535000 -764.32325000 57.53508333
-27.93175000 -761.58086667 65.75245000
-34.42010000 -755.77130000 65.98048333
-17.90922500 -762.78377500 70.67018333
-1.98920000 -726.06283333 78.54020000
-34.05108333 -758.58060000 79.41883333
-34.82781538 -758.64116154 79.68957949
-33.44931720 -687.55661720 83.65210538
-34.06753125 -757.04476250 84.60048333
-26.94362000 -744.63940000 83.44271333
-36.76210909 -762.40248182 82.03239697
-24.03195000 -744.47903750 82.31797083
-44.20190000 -743.15700000 32.25283333
22.23633784 -849.26339459 22.16133063
23.14621304 -847.25053551 21.85234638
23.08794762 -837.70518681 21.67555385
29.34067361 -831.04952778 24.79733333
26.95121923 -830.97780385 24.62807949
19.93341395 -834.32488372 24.74084729
11.38547368 -846.01844211 27.70476491
7.43326667 -840.20594583 30.78770833
10.95883750 -830.93185000 33.65207083
-17.18187500 -846.39511406 30.72617552
4.75170000 -830.92935000 36.55018333
4.73620000 -821.87890000 39.56373333
-0.18097895 -818.93505263 39.60049649
-4.05085313 -812.94999687 42.58046771
-49.34000000 -803.55000000 45.48023333
-23.09980000 -779.88245000 52.72023333
-28.45303333 -771.26171667 50.77220000
-40.28080000 -746.22310000 33.40323333
-17.95695000 -767.67976000 66.00669333
-40.29860000 -760.87590000 50.59093333
-32.47980000 -765.10878333 59.69915000
-22.03313333 -739.57931667 51.48890000
-39.98110000 -773.75140000 72.60923333
-90.03355500 -781.05430000 48.60331333
-55.60720000 -778.64630000 69.57963333
-35.62803000 -753.78279000 76.99464333
-37.36850000 -753.10820000 78.05403333
-1.09120000 -722.82403333 78.77526667
-64.50916667 -756.27541111 78.40943333
-34.58485000 -743.45500000 88.47978333
-52.46510000 -750.01330000 85.17893333
-19.63811667 -722.65857917 89.66802083
-22.73983000 -723.12486867 96.64453667
-26.52522000 -725.36325500 98.58649333
-28.51572500 -722.74037500 97.36555833
-27.52404138 -720.99515172 97.20764023
-20.49498955 -719.30376866 99.88062065
-23.97257500 -715.78097500 96.68658333
-29.32017766 -710.67467979 93.65231950
-20.04631159 -705.80263961 96.83185097
-40.70942203 -719.14470169 98.25238757
-46.48288718 -721.02477179 97.39629744
-52.43689643 -718.64006071 94.06272976
-44.14846186 -727.48648247 96.91945808
-57.84133333 -728.66773333 90.55293333
-19.05260000 -724.35165000 90.54973333
-15.92067500 -738.49642500 90.75610833
-31.07400000 -761.77495000 49.63758333
-19.09280000 -803.89200000 48.57703333
26.06112500 -813.12357500 39.65780000
29.33550000 -809.86800000 39.55993333
22.92427500 -818.93145000 36.64085833
-37.84355887 -693.94090509 89.76942692
-38.44107750 -696.19855500 90.45421833
-23.69907949 -698.61104744 90.77230000
-46.35952500 -706.43349167 92.57490833
5.07921379 -726.27296552 42.67232989
-37.78572000 -710.85468000 93.51457333
-61.42261250 -726.02542500 89.49870833
-37.39772500 -725.57087917 96.51521667
-37.39160541 -726.46678919 96.51566577
-22.40045000 -704.73705000 95.86120833
-35.07453050 -689.67338936 87.70240496
-37.33400000 -690.16810000 87.45883333
-34.17662000 -686.72076000 84.03349333
-13.36865000 -722.76385000 84.24628333
-28.99313448 -731.46673621 96.71646782
-41.33935000 -733.30496667 96.75790000
-34.39420000 -743.96850000 88.37503333
28.91558889 -778.87225556 33.88400000
26.09731538 -779.23617692 36.75979487
28.85648333 -780.33376667 33.71633333
26.14914286 -779.88797143 36.79717619
