-4.84911152 -779.20818721 66.37735464
-34.20830392 -792.74064902 34.32915674
30.13119474 -774.39761316 70.08242862
19.99558688 -782.20344682 69.37949228
-42.42867183 -741.47856197 76.02089181
-76.05270155 -771.83882272 67.41610127
5.02740455 -776.14979545 73.52418125
4.86624188 -797.03866049 65.16546479
23.05419059 -785.39424990 66.49788109
-57.46467364 -760.97724153 72.39293626
-35.53400000 -743.06600000 19.04303125
-38.17067303 -757.04005393 36.88382451
3.52098333 -779.31824167 73.30875625
-33.15559672 -750.96590328 49.98456076
-62.14586244 -746.01496741 78.55018324
10.81940261 -803.08934471 63.53346427
-73.26111388 -754.41270729 74.56615650
-43.30235670 -750.94499832 56.97979801
-85.05743721 -751.79845087 73.72816129
-73.11574468 -766.88957480 70.95132857
-40.17522643 -776.06171619 42.14455019
-13.61420267 -793.57136562 55.93841287
-79.64785690 -747.03294254 76.47283069
-18.66630748 -771.10568850 69.91274950
-65.42000000 -777.57180000 64.12633125
-93.43356875 -754.16709904 70.40419014
-34.81952222 -754.32354444 58.18738681
-31.59612507 -728.25133521 51.70400167
-33.57794444 -780.78519333 40.27666606
-36.99325391 -776.33335321 60.74306766
-70.84115000 -756.83896250 76.23710625
16.14646698 -796.35300189 67.56854965
-37.13067068 -755.02825221 68.67972691
25.89978478 -785.12074107 65.83129885
33.16002842 -792.13940421 49.56759546
-35.05840970 -755.98856418 68.17388312
-28.44472095 -752.46025598 53.85132189
7.87444593 -782.09368789 71.20892331
-33.56575393 -781.49647029 58.83762603
-49.54590900 -758.26518670 72.38994174
-32.47558824 -765.69027059 68.65004301
-13.10264122 -770.51725746 69.80802162
-36.73542168 -742.81428091 74.35093528
-8.24825822 -788.18030313 60.45184169
-35.96538000 -744.53170000 37.50787125
-123.26018333 -759.45928333 58.06756458
7.74487932 -763.87728716 70.99620502
-34.88221295 -744.03128443 69.45424059
-67.06292606 -758.08995680 74.25037596
-95.01533727 -753.04027273 70.00516852
36.75202414 -767.43933448 73.23140022
10.74385014 -782.19899391 71.02167940
-4.71970838 -782.08967285 64.97316790
-50.77421667 -762.98271667 69.40006458
-43.06357133 -767.20193407 65.15016060
36.58638438 -785.16452344 58.42930937
-59.81167857 -741.88925714 75.03865268
-46.01689200 -750.99515778 59.91260725
-54.98476182 -752.16278546 68.50428230
-51.32170000 -758.33390000 73.39623125
-6.54802234 -766.74596147 70.58422493
-70.17045126 -754.85948778 74.46720077
-25.14074147 -734.12656901 73.79008684
-97.29716677 -761.36261325 66.61782762
-37.36883694 -743.65810930 26.87156186
-75.87887233 -777.90150109 61.50119334
-35.12445520 -746.22317920 45.02699285
-37.33989194 -745.60478709 26.68008905
4.79111587 -766.46299240 72.06461379
-38.72730000 -746.96929412 38.35483713
-21.87524205 -782.50761957 63.14376390
-35.34908224 -745.94704579 38.47813873
-31.60791495 -779.27787357 41.51040610
-38.29745000 -738.25945000 37.16553125
-75.05860217 -757.19382609 76.35044864
-10.11413198 -788.12913394 59.75168784
25.58772836 -793.92013345 62.10550763
-38.00082708 -740.21780020 36.00462038
-74.16940000 -755.63820000 73.11893125
13.76215882 -760.80309449 69.97570204
-38.74355000 -745.90590000 53.70608125
-7.44149067 -784.75404080 62.53148467
10.88329074 -746.03611266 68.54534516
-105.41534332 -743.92770730 72.23760228
-9.74238738 -790.72796419 58.78000040
-81.88057202 -742.73227722 74.96891867
-19.22318877 -776.85379345 66.73535214
-37.62401410 -764.38006694 41.22580678
16.71357597 -770.16917088 77.47144407
-49.06607500 -750.40493621 62.43265586
-41.05715000 -745.56142500 59.42900625
-22.25121026 -784.35361490 61.75533235
-11.06382500 -787.55707500 58.13968125
-39.17546519 -741.20862556 17.38658977
-67.09570783 -772.56410261 67.76248869
28.82079429 -788.40393205 62.95127467
-16.36739730 -795.88154865 55.45268801
-85.98892028 -764.12154398 69.82598025
42.95418541 -780.99273730 64.01914260
-52.26201495 -751.27173780 65.53093501
-26.07340294 -721.15453235 55.65565772
-26.84230833 -722.12835000 55.34523125
15.79386258 -791.22840083 69.00698115
32.26926793 -782.69093216 63.50464159
37.08717780 -786.00210413 56.93221972
-61.61557174 -758.71284143 75.87842946
-31.39680588 -750.85140882 48.97444596
16.07045385 -743.71725231 68.11258971
-28.14117621 -731.13579670 75.26551618
-63.99148266 -754.01983700 72.16568791
-99.20505319 -748.09216383 70.59745721
5.45709664 -800.37454172 63.60177807
33.51943614 -790.05689639 58.70302161
37.93920343 -776.92933516 66.60725029
14.35303401 -770.70811339 77.18523795
2.47195507 -797.21990264 66.08653463
31.76197416 -770.12115209 72.07539121
-39.07511425 -743.60599217 23.68211610
-57.68217041 -768.90066786 70.70564707
-34.12177759 -790.99904858 35.14377385
-49.10003333 -759.85923333 73.22143125
15.00138486 -745.84511468 67.09126841
-42.48490876 -749.41717326 66.29165112
15.45641538 -795.37913846 67.12356202
-1.38866375 -748.97224403 74.58909917
-86.02186531 -747.41050204 75.98563839
44.30035952 -780.15836429 64.08947530
-40.08124666 -764.23093420 64.82620679
30.73840918 -768.74831531 73.33337819
-37.91651036 -748.47685168 50.55209848
-38.99535297 -744.15959406 29.22937333
-81.53935820 -745.16236844 75.69700124
31.29110798 -790.05118446 45.54739757
-35.46356667 -741.69403333 12.44993125
14.12287964 -802.64287526 64.63060546
-34.09693820 -746.56576353 71.39617423
-30.98346220 -734.17342053 75.45102449
-87.92960261 -747.37598087 75.94492690
-4.39250928 -767.66678800 71.20121193
-71.14023151 -739.37842329 76.16745317
-36.31843982 -746.13485929 50.47936134
18.61995784 -735.38218529 64.44048321
26.19816691 -792.10481501 47.36523383
-37.07196178 -734.29238627 44.76688297
-75.69832653 -774.90836885 64.51003468
11.03182347 -754.96071173 69.73651360
37.27153889 -771.47546852 70.11920347
-33.11687750 -771.12050750 43.24386125
-34.09755650 -785.08184940 38.21562156
28.84669266 -782.05531751 65.84679878
-78.09972575 -728.92933353 73.37601388
22.93341379 -770.00819199 74.93435911
-36.97305000 -773.73647500 60.80745625
-16.13119897 -779.12793359 65.40956598
28.90747237 -792.24258346 46.88773288
-13.67030783 -761.68945861 66.16294664
-39.35582717 -749.48211105 59.45919426
-37.57060518 -745.12382964 23.87314564
10.89605204 -788.04368504 68.41692313
-34.62440000 -744.59470000 44.19733125
-51.99672735 -743.01354747 73.89239501
-4.90603054 -776.07060529 68.22628527
-31.80359444 -775.18313889 43.29365069
28.66022475 -785.01382718 64.85987591
-46.97387500 -750.07661282 61.75189022
-41.76920000 -740.93775000 13.89173125
-37.01054555 -746.25060857 38.55123118
-42.02085000 -750.74399000 65.11541125
-100.51578406 -744.06980040 73.42723045
-36.98910000 -741.71770000 76.21603125
-107.48555000 -756.44900833 64.12088125
-55.48357804 -742.77539161 73.44372125
-39.07647753 -774.90962584 61.39772788
-87.03248577 -727.76402964 71.42006959
42.85811471 -780.76913627 64.29263321
-86.96735940 -746.62298421 76.69695005
-102.39993398 -767.41286185 63.22123216
12.82326354 -805.13065856 63.83540252
1.93451321 -761.06554857 72.37426383
-79.80029876 -758.12958640 72.94541288
-100.11936395 -770.03820414 63.64001636
6.81530158 -774.33307368 72.95015178
-100.31507685 -758.24599817 66.63610817
-61.74473636 -754.32700909 73.27893125
-36.98380759 -721.11905021 55.38356796
28.93349616 -793.47103968 50.76581713
-35.92105185 -755.17490648 70.36181319
-34.52106585 -754.99671067 70.93334028
-103.13017267 -761.02705035 64.91623168
-10.12983112 -769.56710906 70.45607596
-73.14747029 -761.09561362 74.17320321
-36.21101901 -719.58923801 55.63934475
-85.07833384 -731.01575951 72.10090530
38.69282692 -782.24678462 64.06812163
15.71373955 -759.21816194 69.76474244
-29.19961707 -785.41564579 38.56115341
-7.90453092 -771.08676145 70.36777864
-79.77469199 -755.63826545 72.98666420
-12.43902308 -762.28707212 67.47329952
29.47871333 -779.97782132 66.76240784
-38.47748462 -750.91396923 45.63430817
-34.19080599 -776.69047263 60.83337248
-28.08567154 -742.93386010 72.58303008
-78.96068093 -763.77051323 73.53774078
-29.13589488 -739.19029953 73.25668102
10.73138800 -791.40592287 66.59505030
4.92909107 -782.19689258 71.92126862
-75.41615361 -752.29193794 76.05023228
-38.69800000 -762.71160000 40.54803125
-6.68210211 -755.55548451 75.66800214
-9.97677673 -784.76635005 62.02238946
40.75638454 -774.28959478 68.41744149
-30.51590000 -711.03750000 52.19593125
-56.35948394 -745.57039489 73.35334439
-23.03803856 -730.99433516 74.14686349
-31.03220904 -785.07615130 38.44572967
12.35920000 -744.51730000 66.88233125
-28.44482791 -708.37647674 54.90974055
43.65532339 -779.11081195 64.67765729
-19.07918987 -775.26976778 67.71851288
17.91295143 -735.09900286 64.02971411
-67.00426966 -737.59937953 80.09876111
-73.98334217 -749.21721502 76.30086224
34.25946026 -791.08517021 53.75304019
-84.43566974 -735.88617895 73.12045362
19.06776371 -768.78004229 80.17590611
-26.46582556 -711.38266391 60.40409967
-39.57874130 -755.32435953 65.79446921
-13.38523934 -763.34455993 66.41525451
-30.93733869 -751.10617500 51.27493636
-50.33994075 -740.24656040 75.47466593
-37.20831786 -735.34175893 42.88215446
-52.26088333 -755.20808333 69.17479792
-19.71596464 -757.86153333 60.64558334
39.73678729 -769.73144343 71.71756176
-53.33005909 -751.28321818 68.63874337
-85.84713134 -723.31946343 71.49133498
-51.08915178 -745.77411479 73.48881734
-37.38794114 -746.67522650 65.67587722
6.13700000 -743.83760476 70.03231935
9.69059315 -807.86112466 63.12947509
30.52297353 -784.20583824 64.34070184
-50.17368250 -751.59499417 64.79884292
-68.70503333 -755.00203333 73.11973125
-35.78050000 -743.64470000 43.20373125
4.82989871 -743.01604792 71.10648806
0.77666667 -753.89270000 73.25933125
-36.41323414 -743.74712010 72.20700612
6.79762821 -740.08321167 70.74610012
-61.13369098 -752.84110787 71.01407289
-28.48774387 -792.33445335 34.03537939
2.81667758 -785.00657375 72.78483508
-23.83924750 -756.86997250 58.67965125
6.60255000 -798.85280000 64.45290625
-54.69389785 -772.82111849 68.83004005
-64.70652019 -756.25274085 75.34518289
-6.91399878 -781.37753252 64.68063446
-50.15322475 -755.40666388 72.73528108
-22.88768426 -741.92559306 72.85174514
38.88036471 -771.68802941 70.26874301
-35.32720449 -739.09992135 76.55486833
-34.67270000 -744.16803750 26.75531875
23.29647601 -768.12596236 76.42255044
-7.18812462 -779.09937890 66.12944318
31.70807207 -776.07414678 68.71903132
-39.71362521 -750.95796723 54.36998671
-29.75570000 -750.59280000 52.34623125
-32.67810000 -783.76566667 58.00063125
-39.50198080 -742.42063360 14.76539005
-34.98394500 -744.19628000 21.64111125
-94.43545057 -766.87922695 66.07032034
-114.91172510 -757.80931019 61.62556621
-37.12482023 -776.08468881 41.62195414
-34.12231754 -782.18892880 39.53895170
-38.89786800 -749.66326800 45.32718325
-67.83408236 -749.75207364 75.71484707
-29.56446667 -777.30590000 61.07076458
11.74765923 -760.65063018 70.08574904
-91.45055840 -747.15082561 75.40130953
-28.16390117 -794.03811577 33.11722216
7.82971909 -755.12879263 70.81670629
-39.93030590 -773.23351563 42.83308732
31.47353516 -788.03598699 62.21591695
32.12376385 -791.26939465 47.56276064
26.34905855 -782.73564610 66.76961235
-33.84259159 -750.83710000 47.94742938
-35.22248000 -742.93388000 24.46995347
-40.22890912 -779.19091944 41.38950538
-41.78250000 -774.50943333 42.85193125
-39.30891139 -753.87953797 58.91820973
-16.18808361 -791.12303470 56.83061690
-30.09734627 -706.79242082 59.77803889
-1.74744060 -757.93016259 73.50054008
-13.00046927 -780.87982110 64.37729776
-40.25495412 -749.29758805 53.60022322
3.64461111 -782.35636667 74.10290903
-37.20982871 -787.52825992 37.71690513
34.89261760 -787.93465341 56.58672263
-48.29089925 -750.31196716 60.43053050
3.30375000 -774.78370000 72.73018125
-21.91366663 -785.80841704 60.67233823
3.03406789 -779.88363211 73.36780740
-38.00829766 -748.72711463 59.36791964
-64.13476120 -746.03636624 78.17552683
-19.31208051 -787.94711278 58.85554351
-33.54330000 -743.88770000 46.21373125
0.77520000 -763.54680000 74.39733125
1.95897613 -766.37296274 72.49053980
0.13048028 -751.95516667 73.09519792
-98.98252353 -766.81191500 64.36140713
35.71293782 -786.18540311 57.57631985
7.85289082 -776.04727418 72.66094322
7.30917112 -749.09602490 70.57431623
17.29382059 -750.94452941 67.10291164
-39.08275758 -726.94291061 52.33934186
-8.45422857 -786.47847143 61.16831696
-15.90784632 -780.80134000 64.32676914
6.69024583 -792.84886250 67.41856875
32.04215318 -773.90518197 69.78609064
1.85633333 -771.38916667 73.34249792
-37.22622306 -746.71481193 41.69172471
28.92699135 -770.72040621 72.45711124
18.50180000 -774.65783333 73.22256458
-101.69060000 -753.68142500 67.29220625
4.57643868 -793.94176310 68.83385514
28.00081367 -787.05807148 64.45287656
-37.10467130 -752.30258150 68.47839350
-16.20298727 -773.04172946 68.78758574
-110.75330000 -753.66466667 64.24193125
-51.18745000 -753.74890000 60.98653125
-40.18023559 -781.71869666 40.67812420
-35.55489231 -746.30303077 32.90136971
7.41180115 -784.37701564 70.48175435
-44.48259677 -748.31043548 70.36322480
-52.22745882 -749.44660000 66.17140184
-38.93742069 -775.84762299 60.96867263
-42.96220970 -740.24307691 77.66825995
-35.30357987 -747.93685786 41.93507150
-97.07356266 -755.06247254 68.77403021
42.20255833 -774.47376667 67.08715625
-17.84720256 -760.33709744 64.58574663
-92.24171149 -766.64407011 66.95624389
14.11797527 -737.31744140 66.48069883
-33.58586595 -793.37295816 33.58730228
4.88940083 -749.14679967 71.18985479
-36.74283156 -722.22816978 54.51974747
45.55630000 -777.47400000 64.81963125
-106.12197920 -763.30336380 62.90537092
29.55974331 -794.26109203 53.76054569
-100.22731492 -746.08655891 71.73323884
-44.97299091 -748.84064848 69.72304034
-17.12968996 -759.11693534 63.21166258
-30.71438750 -792.64167500 34.25863125
-55.92366000 -736.61400000 72.31562125
1.81312072 -758.18069932 72.39913238
-13.42486811 -769.23032008 70.55852020
-16.42215649 -796.29305608 54.47411422
19.40699164 -740.14858143 65.50777896
-23.25216000 -738.54541000 72.89148125
-37.12834098 -743.20897377 35.08640502
-36.56398829 -766.95155134 64.89727089
-28.88043719 -749.92328906 72.72475047
-52.06173791 -773.06011435 68.47903489
5.13700591 -740.46925055 71.44122724
-7.88947391 -786.78423261 61.32056821
-94.20229736 -760.95410602 67.87004959
27.55158438 -780.85320625 67.59116563
12.93874894 -803.29822398 64.01398986
9.08918231 -751.23029462 70.09584894
-75.75904118 -781.24527933 58.74753583
-73.17113333 -768.39522564 70.08535074
32.02223220 -792.18837740 57.17663430
26.68876943 -791.70241519 60.50596873
37.91463762 -779.01030161 65.65191496
-34.44675791 -716.29376341 55.62510498
-8.71530833 -755.76807500 76.27418958
-81.23574490 -774.71491429 64.29995574
-41.71531000 -781.14969000 41.08396792
-35.49706452 -732.43436774 79.38729899
13.94553421 -797.06620335 65.53719738
-33.68780152 -749.35676080 47.66122405
-37.13658865 -746.06349773 32.90188903
-37.79179058 -743.29182355 32.34909399
-19.08119032 -793.38520719 55.64006876
-30.33169552 -728.55624167 76.95616583
-109.48292363 -755.64057912 63.72793101
-27.20415327 -753.27323271 55.55459667
-120.52656042 -756.09385409 60.81024180
40.78327794 -781.18274013 64.40884785
-38.74885028 -754.97320950 35.47236253
-20.89620385 -794.63564231 55.07383125
13.87012723 -749.10713358 67.92647828
-91.26813492 -758.16083265 69.71037499
-76.09953091 -754.94463172 73.92721303
-20.34469688 -756.37684375 60.54014688
-122.84970000 -759.67503333 58.27338125
-22.17244446 -779.14909155 65.82950453
-82.04948017 -740.02114725 74.38312433
-37.13248312 -747.10085398 44.60613937
-28.31606516 -710.12491145 56.74284650
-34.20707301 -724.80390215 52.79544880
-13.14593838 -775.42539211 67.64255044
-35.15500520 -758.58344480 67.03313045
-74.49987500 -752.77985000 76.28090625
10.66704323 -800.19352153 63.74141549
-37.17083212 -779.11529382 40.79071984
-34.06526749 -779.07002210 40.84861407
-94.17290510 -749.27054004 72.42227178
-33.46702473 -765.89271223 68.01471386
-37.95020000 -753.65080000 60.43183125
-37.34526816 -748.63120517 47.49095640
-93.19826024 -748.00639317 73.40500756
-37.36792842 -727.99959929 51.46833054
19.87967891 -778.98528945 70.88320873
-19.08226667 -756.46698333 62.20161458
-36.90662714 -730.33767940 49.82381014
33.71809167 -792.87620613 53.30466409
-89.91836880 -757.25614480 70.27833125
-21.86662248 -780.91971395 64.52673551
-12.30343001 -763.57428267 67.76268889
-20.35412857 -740.24776071 72.84583720
-34.03304554 -773.07289879 42.63856304
25.68604167 -781.52606085 67.78631857
34.65526495 -785.27247118 59.77936162
-21.24902730 -789.35477607 58.03641837
9.67622754 -755.69671497 70.36706359
17.64023056 -768.42435069 80.91261528
-18.36320465 -760.15214599 63.07162179
-38.74073333 -744.32550000 36.87123125
-35.53013750 -762.46657500 67.03778125
-36.04000169 -780.41060339 40.13627701
-35.15123636 -780.37981705 40.11735170
-93.95365223 -746.52317565 74.32497119
-34.15495706 -722.07719290 53.81706629
-34.43852999 -770.42349192 42.98219220
-36.15794615 -743.79890000 41.80116971
-37.67249453 -747.79911125 36.35501636
-36.00660000 -741.52500000 26.33623125
-64.21304935 -753.04132630 72.16291156
1.30741441 -771.04162589 72.71540662
-2.82110000 -747.45222500 77.20443958
-41.76305000 -744.67325000 25.99048125
22.40264826 -778.27808813 70.60291949
2.65374053 -743.37695682 71.75441363
-39.74837083 -746.65200833 16.06618958
-4.41635462 -760.85862323 73.72926794
-39.38808089 -751.86894133 56.73381881
-33.03727686 -713.54800349 54.68062732
-31.22365803 -779.09429222 60.19115739
26.30314009 -796.73549586 59.82292935
22.44270000 -781.79290000 70.32933125
-2.80115600 -755.13525600 72.91529525
19.13161695 -745.86986765 65.92371819
7.77644058 -808.25274310 62.76894942
31.44492163 -781.47534372 64.84615389
-16.21393921 -782.27465980 63.14023464
-65.51708333 -772.79220889 67.82965125
-123.01800000 -759.66760000 58.10778125
-14.59196667 -795.64470000 54.81683125
-13.16805682 -776.91145056 66.84184950
-24.10977402 -755.45953057 58.56523171
39.56010000 -768.40274583 72.46527153
-80.11765806 -771.44232581 67.13273770
-3.29551006 -761.90276638 72.94728786
-54.69710233 -768.46638372 70.16366265
-65.43842308 -740.99982308 79.06286971
-67.11445439 -769.03726617 70.47544303
27.24730317 -796.63703651 57.82226935
-105.50203557 -757.79984515 64.59833460
33.00386667 -777.53700000 67.15333125
-67.02489843 -764.97500354 72.93409523
4.21595350 -799.70265200 64.58278258
-87.51937536 -760.42359746 70.44750480
7.80564570 -752.14647081 70.66804246
-16.12003829 -784.05629127 61.56164196
-98.70693000 -769.09464000 64.24101125
29.81682175 -785.87808702 63.97019721
2.81517191 -787.92510067 72.40239847
31.79013184 -792.81477432 55.85638751
-98.15337431 -750.01523715 69.97215022
25.81636064 -775.84095685 70.97746049
-38.75553333 -744.66370000 73.33139792
-59.11054333 -752.67301667 70.36413125
-31.45536254 -782.74919811 39.69600305
-85.21566471 -749.08081536 75.06333922
-48.76379000 -750.46108000 64.28704125
-117.65880536 -757.09835128 61.41261237
-4.34234815 -784.25980148 64.48418125
-35.80703333 -744.44860667 51.06089125
-42.63590000 -741.57950000 16.51366458
-31.98998578 -776.33412717 42.71831461
-16.01600132 -770.95612035 69.77491609
-25.46682673 -736.39572710 73.36309225
-37.62859124 -736.59866073 41.61554122
12.20107407 -771.84961111 76.26210903
24.13611098 -789.31633659 43.71498735
-28.83623340 -770.47837866 66.00768451
-18.95987022 -794.88215856 54.88157715
-44.05454517 -749.98644396 58.90121748
-35.13771064 -742.16555000 73.65352877
-60.27910476 -754.13926190 69.57633125
-33.95941586 -788.37266586 36.55579561
16.74019280 -754.50574163 68.33434603
-28.15931643 -734.03007434 74.51860237
-8.86679072 -760.30520928 75.32094156
42.65026170 -774.42617872 66.86449934
23.79384400 -768.35451067 75.88138592
-46.81080000 -761.09880000 73.29298125
-32.93978614 -735.07910693 76.02541937
-52.02159817 -739.98815317 74.70894597
-28.25885141 -737.02846352 73.62988959
-45.03041267 -749.91214299 57.74237921
-37.50269688 -742.36677692 14.86300697
-49.28455097 -763.92259499 71.03448410
-94.49690000 -744.58040000 77.10878125
-38.86312857 -741.44252857 33.71658839
-81.82238261 -765.88193333 73.32879647
-28.80788757 -786.94606324 37.44339044
-70.61473153 -734.09809358 75.93774419
-66.72329340 -754.35554924 72.94585663
-43.23740000 -738.56810000 79.21263125
10.80977158 -794.07889874 65.59552723
-36.64551300 -761.00104304 67.78509393
-42.30986797 -752.61730078 63.46439844
-61.83085859 -767.32007283 72.62872908
-10.27912434 -764.28491326 68.70472447
-50.73602381 -748.01417143 73.24486458
-57.62433000 -734.26017777 74.91824274
-43.83580000 -762.66640000 67.92453125
-74.65720000 -756.50960000 76.52913125
-9.96023326 -781.05254834 64.51969489
26.36501248 -794.03170521 59.88796033
-28.25729523 -715.94927692 55.91583509
18.84909900 -768.41607500 81.03907925
-42.55131316 -764.51740326 66.08131011
-73.03651368 -737.12961382 75.60134236
-76.24134505 -746.17563942 75.99318954
-66.87253060 -752.96651542 72.39537631
-78.91676210 -771.72535484 67.32603085
28.96926878 -791.26315075 59.76439125
-50.53815556 -738.39245556 75.96123681
-22.82090165 -755.55170282 57.68891525
13.82424213 -776.71702333 72.57174213
-25.63540868 -715.76918209 56.86932175
27.30087308 -794.65871538 57.99940433
16.79236834 -752.35838518 67.71280456
-52.13862530 -775.66312998 67.59977194
3.29217500 -795.50070000 66.99255625
-41.91928421 -740.21582632 12.04148914
-38.85261105 -746.16661671 32.58650683
11.61880000 -771.60380000 75.95653125
-27.19581922 -754.30957351 55.83795515
-60.10655166 -740.18043260 75.32331965
-38.25502593 -750.84407778 54.68709421
-39.22660000 -747.73280000 27.07303125
-91.17444745 -764.13956571 68.19793563
-33.73910577 -751.96849416 71.00427730
-100.50645317 -767.21450680 63.72477636
17.20535915 -748.93923136 66.83342403
-89.25335980 -769.02079216 68.65460968
-29.59632000 -726.83576000 52.86769125
16.45207538 -774.97475137 73.42478079
-27.43412680 -718.37313287 55.43220722
-81.07810000 -777.46741481 61.11239792
-95.24323818 -769.01474606 65.43432277
-21.15030000 -773.81072890 68.71536714
-0.09366154 -771.96453231 72.17989971
-27.60688171 -721.49203143 54.79366954
10.12780873 -798.08953782 64.01880180
-97.37913052 -752.29082040 69.62282161
17.54117071 -782.64966229 69.87771627
-4.88374444 -767.95288889 74.37335903
-75.27199242 -744.36563485 76.24323125
-50.20603443 -772.86499149 68.42554228
28.91186100 -789.86022700 61.47792250
2.42494251 -782.15497112 73.54715104
-26.84671111 -750.90732778 73.30637014
23.09536897 -790.20662220 65.30295607
19.46883538 -743.03633434 65.71319587
-38.70000000 -762.69250000 39.44743125
-47.07962688 -751.10418498 62.06368896
25.96095106 -769.87681604 73.95842982
-15.96807466 -793.42527197 55.65264544
-57.22729091 -751.79989091 67.02654034
0.22042500 -771.70150000 73.51035625
-81.11948487 -765.14085966 73.47326822
4.37236247 -787.86311355 70.93330821
-103.17689430 -746.82820531 69.85556195
-75.99251867 -758.65345970 75.06947999
-38.69385000 -762.53300000 40.46543125
-73.10565801 -743.25211861 75.88794900
13.56559828 -746.05728741 67.53953030
-47.51303243 -756.99036757 74.28399882
-29.25129583 -708.07572003 59.89167132
-106.72737500 -758.50421563 63.83040560
-70.24511815 -760.89176190 73.66109208
-82.15183758 -761.11393595 71.78505510
5.16396914 -776.01365635 72.71996418
-19.14278400 -779.05664588 65.45419362
-23.06305000 -756.31860000 61.32168125
32.63342000 -768.41634095 73.06991411
-29.62590000 -768.28620000 66.77238125
-38.15300000 -753.70590000 34.19583125
36.98301552 -786.89208690 55.82149849
-33.58218368 -748.91120027 70.98277906
-37.07916875 -747.06236250 56.45594792
-76.59309268 -751.43677894 76.39777826
13.86558623 -761.60747101 70.36511784
27.76359492 -793.06687062 58.57484481
-38.98124597 -727.91680000 51.83598206
-43.45568187 -750.96227937 59.14223625
-20.26900769 -758.83256923 64.81816971
-34.25364579 -776.21025487 41.78902944
-76.10542224 -776.32353801 62.94427577
-21.20306952 -793.36137806 55.79536936
-28.69703250 -771.70249000 65.58481625
31.46281504 -793.01727113 48.70965501
10.69354444 -749.17581796 69.13590280
-32.83103529 -771.98792941 43.23794890
-38.96823333 -777.65363333 61.22336458
4.87553875 -758.06167961 71.84825172
7.87525341 -779.09493982 71.98049388
-55.26594108 -761.11324330 71.64765260
3.21416154 -779.00710769 73.10690048
3.07432679 -782.60995455 73.00505613
-16.33169691 -759.40783814 64.47368280
-14.94222653 -762.88525408 65.44334452
-29.57032105 -784.28092105 56.70045757
-75.13536250 -755.76410000 72.99485625
-16.24240872 -794.95535430 54.97071147
-70.30690857 -751.89411296 75.35448513
-38.44036000 -756.53844000 37.38489125
-67.26786325 -751.90575345 74.60688715
-67.18519179 -755.26490720 73.87833378
31.85638816 -793.07506738 53.75515691
-61.79071208 -753.86064375 71.47983333
-59.90831379 -752.17964828 70.03751056
34.77370000 -783.58440000 61.07703125
-57.91473475 -752.38486092 69.08175225
7.84330574 -806.11430709 62.48609503
-58.64615714 -753.70775714 68.99058839
-54.47751877 -751.25490054 65.95453742
4.75351057 -773.26681674 73.42338852
-37.56162500 -778.59905000 61.56568125
-38.76730000 -723.59240000 53.76393125
-54.30861796 -749.53887716 69.08411950
-49.12653449 -751.10346638 63.08789980
-18.60624222 -796.38237846 54.38105300
-92.71930000 -765.69966667 67.21576458
-45.92191468 -749.93606393 59.55710393
14.84064762 -771.55802381 76.14899792
-60.41116953 -766.02224645 73.46308095
-45.29630937 -748.33287321 70.58286786
-43.22220022 -749.57119912 56.92855347
-87.39109959 -737.44568598 74.09595991
8.12382261 -785.62114059 69.73563931
-43.21667937 -748.79689630 68.37798454
-43.59816591 -754.66903409 64.59039337
-42.47550689 -754.11776826 63.65034951
-39.63360276 -749.51945941 56.72419833
-43.14152311 -757.53196765 67.51365982
-40.04563158 -746.24005351 65.65289967
-81.31154737 -774.48436053 64.11479704
-91.41298859 -746.53047416 76.70461917
-40.32308677 -749.12518580 65.33887730
-39.89043071 -748.96681654 62.90046008
-110.85833529 -762.78457059 61.27766654
-40.48693310 -752.26527454 62.85711385
-40.44914119 -754.31824242 63.23198535
-39.65305870 -751.83205361 65.56602510
-37.17794846 -767.25671363 42.17617971
-38.72532500 -768.33274643 42.60236339
-37.25191203 -757.82855387 66.25144743
-38.17215375 -749.46133313 65.81378688
-38.17658624 -751.62369297 66.54926030
-76.23259164 -734.06797838 74.46943125
-39.03937399 -754.94421765 68.03493032
-36.93560497 -748.95779124 68.72535739
-14.02122619 -789.43754524 58.12693601
-37.67569476 -756.23305983 66.66891553
-35.11825833 -751.81385625 70.02666250
-4.59303621 -777.77432931 67.27205539
-27.86475438 -754.25078562 54.43561094
-36.38713093 -731.60954407 48.13643099
-62.53605000 -744.55747500 79.17050625
-25.87680964 -753.29764819 55.87431378
12.21366250 -738.74701250 67.13050625
-85.16913970 -755.08677490 72.13202509
-25.11313514 -754.83101880 56.87152980
-24.01766364 -756.82065636 57.72031307
-22.44042297 -755.79713184 59.30697726
-21.75961860 -757.53427967 60.24386235
-22.74767619 -756.86321429 57.99949077
-20.83903975 -758.01203602 61.42145547
-35.97964783 -749.96698696 70.37749647
31.33824510 -772.56736697 70.81894532
-73.13535581 -740.02798713 75.89870727
-19.17444290 -758.37517072 62.28970375
-38.14255213 -754.92337114 35.68474467
-34.14489499 -727.97936724 51.21834628
-19.95782500 -759.68917500 61.04470625
-16.38111155 -760.60512375 63.72354647
-15.87910222 -760.89737022 64.96373992
-11.27199268 -762.39911220 67.85488735
-38.95163333 -748.63076667 33.53253125
-35.91634588 -720.22548824 55.02547831
-31.13285633 -737.20197547 74.34523081
-11.13165652 -763.48334565 66.88573125
28.94699294 -793.93945084 56.63352337
27.57954286 -796.31364286 59.47118839
-9.92997408 -766.92661798 69.67930230
-10.37201003 -767.91806466 70.42455005
-83.84727500 -741.84461250 74.56768375
-10.44224454 -770.30505795 69.78127201
-8.07316477 -765.08058386 69.59498216
-118.05382001 -755.19339659 61.83469893
-7.61731246 -766.68570847 69.80599355
-6.66018255 -764.99147526 71.03233216
-4.31223604 -764.01006532 72.28345168
-8.13955789 -771.19772632 70.14581020
6.16840980 -798.32230000 64.05151164
-5.52475000 -768.08108333 70.07254792
-3.70883120 -769.23457291 71.35063308
-82.29630000 -756.64440000 69.24563125
-0.86945025 -766.75392613 72.46041065
13.24831740 -785.19144009 70.51196077
-9.98148785 -775.74879863 67.75866418
-1.28000921 -770.13809440 72.02057008
3.33876667 -789.65550000 71.59566458
2.12816723 -772.60372190 72.69053429
4.63441153 -773.49954055 72.87244003
7.99467302 -774.30234815 73.46610744
7.87219618 -803.14269124 62.75750154
-40.08986031 -758.04399296 65.44663009
-69.95064007 -740.09756092 76.80833146
-95.12416793 -762.19164966 67.01884815
-39.06727500 -753.48571250 67.39563125
-39.70587516 -748.25224513 69.12310599
-38.04495760 -739.15951960 37.87375285
-78.78664117 -754.71305485 73.56893962
-37.90810632 -738.01548696 39.04271504
-24.72747391 -725.50215058 75.81991821
-68.96577778 -751.51781111 72.93389792
10.45922897 -763.18148107 70.56254784
-52.79525780 -737.39709740 74.65035220
-30.09118590 -751.82020929 52.76095048
-22.94700000 -753.50930000 59.94688125
-36.76333622 -733.00981339 46.80546747
-38.92536000 -787.01564741 38.14951495
-25.74700678 -754.19983729 54.83351091
-34.95740000 -756.61710000 70.62043125
-37.34675000 -748.15132670 38.69532863
-50.54750000 -750.52943333 69.67023125
-35.27201777 -764.66549649 66.78928538
-54.51580741 -749.83065556 67.02656829
-73.18404251 -752.16638081 75.92818533
-19.19065517 -773.19960157 68.79712466
-44.71130000 -754.51850000 65.08728125
-31.49739087 -750.10199896 50.35089474
-29.90843133 -706.62604940 61.30784089
-30.83864750 -738.32535250 73.16133875
-39.57182941 -751.11439216 50.15669007
-25.51476131 -737.96199095 73.05738376
-49.25086250 -761.21218750 69.91895625
-32.10331857 -749.71877214 48.44322875
20.09744452 -770.57603230 75.45096412
-39.39425275 -751.31536813 47.60253455
-55.18316765 -758.08921127 71.38590757
2.70420405 -772.53332162 73.39161909
-34.73750349 -748.56189035 45.10848541
-41.89470000 -756.56130000 67.41075625
-70.19480830 -758.00351833 74.88872029
-53.08860812 -749.63730375 69.48488937
-64.64683952 -743.47335729 78.83189452
-38.94070385 -752.87983654 34.45467548
-88.21419377 -755.13898349 71.43904037
-49.68320667 -763.23308000 69.32591792
-39.75537286 -740.64052776 14.56879247
-37.42921680 -740.38483297 14.79361570
-39.23983612 -742.65005150 18.02860817
-37.72981102 -741.00240317 17.75503111
-29.30817500 -747.54825000 73.65080625
-37.22177143 -742.93715229 17.93404609
-37.30367742 -742.90082559 20.89783484
-49.74597317 -767.70710104 69.96415867
-39.08325598 -742.98410163 20.62754984
16.82948888 -743.08958449 66.74569305
-37.32257431 -741.33752431 20.09422847
-37.86613191 -744.79900142 21.72330855
-35.17632353 -740.24670000 20.32613713
-38.88889412 -744.84175882 21.34938419
-37.20452132 -743.12792619 23.74617693
-37.07363365 -746.13109118 29.57721082
-73.23206667 -762.33717083 72.78034375
-38.84786798 -745.02880553 24.11829686
-72.99003840 -778.19729068 61.83643850
37.73346900 -781.64423054 64.61217251
-39.16142722 -744.04768324 26.81376621
-33.36988057 -792.30024400 34.03963582
-38.91661412 -745.65780930 27.08884227
-37.56240979 -743.77901160 29.63106965
-37.05395901 -764.00641975 65.77665394
-38.95206441 -745.74744497 29.40840449
8.52749800 -774.95519867 73.53148658
-37.92993022 -748.45732586 30.26398764
-38.77091111 -742.20432889 32.75829347
-112.58459386 -752.71079415 63.90236926
-38.04593226 -741.29721183 33.56336458
-37.95320041 -749.57540041 32.15266855
-38.09712405 -751.82544223 33.31675031
-39.30730000 -744.48740000 64.95283125
-38.89853684 -740.55445789 35.56512336
5.72483341 -790.87573015 69.40151585
-38.83482133 -752.17058133 33.53652992
32.89137244 -788.37969800 60.44064976
-69.93613716 -749.08169491 75.34969354
-39.08724429 -751.59450857 44.74499696
-37.16201903 -745.96453125 35.83621377
-38.74366759 -746.76258656 35.58604746
-102.78947058 -749.44721414 68.70455713
-39.39637941 -748.23231471 36.26117831
-37.98148165 -753.00827431 34.53560373
-39.06512344 -748.56430781 38.99640625
-38.77333750 -757.29951250 36.68187812
-38.08328048 -758.26424729 37.95374166
-99.74325168 -754.87599340 67.77529257
-37.35224014 -748.41316738 41.51757026
-38.74278684 -758.88025000 38.23537862
-37.57211515 -735.82655758 43.84111610
-34.72604000 -744.18303000 39.45076875
-38.19588800 -751.17779200 39.63370725
-39.51754000 -751.48390000 39.79515125
-55.13969105 -767.06903520 70.67218396
-38.11510106 -760.80372166 39.33615482
-38.75261220 -760.38298780 39.04418247
-35.43328720 -746.75315061 41.54834588
-39.24460909 -749.42920000 41.37139943
-38.14010000 -763.11058333 39.87686458
-11.66640000 -768.40230000 70.08963125
-3.56000000 -758.81331667 72.16999792
-37.69501016 -748.73965607 44.84820315
-37.79155806 -762.17716774 40.38069254
29.78805519 -792.29397695 57.64563060
-37.08644834 -747.36279446 47.33429509
43.49639309 -776.27661305 65.62219866
18.68673139 -748.24956715 66.39074877
-39.06718033 -749.19884549 48.18438986
-35.45930000 -746.59249000 48.21202125
6.22526216 -807.77222973 62.29456368
-39.49089764 -749.07245637 50.82611716
-38.36423333 -751.87103333 48.25599792
-37.95982745 -749.09442656 53.78930113
-35.15244902 -746.17097059 50.49977243
-90.90844299 -748.72972342 74.05019188
-16.26064080 -775.42151874 67.60692540
-79.03588368 -734.15053255 73.78646790
-35.07098974 -743.59250000 51.26471330
41.04896827 -776.23727343 66.12986409
-33.13886538 -750.10672051 49.55022099
-42.82100247 -751.77819012 53.63296582
-36.24665333 -746.88462000 52.69625569
-42.14897273 -749.67752867 54.51849978
6.87471688 -766.25623418 71.71780340
-35.52176000 -746.29162000 52.80595125
12.55934211 -801.26727368 64.16206809
-29.21270000 -750.53860000 51.31953125
-91.08128642 -752.11021364 72.01859104
-29.06160189 -751.49084811 51.73193219
-38.40339153 -751.43562768 56.41857532
-38.02828446 -749.02119873 56.69799753
-26.57020000 -721.10401667 55.18274792
-45.10106264 -750.94389780 57.80639059
-51.09820000 -753.40330000 61.03928125
-48.28020513 -751.17556410 60.31422099
-39.39904506 -752.18341078 59.14029505
-26.18101900 -753.20884100 54.65268925
-37.71600754 -747.18449854 63.14743344
-37.94775869 -748.09144831 62.37361297
-47.56128571 -750.26720000 64.39654554
-38.55460000 -752.92956667 62.52643125
26.81363665 -793.13638714 49.89429169
-54.51545902 -752.70195246 70.50899355
-37.17373386 -746.43523539 68.70270690
-51.92895000 -750.36972632 62.96498651
-51.41930101 -750.87922886 63.56634635
-42.91779545 -748.83549091 62.70644034
-34.78817500 -744.09258333 41.79301458
-72.90012902 -746.09426836 75.91477109
-38.12205120 -741.83698855 12.33923667
-84.50564202 -733.99279468 72.74329369
-34.51398929 -745.13008571 23.67808482
-15.44076902 -768.43447922 71.21135086
34.95372870 -781.44466317 64.82110307
-51.95451988 -758.03637269 71.52762179
10.91183840 -775.01683003 73.52251709
-35.24507500 -745.19601000 26.54298625
-42.02766250 -744.47907500 26.02215625
-35.49672000 -746.10136000 29.22580125
-27.43268571 -754.01220000 58.25665982
-29.54254444 -778.07624444 60.61942014
-43.19363750 -747.13140000 62.55400625
-76.04453845 -766.81430913 71.04346203
-39.77921143 -747.05273714 63.02511411
-34.68760000 -751.24885000 64.79178125
-29.94870000 -729.37740000 75.73903125
-43.45773333 -746.94370000 65.44283125
-14.43765484 -761.34623871 64.05668931
-39.42531891 -746.38764422 69.25098887
-68.09459687 -738.24707292 78.98816198
22.84811482 -787.93904701 65.49383365
-16.22096667 -761.53693333 68.26831644
-50.10241111 -747.40428889 72.24624236
7.88450052 -758.04358211 71.01768420
0.33530000 -771.39240000 73.47703125
-8.70985000 -765.32720000 70.22873125
24.17016667 -790.01205522 44.48567553
-37.53479149 -753.86414681 61.82282061
10.98176270 -796.86671828 64.67774658
-36.46276735 -752.31438571 58.59767207
-34.94855000 -754.32655000 58.20313125
7.84507315 -800.09448765 63.34037662
-59.16948479 -764.42526133 74.51664108
-35.30740833 -749.91541667 58.62223125
-35.46892368 -746.54104211 35.78691546
-52.11595911 -761.17229438 71.36507214
-38.70870000 -737.41360000 40.51413125
-38.75167500 -738.82095000 37.85493125
-54.99843384 -770.13313423 69.71607269
-67.46744428 -740.26100058 78.45847879
-38.83528000 -753.81083000 33.93652125
18.73785359 -752.87434388 67.99091986
-38.21342105 -759.48756842 40.34531020
-38.28462500 -744.63665000 18.86410625
31.84240926 -779.44947789 66.24585106
34.02046795 -790.82434326 50.65854721
-38.69305000 -744.83245000 18.87283125
-29.79503333 -753.75400000 53.63889792
-40.73954286 -753.78032857 56.18245982
-33.95313333 -740.43965000 22.96259792
-38.96341535 -725.38333346 52.95632810
-37.41032679 -724.96731418 53.10761089
-5.42608810 -783.33020952 64.08766220
-7.10194936 -775.97739743 68.04517854
-38.18865135 -726.81568649 52.28691774
-36.50941389 -726.46900556 52.09503958
-35.24076288 -718.29759369 55.58463580
28.11077361 -775.14766763 70.53298136
-37.19659305 -770.23280417 42.66567500
-34.03227311 -719.23977374 54.62663772
34.53074000 -767.53765385 73.48312125
-34.10638182 -726.16876033 52.01357009
-97.03216768 -769.64743815 64.66371250
-33.63034118 -714.31015882 55.31948615
-33.27762251 -716.37475024 54.90593623
-31.29456383 -712.88173979 53.82948358
29.01099452 -776.52422142 69.35925740
-33.71345104 -730.27813437 50.08622396
-31.24378733 -716.15943412 54.56218849
11.85410714 -762.91627857 70.12931696
-31.31606767 -719.13044071 54.45906229
15.99541702 -794.07530532 68.09764949
-30.46212210 -711.22512733 52.92054537
-37.33350178 -745.96205230 71.74691902
-31.46406262 -722.12091357 53.78525887
-31.37396297 -724.93030926 52.96905234
-32.55040000 -726.53780000 52.20093125
37.03306002 -787.67106092 53.86134467
-1.42738998 -755.07602927 73.67291828
-30.56450909 -727.27123636 52.39229287
-104.82562195 -746.35325854 70.09924101
-31.66195227 -730.34105455 50.77216307
-23.60463333 -735.65570000 73.40339792
-3.88237828 -752.14425724 75.50410222
-17.24314545 -771.66560909 71.57093125
-29.86996477 -707.17468068 57.72761477
-28.47712800 -710.40575287 53.91379767
-29.08990749 -708.03243838 56.75120020
-28.85130660 -712.97500229 54.54345792
-29.38508861 -715.37848861 54.95757630
-3.39133129 -750.05939479 75.83381285
-98.43342500 -744.48685000 73.50168125
-29.06217276 -707.78983541 61.50793320
-27.93724816 -710.11110656 59.64124248
-28.17138168 -719.50410180 55.01287599
-28.31523456 -790.98613555 34.96173382
-28.07688563 -713.12351222 56.66388877
-27.82592128 -709.65492635 61.45372922
34.86932685 -769.90084588 71.62767964
-27.00439070 -712.09431767 58.57575125
-25.75570984 -712.79497040 59.29025601
-26.01445768 -713.95643350 57.75782772
-29.27862195 -724.94778780 53.43991174
-25.78993322 -719.03790671 55.80809367
-24.25890000 -714.68752000 58.27419125
-100.95715309 -755.63915788 66.95800450
-26.63200000 -719.93470000 55.17313125
-35.43044167 -733.09478333 47.31981458
-35.31200449 -731.05607753 48.63322676
-30.30070000 -705.56231667 61.01048125
-26.45580000 -711.55910000 61.29603125
4.34381924 -791.17336105 70.85142436
-26.33835000 -711.76605000 61.21548125
-41.86000000 -776.24902392 42.32503690
-41.87278746 -778.81081672 41.72607931
-40.41103878 -772.15853673 43.25085370
-39.31122158 -770.48859583 42.95768593
-40.06000508 -771.34973559 43.24153294
-39.39787870 -783.09385404 40.01379693
-39.42835123 -784.96292614 39.29326747
-37.16608667 -773.16935883 42.31873055
7.96866857 -798.16480071 63.99842863
-65.51460000 -778.17511400 63.88969725
-37.94528198 -781.09588745 40.38010838
-36.94827558 -782.20829428 39.75102864
-37.07086286 -785.11391449 38.71188383
6.16986364 -745.08409545 70.13002670
-36.55903681 -788.91807232 36.80125154
-36.18509642 -790.51681556 35.76370799
-28.25552376 -751.77291898 72.40286404
-34.54763650 -787.02950443 37.38222598
-34.40153357 -734.28383247 77.71911967
-51.32053333 -739.02960000 76.34816458
-104.86800500 -750.80610250 67.30141125
-35.66165000 -792.32270000 34.08898125
5.54857605 -805.77123714 62.11741389
24.06980000 -783.15846667 67.11127670
-73.66047714 -743.97705429 76.29948268
-30.94638762 -781.49909420 40.59978937
10.73641990 -805.92500749 63.30288169
-16.21363807 -785.47754360 60.45673406
-30.96855567 -786.83085232 37.34136140
-31.15348771 -788.31631781 36.42287316
-31.08674097 -790.75780133 34.92094686
-30.91464551 -792.17154342 33.91631132
-31.02253985 -793.97573029 33.01875379
-30.36201138 -796.08445030 32.06529981
-0.02297121 -749.30443889 72.87703277
-69.61218172 -734.46166613 76.26772157
-67.11795335 -778.75052951 63.46019354
-28.56112609 -788.49934949 36.41465234
-28.18341176 -796.38742711 32.05658346
-29.54104800 -783.27942800 39.92114325
-32.34120110 -773.70161326 43.05788760
-26.58144286 -794.97142857 32.51653125
-26.60750000 -795.65250000 32.21183125
-27.52760000 -797.51610000 31.12253125
-35.34827692 -768.39187692 42.89340048
10.87446667 -805.78056667 64.31036458
-82.31929856 -763.87468094 71.08369150
-32.15934074 -773.44708025 43.26045100
-33.45837143 -785.50468571 36.99544554
-31.47841923 -786.38315385 37.16069279
-54.19747980 -754.44945880 69.82207185
-27.32822500 -792.72722500 34.24783125
22.98278489 -773.58903621 72.71558831
28.92396303 -795.76750504 54.48275310
1.79932867 -785.06183533 73.71335525
2.49265396 -799.87839079 65.47708634
2.05804831 -787.00505593 73.43110074
5.00115095 -779.11956149 72.48112475
3.07074639 -795.17437629 67.86963125
2.65238846 -795.71180385 67.33149279
4.96252983 -785.00024644 71.16588493
-103.16865782 -755.13640643 66.24596437
5.28539360 -794.88169488 66.18635477
5.15776672 -803.00749576 62.55428063
25.73788995 -790.20323574 45.09253923
5.76271953 -788.26431194 69.77319466
4.47295814 -792.85688605 70.30062195
-4.11475379 -758.03826566 74.30907333
-8.87737863 -758.22180812 75.78262527
6.17709730 -786.38668649 70.12250693
8.02109289 -745.99391216 69.65664154
7.86891289 -788.12917228 68.75002900
7.60815747 -790.36504224 67.84284504
7.88402387 -794.17757397 65.64004389
7.82356635 -796.67966600 64.68272595
8.41794933 -791.56791136 66.70165491
11.28250617 -773.44621475 74.84473633
10.91937612 -776.45491369 72.61118926
10.88023897 -779.03538971 71.90559494
11.21132993 -784.06959925 70.40304771
10.69878800 -785.47312429 69.60673058
11.16784758 -790.01061450 67.43113303
33.62315442 -793.01963717 51.38313169
-32.91052000 -731.95868000 75.11239125
26.50280569 -777.14793301 69.87023385
-112.81563085 -761.76170423 60.89706976
12.23405714 -771.47452857 76.29293839
-80.74460000 -741.61720000 76.20803125
13.85542971 -773.07865515 74.95633290
-42.14679934 -744.32006776 72.90650033
13.87886575 -775.11378048 73.53225685
12.97851705 -771.71489091 76.33110511
13.93006637 -779.02344414 71.60256248
-36.21986987 -758.43244936 67.36658446
11.95286044 -799.29431593 64.32680762
-80.89616000 -741.46966000 76.23933125
-115.10860179 -755.07815831 62.46716503
14.44056305 -781.20290528 70.98281600
12.87701443 -786.06899552 69.97092926
13.75378823 -788.31086023 69.19562288
14.15005476 -790.82880445 68.03845073
13.10740142 -792.03673191 66.89776287
19.28513065 -736.36882097 64.07701915
11.45779470 -758.07879838 69.91322168
13.78794634 -794.21113247 66.32935839
13.92707465 -800.07477555 64.92904667
14.38954655 -786.98770172 70.26585194
17.23913103 -771.30681154 75.80320740
16.82474438 -773.00488565 74.59436516
-8.37481350 -790.48780750 59.57232425
16.84134961 -776.39208398 72.50525051
16.86769898 -779.03089352 71.19615442
-7.34590946 -782.75916514 63.69011924
1.90774463 -764.13201202 72.27480946
17.07185607 -768.86162131 80.04724153
16.49569409 -781.44074227 70.50971670
-55.10053171 -741.03910000 73.12017759
-78.70365043 -774.70644174 64.32305125
15.02406023 -793.34194773 67.45898409
15.52884167 -789.09492708 69.75305833
17.79209802 -784.42228779 69.22664346
15.78484820 -797.46474707 66.71706413
-22.70833806 -722.82768772 76.01361551
15.68176643 -799.68524976 66.25731696
19.26008197 -769.45863139 77.62918651
19.73785637 -772.88608985 74.05139287
19.88303590 -776.04568590 72.22659973
20.48369663 -774.23662734 72.92948443
31.75064883 -790.77554358 59.61672035
23.00599419 -776.19679645 71.54340775
28.89705214 -773.08366528 71.38504110
-27.32149291 -738.35486738 73.13761919
19.26852955 -780.75323636 70.31134034
19.91149070 -784.87938324 68.13420298
26.33768975 -767.81076511 75.45338395
20.51442426 -780.09664128 69.75949380
19.54704071 -786.97855044 67.41959320
20.70163043 -787.91469293 66.59018288
20.95719917 -786.21483802 66.98420976
22.50177997 -772.29517541 73.65263418
22.89975816 -779.43111814 69.71482717
-79.09517217 -773.03803629 65.92634305
22.86919641 -782.01408270 68.36851947
21.92499481 -768.82017792 76.35268969
33.93537497 -790.98329574 56.37632953
22.20436656 -784.27928931 67.54062575
21.27600000 -789.79386667 65.81199792
25.71087662 -767.28053290 76.34400051
24.59600556 -771.73764444 73.29950903
12.62080000 -762.67320000 70.05168125
26.12166083 -773.10559700 72.17356257
-91.08973619 -769.55537666 68.52905045
26.03597672 -779.03888479 68.99298729
26.72809283 -771.15557251 72.86965456
37.76185932 -773.24570096 69.22719477
25.73691475 -787.35059156 64.70731761
26.22654101 -788.64638167 63.36894656
25.06776779 -790.95761897 64.60814805
25.98368423 -791.09089653 62.55319880
28.85791466 -767.62207828 75.00072188
34.95963814 -768.22398789 72.91778048
28.60334168 -769.14618297 73.58629231
-87.22667447 -723.18060372 71.27669402
28.70893665 -778.76191121 68.01965077
31.56400864 -767.88581202 73.98652658
-36.25762736 -740.96225025 75.57382860
31.07135060 -778.09147096 67.50593933
-73.00083727 -756.40827091 76.38369489
30.28065000 -783.35630000 64.17988125
31.87358517 -785.00304347 62.84090341
30.95343636 -789.79318430 61.45472712
-82.57771331 -733.68099912 72.93582512
31.92296129 -793.26277176 50.68318543
34.24508026 -771.92230855 70.41319836
34.93396434 -773.32798974 69.56510421
34.73497872 -775.82003375 68.13559999
35.29653041 -777.26244094 66.93084821
34.74851752 -779.23506479 65.81330918
33.83750839 -782.97700985 62.41117687
-79.74105888 -761.26539648 72.49567413
-19.10348494 -785.56228124 60.48272394
33.89292621 -784.03481048 61.52031714
33.94468000 -792.82764667 56.04611125
36.10025000 -771.54915000 70.19003125
37.78700662 -768.10143995 72.82300453
16.80121056 -737.22675791 65.80217268
-23.73934737 -783.35556842 62.61062599
37.98148627 -770.08413935 71.36399228
37.72444790 -775.41923234 67.85215281
40.48294950 -774.85017916 67.96016071
-79.13319399 -779.20089726 59.90304592
40.91016565 -779.08242706 65.07842902
37.72375000 -786.57110000 55.15555625
40.98127265 -781.71781381 63.99428401
45.50595729 -778.32696250 64.67708437
33.72874980 -787.73899508 59.08256688
15.42134000 -801.88152000 65.30571125
26.55424692 -792.74145664 48.77015826
25.73962343 -789.30967234 44.01421914
28.19455779 -795.90396996 56.45839057
28.23081553 -789.43833010 44.07808271
29.05471268 -790.53984225 45.22513817
-4.21936184 -755.14702117 74.92181440
35.40885637 -789.14451114 50.79030867
35.34489926 -788.65819637 53.68995729
33.45895000 -788.55867500 61.43733125
-57.45440133 -747.85670667 73.42398725
33.20901869 -785.90612523 60.88516489
15.33995000 -769.03150000 79.22513125
-31.28515595 -749.22627620 71.93780774
-26.80524583 -726.48265833 76.14627292
28.34782600 -766.87251600 76.29363525
-21.55782828 -777.06960036 66.77878526
42.40122500 -774.18947500 67.21583125
-103.20007737 -758.09568191 65.59030852
36.60687206 -788.47057010 51.58131752
31.75022273 -789.54166818 45.31212898
34.85264747 -789.39583088 48.54144945
14.05149239 -754.96630134 68.80677928
33.85114823 -790.05048821 48.37265922
28.89139384 -792.95605178 48.29483073
33.30043333 -792.56398889 55.08809792
17.71545556 -779.39198889 69.90229792
25.26384000 -789.16309091 43.11852761
-24.18419451 -785.02781596 61.67958462
24.29210000 -789.34046667 43.18269792
25.70870000 -795.77365000 61.23339792
-31.14203529 -740.30219725 72.66325675
12.99489355 -804.91834516 64.38511190
24.60944091 -777.78166364 70.29116307
10.57797742 -783.10453871 69.98200222
-32.79941111 -746.91707593 73.41285162
9.82760000 -780.56990000 69.78813125
33.24710000 -789.52536667 46.40339792
-7.90073989 -754.95881543 76.33945598
-7.01140021 -758.09202994 75.24821342
-7.02046757 -761.07143564 74.56920809
-6.61760026 -763.07628031 73.82955350
-5.32678939 -762.93355000 73.35955398
-98.30641176 -759.25443088 67.09391801
-3.33322074 -748.88219770 76.69004554
-1.83542107 -746.74982956 76.92554163
-13.17384844 -779.04757985 65.53734470
-2.39635893 -748.00378929 76.79814732
-1.22633409 -752.16493175 73.97606175
-2.23165439 -760.02373509 73.28423914
-1.10365532 -761.15519441 72.72453622
-1.11115605 -763.94339047 72.63887958
-1.09827675 -747.02203249 75.33541977
-0.38887821 -758.27104679 72.99476213
1.82962256 -749.05093713 72.22604023
-0.13689752 -755.42146708 73.05802283
2.07515841 -746.17822134 72.02074558
1.79846471 -752.18361947 72.47587780
1.84714180 -755.02199937 72.52308845
4.83818259 -746.18953364 70.88402535
4.86494462 -751.96955222 71.52234986
4.83878582 -755.22452097 71.71904690
4.87652102 -761.19708704 71.72057358
6.67287463 -742.21651269 70.35910065
7.99251780 -743.17233823 69.25786445
6.87159748 -746.96571342 70.37420232
4.84351141 -764.06067818 71.62955659
8.38739408 -741.15160329 69.30243717
8.68880225 -748.73770745 69.88726529
11.01590355 -740.26953515 67.89272833
-19.29550148 -780.81699557 64.34064603
10.84998749 -743.16537248 68.13857544
7.87927040 -761.14069152 70.94620911
11.79273316 -738.28745829 67.49318098
10.98079947 -751.85317932 69.51284900
-76.57922793 -731.34505148 74.01710727
12.14461429 -737.94097802 67.06699718
9.74333939 -752.89734091 70.39982367
9.32400000 -754.47406250 70.17126875
12.72152273 -737.96891136 67.39082670
13.36526903 -740.34395434 67.36881301
14.37973850 -739.65799038 67.02332926
9.99253000 -758.29691839 70.41492375
13.55256263 -743.06438805 67.43738825
10.52081531 -761.25913062 70.38208556
13.86036359 -752.17694012 68.40248212
17.41921178 -735.32506377 64.64774755
16.90023149 -739.99010034 66.62493639
14.77414897 -742.78947758 67.10301503
13.88224743 -758.22022042 69.36932675
15.54403077 -740.47670769 67.21877740
16.94639345 -746.10048209 66.59279920
15.61178000 -747.13574000 67.23309125
15.83582943 -749.39636847 67.37185437
19.08258716 -737.22296967 64.82758070
15.87960924 -760.11205000 70.06426060
15.89010647 -760.77740706 70.29211537
-56.15206447 -768.86138421 70.28804836
18.59357290 -753.96602150 68.33235461
3.24377778 -741.46447222 71.69205903
-8.76722333 -756.31118000 76.12146458
0.32250000 -747.21086000 72.67067125
18.82585205 -735.38280274 63.98939426
15.32840000 -735.48520000 65.76013125
-40.29519023 -743.02904575 74.55772619
12.31400000 -744.62640000 66.87153125
-42.95828980 -742.99005727 74.69317133
3.62267500 -757.51795000 73.24163125
2.56102000 -767.42246000 73.27627125
17.83331111 -736.58175926 64.05246829
-24.32992027 -786.26086622 61.00961098
-24.29523468 -787.50952803 60.36406189
-23.97627087 -779.81801133 66.31432672
-23.86331563 -780.68134062 65.86947812
-21.84589687 -787.76587516 59.34839529
-21.68860061 -775.61594423 67.86359856
-21.35443570 -791.04285147 57.00590323
-19.24739517 -789.27001498 57.97108825
-19.11172140 -791.02411961 56.90666969
-19.15350258 -782.29697164 63.06895861
-19.22413700 -784.11166264 61.59578583
-18.33738427 -770.08036080 70.49875754
-16.08865658 -769.40692397 70.72557248
-16.21567558 -787.76146314 58.90390945
-10.05332309 -779.08412679 65.82808652
-16.29392792 -789.26034851 57.98607165
-82.21696252 -737.29463941 73.74541271
-16.14004519 -776.84935709 66.80138434
-13.29341975 -768.29507398 71.14038924
-65.26087212 -740.13631866 79.90385871
-13.16871313 -773.10149581 68.73887848
-13.18813588 -782.32804162 63.22424763
-13.01839455 -784.36646491 61.75580852
-13.25588469 -785.84150289 60.62777343
-13.07233045 -787.99590258 59.20983668
-13.28579233 -791.41042163 57.18976618
-14.34479126 -795.14947670 55.05431863
-12.73249333 -790.00842533 58.50021792
-10.08215286 -773.03768642 68.98504385
-22.59960000 -723.69805000 76.24153125
-10.25637329 -777.17535011 66.96702617
-23.22391242 -733.91552912 73.57592921
-10.15203929 -782.53027973 63.50801012
-10.45339658 -786.19360308 60.88883330
-11.06317823 -791.22118629 57.82417130
-7.32308089 -773.28769108 69.47005613
-7.62142203 -777.47631610 67.11710583
-7.14636301 -771.77562740 70.25566550
-5.15029231 -773.85874652 69.48006312
-5.15988133 -784.55728963 63.93170469
-19.15806667 -796.37383333 55.32186458
-123.13605405 -758.20680440 58.88893688
-121.13334007 -758.25697996 59.65157055
-120.55784341 -760.11108065 58.87457353
-122.40710000 -759.96054000 58.15805125
-119.78786250 -755.51850625 61.31738125
-118.36806057 -758.33505295 60.61115377
-118.13471060 -760.61768700 59.46787888
-117.13276138 -753.25451931 62.49436642
-81.46674481 -753.93763060 73.35800502
-114.96952178 -752.66253835 63.30369328
-115.73956538 -758.87225304 60.95165243
-115.15027756 -761.08639661 60.22163295
-113.97056667 -762.74578095 59.87558601
-113.84191081 -759.87324054 61.29036098
-112.16014343 -755.11317497 63.16343891
-27.73628647 -725.32473523 76.96146191
-112.15495991 -758.06617967 62.32425484
-112.10255123 -763.04185662 60.61974522
-111.66332727 -751.72158535 64.62543037
-111.84746064 -760.75632587 61.64785882
-111.11988148 -750.51431481 65.28444236
-108.94001779 -750.29307117 66.17476755
-109.14049849 -752.09109053 65.25244182
-108.69479451 -754.40406066 64.49204661
-109.14961904 -758.10490639 63.17736096
-109.17275291 -761.14096290 62.21541642
-108.78864733 -763.18013550 61.66879690
-110.24018353 -763.44318118 61.08886890
-106.86265436 -750.27395503 66.90069299
-106.11630777 -752.14965068 66.13145524
-106.04217489 -755.10978780 65.16291886
-69.52365984 -745.97637853 76.43926385
-106.17057882 -761.19661619 63.46302736
-77.37776452 -783.87658710 57.09508931
-105.43304076 -750.14930995 67.50485921
-105.20338710 -745.33927155 70.83584914
-104.91756415 -760.19385157 64.35058031
-48.65344892 -757.16421434 73.81339648
-86.44264706 -762.46742353 70.14644890
-103.39679384 -743.91881478 72.50801857
-103.01038690 -745.41578040 70.97342365
-102.74843531 -751.60924379 67.74069259
-103.62448444 -752.76716970 66.70874103
-104.31453526 -762.09163158 64.04819546
-52.29541423 -766.59905169 70.42712600
-103.90026724 -763.36620171 63.90097355
-102.45751967 -743.40208934 73.32243453
-103.03448947 -770.29443695 63.10607375
-102.59865164 -763.14632166 64.54170531
-57.75427316 -737.10072825 74.42968879
-102.76277062 -772.00056117 63.18249322
-101.27525368 -747.33110316 70.00814178
-93.74661980 -745.48081015 77.02604115
-100.29095999 -749.17985316 69.40265593
-33.88928168 -775.31179843 61.55857041
-101.14807500 -744.39424537 72.93578403
-36.20303154 -737.05934146 77.91699075
-100.14217270 -752.08902927 68.59061714
-100.12274238 -761.11408760 65.89898652
-99.88397530 -763.78557601 64.73511057
-25.16886714 -740.15104852 72.79669571
-100.79182450 -765.07160144 63.99146410
-100.83496269 -771.93981007 63.36737006
-99.08685319 -744.80252979 73.33048870
-81.88652931 -777.73670690 61.30368297
-99.02650490 -757.32418578 67.37040478
-96.90820024 -745.45360940 73.49736619
-97.38425057 -746.62512289 72.53839173
-96.96251292 -748.97592269 71.23984718
-79.08231589 -766.65678617 71.13714663
-97.09046314 -758.12960931 67.85027993
-97.07595391 -764.12370334 65.59926422
-96.94819610 -767.13563091 65.03747938
-98.35503765 -770.47482706 64.11010890
-96.18021190 -751.36158130 70.39161284
-53.94605245 -775.16129371 67.88906691
-96.33793316 -760.26678486 67.44005684
-95.15298855 -747.25874809 73.06653354
-94.03520237 -752.06761601 70.97883295
-94.33705232 -755.34946262 69.64729498
-94.25494754 -758.09743855 68.80948997
-94.71205443 -764.23353760 66.59911622
-31.27731842 -781.83402522 58.85225189
-93.29979864 -763.68904208 67.53701438
-79.10379443 -781.01939592 58.49269043
-91.73282642 -750.01775544 72.89457529
-90.96242288 -754.88981083 70.73262815
-91.52643675 -756.04271873 69.92399238
-91.17061740 -761.14093546 69.06559826
-29.21291888 -761.85451684 69.69027462
-90.86457120 -766.97623543 67.82343822
-92.66992857 -769.06280000 67.78075982
-88.19967487 -749.13881518 74.61004534
-87.66877840 -751.12294031 73.53736354
-88.34189305 -752.37451347 72.66043761
-88.09843116 -758.03393294 70.75314680
-89.39796377 -759.24762174 70.13191966
-88.51618253 -761.44942249 69.86126817
-88.15159466 -764.20223911 69.09139803
-88.30062399 -766.82235000 68.49617887
-36.32029864 -734.62861143 78.76517931
-84.98275892 -746.75069589 76.90627276
-85.53335031 -753.14321273 72.96822721
-85.19760512 -758.18549451 71.61078756
-85.11671664 -761.07958192 70.99946165
-84.56428957 -763.92479841 70.44711299
-84.23419310 -747.76025345 76.34480711
-85.42182247 -766.26462697 70.05099080
-84.57356942 -766.19469545 70.34104943
-82.31852354 -746.65508590 76.84057708
-81.82051065 -748.24135990 76.70388499
-82.35676753 -749.61385703 75.55266318
-70.75070254 -731.18143410 75.96975169
-82.07402495 -752.05304414 74.19832059
-83.41947692 -753.49314615 73.16470817
-82.18729590 -755.20707681 72.67167148
-82.16467493 -758.13617189 72.37671010
-81.85990287 -766.40518660 72.10776594
-79.06276414 -749.11777582 76.58233644
-80.17305900 -750.14993500 75.94705925
-79.30421202 -752.34876901 74.91424543
-79.04449209 -764.54366477 72.58876468
-78.31801597 -757.92210278 73.44917894
-78.40088738 -761.27580650 74.66199626
-119.37690263 -756.44198421 61.03147862
-110.51116000 -753.44576000 64.16183125
-92.49675000 -765.37826667 67.18134792
-80.39529412 -726.48027059 72.61667243
-78.74486089 -751.29341015 77.09914472
-89.95195000 -750.65380000 73.20843125
-89.46684748 -756.05944820 68.41383197
-95.12717037 -757.27822593 71.01328681
-84.09000136 -770.81797477 67.99566781
-84.25671237 -771.99444021 67.44445015
-84.22738307 -772.68760415 66.93064786
-82.06157051 -770.11897086 68.37094413
-82.44662565 -771.85152220 67.38215388
-44.91960000 -762.13275000 67.21258125
-49.70674826 -766.23443009 70.37379804
-81.73349189 -772.85334560 66.24894724
-81.37293567 -768.17634680 69.59882898
-81.55049582 -776.14818708 62.71628759
-81.52292941 -779.02866448 60.08467972
-81.38867745 -781.19161128 58.55732680
-81.17287130 -782.49088730 57.64126690
-80.95626184 -784.09563421 56.81071941
-79.94346667 -774.51070833 64.08568125
-79.14722502 -776.09166282 62.75978420
-79.16000799 -782.53791071 57.56749527
-79.04223194 -784.20330126 56.82714931
-79.32989283 -768.17982384 69.81104230
-79.15060875 -770.21384129 68.42331078
-78.48993945 -777.73454587 61.33637162
-76.14250148 -779.37275951 60.02891849
-76.75077148 -782.36444247 57.79984373
-76.07417411 -761.06398159 74.46563330
-76.26115757 -763.21160478 73.50509818
-76.06164853 -764.66618774 72.64256316
-76.36844928 -768.27350827 69.96969780
-76.17043810 -770.41266640 68.54083244
-76.08504783 -773.34098198 65.99339204
-69.81010388 -731.30516117 76.30955358
-73.66960937 -756.84971875 76.32449687
-73.05171509 -758.22337546 75.42296136
-73.19209893 -776.58074000 63.32224705
-73.78200494 -779.44771383 60.46634364
-74.27801633 -780.91334571 59.46707860
-73.47110439 -762.99813103 73.36814473
-73.14496530 -764.46915544 72.50610010
-73.20715828 -770.38015744 68.81799396
-72.98617897 -772.15292127 67.61689249
-73.25286421 -773.59108341 66.24641255
-72.97638775 -775.18212694 64.75843929
-71.15762000 -756.19030000 76.21149125
-69.16243529 -763.05607451 73.26977831
-70.29215400 -764.12747912 72.43485452
-70.20618851 -767.12389435 71.08873557
-70.14989232 -773.82171188 66.52709973
-70.06041803 -775.59851603 65.03607078
-70.37829290 -776.89731309 63.74115139
-69.67878386 -778.09247908 63.24357046
-22.57666000 -720.51178000 75.45215125
-70.05516088 -761.90448705 73.02963841
-70.99150488 -768.16705122 70.09174832
-70.18762979 -770.19995455 69.21435111
-70.24033523 -772.39706512 67.72701587
-29.03625968 -763.12921143 69.75760077
-76.47206250 -740.96628750 76.68141875
-69.20846471 -768.83354706 70.33266654
-72.93240923 -731.16582096 75.43784721
-67.06376549 -761.07156396 73.89022130
-67.11322313 -763.61519865 73.43546883
-67.09892202 -775.95587926 65.19800189
-67.85328530 -777.26364185 64.03332007
-67.10609172 -767.12079409 71.73809163
-22.82975571 -725.10663469 75.52231118
-67.20934171 -770.61181065 69.32450955
-67.22601667 -773.95871054 66.67915744
-64.08111165 -758.11469693 75.41471526
-43.30241429 -770.74407143 64.14785982
-64.17588275 -761.07331407 74.72319497
-64.04498288 -763.82683342 73.69759368
-64.67651983 -765.24364723 73.00585603
-64.16764153 -767.10953286 72.15283759
-63.77594811 -769.89283019 71.01929148
-65.50608364 -774.14026455 66.74922307
-65.45043638 -775.93502680 65.38897025
-62.93604478 -771.81126269 70.51839394
-61.41361791 -761.24937322 75.14949377
-61.05593124 -764.10561971 74.12720570
-62.16926250 -765.55165000 73.16755625
-61.26745164 -770.16336778 71.56488399
-59.61750000 -771.69700000 71.14163125
-61.14076776 -772.18785492 70.76066620
-61.47492907 -758.73996279 76.49730334
-59.09093392 -766.10826007 73.76585634
-28.01481778 -749.04907745 73.67072995
-59.00735504 -760.53602868 73.47334830
-66.09466727 -777.76698000 64.30512216
-79.58145985 -728.26868229 72.87786453
-79.82801471 -777.50755588 61.07236654
-81.30928889 -771.43261111 67.15968681
-65.59400000 -771.05163333 68.99373125
-57.87088965 -767.16710393 71.23630232
-65.50841667 -777.70308333 64.31533125
-76.88100000 -777.40720000 60.48776875
-63.26975909 -758.34755000 76.44860852
-87.22847108 -724.94342609 71.31836641
-85.17510700 -725.13461800 71.54163426
-85.17123229 -728.07805620 71.67993889
-86.75741250 -729.83348750 71.61283125
-55.10715406 -764.16745149 71.45573923
-87.05150714 -738.99182381 74.23058839
-84.95676452 -737.18181496 73.61866673
-84.91582848 -739.88341038 74.22324315
-82.54470948 -725.83701983 71.99135711
-82.15461010 -728.09099370 72.27439575
-82.17253925 -731.08423788 72.64874911
-68.50090000 -747.10728889 76.12593125
-83.52595000 -735.64650000 73.17418125
-81.62100957 -734.67832947 73.39530480
-80.00423216 -730.52575765 73.07133478
-78.77712555 -731.28836585 73.46125299
-79.13914178 -737.15230787 74.26000481
-79.17568301 -740.06116529 74.69545628
-79.23118905 -743.10960199 75.32287084
-79.06927333 -745.57872407 75.75627207
-33.04951937 -782.82054698 57.97831347
-77.25651549 -729.16834225 73.60003829
-76.08658692 -737.14332252 74.82243924
-76.21898963 -740.20165698 75.21216888
-76.14992225 -742.87108347 75.76363047
-75.19327603 -745.37319041 76.27422920
-38.14559032 -765.25517419 64.15529899
-76.18564270 -749.27094320 76.29575572
-75.63470500 -748.37428250 76.15222425
-73.07508320 -734.14964063 75.28298767
-72.39534314 -728.78708873 75.87997120
-74.09195636 -745.30180000 76.28890095
-72.81389427 -749.09513075 75.99853973
-71.90442500 -727.89822000 76.29612625
-71.12037256 -728.89257674 76.06112567
-70.96591629 -728.77997809 76.25906608
-70.96184182 -736.84111873 76.05761216
-72.14058103 -740.45180517 76.26766746
-69.99129829 -743.02750718 76.65265544
-71.36740103 -744.03175773 76.13466733
-69.90797797 -737.34836314 76.54195851
-28.77329323 -745.42406576 72.89717922
-70.75829454 -746.31851887 75.90561548
-67.10721822 -743.01922839 77.78853753
-35.40837869 -733.11360656 79.52346732
-67.25173624 -746.19613168 77.09765506
-66.81266598 -748.63017506 76.64854145
-66.35426984 -739.40731188 79.69982613
-65.41666824 -737.94422838 80.68969679
-64.04047897 -743.21737430 79.35925602
-64.17983018 -749.25718357 76.98173393
-63.77923120 -750.85013684 76.43026245
-64.85428458 -751.64155277 75.88867149
-62.19097742 -744.25910000 79.41579792
-61.92623488 -745.34710465 79.31461265
-62.40560843 -748.87823976 77.33991197
-80.80590000 -732.46686667 73.32896458
-83.95670000 -735.45470000 73.28940625
-62.58870000 -750.68370000 76.58323125
-72.90093333 -730.85700000 76.50889792
-65.65895000 -741.67715000 79.23218125
-63.75840833 -744.98558056 79.38777292
-76.42790000 -730.60340000 73.15033125
-77.23138000 -729.15946000 73.15807125
-58.23038276 -759.00417586 73.36235194
-22.57162357 -719.68212738 76.84336053
-57.38221570 -758.07605686 72.43082764
-56.99536702 -755.50815479 71.88462274
-55.41455163 -755.28706267 71.05112253
-57.30150989 -764.21825865 71.74325687
-55.78300000 -747.55799231 67.04407740
-56.81110179 -770.00903929 69.96980268
-52.18359647 -752.29030262 70.89422236
-52.10859348 -755.26678500 71.63302573
-52.11116412 -764.17824774 70.87441548
-51.80447689 -767.94825158 70.02097939
-52.11838295 -770.12999730 69.46391931
-42.57406203 -760.99658214 66.42724503
-50.39357222 -752.55555333 71.11618347
-51.82018562 -777.08911569 67.05560935
-51.89010833 -777.69187083 66.81631042
-49.03871351 -761.02754161 71.88312301
-49.11092280 -755.93813452 73.84463443
-49.83210873 -770.01294007 69.31154292
-50.49492292 -775.06517500 67.59727500
-47.56245000 -759.53683333 72.46416458
-46.91186239 -761.35854139 72.42392290
-46.39875178 -764.03212589 71.96914429
-47.61260000 -756.52310000 74.21723125
-47.39407500 -763.92590000 68.10579792
-55.79037500 -757.51515000 73.81645625
-52.36133333 -760.54336667 73.27296458
-58.07573465 -740.06728056 74.20435931
-58.06360516 -743.00175157 74.28008595
-57.17517619 -731.35817847 75.39697908
-57.87467227 -746.09335367 74.09051656
-56.34767778 -729.45597778 75.56070625
-31.04019282 -763.20924848 69.32867628
-55.70550270 -731.26431378 75.35225369
-55.12470073 -734.16831151 74.78856577
-55.09711771 -737.08080072 74.22352413
-32.22727386 -733.42697926 76.51804460
-55.05739638 -740.03464023 73.72147102
-57.02051138 -749.14996379 72.91514435
-54.87480675 -746.15668196 72.02604865
-55.34050832 -748.91888676 71.59473490
-54.68645337 -743.38407383 72.80658125
-53.30382371 -734.73674381 74.77522867
-52.97852892 -744.36773976 73.10676498
-52.42260918 -746.31985514 72.54288296
-52.01480030 -749.05183315 71.59226356
-50.23043985 -743.17350746 74.74870991
-49.53324838 -746.62447275 74.60943229
-36.68251540 -739.67686395 77.36585820
-49.68993084 -748.13928653 73.82823185
-50.18731056 -749.76541650 72.36306194
-56.74875455 -746.94709091 72.89526761
-59.88293333 -745.27660476 75.37772649
-56.82190000 -729.24955000 75.91563125
-54.76825946 -747.24790270 69.48284747
-36.69163758 -733.40113285 79.59718094
-36.44542653 -732.23911516 79.86888752
-34.04844964 -743.09386894 71.56858803
-34.82885424 -736.81579649 76.85797504
-34.25644069 -740.09785309 74.68993634
-35.02379004 -745.51596790 69.52992313
-33.49527399 -737.29129229 75.55203585
-33.06437336 -741.06606204 72.50154256
-31.40010144 -730.98455937 76.68065721
-31.26341691 -739.14679532 73.49518413
-31.15660191 -743.11315987 72.20819880
-31.07610859 -745.45337964 72.10583679
-30.37086274 -731.59010067 75.87419254
-31.85761950 -747.06399000 73.58537625
-28.81655000 -727.56282368 76.63947282
-29.53888000 -729.73994000 76.24213125
-27.67916697 -728.49070158 75.82426295
-27.99018060 -740.15018291 72.89371087
-26.79766207 -723.47861379 77.04640711
-24.84134604 -722.30434338 76.81177664
-25.83964976 -724.64449511 76.56078053
-25.14510024 -728.02249280 75.22129901
-25.13947009 -731.08212341 74.49140749
-25.31119473 -742.37476558 72.65809424
-23.86667634 -720.34467204 76.94046673
-22.88648288 -721.57015272 76.43520835
-22.84493460 -728.07909562 74.77092494
-22.19553424 -740.16730310 72.83632176
-23.98332000 -723.31123600 76.13447258
-35.32167368 -732.49061316 78.93096809
-35.83088310 -744.42245070 69.21206083
-23.14667143 -734.67205714 73.18153125
-40.37109654 -744.23481814 72.60634191
-22.02109474 -740.02871579 73.26843125
-28.53834000 -733.49652000 72.94389125
-35.40411875 -745.92939375 66.80218750
-34.83365000 -744.27153333 66.32093125
-36.08155000 -744.53825000 67.01490625
-35.63790000 -735.88490000 76.15403125
-35.86238000 -732.41215250 79.03347125
-23.73900000 -742.28865000 73.37558125
-45.48519620 -770.26914810 64.91912198
-45.91779821 -771.80208571 64.55822500
-45.03316695 -768.02984770 65.47642790
-43.36325950 -769.63873247 64.54381545
-41.41564561 -768.88025088 64.41644879
-40.60711980 -766.74769250 64.49350628
-41.81351951 -773.14271951 62.72366784
-39.82728758 -770.12878446 63.04568145
-39.97392248 -772.82965596 62.20700862
-39.98235020 -760.95845833 65.33304119
-39.57297316 -767.48881023 63.84390682
-37.92960692 -761.45876342 65.99202912
-39.13244938 -761.23003333 64.13681273
-38.84078125 -763.17513750 64.15187500
-37.92938858 -767.31360332 63.87703400
-37.21440833 -770.24052567 63.17411624
-37.06007321 -773.07940743 62.06305202
-36.80973646 -774.94625856 61.35388346
-34.13974721 -779.18090727 59.81229672
-36.36467825 -778.51578983 59.91128070
-36.04550935 -768.98149065 64.41571614
-34.06931367 -764.50599367 68.06032749
-34.16468774 -767.11623097 65.72977236
-33.93268481 -769.45596729 64.73744582
-34.35173875 -770.87087305 63.71299651
-34.13514254 -773.11372683 62.65876678
-31.53188065 -767.76847794 66.22417546
-31.04876889 -769.96235493 65.41454364
-32.14703579 -771.21661842 63.96291020
-31.60693827 -773.34472580 62.95496810
-31.09705975 -775.70518371 61.79872413
-31.51247105 -777.09855609 60.95966530
-31.17998270 -783.18370470 57.85408778
-30.64566974 -784.11776759 57.05442668
-30.28880000 -771.66754286 65.22015268
-29.56838571 -783.13465000 57.66884554
-29.59140000 -782.13366667 58.63326458
-29.55447500 -776.04597500 62.11743125
-39.65980000 -757.71533333 61.00034792
-43.84878409 -741.74180909 76.29140625
-43.17265700 -745.00919200 73.51417325
-42.56232891 -745.87020516 72.28513595
-43.12543333 -739.21584667 79.28450458
-40.12594705 -745.50766463 71.41632208
-41.06536556 -740.96419082 76.82024554
-40.97241333 -741.50586000 76.09960458
-40.60424025 -748.52543962 70.33846961
-40.45675397 -741.97445397 76.44393442
-37.61506729 -744.93074720 73.43588873
-36.13566667 -751.46264444 70.57136253
-34.86148148 -748.85411705 69.76885541
-31.12991586 -751.74045989 71.40453510
-32.43780847 -753.90022712 71.60718210
-30.11370937 -747.93215313 73.40041406
-25.71037636 -750.11639879 74.10194963
-25.18083499 -751.29223262 73.83506738
-26.35787407 -752.20126204 73.01900995
-23.55319167 -750.99983750 74.36198958
-42.50417188 -758.44947970 66.30613221
-44.75405000 -762.24570000 67.18383125
-34.00789862 -758.03843013 67.79341957
-33.94318015 -761.11881619 68.32557032
-31.77543893 -758.76651551 68.64435551
-31.08711046 -761.17808536 69.08022088
-31.79580000 -760.44180000 66.81643125
-38.07085625 -757.48640000 61.89120625
