-57.18582400 -741.56657267 15.11929390
-38.75811000 -777.79276154 33.61255088
-31.72485914 -732.64150000 51.56783798
-21.69085203 -765.21763077 45.67094140
-35.43530569 -768.08607391 37.59301875
-28.73136773 -723.13975154 54.25949254
-31.45963245 -766.92683023 44.48058413
-10.38998636 -755.78015509 48.26558541
-44.08555395 -747.65552500 12.99512805
-57.25663333 -740.99550000 15.94105524
-36.16893381 -752.99970552 32.07843174
-14.82437353 -778.26390294 38.56156063
-40.42930514 -747.38693431 48.25888857
-35.69540000 -761.35016667 36.23528857
-15.72611111 -757.88921111 49.62527746
-37.72947388 -785.73903159 29.91814243
-31.41038691 -739.72036119 46.81545825
-36.28604376 -770.39810466 37.06172917
-52.38253102 -746.74836751 51.12547117
-17.46104036 -769.52458193 43.10241448
-36.86070356 -767.51949228 37.19187433
-33.41396282 -738.84609487 45.09720267
-29.47872402 -766.51324520 44.25209017
-42.77106082 -782.72850113 30.17576961
-37.76971750 -748.82619615 46.84322779
-22.80052785 -754.61920453 46.39570934
-46.54890356 -744.46586809 50.68088879
-29.21115795 -725.43095221 54.23095235
-42.76639612 -781.41927765 31.14896942
-35.50252273 -740.15651364 14.91911584
-29.65498514 -752.47349234 39.50619803
-26.35875530 -729.81044678 54.70454927
-5.14004209 -755.33625707 46.40253820
-29.06623560 -737.47726462 50.34459635
-30.02193333 -733.14180000 51.91610524
-40.36867123 -755.17396769 45.36855494
-37.25682607 -788.22566722 28.65288892
-35.22772769 -755.17742646 42.37338919
-46.76777745 -734.02449804 13.07439641
-38.56211902 -744.79043926 50.89255912
-38.32566667 -748.80546667 49.18362190
-26.99816087 -747.31115652 50.94971466
-37.96887158 -764.23686165 36.56601000
-34.27961275 -750.09520900 44.14086374
-39.33475714 -748.47715714 50.84096000
-55.36643753 -740.73320927 14.50718246
-37.74890006 -790.99748974 26.93460855
-33.04240138 -764.70164983 45.31654739
-40.13035288 -788.47849475 27.30556771
-39.29182363 -790.59399356 26.45256781
-40.56072500 -742.27761667 15.75986357
-27.67339355 -724.60833693 58.98039980
-35.80219000 -744.27008625 20.70643857
-31.23701890 -731.23919833 52.50329440
-51.23284960 -743.82707200 12.66722857
-38.22930535 -789.39522012 27.51482640
-27.84678262 -751.66701554 49.27986863
-35.77866605 -779.47957531 35.19771470
-11.16424335 -766.94721692 43.19342366
-40.23687034 -785.48273103 29.07078949
-39.05277234 -741.08249574 16.95734176
-39.59648219 -787.44685162 28.13011681
-0.39898940 -756.27190301 42.58016863
-43.87854672 -743.60232764 12.01669057
-25.52336018 -728.52388533 55.79917475
0.30050714 -767.70372461 37.18975449
-34.18406325 -732.59941651 51.51649000
-36.29952333 -790.21014000 27.96106524
-46.25289724 -750.06071078 48.32973659
-40.54219707 -783.17070059 30.40006426
-26.27957912 -751.84325165 49.48522593
-7.73131767 -770.19579475 40.36244577
-35.68047817 -787.92881408 29.48398787
-19.30094844 -746.84133816 48.48597090
-32.84320000 -741.80500000 42.67968857
-33.28847450 -761.09066335 46.37725218
-38.08912263 -779.88043825 33.25587922
-34.73082562 -752.87547044 41.95019431
-32.29203072 -751.73442831 41.82631508
-40.25670530 -781.79758157 31.32968382
-27.18052222 -724.27656556 61.19779524
-43.00877061 -779.49511696 32.13054687
-39.14293696 -764.24669783 36.76071248
-40.41576890 -779.65648578 32.39616351
-21.76810077 -762.05217388 46.37701599
-38.63516626 -783.65683859 30.54787959
-35.99182000 -776.16935000 36.95565857
-35.59426683 -786.50767111 30.46663732
-7.13825469 -775.18073594 38.19533388
-43.41408261 -777.08429089 33.35212655
-50.23213456 -744.22481103 52.10183269
-37.53456427 -782.39597079 32.22548390
-36.63718929 -784.66073720 31.22044497
-36.81264839 -750.34772559 41.44196040
-28.27534707 -722.78022792 56.27325312
-25.11962716 -730.43500741 54.97802437
-43.39426555 -775.60359819 34.14486102
-35.52959568 -785.06073694 31.55303776
-42.21145248 -753.38417199 45.69878609
-43.29634556 -773.77313825 34.95375994
-40.55617780 -777.31168725 33.48229695
-16.46412943 -767.52035149 43.92627076
-27.95535830 -734.31283020 52.64510708
-22.45539976 -746.58949592 49.58180392
-26.79520000 -753.60339231 42.37426165
-35.67843045 -782.83250567 33.16194006
3.19306757 -770.39224595 31.82285073
-33.14343818 -726.65008818 53.85352266
-40.14698625 -775.89696963 34.17412858
-5.04311224 -769.37687987 40.13497682
-39.79023177 -768.59639809 36.70904361
3.25093966 -757.44717500 40.37357909
2.40958444 -771.01307030 29.47643140
-49.40025164 -743.88992289 13.12390208
-40.41698419 -773.58755937 35.01667149
-32.05815889 -751.26294944 36.28184802
-39.54392236 -758.04999648 45.66220630
-42.93387634 -770.88750239 36.18836377
-36.79854392 -779.24016836 34.52554681
-36.08505703 -781.43752031 34.05610185
-3.87608137 -755.94421562 45.24186022
-28.04734755 -728.05536715 55.44181417
-35.74214671 -781.59781018 34.09661672
-37.45853046 -776.58171227 35.10245106
1.12250963 -770.36550071 35.53423782
-52.43051808 -746.02026738 13.91516208
-42.76817197 -747.34312316 48.49865592
-26.02677565 -758.76119749 45.45879491
-34.45502493 -739.23233900 46.02298212
-15.32711186 -768.99625763 42.81384281
-35.73888421 -776.88363741 36.45258143
-35.49150061 -751.67382683 30.55292333
-7.01076227 -771.27898194 39.42774604
-26.38284241 -763.62388096 44.73874600
-28.42191096 -731.58325186 53.26783879
-36.11898333 -749.04871667 34.61737190
-40.48838748 -770.65156007 36.07575827
-37.49851904 -773.71177713 35.88551680
-14.47566059 -776.51832625 38.98050636
-13.23554976 -756.41163240 48.54855947
-42.76645292 -769.50197716 37.03220389
-17.65823158 -749.70448756 47.69589671
-37.41628642 -752.64069983 43.89764067
-10.50704266 -758.55609319 46.95801712
-42.42842474 -768.58037423 37.37403755
-14.19199703 -774.47574559 39.62583450
-15.07461951 -754.01928293 51.06318857
-34.26368300 -743.50359217 38.19407522
-31.71856936 -737.94948225 47.87193257
-18.67956574 -776.77838523 39.51568457
-34.12181489 -748.84614694 47.11942710
-37.17455284 -741.81076193 19.49569937
-30.60585510 -723.73664408 53.24240069
-22.38332651 -752.63015354 47.12240748
-40.55896111 -767.56032936 37.24851911
-41.63085278 -769.25040139 36.96108996
-37.75685267 -770.83267771 36.33031684
-35.63877680 -775.68361895 37.07370785
-21.59824693 -741.28819485 49.96247942
-36.06512236 -773.23327805 37.02377800
-35.48697573 -773.55730819 37.54914575
-34.67418316 -749.56096919 32.03920632
-45.90263268 -752.57652868 47.51769418
-18.43423296 -741.31441380 48.74975730
-32.61287388 -748.56341376 47.28929925
-57.23452825 -743.64154915 14.62329648
-48.78625760 -750.33259138 48.64961126
-19.85610774 -752.62034017 47.44914172
-49.51793280 -746.93600718 12.40794364
-49.52933775 -749.05600469 49.52862648
-55.19316953 -743.58940603 14.66734298
-54.60530656 -745.76265788 13.94376751
-52.36784580 -740.68371988 13.76515085
-4.32738547 -767.54173151 40.67156668
-27.27335781 -752.72625156 47.84302034
-29.06271746 -720.90242937 57.24485603
-10.31772612 -753.18012726 49.15355882
-9.38314064 -765.85817945 42.75357579
-38.18906179 -768.27257134 36.70582821
-36.35795059 -749.41493059 38.77561092
-19.48735737 -764.85731306 45.50165545
-35.37253521 -770.56372701 37.55533023
-39.59047216 -765.47236875 37.15555259
-46.83307328 -748.64132653 49.27285740
-49.41723456 -746.63477415 50.81046311
-21.02262000 -762.43130000 45.86808857
0.33825699 -769.44952652 37.00827746
-43.89606220 -746.31950885 49.34503498
-13.58289822 -755.22448867 49.48117310
-22.68031788 -756.42799279 44.97989400
-7.46838448 -767.47861119 41.67215310
-54.47481561 -745.83708498 51.15905396
-52.56061592 -743.80332778 13.89522302
-37.57584087 -765.18462228 37.06444803
-49.13619803 -746.62877174 13.22691072
-40.66069803 -749.14328998 47.02397228
-43.46010000 -738.86668333 13.00425524
-36.91228276 -745.54031724 17.71414374
-49.66766315 -743.58336249 12.61253362
-37.52909991 -761.47951556 35.89370872
-35.86802500 -765.75877500 37.16681357
-6.97032750 -759.27717399 45.17099002
-54.59423933 -738.66109167 13.65426490
-32.98226923 -766.31048462 44.83919626
-28.42013898 -761.69752624 45.23522081
-52.12906379 -743.12069138 16.13651271
-39.79945168 -750.23142684 45.22568875
-53.15720000 -741.77166250 16.39015107
-54.75691110 -744.02333026 51.34810716
-44.72415833 -748.20823611 48.95370246
-51.62769742 -748.72040692 49.95083019
-13.14297135 -764.52350337 44.58541890
-43.91170000 -781.09720000 30.88338857
-16.11775518 -756.80727556 48.50970693
-48.28267500 -751.21800682 48.26207266
-29.74273171 -720.70528537 62.05008857
-30.84666111 -750.67798333 38.04737190
-1.37409333 -764.60914745 38.80271063
-36.99629424 -744.12151248 22.98368857
-52.81164348 -743.82896256 51.78592601
-43.63490542 -752.45473435 46.82917835
-49.35289252 -744.27179914 51.41872716
-43.96748750 -754.86908582 46.43006972
-16.28560260 -776.52824438 39.14607256
-42.80432331 -754.68518933 45.65056694
-52.36592807 -744.39046373 52.04741121
-52.55222684 -745.32730128 52.01821733
-19.59419745 -775.85536194 40.30344655
-54.10161304 -744.10949348 51.95388640
-32.85650000 -738.74276129 45.71231438
-31.40257650 -764.66647068 45.24160802
-19.65686204 -758.72281072 45.60540601
-40.07739845 -757.72373771 46.08515611
-1.42524946 -767.61816142 38.65039509
-36.93430012 -758.54264385 34.88802889
-35.90420000 -743.73655000 18.19358857
-9.53176450 -770.38899152 40.83206499
-40.44537428 -752.69727738 45.19280060
-18.84091259 -771.58608317 42.45390349
-37.55543539 -755.55871949 44.38181476
-10.36146376 -760.53317793 46.06398857
-18.14957375 -778.27756000 38.98468607
-16.37350525 -778.61559165 38.55026908
-43.35050024 -749.71340853 47.63125420
-19.94560214 -743.38156224 49.32894279
-46.47123048 -746.63375877 49.97643995
-40.19734564 -756.13207248 46.12967871
-38.43014292 -757.66909677 45.12168507
-36.26057303 -752.50455674 42.53808408
-28.78014810 -764.32811695 44.77538079
-30.96927591 -762.05465573 45.62499629
-23.99248036 -744.62453929 50.13380286
0.74652756 -772.55863465 26.32727361
-31.90042788 -761.13661352 46.27959960
-19.35878963 -773.40978775 41.26685531
-41.43687177 -751.91074526 46.72192090
-29.68621850 -739.65445818 48.40896337
-36.13329468 -755.81357128 42.67271942
-32.63666946 -747.52515542 48.49173020
-17.07640875 -775.43705875 40.24704607
-15.94058785 -774.54048128 39.69224783
-44.98025417 -776.49818750 33.57344274
-33.10367925 -759.93819245 46.39596970
-30.79635680 -736.87228560 49.30587944
-35.31154164 -746.99356897 26.51331032
-16.68251586 -773.24370733 40.56784440
-31.34867945 -758.81411232 46.33548615
-35.79999383 -755.75565802 42.98582314
-21.77669835 -767.56983888 44.95215801
-21.94496814 -770.75274477 43.91612039
-31.37586585 -728.73494004 53.42476170
-19.53676186 -770.14107292 43.51154599
-34.56232723 -744.47121098 35.90749292
-17.75778857 -746.16305143 48.08088914
-37.66868923 -750.21675826 44.39497253
-3.19064698 -768.52037907 39.75469276
-30.17769365 -759.20054716 45.78925212
-13.91743251 -773.18035563 40.42059339
-16.27787655 -770.88980653 41.85691292
-44.32425401 -744.83407806 49.98625397
-4.21912948 -770.68110440 38.74983147
-28.43880843 -758.74600606 45.28463557
-26.31889095 -761.54844181 45.05709703
-19.45002841 -767.61959169 44.54151647
2.62114503 -768.18340297 33.10151489
-25.50196495 -759.35037010 46.11826125
-34.95367705 -751.54478197 43.07200551
-8.10944598 -764.19344674 43.32543012
-30.74187455 -756.83893304 46.17744527
-16.48866345 -764.78918638 44.89631698
-35.04406278 -750.65684750 41.87882329
-22.39351501 -764.13114349 46.22793503
-20.34965510 -745.99862229 49.15240255
-13.25889000 -769.35375556 43.32708524
-33.79560213 -752.07823085 38.43441942
-5.18834741 -760.56865625 43.42582973
-30.28815188 -756.29912062 45.67082201
-13.78822107 -770.62099407 41.85179503
-29.63105000 -751.03350000 39.83318857
-48.95751538 -748.28708462 13.14781165
-37.86059062 -747.55722469 47.93050872
-28.37084069 -756.15817372 44.79991716
-36.49104563 -745.31822621 21.33658954
-39.91329230 -745.91899524 49.66694500
-25.96594381 -725.62575173 59.06795051
-44.29321818 -734.35138636 12.96803630
-37.00957815 -743.57662717 20.28651164
-39.72668607 -744.59255856 50.73782783
-38.37613634 -745.98637957 49.96382090
-35.47546232 -749.96999783 38.95607553
-30.70977172 -752.25429683 38.92908043
0.50513164 -764.75179714 37.27833125
-37.62144616 -741.15230953 17.15150721
-32.72356842 -750.99107895 42.03128857
-37.92319688 -740.85999092 14.53410040
-35.75112881 -744.36666780 22.94367840
-35.61861304 -744.80564348 25.34295814
-17.73586633 -743.69149377 48.35088234
-20.04939815 -763.84106000 46.03867176
-32.41392769 -750.26718538 43.97352857
-28.50916782 -753.13473756 41.01978137
-25.33466521 -755.55071578 44.37823250
-13.88658170 -768.96070196 42.79336112
-31.91495682 -751.31079886 43.31398971
-27.79388122 -754.45149249 41.87241627
-18.83648800 -761.45123359 45.69236235
-32.06299675 -763.95590000 46.20066418
-19.96880607 -761.45374601 46.09770541
-13.63984846 -767.41562193 43.58904927
-7.45896343 -773.62622097 38.76175384
-25.82951504 -726.65541486 57.45939489
-9.11407056 -772.71901556 39.60392802
-40.01489000 -738.86193000 14.53156857
-37.85384353 -738.65355882 13.77920739
-32.83445000 -750.19600000 33.75236357
-36.48991261 -734.53544066 49.77588568
-35.73408846 -741.17448077 17.16995396
-25.53048037 -749.15925726 49.54595813
-9.22802439 -772.20358537 39.98132272
-26.62480417 -755.06292917 42.77932190
-36.68620000 -739.04940000 15.97293857
-21.30092256 -758.59137744 46.25511113
-4.56805444 -773.00389477 37.52692251
-19.15162122 -758.61736357 46.29805681
1.35709738 -755.93809090 41.76799734
-16.47748827 -761.49918876 45.52413178
-21.83470841 -757.68311700 45.30396353
-47.98315000 -733.13045000 13.38098857
-10.14251938 -767.82632297 42.21743756
-29.31302708 -739.27703958 49.05540003
-28.91141640 -722.89831675 59.46285360
-25.71985678 -752.55531897 47.37707104
-24.81757886 -753.59672209 45.36660639
-3.32399882 -773.68862402 36.61024389
-1.19761262 -773.84529602 32.82318020
-1.09568889 -774.34021717 30.33167039
-19.74151089 -749.51983312 48.03948308
-27.60412665 -750.69655075 49.54231245
-26.30484256 -754.24521897 46.19459832
-10.38485272 -764.52340370 43.76021065
-1.82906553 -772.99532712 35.38129290
-20.71401042 -756.97096667 45.48721565
-16.90313380 -759.58849917 45.73429149
-13.44816502 -761.71699225 45.40090578
-25.03987026 -750.61231623 48.59589228
-34.40864350 -745.59644664 35.17926884
0.20823208 -754.65103208 42.99343008
-16.40792788 -758.42002335 46.99962831
1.01121374 -772.79021416 32.42645538
-33.86800911 -740.16996644 44.52542849
-33.12815000 -763.21340000 45.91561357
-33.95398275 -741.49811976 41.94891686
-33.85189488 -742.56352730 40.74058294
-1.65505218 -770.20869267 37.90305788
-0.76748984 -771.39546313 36.12890933
-6.89601321 -764.75211472 42.39703478
-36.42813359 -737.05919039 47.73846245
-34.42956645 -737.67582477 47.35709389
-32.37754985 -740.37525925 45.33968695
-14.57405349 -760.00125116 45.79849090
-10.33760002 -761.65094204 44.99226314
-13.41999270 -758.50831650 47.24573430
0.51503956 -772.31484066 34.25085451
-22.17089342 -749.85695440 48.28420793
-25.48152779 -746.82856922 50.62840892
-13.37780298 -760.48985060 46.02271099
-23.16067570 -748.79839705 49.25928541
2.33127912 -770.48518527 32.64330238
-36.72633651 -735.66676609 48.62195788
-15.85349824 -755.50281792 49.93195917
-4.57871411 -764.64700639 41.16921377
-7.61002183 -761.51680493 44.21984809
-34.96498817 -735.90378989 48.70277180
-34.33934012 -734.47596377 50.05153136
-36.10533431 -732.90440584 51.66331850
-9.67091389 -759.92260046 45.70111126
-6.32254562 -762.67885510 42.59570235
-9.52476687 -753.74572103 48.76615544
-14.23266667 -775.56115000 40.29263857
-14.18786667 -758.32343333 49.31077524
-2.83795455 -766.45950260 39.94784831
-35.05253333 -744.91090000 33.73678857
1.51254390 -767.50224202 35.49053250
-2.99204242 -765.41570000 39.84609463
-21.21414128 -747.84850275 48.84343995
-50.55870000 -745.43627778 52.04244413
-4.34769762 -761.80924674 41.73125690
-31.52652201 -734.65360359 50.31085189
-32.28716364 -735.74890303 48.53094084
-29.83706538 -738.80416346 48.81003088
-22.37200843 -743.73989455 49.94062195
-7.60944835 -757.98487108 46.45409728
-2.81952067 -764.23022404 39.96102223
-36.04738154 -732.29488231 52.18757088
-34.53250875 -731.28165242 52.54396046
-1.61891664 -760.80806025 41.09630521
-1.67844578 -762.88130934 39.14132050
1.32875644 -765.34828550 36.13710024
-33.76775432 -728.79377752 53.54455048
-41.27002963 -747.93741111 13.26849598
-4.59402049 -758.49451042 44.42396984
-11.29859569 -754.72732741 49.04958650
-7.37041315 -755.52913728 47.44517522
-35.68778148 -745.26887037 21.13865524
-2.80650000 -754.58792000 46.21112857
-13.09736000 -753.99018000 49.91586357
-29.20779308 -734.96050430 51.33110719
1.60295922 -771.75608350 27.18448080
-5.75937282 -757.44430777 45.96405653
-33.34545714 -761.62169286 45.68116000
-30.11575225 -720.63108679 60.18840779
-3.28567174 -759.74678783 42.66375031
-18.49624248 -743.66831742 48.68718464
-1.14323962 -758.90747887 42.01948924
-28.02857817 -736.37937411 52.07907690
-19.75665676 -749.51718108 49.17980208
-7.23402668 -753.10767835 48.29892259
-2.30633892 -757.81114281 43.35746829
-19.79065340 -740.73732748 49.42134019
-2.48134694 -750.97919643 46.59119776
-29.80216667 -733.06760000 51.83618857
0.48356445 -760.32991280 40.39242506
-35.71580125 -754.83780748 33.30744932
-8.58910072 -752.40350193 49.03178664
1.50049750 -758.46539827 40.90337663
-1.75953614 -755.43258717 43.88166450
-4.39615872 -752.61342344 47.11117076
-26.70895373 -733.54968980 53.88440308
-26.22275681 -731.45771296 54.29421318
-31.23637297 -725.75307083 53.55523924
-3.20240714 -753.77373077 45.64442484
-35.63280442 -745.91085647 23.47486018
-28.67334499 -729.05410126 54.34726304
-2.05264192 -752.90005129 45.45768001
1.19514236 -773.01123300 29.88951222
-2.44704105 -751.98527835 46.29869694
-48.41782817 -732.59885493 13.14601674
-28.04472468 -754.98386364 46.24114052
-3.41635448 -751.01558582 47.01032365
3.20585978 -756.52605652 40.39032172
3.21785843 -757.63788876 39.50673464
-28.19328303 -725.76929030 56.34528582
-2.54411215 -772.67474112 37.05538483
-36.40332311 -745.89867925 26.58315885
-46.44648180 -755.07694941 47.23915657
-51.69520000 -740.90284545 12.83891584
-47.80405283 -745.91082075 12.98422819
-54.74545412 -743.79860941 16.85514308
-32.68116667 -747.48926667 33.01595524
-52.17735324 -738.46876622 13.49358074
-34.07934375 -745.26234375 36.95863232
-57.28902353 -745.14793529 14.96746504
-49.22030231 -737.50900231 12.35395276
-54.05483333 -741.96390000 17.09465524
-48.75645601 -740.76901084 12.58061786
-36.06434583 -751.65403750 30.59765107
-46.30933001 -743.46624579 12.41132586
-20.97340000 -775.19525000 40.72278857
-30.14027023 -720.41224856 61.58837734
-30.04510100 -721.43573400 59.95878857
-47.96896667 -755.26533333 47.51518024
-28.71156727 -722.48618283 61.63872246
-42.05866667 -748.25150000 13.38842190
-41.50672619 -748.29615238 13.24822190
-35.98920000 -739.14590000 46.16038857
-26.66563061 -724.59821531 61.03899265
-34.87420126 -746.85135367 32.05712861
-49.78485503 -740.10616946 13.30131651
3.20780000 -768.96612500 34.35256357
-33.79116133 -747.75234955 48.56248887
-33.40800038 -747.10223130 49.07359926
-32.76270119 -747.03698095 48.99128143
-36.44108849 -756.51931770 34.17404977
-36.47404972 -755.44809738 33.22671993
2.39356371 -758.76825654 39.45146663
-35.81949213 -755.99313596 34.19974363
-45.00765556 -774.64837222 34.53759413
-45.03453462 -775.49589231 34.15410973
-8.32830000 -754.64502500 48.92053857
-19.82623529 -739.05597647 49.15878857
-42.36133966 -784.99355146 28.73953048
-42.10232742 -786.32442903 27.70199502
-29.46210259 -759.16017565 46.69090412
-41.56016287 -786.86579222 27.67020234
-17.91350000 -742.08230000 48.60398857
-20.48010000 -754.81386667 46.78183302
-10.02017500 -764.23021786 46.11656714
-22.49328316 -772.79170190 43.22755731
-21.83589307 -773.90887187 42.11834490
-21.03665000 -772.01838000 42.81288857
-9.18002500 -772.07947500 39.86388857
0.19776471 -762.83237647 38.15618857
-36.68976264 -745.70365595 23.26792267
-42.62842857 -768.96368571 36.66894571
-17.92350000 -741.23500000 48.91318857
-25.81352903 -760.61783656 46.61212513
-47.40808281 -743.92502396 13.06730368
-46.91667576 -741.54293182 13.01854615
-49.75249275 -738.51315393 13.33551561
-39.37131115 -740.54255372 14.30263215
-37.55633727 -742.56567087 15.05139802
-37.41635249 -743.09922278 17.56885926
3.17112500 -769.21960000 34.30668857
-53.32753529 -746.77095882 16.08063269
-35.20422830 -748.25562075 27.49446216
-35.27392140 -746.54358140 29.51228625
-35.91830000 -774.63580000 36.88268857
-35.22736401 -749.72020111 30.11905551
-36.02711290 -749.92631935 29.52900147
-35.41499128 -752.45382523 32.06871981
-36.79558526 -757.69578000 33.54768857
-35.83528333 -757.68198333 35.01382190
-36.76873333 -762.92883333 36.97635524
-34.36429339 -749.58050661 35.01337506
-34.01432105 -752.06354526 36.09688331
-28.23867135 -761.02282416 46.39517003
-19.40612703 -773.35919189 43.10571019
-33.17295000 -736.16990000 48.93847607
-8.22542941 -772.31977794 40.11941945
-15.91981686 -760.71174497 45.99958058
-16.31151667 -764.53533333 45.98854690
-19.98153333 -751.16183333 49.14095524
-13.42776667 -763.17030000 45.96618857
-5.91020000 -765.06665000 43.42383857
-29.69452080 -720.79724800 58.63421257
-0.26200000 -773.18196250 26.67952190
-41.36600000 -752.73500000 48.96475524
-36.36915778 -747.08351556 28.34079524
-36.00010000 -748.21495000 27.60428857
-36.66073509 -744.95524386 25.41251840
-43.41580000 -739.15440000 13.00118857
-8.85249000 -762.02441000 46.18652857
-54.82667895 -746.61351579 16.08700962
3.47903810 -756.91873810 39.78223619
-36.10260000 -747.57371429 32.92377429
-32.34976571 -750.53520907 35.28115030
-34.61529375 -742.04333750 39.66120732
-19.57620909 -739.02275455 48.80918857
-8.27674737 -767.94751053 43.09946752
-21.56985500 -767.09588100 46.45253957
-57.05820000 -745.13870000 15.92498857
-35.76837143 -745.39875714 16.29118857
-56.99770000 -736.19310000 12.19898857
-47.75940000 -732.98686000 13.09238357
3.22667000 -768.50570000 32.20059857
-39.36930784 -742.90457255 17.75621210
-47.82911667 -738.83694167 12.99230524
-36.26849455 -749.22734545 32.67560494
-30.09236818 -721.35461364 61.56746584
-39.49590000 -745.23250000 51.90668857
-26.69098333 -747.06293333 52.20578857
-17.76995714 -743.67770000 48.93548857
-39.09340000 -743.63000000 19.01398857
3.12190000 -769.54790000 30.51168857
