-28.71735623 -744.90561517 26.24215844
-24.61843784 -749.44740000 26.02851792
-30.61106922 -742.93980864 27.04681888
-28.83878636 -764.22360455 15.64657836
-35.77372083 -741.48698333 30.58595677
-36.45010000 -737.14665000 33.65761927
-34.08909002 -738.76076570 32.48546761
-30.99144519 -747.39127435 25.74501714
-32.43180530 -727.79721547 40.99499663
-29.56047778 -747.92943333 24.65144705
-28.37697758 -761.64263515 19.10502176
-35.77222629 -741.65582394 19.13381293
-36.15582524 -737.46702902 33.84266201
-25.50658186 -747.73350038 26.70116310
-29.86892802 -755.53240091 24.88555742
-32.65303714 -731.39998571 36.84368641
-34.78586555 -742.26720982 20.14307458
-31.72045467 -744.23409724 24.11014051
-29.02332045 -757.42029709 23.80332473
-30.59988096 -737.73414793 33.99191038
-29.50205862 -733.23548362 35.39557358
-33.98600464 -735.63064163 34.43033651
-28.70319297 -758.89798089 22.36240541
-29.56483571 -730.68493571 37.33496927
-31.75911329 -754.74473619 24.42897003
-32.25297143 -761.16558571 18.52481213
-33.35612828 -737.11262787 33.57628300
-30.66017790 -744.40526027 25.88121861
-33.62144462 -730.39117740 35.78286804
-35.78608606 -733.73829268 35.10833094
-28.55029167 -764.33577500 15.61468802
-34.09640629 -742.83167467 23.39187679
-36.63725978 -740.68575563 14.66512121
-33.92921281 -743.56570356 21.32374827
-31.54438490 -730.44086905 38.41742915
-29.63680000 -747.96830000 24.65956927
-32.87423393 -728.59581416 40.11375668
-26.07461872 -745.58756524 26.64144520
-36.12673965 -740.98969170 17.34063896
-30.94543150 -756.88745275 23.34611530
-28.64148235 -764.30078235 15.79123397
-33.74023191 -756.78094209 22.97009821
-36.66429581 -739.96253744 16.10666345
-29.41181961 -751.76452371 26.25598112
-33.00760872 -747.51070525 25.70798247
-33.64819195 -728.10801494 39.48467157
-29.37752909 -742.41138727 27.70922745
-35.87561941 -735.80092272 34.64302535
-29.19067821 -753.79812795 25.93107690
-33.50686818 -746.51430000 24.50101018
-33.58563197 -744.22078682 23.57469104
-33.30954484 -744.86183719 25.50677474
-35.20985063 -741.54698317 17.83090250
-37.15525142 -739.50887864 13.77960712
-33.65767987 -742.86060537 25.98389952
-33.67312426 -741.87552284 29.57805915
-31.91604481 -741.73398486 30.10926200
-31.29315417 -740.79870167 31.24906484
-34.23367205 -740.68448921 31.02923905
-35.97109720 -740.76208858 31.03300138
-36.13592475 -738.99426294 32.40790420
-31.42337796 -738.98699270 32.75763006
-35.40127852 -737.39195333 33.76137890
-32.42398684 -737.17014605 33.62473901
-31.20883538 -735.67664959 34.69675640
-33.56393175 -751.09480625 26.23315499
-29.52341751 -734.88401946 35.20036693
-33.87580636 -732.80781997 35.30944962
-31.17060005 -732.97404572 35.76767792
-31.79931698 -731.57584389 36.98013677
-29.48610714 -731.11376429 36.44789784
-29.95815692 -731.18669538 36.53966619
-33.23744398 -729.38462853 38.09927386
-31.82652808 -729.05727279 40.22217147
-32.93145260 -727.73360653 40.74234647
-30.55219679 -762.46985570 17.78003258
-28.42557014 -762.94249712 17.44523134
-30.56117492 -761.54887424 18.98805589
-30.94822827 -760.06743878 20.50882211
-28.53327785 -760.36976093 20.65033002
-33.18060236 -759.29396476 20.88661379
-30.58061694 -758.59791449 22.03844252
-33.10715204 -758.42298371 21.79831859
-34.14319048 -758.15022381 21.57199308
-29.11258473 -755.86464748 25.06552435
-33.71590225 -754.74178265 24.38073491
-30.85182029 -753.54721214 25.39702855
-33.69593955 -753.18501902 25.28529868
-31.07221862 -750.97294726 26.12283396
-28.50615937 -747.12251530 26.10181025
-29.11443283 -742.74511801 27.43167758
-23.39184375 -748.80283125 25.65432552
