-33.99049604 -756.61411860 36.64621605
-35.76799574 -775.56906170 21.69857787
-33.56028776 -758.67107347 36.90809020
-36.82871233 -747.41634128 29.44465597
-28.77674743 -730.12439505 45.40920495
-35.85656667 -745.33503333 27.69664667
-32.56054233 -736.23724586 42.58071419
-37.30201954 -756.20642532 30.18420188
-25.59344045 -749.74338364 39.97529636
-22.03494848 -748.21452787 40.66602379
-29.64993760 -751.52577727 36.56420686
-31.43240501 -756.28127418 36.07068327
-18.66899901 -764.20089093 31.45323057
-35.27548599 -762.50731320 30.54162296
-34.63451416 -741.26697018 38.82130184
-39.86155455 -775.53103636 18.62934364
-33.67300444 -756.94560704 36.90194815
-40.47325030 -767.94332250 25.88322692
-33.95001905 -761.56208571 36.90530143
-31.31851985 -726.32197265 47.46529130
-41.22274407 -772.45674185 21.60704148
-36.43311179 -747.37097575 26.60849971
-37.28878111 -744.22847818 20.44112202
-39.90933766 -750.04848955 33.12433649
-32.11255575 -738.38307775 42.06068792
-36.37176667 -754.74691667 35.15471333
-41.25241922 -769.44036235 24.47106029
-35.71397703 -778.54543514 18.69043676
-34.17916455 -749.68838577 34.67080426
-40.64627668 -747.96028289 35.16004033
-37.00117323 -740.80415997 38.82241220
-14.60520868 -759.87268033 31.85686780
-37.97591779 -771.53841312 24.07730477
-34.40367451 -734.27558662 43.06229842
-46.11054786 -748.49426790 37.51259537
-46.00618603 -749.22876258 37.23640228
-37.25317877 -776.45011601 19.83360751
-34.40111786 -738.22120590 40.99268759
-46.03729357 -749.76915382 36.64238964
-36.43135292 -767.48262198 28.16137073
-31.34592013 -735.13177354 43.59396153
-16.79581788 -764.13690535 31.16694506
-24.54284382 -748.46767303 40.11337888
-39.17033698 -741.07179910 13.72559759
-37.86237611 -749.63505691 32.32475371
-33.02282500 -745.76437500 39.83895500
-32.60719333 -763.91868000 34.25488519
-35.80969062 -744.32812464 32.60907873
-18.09165385 -760.51920000 33.78254538
-33.88316522 -763.96297391 33.64334522
-35.15161765 -777.19188886 20.46524349
-29.15255802 -727.39789974 48.27382411
-35.39046876 -768.14624689 28.92236899
-36.43878437 -745.16985940 29.80601677
-34.49549739 -776.03057493 22.27674632
-17.54149548 -751.89106834 37.02396342
-22.16420212 -760.98071044 34.00681150
-18.02943333 -764.88273333 30.73678000
-38.38723633 -766.19902308 27.50528367
-37.46358750 -742.53883214 19.19369964
-40.19602865 -764.57373164 28.29888061
-25.61915703 -756.14761805 35.52397812
-32.31704268 -745.47239451 39.96537268
-37.69945873 -739.54637937 13.84580222
-40.36657667 -751.76807000 33.23688667
-38.15093653 -741.14578501 14.33660891
-36.55474461 -732.39327762 44.01741171
-35.79240891 -744.99283564 29.65083941
-39.34246208 -748.31156250 33.13637788
-42.95609484 -749.95483052 35.82048700
-16.65829471 -757.05514320 33.33040594
-37.25668009 -773.59540830 22.75310769
-37.95444075 -741.78568556 17.00136767
-32.06642141 -747.32868845 38.49350579
-14.09442436 -764.44641634 28.99778320
-20.90078095 -748.81835714 40.02226571
-42.09652143 -750.57564643 33.51704071
-37.02937127 -734.43532461 43.22343026
-31.85939408 -729.24039531 44.86026840
-37.88587780 -743.40663035 17.31974090
-16.56315736 -762.12274510 32.65354124
-41.24023514 -749.47419621 34.75853529
-33.63950675 -727.17154538 43.44930969
-37.64273584 -768.29556433 26.73297800
-31.86174113 -726.37782934 44.65466882
-39.34820876 -775.92580876 19.06807243
-36.74295625 -779.37394465 17.33560078
-22.31532991 -756.12335654 35.35307952
-31.90233168 -750.10118320 35.41405823
-34.93220989 -749.05695687 30.08874429
-39.02136667 -739.04363333 39.77158000
-31.57577227 -759.27866365 35.96287021
-42.43650272 -767.59586370 25.64387808
-37.07528267 -735.83662883 42.22509126
-37.26455125 -738.00583740 40.65950163
-37.64671252 -739.52580046 39.72570241
-42.36137636 -769.11001872 24.24649668
-39.25550000 -760.21864000 30.84166769
-35.37871242 -779.46642233 18.00855397
-42.49826889 -765.80310666 27.02050872
-42.13792609 -763.55638913 28.73422348
-42.13218259 -770.07438148 23.41905630
-34.59868108 -743.47454595 37.79737459
-13.52620117 -765.16149832 27.32774040
-32.10279729 -762.18264041 35.39386095
-37.88367624 -748.23553420 32.39856739
-40.56740473 -766.01238176 27.25660344
-40.46466605 -771.05204213 23.34067266
-36.10481888 -730.32677194 44.30677388
-34.37261618 -729.31497930 43.99184887
-39.27213400 -769.85189800 24.94390800
-28.72397498 -728.49206936 46.85214811
-38.11229045 -747.69611768 34.51405341
-34.54731645 -732.16639613 43.81642106
-36.46723768 -744.34463482 32.29532684
-36.77955849 -749.75603459 27.17900247
-36.52588487 -742.44739718 36.07321442
-36.47323650 -743.29319450 34.85933233
-16.21247955 -764.88300204 30.16072505
-39.89892193 -774.34027197 20.41358291
-36.85914389 -750.97717152 28.35880789
-37.07535641 -753.10167259 29.07474415
-34.49854701 -735.78989665 42.27661233
-40.13633526 -762.53289159 29.80648595
-39.26862053 -760.17213422 30.74237430
-37.62302842 -759.33423624 30.57930999
-34.79318283 -778.82968788 18.94669515
-36.67603328 -759.59999634 30.90239707
-34.92165250 -739.31015143 39.58386286
-22.60848326 -752.47001489 37.49284429
-35.65856569 -743.31135079 35.26206754
-35.21664424 -773.06515950 25.25531115
-39.51064432 -772.97014568 22.08398432
-17.21229770 -750.56877035 37.54087672
-35.34540912 -761.24120912 30.88271508
-35.72325673 -742.37161923 36.25123913
-36.42202929 -751.07540803 34.22996583
-22.56023714 -750.10944505 39.03665137
-37.69494997 -762.31584885 29.78019808
-37.34375250 -765.08372005 28.66187447
-39.34383715 -776.47920382 18.43045481
-35.89980000 -744.51130000 22.34808000
-32.03060387 -723.85019969 50.51074425
-32.22746601 -724.19004430 47.42607103
-36.57741229 -753.26594645 35.17971167
-35.23260659 -748.10704747 29.61891592
-33.55945986 -740.39418209 40.17921993
-36.93468886 -770.74515624 25.55579232
-36.76675226 -746.23765701 23.13282593
-19.72600749 -760.96757597 34.04346256
-31.71739381 -724.44639742 45.45273309
-31.01227952 -725.53973628 49.97757803
-28.08978676 -756.07115462 35.37434947
-31.59005638 -732.09018706 44.37072168
-33.96920971 -749.77910880 32.76595902
-34.34887200 -748.50272500 31.24767600
-37.93965062 -774.96897471 20.89729268
-35.09525834 -752.69371935 34.85427623
-29.43218106 -726.76758439 49.72323841
-37.71049314 -777.81297427 18.15766729
-34.23369676 -748.40315948 36.29301626
-30.80139751 -728.43433011 46.46416384
-33.62431976 -747.17153633 38.31634011
-32.22372567 -740.58249364 40.91336006
-32.81399474 -741.78734035 39.57229579
-36.06580556 -758.66542222 35.96297444
-32.64916940 -748.44706776 36.19264230
-34.45658382 -759.09527892 36.30494621
-35.73177110 -760.42494393 30.91308867
-35.25540000 -760.59499091 30.78429818
-35.17602839 -765.26518692 29.92324205
-30.95310538 -737.50676448 43.30805822
-33.04330000 -745.55841667 39.88663000
-32.42002671 -750.88043682 33.39899336
-28.35389788 -750.75451904 38.09647265
-32.15388974 -746.23080897 40.02967808
-34.14536356 -762.25114070 35.61286385
-29.07450244 -732.14130582 44.73894779
-35.85187788 -769.43373462 27.65602615
-35.52463039 -771.40761660 26.52781522
-28.76859153 -758.38833106 35.04365694
-35.34078910 -769.97644474 28.05733113
-35.26079207 -774.49598510 23.38967792
-29.52570030 -734.69513521 44.62926961
-31.11178095 -752.13174762 33.47940381
-31.23372094 -753.19827065 35.34514457
-33.82479275 -763.98107029 34.33233725
-13.94085000 -760.50783571 30.64323714
-30.84360587 -750.20911746 37.47058049
-28.63109543 -753.18354256 35.66915645
-27.90965434 -752.07663871 37.18282826
-19.55936854 -753.25129968 36.11925039
-26.41945333 -748.64038222 39.60068667
-25.54686136 -750.10665100 39.02120715
-37.12423098 -744.86570936 22.90082574
-25.47579571 -752.52236884 37.64052523
-25.73304463 -753.91389772 36.31963346
-22.31205086 -762.26122971 33.23784603
-25.28030847 -759.07474967 34.54868387
-24.80416010 -761.09632833 33.95896300
-21.72235922 -748.85676359 40.12395864
-24.90612522 -762.17969587 33.36678538
-22.35056139 -753.75562629 36.16681189
-22.37547630 -759.14106136 34.78553880
-24.37119406 -763.94519010 32.71509980
-23.40486089 -763.96184622 32.80363067
-19.29852829 -750.38650748 38.18605168
-19.80053714 -752.26540059 37.13635391
-19.46433272 -756.34392531 34.73854459
-19.49181360 -759.19617212 34.45651572
-19.41956077 -762.39011362 32.93876305
-17.19350835 -752.40684451 35.96123562
-17.49701758 -756.99743657 34.08820017
-17.38192020 -758.95179762 34.00754876
-16.13902486 -759.26424395 33.25522733
-17.57003333 -761.18617000 33.90712667
-39.53670000 -741.42112000 16.51614000
-15.06082500 -765.85225000 27.73870500
-14.91827333 -763.87917333 30.91304000
-32.66360000 -764.08110000 33.78318000
-37.57181769 -743.03138538 15.40440000
-43.55602879 -748.21967846 37.31586850
-36.59006010 -745.46002539 26.52301990
-32.98725000 -723.26575000 49.10563000
-42.25720991 -764.29821137 28.18688087
-13.57470105 -762.78578622 29.82282691
-39.89363469 -761.08612245 30.85750041
-14.40252221 -761.82298672 31.49739478
-25.76165000 -760.55849286 33.77245143
-35.95165000 -752.49080000 28.89918000
-37.01740667 -745.79190000 21.59228667
-43.80958763 -749.20773836 37.31156792
-42.41022217 -747.97410072 36.44986554
-33.65598667 -749.02026667 37.57900667
-16.15128431 -751.12093914 36.06294058
-20.89805294 -748.51272941 40.27345059
-39.05800308 -737.82401538 40.26134308
-18.14823077 -755.71650769 33.70255692
-39.03186667 -736.65536667 40.90874667
-41.66107838 -748.50038919 37.43873135
-33.00640000 -723.59470000 47.89158000
-39.36210543 -739.33295326 13.04508435
-32.08588997 -756.54482132 37.17880351
-29.56030000 -760.71890000 34.87388000
-36.68080000 -760.81219500 30.85194000
-39.39870882 -742.92600588 13.79404765
-35.35672000 -740.76490000 16.57658000
-32.77114286 -748.57648571 31.75780857
-37.04624444 -752.00446667 27.78133556
-36.91635000 -756.90275000 30.89221750
-41.91310000 -748.78300000 37.06308000
-35.95590000 -772.66120000 24.75793000
-32.32325152 -745.47414242 39.75274970
-30.78730435 -754.25717391 37.12363652
-32.56257730 -759.70752092 37.06957823
-29.29322963 -755.79949630 36.92923926
-25.87294561 -756.09116316 37.04835018
-27.51231818 -757.95106364 36.94780727
-46.80233333 -748.54483333 36.79271333
-35.95050000 -749.52495000 26.78838000
-35.85457587 -747.72477308 27.08543070
-12.91093333 -763.60276667 27.63768000
-35.85678000 -746.20800000 23.16236000
-25.37592857 -752.35104286 40.02109429
-36.50730000 -742.58180000 33.81408000
