-40.09376111 -732.32220556 27.54256481
-39.58805354 -732.92254813 26.93832958
-53.87543905 -722.74892955 42.30460185
-40.13726393 -732.30411639 28.71452705
-48.14636958 -724.91607261 38.54221836
-29.78003720 -742.58766877 43.84169389
-40.29713946 -732.01838744 33.23906031
-56.02022518 -723.58445448 44.65158341
-48.64366930 -722.43392363 38.55649869
-36.15188604 -739.93792505 41.54248759
-33.48606081 -739.97512327 42.44898367
-24.72593320 -745.43472556 44.27248661
-40.85556667 -732.64720000 30.59458333
-57.00906993 -721.69916446 46.29938166
-33.07527395 -742.48117494 41.89136222
-39.93528555 -732.82878968 28.90440693
-45.12073257 -727.79767878 38.30022783
-46.52483396 -723.13120566 38.89744245
-51.83248390 -723.62334771 40.55473807
-39.15965900 -733.28949553 20.80814872
-49.89663421 -729.53337895 38.14215000
-53.94663094 -723.47242921 41.85856914
-31.65820000 -741.34362500 43.10475000
-43.20991495 -728.32204277 38.58287837
-38.88367966 -737.51981214 40.69806801
-39.26733434 -733.18062797 23.19432035
-55.24268492 -723.61544548 44.10402865
-54.73546009 -722.64259505 44.42588440
-52.99499218 -724.18379397 37.77927655
-44.18769218 -731.10607877 36.95895866
-40.82936522 -732.62246957 32.85525870
-56.36231035 -722.34882941 45.81998899
-34.28914380 -735.01717696 41.66321754
-28.31138057 -741.09310634 44.60095982
-30.93080108 -743.52879421 42.57418448
-50.73980339 -727.40573995 37.78351469
-42.26547236 -731.18577876 36.11962306
-47.83373897 -730.19467238 38.13740668
-35.97638797 -736.85934084 41.16574556
-41.34010871 -732.69621660 35.24374544
-40.22509242 -732.77395909 32.70833523
-39.66251392 -733.19859241 35.61312016
-41.05683556 -731.72358889 33.38856111
-40.34488286 -732.08117429 34.33892143
-38.81549821 -733.55626713 17.96409721
-38.43327606 -734.13204592 14.48383704
-37.53651333 -734.71090000 13.58671667
-48.38665480 -727.99137758 38.13959418
-51.35216631 -725.15566489 38.18269560
-45.54595838 -730.50137709 37.64272921
-53.54522860 -723.07735314 38.79207288
-51.59013098 -722.53445149 41.00661204
-43.01305678 -729.78113156 37.49875870
-50.32333752 -721.90785547 39.39051615
-45.56975897 -725.36710596 39.02085365
-52.35475000 -726.80980000 37.14135000
-55.76048000 -723.34738000 42.77367000
-55.76890000 -723.48435714 42.97370714
-43.60416667 -729.30133333 36.64988333
-44.53699211 -728.94621842 36.88136316
-35.49507883 -741.83900752 41.36221114
-32.15041991 -739.44158499 43.42063249
-38.26123235 -739.15178959 41.46560990
-29.46923520 -744.73668629 42.65257632
-38.66415988 -734.17005731 38.44745747
-39.30400049 -736.06723301 39.67235244
-28.27553981 -745.33415829 42.95320972
-28.97099427 -744.56738089 43.43900096
-26.93912967 -745.08906895 43.98992969
-37.43859286 -735.77039921 39.98626825
-27.40831694 -743.12432662 44.58462480
-37.27273462 -733.99390304 39.73376380
-33.72068185 -737.03482726 42.20209410
-30.50843718 -740.20704990 44.03669739
-35.86435914 -734.44858232 40.97770702
-32.21052568 -737.83894255 43.50690321
-25.30133914 -743.96174555 44.72291479
-31.48938021 -738.11585052 43.94353021
