-88.17236452 -771.74939378 42.52860664
-46.53778854 -786.39808101 39.22287123
-90.07933110 -769.94291812 43.43072213
-54.97943417 -758.26518353 52.91161834
-85.84966325 -754.36401111 48.19882532
-85.01521250 -765.12714219 49.38507751
-65.23314143 -761.03047857 53.00923483
-108.38463887 -744.19025634 43.32151187
-108.75799326 -749.49873554 41.67241331
-33.93744533 -763.88414409 46.72081493
-97.18403121 -744.19511339 48.28083707
-57.91918100 -750.05307157 41.33622041
-106.15523750 -744.92051250 42.45484626
-45.45102310 -766.99345256 52.53140932
-38.36540000 -737.65630000 16.44769626
-62.62581642 -725.99531168 57.98154772
-72.79973105 -740.63125940 55.47702844
-74.82794898 -734.96761547 54.99860278
-53.46337778 -768.95596667 44.77459626
-51.28714290 -761.14420996 53.83459612
-43.55322740 -792.24613561 36.08631915
-62.73074400 -725.10552800 57.78962026
-89.98258396 -745.63648396 52.04407723
-110.94223803 -748.74980161 41.35884536
-68.85854667 -753.05347333 48.77365626
-111.45564899 -746.36768569 41.84799074
-102.21066752 -751.95440170 43.08226972
-52.30029704 -750.84972050 57.57356551
-55.22664311 -737.64275376 54.06621356
-102.78074112 -749.58536968 43.66280567
-44.13842079 -781.97123069 42.90767085
-43.39211765 -735.89578824 14.07941391
-77.04161788 -767.21056230 47.15959119
-43.74434226 -789.14385503 38.79730837
-92.21871034 -735.99486897 53.63740316
-64.91769527 -757.78124328 53.08251828
-109.05047532 -746.64602659 42.23999047
-48.75354368 -741.75847471 25.77289799
-81.79040323 -752.76266452 53.48312207
-46.01308106 -780.10483553 42.51658572
-45.81744197 -764.61744672 52.94326623
-49.96582447 -748.26405213 60.92894201
-87.82214278 -749.68705807 50.86160392
-44.29637436 -777.38083846 43.15467575
-76.74779021 -761.86930020 49.92941583
-42.81532835 -758.60613449 52.51311997
-72.93329789 -737.75243287 55.60786273
-36.02725596 -761.92027446 48.52838243
-46.77206479 -771.63565540 45.95730096
-110.70754429 -744.92692214 42.34679412
-78.86565340 -755.62106132 51.50382497
-75.88234892 -743.85159763 54.61539243
-105.88235419 -743.78290130 44.16881544
-56.70631504 -724.18628797 70.20817671
-96.39142209 -737.58671172 52.48191192
-87.23188592 -748.52198592 52.07888922
-109.69244672 -744.77974278 42.65016756
-45.79203528 -758.81144212 53.31208556
-108.26452000 -745.40612737 42.91116363
-102.22975729 -743.31080404 46.26527575
-107.85617647 -751.34565931 41.63430852
-89.77348994 -762.15212288 47.83181056
-78.48240758 -769.53005152 45.77006747
-71.58218000 -758.60676795 52.32291747
-48.63626823 -761.46065848 53.76091473
-78.64089463 -769.41518030 45.99998850
-100.75950408 -747.11203972 45.38116302
-75.33414345 -746.24262958 54.33477990
-59.88251812 -731.70242090 57.51812041
-58.04986373 -731.54953621 56.90772030
-80.00358989 -750.20158667 52.18558914
-51.25637319 -780.53479333 42.46347834
-53.68181558 -770.68157792 45.29030276
-57.43905409 -750.94668171 56.06160716
-87.76887046 -772.95573374 41.81816999
-106.09052258 -749.85655965 42.32849115
-62.73604264 -753.55609695 48.95050692
-105.63847826 -751.89153261 42.19162779
-60.52253236 -752.57515152 47.80134843
-88.04712105 -768.18617064 45.30663690
-58.11225799 -751.60444821 44.72240417
-59.64954352 -750.75560668 52.46555213
-104.94549034 -749.21412140 42.99410815
-42.25274051 -753.36012647 54.38907544
-92.20301250 -757.06675000 45.80299626
-56.52315769 -751.48966538 39.46592703
-105.42925581 -746.61656034 43.14499692
-67.36772190 -753.38791674 52.35866816
-53.84021500 -747.99610500 59.36445626
-70.42254889 -747.22726768 54.20391065
-78.46645196 -763.52143890 48.97996362
-104.46820000 -754.78347969 42.52377282
-102.88559451 -746.77368517 44.25497342
-81.92524782 -764.79608638 48.05423987
-104.03057143 -750.80812521 42.72451895
-103.25973820 -752.69635781 42.59853893
-57.93498596 -734.68219314 55.69246283
-103.40009613 -754.83835589 42.67006601
-56.72688197 -743.80864129 44.39575820
-103.24007785 -743.92766467 45.15769355
-55.88673594 -724.18564727 70.37326267
-56.89646364 -735.90921329 54.67464801
-96.70938546 -746.63618341 47.63742794
-46.52608667 -742.46925333 21.15562293
-102.27258898 -755.49737497 43.04956572
-90.83848175 -743.44669753 52.29450058
-43.41851649 -790.96174233 37.40414187
-53.19066025 -774.14034180 46.05089831
-59.78240794 -737.99589531 54.28759662
-43.28160655 -793.88355554 34.74920755
-69.93150634 -740.53931089 56.11877883
-66.95942917 -764.75073750 51.66950460
-78.76736939 -752.43651921 51.22546805
-84.72322537 -767.31735910 46.49998480
-41.59436500 -759.64522679 51.74299198
-99.98592152 -752.56719981 43.80368941
-99.94537157 -755.36163781 43.50959724
-45.85092912 -791.41558492 35.17779574
-100.14229604 -749.75767767 44.92583856
-99.98192363 -743.79400522 47.11393281
-95.05145507 -753.64127778 45.68207307
-51.87869162 -782.64414608 41.08909406
-54.91294289 -750.55525448 56.79279848
-72.95790783 -743.43092115 55.21650733
-45.53687381 -785.20167490 40.76763621
-48.11132308 -756.19831538 51.50196165
-53.10145318 -736.64012717 55.98810811
-58.12089397 -750.59243044 43.76507703
-89.64085952 -772.54721032 41.71115579
-53.35420000 -720.42460000 64.29559626
-66.62570971 -750.71602410 47.78839467
-55.97782351 -744.78225674 42.12605206
-55.82993333 -724.20706889 69.23862871
-99.38769193 -746.43336272 46.38361881
-98.84917135 -748.98949073 46.08985525
-61.28494366 -731.48621227 58.53382447
-72.92478675 -749.23035401 53.17113589
-92.06924286 -757.17005000 45.85414626
-65.05129069 -756.70761026 53.09559769
-29.12321938 -762.64432699 44.73546408
-45.37028039 -740.38691341 20.52391754
-51.00478249 -786.55733042 36.13480720
-59.46450000 -721.18832000 60.99431626
-38.62586778 -764.43490556 48.71790960
-57.63749457 -751.47138913 42.21925931
-96.03578937 -739.94714155 51.99733930
-97.02043586 -752.85325813 45.05632017
-96.79925171 -755.52431809 44.64109552
-96.74347920 -749.69632877 46.67412848
-69.91420000 -739.06663333 57.87086293
-97.95812222 -750.63587521 45.64065011
-62.61992605 -728.61726293 58.66707858
-96.21032500 -757.15050000 44.65129626
-82.04170895 -767.20835249 46.63878317
-75.77700833 -748.54830417 55.05727126
-33.91542197 -761.61927464 47.45395886
-96.01763014 -751.68897904 46.17201283
-91.88564118 -744.62722157 51.71037306
-50.62170238 -744.00688095 27.22924150
-54.68233839 -725.64173266 57.13533052
-78.82589175 -767.42833852 46.87207786
-95.17290690 -744.86595172 48.51442730
-84.71670351 -743.55995831 53.96332239
-85.34530268 -740.93103552 54.45146774
-96.12640617 -740.81064934 51.69307622
-82.65987278 -768.78007664 45.61162541
-75.14140025 -737.75393378 55.08361003
-61.16197653 -733.96513150 58.20988411
-90.74770226 -765.90269248 45.68014137
-96.40767456 -735.55588370 52.91997997
-90.35928959 -764.54699374 46.61741274
-32.63110263 -764.24297632 45.71386468
-93.75610698 -752.48392419 46.76500846
-94.13875399 -755.77377119 45.47705284
-90.38595058 -749.25505885 49.50796880
-53.82669010 -776.48524617 46.25070976
-94.14502574 -746.91466954 48.39917431
-93.88524009 -749.71031598 47.68649204
-96.29975373 -743.85146567 49.33995447
-59.77430260 -757.64310996 52.64331704
-93.55778762 -757.28121810 45.46895150
-94.15205092 -735.70675391 53.27561873
-93.83258356 -737.49566050 53.02839274
-93.79282901 -740.36980987 52.32283252
-88.07476644 -761.79424937 48.35633698
-94.76341568 -741.61489059 51.73717814
-84.59725339 -756.18739915 50.58757848
-84.77626452 -764.57317476 47.91688928
-93.69243874 -743.44299696 51.62521848
-54.82998974 -728.52744782 57.31174294
-30.34610051 -762.20622740 45.44707354
-92.96329952 -755.04175710 46.05996158
-93.18158210 -742.84772240 52.01664763
-93.03011328 -746.44415039 49.31530017
-54.96909667 -752.76698077 53.70814360
-43.81909000 -787.53510333 40.20747937
-82.08514563 -752.51080497 50.73176082
-92.67655000 -757.21450000 45.83039626
-60.27623065 -736.87509528 55.73070552
-77.72853310 -740.33765915 54.96238623
-66.71372602 -761.68704015 53.17125353
-90.91102742 -752.56336589 47.73565937
-90.97410158 -755.41910902 46.41272735
-57.68317230 -764.44766382 53.52862154
-68.04596159 -747.65354040 54.64029891
-91.56823055 -750.13477653 48.45241091
-92.15844118 -757.20240000 45.75608450
-84.99181166 -762.88146580 48.69554548
-90.84751159 -746.75661340 50.54423377
-91.13865009 -737.81979872 53.40767141
-90.91835468 -740.51889318 53.00126649
-89.96008897 -771.28438947 42.47925842
-50.08169252 -786.85846735 36.38947585
-54.54118273 -751.77001592 55.64107426
-55.17252444 -722.47887325 59.10958697
-55.58125791 -753.33536471 50.53351284
-90.12369061 -767.68318601 44.82633600
-59.58492564 -762.25098333 52.48242831
-67.67066000 -750.75338571 49.41089626
-91.35479752 -751.68771084 49.56626128
-90.02466875 -766.31582500 45.88362751
-59.96957897 -752.65432126 49.36697921
-87.99624532 -753.10121600 48.21038117
-88.05766567 -754.84412636 47.18329374
-84.66209875 -761.41755606 49.32349876
-87.74271719 -770.27380695 44.02392121
-87.55891038 -751.94410839 49.41391819
-87.86994704 -764.49942895 47.23312236
-87.35613167 -766.95665989 46.22465237
-45.85805505 -776.59952250 43.83813242
-87.77380557 -738.63785020 54.23557733
-82.96654518 -769.63114775 45.02089733
-88.38094953 -747.32662368 51.50663608
-54.08832171 -749.25976164 58.56863619
-87.89305124 -740.53249728 53.74570077
-87.87847031 -743.63621678 53.10761312
-75.05122562 -743.19752086 55.06753661
-82.16784952 -746.81234826 53.50653201
-87.58703728 -746.29376292 52.34649467
-87.48074077 -760.67039294 48.99600685
-87.38844590 -758.84617252 49.57506874
-70.02280961 -734.65493974 55.85386496
-76.66896307 -763.60443366 49.07093090
-40.97645385 -735.85899231 16.65767703
-86.65866481 -756.88886111 50.36697774
-85.88079602 -772.46159432 42.46898035
-76.20694107 -741.09116778 54.74760730
-56.08060000 -751.12636667 44.94542960
-84.67168597 -752.49549962 50.03802533
-86.05001210 -753.63087580 48.56047652
-84.92810000 -770.43524604 44.33126699
-85.70259200 -772.00560000 42.76870426
-75.32006757 -750.97155946 51.03919086
-75.60699721 -757.90560837 51.96184027
-60.69054856 -725.51966162 58.27522644
-84.71755011 -746.59282651 53.03361524
-84.41232649 -748.89916082 52.22393950
-85.05602006 -750.03837521 51.39484367
-85.22155769 -772.23824231 42.99742703
-53.91402528 -756.55384382 40.25280581
-84.93896287 -768.78348449 45.60283122
-86.12100536 -738.93924286 54.65821233
-84.73250504 -758.52719340 50.03023555
-86.11216250 -738.87523437 54.89532439
-51.37237714 -785.12515776 38.21348080
-66.16400000 -758.38871818 55.02815081
-77.79279415 -741.09869366 54.73563309
-54.85937437 -731.55357101 56.98617991
-42.97726776 -752.32199594 55.79363366
-82.63242293 -744.27503298 54.30800726
-81.87258113 -755.90183452 50.85574172
-78.85731047 -758.74959235 51.15643991
-82.15002062 -750.67183690 51.55499925
-81.91926166 -761.49850108 49.53507046
-57.80560665 -758.57972880 52.61786689
-83.10499565 -762.99074565 48.76411583
-81.87051202 -749.23586294 52.43127011
-81.93324542 -758.67959369 50.38287918
-81.26295871 -763.30269403 48.90473706
-45.61860566 -788.34163716 38.15518140
-48.87894161 -788.47115749 35.44606265
-84.56502857 -752.56333333 52.89235817
-78.89299593 -764.97226293 48.17488799
-79.52261268 -750.99141690 51.71306105
-55.01784541 -755.92964917 52.54441565
-78.86998557 -761.56358967 49.84279178
-59.05360467 -720.66423506 62.49118668
-44.13364233 -779.37855525 42.63684699
-60.35874321 -734.64736909 57.12373464
-69.72408295 -752.54970824 50.34372845
-69.99940356 -755.82537724 52.34489893
-78.66708761 -752.54780565 52.11318844
-76.46456256 -758.51465604 51.46955434
-78.11717397 -755.32191727 52.03383002
-79.46043553 -757.52914342 51.99283968
-50.34171250 -760.57386250 55.14133376
-56.55883442 -745.50622597 41.40061055
-77.56293506 -742.54602338 54.62638198
-73.18727248 -746.47029109 55.60467223
-76.79062817 -756.70146573 51.73166058
-69.69534966 -745.97269204 55.23249124
-76.85586803 -765.09999864 48.24095716
-76.01232813 -752.07958584 50.98190134
-76.65324121 -752.80036194 52.28941175
-76.47284977 -755.78127132 52.01779921
-75.65064308 -740.44949611 55.01001629
-38.86923972 -756.69307500 51.67195442
-75.17970991 -748.86280320 54.10635395
-47.76228246 -790.55374254 34.31672916
-67.53468475 -752.78464862 51.23437138
-51.83948935 -755.34226072 52.94583325
-50.23159630 -753.99539259 54.75010737
-74.51996818 -732.88492273 54.66563263
-60.22632500 -750.63674167 47.18684626
-54.54524332 -722.51772351 65.24386016
-75.07072558 -734.37800000 54.71970091
-72.83077669 -744.79551494 54.69349766
-74.53238776 -732.51478163 54.95474116
-73.05857734 -731.14240658 54.61982405
-72.58602728 -732.05001942 55.11079607
-72.97563705 -734.59681004 55.38657799
-72.84704554 -750.94604158 50.50209230
-73.06380552 -751.97000812 50.42127661
-72.88422960 -746.54333361 54.04763878
-53.17230000 -763.35359091 42.62798717
-55.88105534 -764.48458038 53.42320918
-61.03455911 -728.79533177 58.22043665
-59.58191739 -763.28477826 53.00360931
-71.95956649 -729.65335478 54.32411578
-41.39390000 -735.93160000 17.15479626
-52.35036598 -764.85211662 43.63679396
-59.66886071 -720.22665361 61.70123167
-38.36560000 -736.71260000 13.32509626
-70.66089165 -729.33031760 54.31138337
-70.36630639 -730.50388389 54.65841186
-70.32352443 -731.77640635 55.30876355
-70.22811663 -750.41710629 50.53253416
-71.65207927 -755.98410513 52.78823365
-71.60070724 -755.99516974 51.60250087
-69.74453000 -749.46676738 53.19967661
-70.17421645 -754.62530998 51.60722861
-52.08415355 -753.74500872 54.13258826
-69.91017967 -737.62512610 56.03902248
-69.97910922 -743.51186696 55.80591978
-70.08467873 -758.63717326 52.79102336
-70.12091250 -729.97874375 54.86900564
-69.51703008 -761.45569037 52.87436478
-38.22221912 -763.35018235 48.90969332
-34.65436700 -757.88270527 49.15297373
-85.50007541 -740.24048934 54.91586593
-69.27707231 -752.36862308 52.31332780
-51.70708357 -749.55011799 59.25751216
-56.21814286 -750.72641429 52.75878198
-40.56703140 -738.25721649 16.75676658
-51.88518274 -767.70195064 44.51934562
-68.77966820 -763.54623515 52.53028496
-66.77749333 -755.67695856 52.80572095
-49.85824645 -745.66195687 29.05888915
-68.26087184 -735.35213301 55.90469335
-67.93801867 -737.95902033 56.11706115
-67.35556030 -750.27029385 54.58926057
-66.68291001 -751.65678343 47.81158603
-66.96312045 -740.59718184 56.32448239
-67.11560450 -743.47768197 56.14466280
-67.75731042 -746.23699845 55.36628462
-66.71723469 -758.62971917 53.14928511
-53.77435613 -720.60510225 59.31685551
-66.93826299 -763.90086844 52.57215350
-52.52985181 -728.29202221 57.46577322
-55.97709290 -744.07584730 44.26004377
-53.11467545 -781.39358383 43.09305135
-57.67010333 -729.05248008 57.54122337
-67.00136554 -750.00526738 54.92228149
-58.26020923 -756.10959107 52.35626978
-39.48395882 -735.81738235 14.74607665
-64.69371571 -750.66734650 46.64391041
-57.76106494 -739.40592830 52.21054469
-55.72263157 -745.78477027 40.99813258
-73.68580000 -748.14930000 55.65359626
-59.90883343 -729.60595313 57.72585328
-45.76906813 -756.08269067 54.04208027
-56.06907025 -742.70363368 47.03713758
-58.61946476 -736.46777529 55.05535118
-57.77649082 -725.54804584 58.75350398
-55.76903026 -761.65888890 53.28450136
-104.12066667 -745.29353333 42.81896293
-64.44184926 -751.82346278 46.91527418
-60.58358600 -722.63531668 59.23882241
-56.79812087 -723.91635202 70.92292056
-43.42128806 -742.72763134 20.79742163
-60.95676340 -750.49853826 43.87658829
-60.19398118 -751.57998791 44.62672482
-52.60007765 -731.56350722 58.32037100
-43.66871910 -767.41927654 51.11982401
-53.13326690 -754.88136138 51.60324316
-58.40676667 -747.01963333 43.77119626
-55.19983922 -722.55027610 62.24225950
-54.64074261 -723.59710043 68.39291922
-60.03545894 -755.28638319 50.53971722
-60.27595753 -720.67172301 60.30915873
-59.83929471 -756.67372147 53.00389129
-60.14410233 -759.87068372 51.56055905
-60.18200930 -760.20868837 51.57625440
-59.72447617 -750.88158520 50.64129097
-57.85562134 -752.04798505 47.64645791
-59.13658232 -751.03640552 50.00971560
-58.38559662 -751.89092701 50.04779682
-58.31142000 -750.89890200 47.31690760
-54.31372392 -722.87851921 57.06517683
-57.30441063 -755.45785665 51.23784647
-57.82411977 -737.74118727 53.78006511
-59.04741432 -750.80084009 53.01689626
-58.71884745 -757.78035474 51.67937363
-51.10600600 -746.05478756 30.26158352
-57.26553447 -752.35399770 53.44051482
-84.27385200 -742.54598400 54.91108426
-57.88260163 -761.81321978 53.41543965
-58.21537961 -727.61580621 57.97482985
-58.30642839 -723.23474346 60.15935673
-57.12322187 -740.56879659 50.36456348
-53.04259048 -756.64221587 40.11394547
-55.88652000 -745.24248000 43.19901126
-56.90024408 -742.58431369 47.09747401
-56.62089661 -744.72727232 42.25231378
-57.03787231 -741.79727689 48.13988670
-55.42875673 -746.69151927 38.54720632
-42.38078132 -737.94831986 14.58141662
-57.58263378 -722.64951846 62.00757775
-57.23250000 -741.71500000 45.71231626
-58.93141943 -720.57165240 64.37280107
-49.91425308 -747.64284795 61.16984934
-57.03930659 -766.71459940 53.25454896
-56.09642515 -741.83385673 48.25395767
-47.68330000 -742.14160000 21.61709626
-57.31203713 -751.54123487 55.58035854
-54.88877097 -722.67977419 72.88887046
-56.11261727 -740.68619818 50.36327933
-57.78714534 -722.21147909 64.94082699
-50.89761720 -760.39049677 55.11647476
-55.75618465 -739.50361811 52.27138209
-39.91088839 -761.56446992 50.36626520
-92.26884000 -747.79375200 48.77655626
-57.80517508 -723.27269037 68.08479290
-48.74424700 -776.63120752 43.60466954
-54.86136373 -754.65364787 51.17890933
-56.26120333 -735.97938667 54.76586960
-48.37708405 -754.70570132 55.23397564
-48.64444694 -780.03234271 42.32430267
-54.88699034 -734.68375281 56.00836477
-96.51882000 -746.91859000 49.06982626
-51.53086667 -760.03395556 55.02810737
-47.79326667 -741.42111449 23.84051220
-101.05778437 -744.31228125 45.72978689
-56.15256623 -766.61880043 53.16422700
-56.17810356 -724.96325191 58.26023748
-56.22473333 -727.19088333 57.84217960
-54.21534089 -736.69438471 55.29215049
-36.68547523 -764.01594326 48.00822396
-53.91482500 -771.99175833 45.88586293
-52.07590111 -776.67078412 44.72667297
-53.79899409 -774.07087995 46.52536412
-34.58162875 -756.67155634 49.77555104
-53.48593481 -777.55551934 45.71907471
-53.68261353 -779.58946113 44.82492351
-53.70288856 -781.58655850 43.33879724
-55.75725900 -749.58321099 38.13462635
-53.63073150 -783.02432416 41.51200635
-51.59414729 -783.94320426 39.61341991
-47.06801910 -771.09477135 45.72280244
-52.73077041 -733.64432619 58.05823266
-52.72329208 -760.94289142 41.97653488
-52.53424947 -762.75652000 43.00050784
-53.97274324 -778.24625135 45.94977734
-51.72123964 -758.54747145 53.43576052
-52.90295733 -758.73476925 40.84547299
-56.83482857 -724.20845143 69.40192255
-52.22398391 -779.40778468 43.65721631
-51.84458684 -770.76277536 44.93196080
-48.86368479 -770.79061014 45.15927013
-53.42730000 -772.11470000 45.79169626
-51.62850647 -773.60005709 44.90373483
-53.26449125 -775.68244250 45.93456626
-54.67237068 -752.73505262 38.04325263
-54.96972193 -723.50753520 71.63652860
-62.41660000 -723.87393333 57.90732960
-50.56324783 -787.31945652 35.27829365
-52.63405568 -725.95741452 56.70281400
-53.16234771 -731.39706623 57.63030824
-52.98598690 -734.83953140 57.19499156
-52.35309069 -752.42329324 56.22729544
-48.69315592 -785.57511896 38.63847681
-48.69165653 -782.39953879 41.07232138
-49.86268158 -784.02338947 39.73353310
-49.02161129 -789.76857903 33.62685916
-52.01332827 -729.05371771 58.12895102
-52.35405527 -747.81879201 60.40958923
-47.95077823 -787.54563438 37.23521677
-48.02183132 -791.16015412 33.33413115
-48.87676909 -773.66129218 44.53606251
-48.70506324 -778.52321289 42.98293138
-49.48391435 -768.39707834 44.85441420
-47.76040519 -784.35789000 40.03167848
-46.81668368 -792.62719138 33.23297039
-51.07631723 -747.58578644 61.10495248
-49.02823405 -755.76098256 53.95654314
-57.14784858 -749.47773616 39.08261299
-51.11093768 -748.25617681 60.93733684
-48.88253190 -758.83188321 53.75470426
-45.60146034 -793.96534480 32.91775146
-48.98276257 -753.38153164 55.77531243
-46.71598216 -789.48202978 36.22909310
-50.04611229 -749.20004934 60.06671082
-45.99663343 -782.77921947 41.75036157
-48.05141433 -764.03065021 53.49055652
-45.81443091 -778.67908685 42.96178369
-42.47920992 -738.38965471 17.24151169
-44.81792629 -793.40812066 34.04393241
-65.18261821 -740.54510447 56.55243441
-31.63005768 -759.25957328 47.08234978
-40.51500829 -737.85691865 14.57371838
-44.68802566 -790.39331645 37.09443047
-54.12550940 -748.31044444 33.11785096
-43.52504497 -795.35923315 32.99810270
-45.97278602 -761.61095366 52.95399682
-45.99505416 -754.71570150 55.38701823
-42.96593827 -796.35086582 32.16553708
-45.64227395 -753.18925588 56.33497721
-44.58954889 -787.24359000 39.97938293
-44.58897188 -782.15136458 42.91573480
-44.04236625 -785.79500449 41.39379970
-44.16738333 -783.02426452 42.67487906
-43.92041111 -739.01258889 22.79941293
-44.61973678 -767.87368875 51.67118319
-43.29051516 -760.78755445 52.19354207
-44.11594180 -764.24136270 51.97938458
-42.75561106 -755.58382940 53.36229693
-42.42308805 -761.87811536 51.27560026
-43.29915304 -764.65990400 51.26465030
-44.15098667 -766.82212333 52.02950626
-44.17207087 -754.26290777 55.08685257
-39.64758113 -758.91420810 51.24901953
-41.92169692 -750.84995187 55.90007648
-39.84597612 -763.66898719 49.52261414
-40.09919884 -755.92330870 52.30405298
-48.74812990 -745.50968144 27.16211997
-40.64034600 -757.93274897 52.04701657
-40.59292855 -752.42135570 54.16642246
-40.86911572 -751.46757990 55.39840683
-75.93287556 -737.77559889 54.73710737
-56.23458000 -760.71646000 55.06953626
-40.54744384 -750.72757980 55.26992889
-101.34555000 -753.38460000 42.80269626
-39.77424438 -750.81458723 54.63118167
-44.23662264 -779.50808491 42.87283400
-37.26637862 -761.21069041 49.38219916
-36.82929409 -758.68594349 49.92945033
-36.84553185 -756.34696213 51.08195393
-37.86155261 -755.53216209 51.99485456
-32.08197651 -763.52337987 45.99225264
-35.54588106 -759.84885530 48.71180838
-33.72006554 -758.92249258 48.16820736
-35.33370000 -762.54225000 48.90634626
-30.86410872 -763.65911076 45.29138494
-31.43797719 -761.30123019 46.31280897
-47.92509091 -743.14475045 23.70058808
-60.04246842 -751.59674737 42.52291205
-63.29062593 -751.51810000 45.11564071
-46.02665000 -739.03865000 22.31062126
-46.30108420 -773.95388752 45.23667612
-43.01848745 -738.65748553 19.77194690
-43.37157049 -740.19967389 20.35256943
-53.23027095 -723.52009944 55.84929347
-56.07454545 -749.40011818 41.88349626
-56.48780323 -746.31280323 39.20189626
-40.90100000 -739.29580000 19.88119626
-62.45082143 -730.61117143 59.12208198
-71.89680000 -730.02610000 54.86569626
-53.14921364 -757.68623636 39.69283263
-54.29930258 -751.72351355 36.45574723
-59.98088192 -750.00175846 42.06602857
-62.96012781 -750.42836937 45.13182876
-106.64598244 -747.22669664 42.59696420
-50.43850000 -741.49480000 26.63829626
-53.22447175 -722.40635141 68.44108270
-77.67448367 -742.65498571 55.06042483
-53.25396750 -722.74091000 70.26321126
-44.26929259 -777.96411111 42.78035182
-46.12298240 -772.69615459 45.95202075
-88.64863239 -759.94192394 48.71515260
-29.09472720 -763.39709200 44.53890266
-32.15230000 -759.06040000 48.84184626
-61.26413333 -755.18830000 48.35122960
-51.96861064 -751.85290213 57.97232818
-104.61835870 -752.15252826 43.00962017
-71.35723333 -744.99123333 54.76746293
-97.18165000 -739.10170000 51.78569626
-74.24697273 -740.71221818 54.80982353
-77.44480000 -739.10410000 55.12269626
-46.72121538 -741.63828462 25.44330242
-62.47840000 -723.95650000 57.82129626
-44.37580000 -778.03700000 42.70839626
-59.42038750 -719.96576250 63.95128376
-87.21266000 -738.57873692 54.92563242
-65.32680000 -742.22310000 56.38429626
-46.94316580 -743.13756736 25.47078124
-42.36700000 -739.36012500 12.28484626
-42.67037811 -739.33536352 15.19166536
-42.71890503 -739.70535263 17.63066075
-44.82691842 -740.18265351 17.90388310
-44.62408182 -737.89744182 18.16495990
-41.12520313 -739.56080313 17.27890564
-40.84672444 -737.71517778 19.98930071
-47.68918400 -741.02456000 20.67736826
-43.70150985 -740.54018750 22.30840005
-45.74370292 -741.12149946 23.15017151
-46.17462953 -742.75046326 23.89674231
-48.59963944 -743.39874371 26.69024326
-51.28712646 -744.39982089 29.60067690
-94.29960000 -748.36665000 48.85999626
-49.67760734 -744.27573629 28.89354452
-52.32187258 -746.64634334 32.18501245
-50.34380000 -745.90880000 31.01639626
-53.77889674 -747.24141721 32.63673543
-65.99520000 -755.07905385 51.71936165
-53.19121481 -747.31967778 34.08574688
-54.50727458 -747.43179871 35.36032427
-54.34727252 -749.38957368 35.64854997
-50.36350000 -760.10460000 54.93749626
-53.67163030 -720.92143939 57.59478414
-74.32173333 -733.17290000 54.80992960
-53.95135395 -720.53418914 62.05241929
-53.17844853 -755.75324338 39.20453817
-53.87473014 -755.00604067 38.97775583
-57.19247895 -742.19440000 49.25831731
-55.83244400 -750.85714400 44.95502626
-93.28485104 -751.71063175 49.21423424
-56.03555537 -752.75817686 48.23391444
-73.63310649 -752.96756364 52.80006250
-59.88479643 -751.33073571 52.45961055
-82.27187778 -758.96008889 51.97091848
-54.67473636 -751.18289091 57.94304172
-37.56418140 -757.61373721 52.51627766
-47.71736667 -771.07805556 45.84981848
-66.24130000 -756.68720000 54.83059626
-62.53165000 -754.24962500 49.20127126
-53.57617308 -760.55211154 41.76202318
-102.63836250 -745.67061250 45.87420876
-56.49756667 -748.97226667 35.85746293
-75.30633291 -746.19367025 55.23207474
-44.69687778 -739.26454444 15.37344441
-44.44845000 -739.10730000 15.41349626
-53.33482297 -721.65604189 66.22316113
-53.67510000 -784.19170000 40.05259626
-53.70550000 -757.74080000 39.54121626
-68.74096444 -750.80832222 48.61718071
-40.88444889 -739.69435378 14.43622026
-45.64230403 -738.39804113 20.35913416
-81.01607143 -755.21032857 52.05913912
-47.40200000 -739.01350000 22.11189626
-44.13786667 -743.31361905 23.37358198
-53.27346000 -748.34883000 33.95234626
-51.01158500 -744.83906500 31.19114376
-53.01487667 -748.47335333 33.35827293
-33.27460000 -757.06241875 48.67602126
-53.75511448 -758.29111612 41.05886429
-56.27375000 -742.21305000 49.37619626
-56.84076373 -738.78157745 51.27035901
-55.40002500 -754.20155000 48.10519626
-56.43500000 -726.79900000 57.79125626
-49.69465000 -747.98110000 60.63548376
-68.89340000 -749.24039565 55.01690496
-87.12416623 -740.42289740 55.08605470
-53.85286042 -720.76373611 64.88968480
-45.64358462 -761.19796154 54.86039626
-59.30290000 -720.95690000 60.75579626
-47.05010000 -745.22126667 25.16492960
-50.44248333 -745.35530000 27.52536293
-50.16620000 -744.39721600 30.97260426
-53.42133333 -747.26193333 30.76496293
-53.30675000 -754.05275000 38.89444626
-65.52312500 -751.64102500 45.76782126
-50.30930000 -750.61210000 57.79419626
-59.37380000 -752.42330000 55.76479626
-104.46070000 -754.91372857 42.94572483
-70.63600000 -740.66726667 57.85869626
-83.33870000 -744.26150000 54.82849626
-110.51505000 -744.82920000 42.87909626
-95.37890000 -742.14150000 51.82799626
-89.70584286 -761.19792857 48.87565340
-53.49812105 -784.04171579 39.71510679
-53.45680000 -784.23056667 39.41632960
