-42.08546160 -773.49576809 74.91578048
-108.27373137 -787.80276873 50.08679865
-155.29686175 -764.40078756 48.24503111
-150.28451690 -763.59353345 50.13344236
-155.11161667 -765.74538333 47.19159167
-15.12383189 -803.63524619 41.68188037
-126.37381469 -757.98921901 65.53866724
-26.30965455 -807.30194636 48.99433182
-121.90470000 -786.35932000 52.11156000
-107.95340000 -735.54820000 70.25240000
-60.24052737 -764.53048487 69.07127737
-153.22655885 -766.34073958 46.93179650
-90.18181746 -781.75427784 59.13364715
-140.10896532 -757.05583145 66.37649677
-105.39674736 -758.10863234 66.55305724
-141.12438957 -763.26297391 52.76754536
-62.94502795 -719.13830513 68.89906237
-33.31929048 -798.96645796 64.51014910
-67.55253333 -764.80390000 76.31670000
-117.21805436 -763.29191423 64.89682029
-152.23187308 -767.69449615 46.11852308
-62.03559592 -732.79238367 64.83922857
-17.12356094 -807.32910313 39.96425156
-61.87920000 -795.11610000 67.22100000
-149.29134500 -768.75373667 46.33689167
-153.59607428 -764.53236640 48.26256794
-103.60388316 -776.74545211 60.43272526
-144.32656667 -769.85714118 47.37178922
-153.18554861 -763.19417985 49.69535501
-87.39263420 -773.67110853 63.73347307
-29.33381848 -794.22445797 63.25772029
-42.80493312 -776.16736321 70.72319949
-140.98655155 -760.13129153 55.92426215
-54.09930000 -763.48081598 63.06276598
-111.43747004 -785.42157931 51.42758911
-113.88380065 -757.35079708 65.40593931
-134.01505000 -762.59150000 62.28145000
-109.37782609 -771.31152609 61.10895652
-148.53431429 -769.38801429 46.16801429
-30.32588285 -802.55311187 58.80183799
-56.78231569 -734.79090636 60.65434174
-151.09677463 -768.14088507 46.13064030
-103.79834500 -784.91444500 53.61247500
-143.96277475 -772.68083713 47.13368403
-47.46253059 -795.01711765 72.91086706
-152.64657265 -762.19682327 50.54212939
-16.26292396 -808.25502485 38.04728767
-150.35438685 -766.86496073 46.99142612
-99.88777911 -745.99997564 70.07584069
-70.64545143 -769.08603143 73.60529143
-135.42134332 -770.04303188 50.50085046
-138.26374520 -763.94113233 53.33889378
-150.58449026 -765.06189121 48.49003083
-13.14431620 -803.81591761 39.47654296
-12.89885391 -817.65711803 26.07179727
-33.86467000 -764.08170444 79.47958222
-38.73348403 -798.17923414 63.83138775
-105.45978537 -740.08503092 69.45218711
-146.19790000 -765.60358824 49.30414118
-55.78794054 -717.29737568 66.50342973
-51.25858077 -810.74434423 35.37537019
-93.30420098 -763.49449364 63.86578577
-104.01660000 -752.15363333 65.54476667
-45.51818236 -806.85555663 54.52835430
-120.21103215 -791.32263838 48.53696364
-14.63272512 -815.07870283 29.97211521
-117.39995521 -797.09772832 45.27058544
-93.11067092 -786.75419739 55.30787386
-108.40793652 -737.03646676 68.72244800
-149.47498689 -760.82714126 52.51022330
-90.34590269 -788.50082985 54.74015287
-45.27405795 -801.32610032 60.67633778
-149.69609310 -768.81130345 46.12232414
-116.93630543 -780.32567609 55.11540000
-37.54218975 -809.21576832 51.50951677
-128.70710181 -772.40375144 52.66613032
-87.45619846 -788.62588461 54.75986266
-57.40477621 -781.76185640 76.72477232
-139.30212312 -765.15590636 51.96022948
-53.68371502 -742.29791533 50.73188854
-111.24554506 -775.29814033 58.75419080
-43.67944286 -813.76895000 42.91899429
-85.32957209 -771.01885502 66.13993695
-147.46515967 -766.97377594 47.68296736
-150.39265416 -761.83952090 51.43453414
-42.35108902 -805.57507408 56.34633900
-56.01509231 -779.06706154 78.43887692
-147.19996897 -769.21736925 46.71437814
-148.13024842 -765.32313526 48.92449789
-138.33208931 -773.01980306 48.46961618
-49.09732185 -779.35197185 49.50504934
-141.39455382 -772.96739287 47.55877149
-30.24508527 -812.78390135 42.46809525
-129.32221911 -755.36361215 66.41982175
-30.62635125 -763.74748637 77.04613029
-147.42388215 -763.91100309 50.54393058
-87.38205357 -779.55006430 60.71485081
-147.81739154 -762.11092405 51.82124410
-102.45360310 -749.25518435 69.85035243
-47.04066000 -801.42802500 60.21894500
-147.27998984 -760.87705018 53.11387163
-2.74411523 -779.64461039 57.55764982
-110.97851774 -769.69550507 61.61464781
-87.48511185 -775.99139735 62.57049441
-55.27696181 -792.92218216 69.62756407
-138.33355879 -760.85827204 56.47394180
-144.52524883 -767.27958369 48.43987918
-108.90896239 -777.20362358 57.95532328
-59.63368045 -772.20356636 71.54340182
-129.27299131 -757.97559273 65.13638206
-144.38316519 -764.13053356 51.11696219
-33.61246354 -806.37877301 57.22258843
-24.56425502 -781.28414802 74.01787690
-143.80289519 -765.98885772 49.59104304
-140.16060976 -768.81518537 49.34303902
-116.73543659 -801.71952683 44.23874146
-47.88618598 -743.82496166 26.33444876
-56.64985172 -766.26085000 68.52185345
-144.37497413 -760.90391078 53.74825865
-138.13534008 -774.87101518 48.17469416
-145.38364545 -762.35594545 52.06267273
-50.29615934 -746.33598629 29.84825887
-143.66665034 -762.74779195 52.42200268
-55.23233898 -755.67207119 53.05993983
-141.46289640 -770.02660819 48.18041618
-141.03926018 -774.70368850 47.37487699
-53.24323966 -744.96823103 46.68797759
-144.58603023 -759.44803023 55.01467442
-39.37101481 -791.42493605 71.58004283
-142.18073343 -767.91614119 48.85009493
-105.50664010 -781.42896757 55.87054975
-120.81432852 -796.40045947 46.53707580
-72.61055865 -767.61824018 73.89531399
-141.22065166 -766.72808574 50.03045688
-51.20080667 -786.67358000 73.26905333
-141.58900882 -764.62633826 51.49728533
-59.39970367 -782.97224100 77.14109967
-90.33621241 -776.07451081 62.35984929
-143.36621429 -759.41830476 55.38972857
-123.44502132 -792.97673706 50.17614061
-98.54046975 -770.87917321 65.07549145
-72.51435566 -759.99400538 59.52678868
-53.71551779 -782.33930970 48.91424744
-7.34487723 -786.84362970 58.56538564
-143.28552830 -759.69994340 55.33560566
-22.22213974 -795.45062308 60.88889615
-96.34408028 -785.23204973 56.49331412
-53.35342414 -743.56928966 48.13781336
-48.07147500 -745.08555417 21.64071250
-135.78678435 -767.72321707 51.70214083
-27.11141847 -806.33577921 50.87749218
-141.50644454 -761.27734883 54.15475586
-140.38119220 -754.93520327 68.45457314
-97.39821308 -761.61051342 65.67589628
-136.06887767 -774.96343070 48.88614884
-117.16444926 -766.64741992 62.13053035
-142.23141765 -759.47054706 55.77565294
-27.51926031 -811.05048119 43.99310796
-138.83080244 -770.63399939 48.83501568
-7.44445000 -801.70936250 40.45536250
-138.38815895 -767.08737748 51.01719785
-51.37445414 -784.60355432 73.59776861
-95.39545359 -788.15146796 54.98907459
-29.83103931 -806.21194984 54.05816762
-52.02713168 -745.82555514 44.43697432
-133.74078750 -768.45956250 52.16556250
-137.90931622 -769.62062153 49.70873287
-138.81631684 -761.92284175 54.59181306
-136.33802337 -773.62040843 49.01090916
-12.26066769 -782.10454639 63.29390171
-108.24708172 -784.16304509 52.66895940
-71.67545652 -759.81433768 57.99316087
-60.13870600 -734.10405230 62.73211672
-135.49127135 -755.91123567 66.57403375
-140.24236232 -756.31906957 67.02508696
-93.50052134 -754.97172847 69.79313848
-136.97808750 -771.74739375 49.26130000
-48.25681752 -779.25223055 75.04633296
-52.77705000 -741.17725000 51.64775000
-99.81839727 -743.02221864 70.04974909
-137.35189739 -765.79650870 52.40084522
-52.05316250 -778.05921071 79.56789464
-59.72788511 -761.99680638 68.39517872
-115.29681520 -799.78761988 44.15923216
-126.94276456 -755.95831016 66.78596868
-76.14108023 -778.41815174 70.09859070
-136.98968571 -759.38895714 64.20551429
-51.62868002 -785.55755459 73.10334516
-96.23400465 -787.20973804 55.54562093
-30.65527728 -805.62571663 56.45562811
-135.07513616 -772.83371009 49.69778516
-14.07698904 -816.12071233 27.90029863
-108.36776671 -743.15823467 68.98550346
-138.34129473 -757.87347785 65.38513491
-137.35899524 -759.99532585 63.94900612
-134.55971087 -774.92254710 49.42498116
-101.33371236 -734.04973371 70.47107584
-48.44960359 -788.34019950 47.48384807
-105.71075499 -782.75471625 54.56905701
-122.46783333 -771.81357724 55.50454797
-114.18826916 -789.13937664 49.00689657
-135.06023418 -766.45506964 53.02054628
-27.92325537 -805.15563531 53.22337083
-135.33261929 -759.23645466 64.09844952
-122.55850580 -783.80422174 55.41374783
-138.17680793 -755.91946327 66.66617718
-54.73736459 -722.13157394 64.85444000
-93.48723495 -767.19809722 65.55280764
-57.77529574 -770.10001360 71.61487337
-135.58883563 -764.44384373 54.23916307
-53.04847869 -801.81870820 37.39598689
-138.44259565 -754.50650293 68.33324515
-4.79718462 -783.90439231 58.32870000
-135.65523067 -761.79783048 56.91485325
-12.80063548 -793.37725972 58.77999672
-114.30068103 -794.52889095 45.70724296
-40.31748000 -775.78436000 71.28540000
-55.55156746 -719.33881927 74.64578338
-17.67146430 -812.23729690 36.44384289
-47.49817608 -800.80968302 65.72912407
-54.25609404 -793.09549212 43.58316714
-130.67114130 -771.22327826 52.10132826
-28.98888000 -804.46612000 55.10888000
-111.73197670 -725.29469687 66.81032665
-134.81017748 -763.15975462 55.90501076
-87.42590585 -785.20628713 57.16243650
-137.86194444 -759.61108889 64.28422500
-132.18613041 -775.08271842 50.22319786
-83.68969462 -778.66232227 67.79055652
-119.41432244 -776.93790192 59.19883397
-49.89700000 -807.28080000 52.28330000
-117.39067921 -783.96958290 52.69857368
-138.08637229 -753.31030000 69.24879357
-33.32796511 -773.21307171 75.51471919
-132.38401548 -773.01887580 50.65770898
-27.27738203 -794.78697751 62.71135273
-135.22800143 -760.70158554 63.35594450
-123.25985511 -769.94064667 56.61774475
-28.55916000 -804.13796000 58.62520000
-36.42193696 -803.29968547 59.81077893
-14.61696954 -818.32593625 27.34772090
-132.72095427 -770.38680133 51.61593463
-30.94725853 -805.03661751 62.45012465
-48.80153927 -785.15525126 48.73293864
-135.40114639 -757.72612174 65.07632932
-132.43598489 -767.07296255 53.76901923
-33.56861388 -766.80871837 77.15052605
-110.33765446 -751.09677946 67.39611696
-102.87355450 -756.01086540 67.05042038
-39.51097182 -772.86204977 74.72672854
-27.47786737 -795.87503686 61.53598750
-31.70549286 -807.78806071 55.45510714
-131.71928595 -769.27270428 52.67173788
-45.67209928 -796.34451301 71.21997658
-54.32786951 -789.26367530 46.08046463
-133.33197812 -765.15345491 54.83463170
-52.48177922 -732.07450606 63.80452294
-135.42971918 -754.40366078 68.10414046
-12.33555487 -802.26348882 41.42729131
-84.62417558 -778.03699591 61.51975263
-114.51391262 -728.05493769 65.89446108
-132.36994393 -764.01383995 56.59005924
-135.93069123 -753.32695614 68.94472573
-133.43023036 -762.35733929 57.60042500
-129.49752467 -775.09484042 51.31429753
-35.61488833 -787.04422000 70.95258167
-51.23767804 -790.46369068 71.68306634
-98.40072870 -783.29576944 58.04161019
-57.54202989 -791.74799271 69.79222684
-129.86301319 -773.34561452 51.64911729
-132.36861595 -760.99268669 63.02963751
-53.56207273 -766.08400000 63.97592121
-74.46110000 -777.38030000 70.11580000
-55.13171870 -760.90253667 59.88311580
-132.03866967 -763.00895912 62.03961077
-51.81460913 -746.97286557 42.11162787
-129.42653531 -769.97254439 53.62944046
-50.20946314 -796.23201695 43.58780169
-132.70723116 -759.25175109 63.99720145
-30.06824589 -809.58298081 47.81925991
-131.27897368 -765.83162105 55.45168947
-105.41616982 -760.68414888 65.79171909
-111.32292284 -751.79463547 66.63180806
-108.37834992 -734.02828099 68.28296053
-59.29850000 -768.56720000 70.11500000
-132.38179007 -757.84203484 65.32751986
-56.90252849 -791.33471258 45.25397002
-70.45302222 -777.58041111 70.90888889
-130.03502410 -767.74407400 54.69981987
-27.34479622 -788.00165670 68.74176150
-48.19528235 -795.73719412 73.30606176
-105.98152512 -774.13484030 60.93594577
-132.27390318 -755.44432818 66.64122465
-10.64598451 -793.26649249 57.76823099
-73.33074000 -777.59432500 70.62916500
-133.16222257 -754.47272874 67.70569192
-110.33039286 -771.76000536 61.33568214
-113.97948167 -722.74581167 67.31161500
-108.24174148 -760.48557662 65.21687209
-39.86852031 -810.69767070 49.54984062
-129.10907372 -766.59514647 56.21441041
-6.45063797 -787.95041091 56.94473493
-129.92162167 -764.84600183 57.45888850
-128.95129048 -763.89663193 59.36412482
-54.73892946 -761.60472421 71.97351967
-27.57720204 -760.76823976 76.97926192
-129.44045064 -763.05181656 61.78558408
-58.28180441 -767.27032417 71.25963298
-111.18521848 -739.97690730 67.86499545
-117.33356495 -785.59280490 51.42533553
-127.59292075 -774.83783962 52.07513585
-105.43395350 -743.22143132 69.63731394
-129.31830420 -761.02804876 63.09596246
-108.42065712 -755.10879422 66.60480166
-126.36979944 -772.92184515 53.43978186
-126.99404286 -774.64150816 52.44778776
-49.12305000 -804.64900000 40.27950000
-32.79896191 -809.22051693 54.26080878
-25.72736212 -772.17723636 75.02347727
-126.70548837 -770.58563584 54.68086867
-32.12948333 -810.12826667 52.14156667
-45.36265796 -773.77143714 70.56908857
-114.36615050 -780.24039535 55.06202226
-122.95845411 -791.12515474 50.57754888
-45.59351227 -742.74683859 23.68750461
-120.84996247 -770.56339499 57.44967182
-27.38620172 -766.99822618 75.00040673
-55.17252073 -781.92568171 49.63070183
-39.28562531 -807.16769964 54.79540624
-129.66146824 -759.43667176 64.15305529
-128.00805000 -768.66039167 55.31145833
-105.42411785 -790.44351146 49.72299976
-126.00041326 -769.41691288 55.85215720
-108.38593738 -758.11563293 65.96239648
-105.45968983 -736.99469751 69.11406780
-42.72652916 -775.15738601 74.34482150
-122.27816211 -793.98929317 48.25404658
-30.45053355 -773.13763163 75.23088158
-122.15157347 -796.13001122 47.16669490
-105.70214842 -755.81310423 67.04939472
-111.38727116 -755.19122462 66.00395703
-45.59297858 -782.09652148 73.92627219
-126.63508886 -767.39445094 57.12214005
-42.43971343 -738.10755441 14.35189343
-23.89565030 -803.83640970 51.41681455
-122.56101706 -788.42346587 51.61050346
-119.86044904 -797.42732566 45.84273663
-9.55908322 -801.79381250 39.98877862
-123.20764718 -787.43972027 52.90278870
-120.33823435 -793.95075997 47.37684920
-119.58839468 -799.37541463 45.12866090
-52.69138621 -734.72322931 60.84354310
-45.51408901 -809.70872251 50.90262762
-48.34780465 -745.19096412 24.01094817
-113.40288033 -768.90659016 61.30968689
-17.06781429 -786.42270000 64.16892857
-96.31081831 -776.12903305 62.31674305
-126.92183495 -764.45411303 60.32669563
-16.34241115 -811.72006655 34.94602517
-18.96822862 -758.01729351 75.84983662
-38.25599270 -771.21199124 75.84954964
-125.89915782 -766.22299782 59.27787976
-122.05041290 -792.20252258 49.05570645
-122.59344053 -785.12961478 54.22789435
-111.28600901 -789.13821644 48.97273356
-47.45734762 -776.86028163 75.83015612
-128.83361642 -754.08175507 67.81606582
-126.25121971 -763.41243531 61.83167047
-90.21769617 -762.08186713 63.41523819
-121.22845154 -790.17363654 49.66075769
-129.07529429 -753.40523429 68.23610000
-96.42280698 -781.60208942 59.17191705
-54.57278456 -778.02599265 79.41518824
-50.15781569 -804.01617843 64.95337843
-126.56530461 -761.30823429 63.38125382
-12.57858044 -820.29961097 24.42559762
-123.89881466 -772.62973503 54.42227685
-120.43498624 -788.03058827 50.55938353
-40.07748478 -779.50208832 70.65286088
-52.55595714 -798.28648095 40.01383571
-127.97216667 -759.58406667 64.24633333
-48.52984673 -810.25364957 48.80025213
-114.25620055 -774.96458255 58.49093527
-112.74598261 -723.38929130 66.77999565
-117.44226406 -800.05642319 44.48186502
-33.48509161 -800.54903704 63.29424129
-100.62603704 -734.59856296 70.09078889
-65.98140172 -760.34793986 76.38131649
-126.02042755 -759.84627721 64.45875986
-34.01064645 -794.97360487 66.91700771
-124.45016933 -771.25915067 55.00032400
-122.24571748 -782.23407867 56.61674021
-120.54880170 -784.41143182 53.22523425
-105.40098153 -745.99983006 69.52408153
-111.34642525 -778.70744442 56.22548254
-120.01246321 -785.88773467 51.71497019
-90.07668941 -787.02474345 55.54165930
-15.33626888 -801.01936527 51.41980583
-45.08097111 -741.13002000 22.88057778
-43.20763711 -781.24879921 74.23410947
-123.32987974 -767.17095322 59.81547738
-47.66631367 -743.26075923 24.00490396
-124.17415288 -768.13671257 57.85419110
-27.63401116 -790.68340609 67.74684446
-120.06949271 -782.55945933 54.47625352
-47.80991759 -772.13316410 69.47263566
-1.08519730 -779.79704865 56.11659975
-56.54248038 -796.75665899 38.91086102
-100.05780042 -737.44550149 70.06305308
-20.51754341 -815.75563967 36.63911154
-119.26531667 -789.46520833 49.18851667
-117.55456880 -793.56079504 46.75200266
-126.48005107 -755.00360337 67.77977610
-42.39789399 -811.75746481 47.82229248
-122.03277778 -780.37586667 58.12801111
-57.60733984 -722.08782629 65.66209879
-120.87141225 -781.42992745 56.08038987
-116.96459288 -794.93279350 45.97251734
-123.38453454 -764.04390696 62.32127263
-109.76113750 -726.38633125 67.40703750
-121.93876667 -780.10885000 58.37485000
-120.76220623 -778.68360227 58.82158952
-47.97150455 -793.71114798 46.38720404
-30.39761631 -811.43688971 44.49561697
-119.88475712 -779.43340203 57.05880360
-104.27296562 -743.50287812 70.25512812
-99.07408986 -781.62636115 59.12671385
-100.23260066 -734.76829231 70.57174747
-117.38445737 -791.13054248 47.99989121
-119.31397372 -762.78655985 64.46843796
-13.36413692 -799.15839904 53.90599673
-117.14252051 -789.28610449 49.05916474
-96.45581918 -777.97157048 61.44255020
-122.90752732 -765.78902077 61.36026995
-57.50677507 -727.16872788 64.49096327
-123.67055251 -761.78944074 63.78553413
-117.39556471 -787.79936490 49.98456788
-102.28732159 -737.04253806 69.40618159
-108.52874224 -785.53855534 51.53877958
-123.20340944 -760.39629015 64.65843817
-120.49492726 -767.30965991 60.54481195
-122.33008400 -768.67092600 58.41639400
-115.19388490 -765.22077633 63.93074122
-51.58042402 -766.82237050 44.66976527
-121.03886548 -771.79191310 56.27445298
-31.09600638 -810.67142979 46.45478511
-52.10324440 -806.13946940 36.39395640
-105.31077451 -734.08190838 68.98409637
-52.80270000 -762.16250000 64.18370000
-123.61787734 -758.27352226 66.06747432
-47.21053359 -813.31923750 42.86025703
-114.50386708 -797.00242391 44.77971419
-87.24820741 -761.70008092 63.06163426
-41.77806993 -767.88903379 80.79349271
-69.33049088 -773.03849699 71.81599324
-110.30424818 -759.84035545 64.91541955
-47.94634791 -807.99050584 52.67592098
-120.00211863 -769.32729403 58.95556785
-117.33752388 -782.03516834 54.06697361
-124.35314786 -756.17178500 67.61944786
-46.30327102 -743.79607821 25.85061133
-114.22742026 -778.69677800 56.00719341
-123.07196029 -757.12053206 67.44390144
-84.36393390 -781.95963759 59.19298520
-16.27046875 -791.03273125 64.45825000
-114.43397274 -793.05481420 46.60831190
-41.71911233 -794.79439778 68.96273827
-120.17372201 -766.19042679 61.78294561
-117.38589919 -778.86090539 56.28785880
-49.19682731 -794.19664190 45.42594765
-53.66511667 -741.68000000 52.41506667
-118.71730769 -780.63786154 55.32246154
-49.32751030 -802.65040109 40.94269485
-17.36472784 -818.80908730 30.55879081
-20.52189129 -795.94818118 62.59957352
-114.34891326 -791.08726716 47.88165347
-120.37963920 -764.07148195 63.26234968
-70.25033378 -759.74142162 57.97384865
-119.00578889 -777.46274444 58.12015556
-121.04653952 -762.11174012 64.06400898
-93.54105000 -771.32184643 64.13085357
-117.38079467 -775.50062250 59.01060839
-117.04186957 -776.87028261 57.67192464
-56.80384430 -788.17797916 47.81865862
-115.04926869 -768.07550101 61.04296869
-114.27429101 -787.69067250 50.07178420
-120.26735385 -761.01144160 65.43268685
-90.59590698 -763.32863919 63.66276101
-65.49907814 -761.41981040 75.36109109
-98.09578222 -759.77843556 67.32145556
-65.19035534 -795.91057391 66.79258103
-54.47980968 -720.87696129 64.08675161
1.26358000 -783.67608000 53.00960000
-121.13626042 -759.07163458 66.69560083
-90.34483606 -770.01637577 65.54898307
-114.21444785 -785.42032341 51.52494565
-108.81407291 -728.28515810 67.73414868
-54.75853875 -762.84386250 60.55564375
-59.52968756 -786.28734378 73.04947558
-15.19028502 -806.06932632 38.77224199
-117.43084896 -769.67018979 59.81789485
-95.83965000 -777.47820000 61.13615000
-39.39368325 -794.11690225 68.26341980
-98.18867154 -784.36524512 57.42379756
-114.21310818 -783.99239893 52.51263898
-112.60327857 -796.10724000 44.92756000
-120.63790855 -758.72919017 67.41217650
-50.57149515 -789.84987885 46.37524670
-82.48254423 -783.67246923 58.30826731
-42.60323971 -807.02120945 54.75907141
-114.28933626 -782.01604511 53.88310710
-112.20475831 -794.42650700 45.74967114
-54.25931247 -782.17704380 75.42948628
-48.30277699 -806.43725364 54.12457767
-96.93269700 -746.68482639 70.61255536
-43.44049850 -742.92081575 20.77144250
-106.14049732 -731.56251554 68.73043268
-117.80210841 -767.96032669 60.84666856
-109.01055297 -752.75461123 67.01467140
-54.14505751 -727.92387674 65.05664799
-116.47633590 -774.11942051 59.64964359
-27.07678263 -797.17497077 60.01944259
-43.53606154 -745.17446923 23.32497692
-111.86275157 -793.04326102 46.58372978
-111.51043888 -790.94745547 47.84818508
-61.96290000 -732.83390000 64.22050000
-26.37954400 -783.24996057 73.00831600
-96.50486925 -752.01000604 69.78734052
-42.47528950 -810.83325386 49.82286334
-55.06810502 -792.07775646 70.00283254
-56.11992113 -798.12671408 37.09744648
-117.58335842 -764.67125257 63.56344415
-114.23228395 -776.49425451 57.47756453
-57.40339044 -725.11238110 65.11778930
-119.25519600 -759.70366400 67.32113600
-98.35444103 -751.22290769 70.34840769
-18.92598035 -811.93032491 38.34318579
-118.11100887 -761.63354197 66.01332592
-110.31731585 -731.23995660 67.34406981
-111.40346737 -787.70115000 49.95785402
-102.68438937 -760.29115350 66.31562126
-23.94477294 -800.98092060 54.62912360
-62.27997500 -761.31727500 64.52847500
-111.40133906 -782.07917218 53.82421713
-28.64515702 -816.69898947 37.47111842
-63.52218368 -795.24487743 67.02907569
-111.43573613 -728.04036515 66.69901106
-114.12560194 -773.27409402 59.45203209
-111.38159090 -784.11868467 52.46987959
-102.21042504 -764.97654274 63.54670952
-41.68382090 -778.57307197 70.66386683
-51.47252797 -760.91783706 41.86581678
-117.30811455 -742.86720673 65.71485738
-114.33440612 -769.61870247 60.69036318
-99.84091009 -765.83268098 63.14965418
-51.80716000 -765.36928000 67.53326000
-60.38207887 -725.07118969 65.60664978
-114.43049054 -767.00657762 62.49375715
-8.01653333 -780.46453333 61.19733333
-51.84180317 -751.82264655 41.49718974
-51.72328889 -748.72828889 40.75627366
-111.51998451 -780.20870471 55.04863468
-48.61396754 -802.64108055 65.13517373
-63.88236503 -761.76624018 74.33818886
-24.09408959 -798.15929875 57.86974128
-74.14420000 -759.61590000 58.20550000
-71.14085179 -765.25436696 75.85042321
-96.20564845 -783.12865588 57.88878577
-108.18518694 -790.56651949 48.62710133
-50.75174503 -746.95377093 32.61810512
-115.38661896 -764.45781611 64.56955782
-111.47546112 -776.79579623 57.67281515
-29.29725151 -800.04493163 59.93015301
-109.05018860 -789.16475614 49.01130789
-36.40931954 -800.23189308 62.86132089
-87.40833755 -763.04098999 63.23160316
-119.24408039 -740.92660523 65.73851307
-119.13308596 -742.09409474 65.58917632
-36.12268327 -767.15647730 78.45278945
-45.40140204 -812.72610703 44.68636804
-111.34804464 -773.05087351 60.12511248
-117.24683690 -740.28208515 65.76622204
-102.30422713 -743.16197617 69.87916288
-116.71428141 -745.97352970 65.90686222
-66.21790953 -767.72978024 72.43309814
-90.39261506 -779.46673295 60.51580339
-54.53058652 -725.18489627 65.21586648
-69.10174723 -767.72627151 72.92710157
-116.41033673 -748.25931463 65.51504762
-16.39042941 -819.61094118 28.63346765
-80.60078256 -773.86372592 71.14488526
-82.74973378 -779.05928919 60.76288514
-112.05649365 -770.54642368 60.92996238
-108.48073085 -782.25084384 54.00995989
-92.72336988 -790.32594378 53.95518709
-25.25171149 -790.10127838 67.38656419
-114.01043661 -755.62112730 65.91094709
-96.19795949 -749.69022940 70.03348577
-29.17735982 -790.99691663 67.87624642
-41.76364286 -771.35620000 75.64588571
-111.38663136 -767.39198368 62.46220802
-36.23537491 -770.73546646 75.59437258
-108.38506473 -778.89541498 56.78639626
-109.49473333 -780.44542222 55.15485185
-44.35761884 -796.58205906 69.93776341
-27.45910571 -808.68535031 47.71067920
-106.10755345 -791.65916322 48.89879693
-16.00396661 -784.57863280 64.77147324
-106.03145405 -792.62654865 48.68376351
-24.38187498 -764.01703392 74.85439088
-62.21516753 -789.01293100 71.41525092
-46.87420000 -786.67220000 49.23170000
-114.22099347 -748.90773504 66.21815219
-114.44934715 -746.19978330 66.69791780
-107.35219265 -789.95427500 49.36470147
-42.37247530 -739.47140355 15.03426746
-39.18286000 -741.66904667 12.32988000
-44.74101625 -797.56744809 66.14655918
-116.70662355 -734.01918173 65.97847023
-50.94077021 -767.88271507 67.73864795
-10.51087500 -813.66255000 29.16175000
-96.48734584 -759.96889620 67.78729264
-116.65411616 -736.93008171 66.02336829
-14.69128317 -776.91539381 68.37375743
-99.62043668 -740.04191105 70.03202349
-92.90768678 -771.76605977 64.32392529
-108.20245802 -775.76225751 59.14260026
-32.41254372 -762.08637490 78.60546781
-69.14143998 -765.20619081 75.86677828
-105.50960651 -775.97674084 59.84835873
-107.65333618 -780.79298442 55.45402814
-48.87682804 -799.01577937 43.54333439
-56.81005362 -761.54316849 71.43325421
-105.44645338 -787.94568370 50.97835582
-114.34471652 -743.00288845 66.62600897
-59.66778498 -761.60513777 62.66222318
-19.13777692 -757.35029371 76.38978357
-116.58864013 -731.13913622 65.76562219
-107.93471324 -772.18289730 61.59009608
-97.64081000 -765.57731000 63.13608000
-113.43594708 -750.96303852 66.10881167
-59.32676296 -760.84259630 60.32937037
-51.54881300 -778.56478273 77.35919495
-108.45507916 -773.45182026 60.56119059
-57.22343803 -758.31321465 56.59334990
-105.99337585 -786.03932966 51.90219659
-114.35593557 -740.00428006 66.41550835
-55.50241808 -721.89211507 79.89562329
-111.29047762 -757.91954176 65.37912187
-99.08515594 -757.85964511 67.79475217
-54.39829482 -791.00691554 44.98134341
-105.29473827 -784.71002585 53.27668328
-114.45807365 -737.03075068 66.57666041
-97.03090571 -762.19507286 63.95179286
-42.41440786 -791.91789173 74.14580248
-108.65425873 -770.44100637 62.08880457
-63.71290000 -762.43148000 68.44146000
-99.35633980 -755.01956824 68.74594027
-93.36248561 -779.30604561 60.37661739
-116.36735067 -728.00080424 65.68177534
-34.50680000 -786.10949589 69.32386712
-114.45240641 -733.97308269 66.54147178
-44.30713754 -740.03858915 15.22442933
-108.43505696 -767.17908275 62.83399815
-102.47334438 -734.66269030 69.60465022
-114.51542942 -731.04291396 66.13969787
-48.43811563 -745.75507050 29.46530077
-112.13450780 -749.38939911 66.89675400
-96.29446436 -770.13062265 65.08703811
-65.11372264 -763.92177987 72.82485786
-106.28293690 -779.23460542 57.29170807
-116.20213056 -725.68824213 66.06742731
-114.39660229 -724.99426252 66.41906061
-53.99198298 -779.41834947 48.96564840
-37.07460865 -782.95967135 70.07807189
-53.25641890 -766.27162805 65.04648659
-112.68646129 -746.84936022 67.14185914
-93.93675681 -757.92320785 69.00788246
-62.40530104 -762.21764792 72.97956875
-106.87680000 -777.52280000 58.19390000
-63.58787516 -757.52541700 56.13982636
-113.36898798 -745.98843173 67.38221250
-35.92825814 -804.65034593 58.41777907
-12.42118907 -802.09530951 47.99762945
-105.03554789 -777.82797132 59.14049500
-111.40060875 -746.10361793 67.79492182
-58.41032500 -759.32402500 68.84737500
-87.19667876 -772.19566026 64.73293205
-29.67919029 -792.96894065 64.97477302
-28.23004286 -813.80239223 40.77352030
-60.21852876 -784.14522389 76.86128260
-49.24627600 -778.10533867 49.12539200
-39.48157458 -808.32324391 53.39562253
-93.33766763 -785.14970251 56.06685127
-90.33579601 -785.15428256 56.64347258
-112.57132172 -742.58740861 67.09907336
-57.34431560 -786.26910739 73.00657570
-53.40028384 -751.59528510 38.95987956
-54.19570349 -764.35143289 65.35043040
-31.35922072 -794.87079036 68.61703138
-33.90238622 -790.34539493 68.11392230
-105.98914855 -772.91293013 61.64167053
-42.37999649 -745.08363684 21.64171754
-36.21948102 -791.34553546 68.87885183
-12.12830546 -815.27900766 27.07452205
-54.93031057 -764.04702454 68.55651820
-67.19916087 -766.19816522 76.48651304
-111.16435432 -743.14939761 67.72700519
-50.21082778 -792.70871481 71.54940370
-27.74382070 -802.53227742 56.06746447
-111.00697362 -748.70938443 67.63852386
-114.34061974 -722.94840767 66.92949217
-84.60389604 -772.62555095 65.02093110
-92.93563979 -762.38439319 63.68714241
-24.33748267 -791.10324280 66.42667788
-93.22227319 -751.77840337 70.45747743
-31.04868317 -791.45353397 66.08279302
-112.54879104 -740.36691651 67.06165849
-33.50403195 -788.25420228 68.93578731
-106.63610192 -771.22152115 62.29168846
-98.86083669 -777.84352661 61.37618191
-60.25664430 -788.15986571 71.87420256
-112.64925533 -736.94286533 67.13733600
-44.88276667 -782.40093333 73.19490000
-111.19880253 -737.11683347 67.77012274
-47.58231696 -812.32657010 44.91911304
-42.64179072 -801.36787056 61.02771648
-112.19988017 -733.81074154 67.02884927
-25.79955000 -770.31118000 74.73490000
-7.71799459 -801.72127568 39.89317297
-12.78470739 -776.23705794 67.99278791
-105.45822627 -766.50551178 63.06061890
-111.67073683 -730.84275980 66.82901935
-108.37942120 -749.02757356 68.32504407
-108.13388337 -751.62980801 67.63470497
-52.53742763 -731.10023453 64.86898919
-87.40032862 -778.02236951 61.49503960
-110.75649719 -734.09939776 67.54258093
-108.36884934 -746.00808596 68.75728966
-30.38188214 -769.80068929 76.49067143
-103.50381441 -777.89652712 60.01727797
-104.68862500 -765.29958385 63.56601302
-108.40318342 -740.06540078 69.02220797
-42.23499121 -800.16682059 62.62011488
-107.29085254 -754.25170678 67.31863559
-56.19812973 -737.82111405 57.80540865
-105.30512363 -751.90109693 68.20493367
-66.26891530 -757.98722901 56.98653741
-105.14657066 -754.55497940 67.46981702
-110.83874394 -725.70824848 67.34866742
-52.18368333 -760.86348333 59.31303333
-102.49321056 -766.13501611 63.20628622
-108.30552707 -730.92094434 68.03604502
-105.41885722 -749.13951286 69.08720240
-49.11957254 -746.81631429 32.09887397
-110.33558442 -727.69395649 67.35473442
-40.04497615 -771.67697798 76.35568073
-30.03501482 -785.79496727 72.62886684
-99.38230811 -779.19492686 60.53665145
-3.01870165 -782.18432033 57.13701668
-102.31283472 -754.84898291 68.08882011
-13.40627821 -797.47588718 55.54324712
-99.30591618 -776.11234051 62.15306462
-17.22166591 -793.38564318 60.80483864
-39.34311002 -799.96755940 62.42224487
-27.99298337 -799.61753082 58.91367239
-99.76400333 -776.66654333 61.02541333
-62.30806114 -731.12069022 65.56929783
-60.99762258 -762.33177742 72.42368710
-102.45327512 -758.16262866 66.79247208
-51.49502441 -797.14349354 41.90239854
-57.52402500 -795.44110000 40.08745833
-99.14634515 -773.58943995 63.57871665
-102.39493567 -751.94330619 69.35726126
-98.96249715 -772.09568252 64.48433232
-42.54147960 -793.53612438 71.47879917
-81.78681608 -776.61047607 69.66035539
-49.43930833 -754.59765000 41.26840000
-102.27803680 -740.05824886 69.75439410
-47.41316461 -794.90815169 73.38804101
-9.74046126 -801.17164057 47.66788519
-50.77120000 -776.66830000 79.42071538
-21.73417060 -811.16087489 40.91363519
-99.31953915 -764.65366790 63.66380219
-42.40160352 -769.12354635 79.91151535
-93.46691757 -781.26553879 58.93922306
-96.34990868 -779.44917681 60.59295713
-102.38206671 -745.93979848 69.88375319
-101.88834314 -756.95793235 67.40808235
-100.08085192 -758.81742342 66.83592890
-96.40214980 -755.00758140 69.47910020
-33.07658917 -802.32825487 62.17759018
-39.46827014 -769.88432449 78.02097415
-93.15290000 -762.29796667 64.27396667
-98.97664991 -760.56277093 66.13368466
-46.11202785 -775.76985443 76.56926076
-93.32625958 -788.29759739 54.73767554
-93.86979588 -764.59031922 64.71327414
-93.06223333 -786.20543333 55.09190000
-96.31125953 -773.28737588 63.65141873
-89.49921111 -792.80810327 52.88281961
-96.65388302 -771.88159505 64.39541226
-12.58080355 -801.88903657 44.81679028
-99.40211614 -752.03370529 69.68368139
-93.20275340 -782.82581243 57.63435641
-99.53329298 -749.28597703 70.01296046
-65.10590000 -795.62489231 67.26226154
-99.25241935 -763.59280484 64.58950000
-24.33592364 -809.15746378 44.71058590
-96.38815996 -764.06808428 63.66409106
-96.61530484 -763.01687401 64.64695860
-93.35782747 -776.12263281 62.16752660
-19.78550625 -781.13235000 72.98546875
-53.72674545 -741.19839930 51.74455035
-52.01794362 -744.83275426 46.94200745
-93.74733049 -777.75628872 61.36916524
-90.30054519 -790.83017362 53.64168547
-74.83732280 -769.26861164 73.54292186
-96.46322746 -758.19077852 68.56286732
-63.60016148 -767.04324385 71.71481589
-93.37351920 -773.11731445 63.57081727
-95.23884936 -767.97443077 65.35255833
-31.92066667 -812.25186667 43.63206667
-45.31123457 -808.28578964 52.97882872
-121.62865000 -765.41617273 61.09196364
-11.19095833 -801.40494444 48.92073889
-93.30171454 -770.08472441 64.88902837
-57.33588725 -757.21604323 54.29805537
-87.36490697 -768.96001742 67.39215854
-90.92497398 -783.03936684 57.89292727
-42.67590899 -773.96297881 71.94553499
-99.78688165 -736.77391303 70.43757787
-47.45845408 -772.68873061 70.43120816
-102.32230588 -742.98819471 70.35591235
-118.77963333 -795.64993333 46.25690000
-47.88350951 -805.00956806 55.74039626
-42.70566524 -795.87581566 68.52085492
-98.94186354 -743.19038138 70.40616462
-53.83578571 -753.65848571 39.27962857
-40.03313012 -811.33849856 48.23135888
-12.45681343 -800.86829509 50.91684541
-98.79125419 -745.97420604 70.45456119
-39.79854217 -768.96444458 79.70589398
-98.97711791 -748.97272586 70.37345741
-82.62268000 -779.81898000 67.19098000
-96.39356406 -748.74005924 70.47827562
-87.23952008 -793.22122683 52.74155309
-25.21649013 -784.61125620 70.70850517
-99.34228383 -740.03497745 70.36725191
-87.44118414 -790.82768813 53.57749057
-39.30663983 -802.81438174 59.63303400
-7.35590000 -789.73121412 56.98835059
-97.80723333 -744.14110000 70.46408333
-90.10303290 -777.93982154 61.42413493
-26.76121918 -798.22221644 57.79026438
-94.61212763 -759.72134737 68.25919605
-90.45994202 -773.46420656 63.67607742
-43.94115000 -769.77280000 79.41225000
-87.28427634 -787.20285966 55.77095974
-54.93331390 -755.22331121 50.47707447
-51.22822922 -788.11885548 46.94100799
-90.26301215 -772.01466696 64.48933177
-72.30416989 -770.32575561 72.87028204
-88.99588571 -783.61047143 58.27445714
-50.17240476 -779.39151667 49.32286429
-93.65694602 -752.19304459 70.06466497
-90.95497580 -767.90041506 66.72415321
-53.73783431 -802.95542552 35.92669229
-87.37906822 -782.03183967 59.35308983
-85.32895803 -793.23312518 52.89701127
-9.67639107 -787.87842972 59.24774077
-56.73458485 -785.42808961 49.70534935
-11.15865804 -786.14512727 60.99842797
-51.44106967 -776.26347165 48.64851648
-87.05165350 -783.68540701 58.30750510
-94.42180948 -749.88679310 70.16751724
-93.90358652 -749.21414716 70.75405665
-94.59733784 -747.34540676 70.92227973
-34.95476000 -807.64194000 55.31686000
-85.09888152 -790.89268807 53.83827546
-89.72681975 -767.73945648 67.40405494
-45.06362118 -794.46097439 72.22554241
-85.14025052 -788.82192462 54.85648120
-18.44194472 -785.02421605 66.13203190
-36.33677963 -805.74502954 56.68656231
-57.58984142 -793.21243381 69.05422999
-85.20388432 -787.42369767 55.92183771
-57.65720995 -762.93716128 71.11429191
-87.42886991 -770.38603528 66.12764597
-84.57919175 -784.85765714 57.62180220
0.94382000 -782.96815333 51.95625333
-47.82026610 -748.07250763 30.17453390
-7.37465629 -779.04650331 61.55588311
-84.55872071 -783.63192857 58.30921429
-88.77396667 -768.47273333 66.92393333
-88.30371447 -768.19839649 67.53303553
-84.38672904 -779.58809777 60.57246703
-84.52920699 -775.99482779 62.62173420
-76.44935909 -759.46248182 61.29141818
-84.83610930 -773.92810180 63.83846027
-84.61674231 -779.70717689 66.74285603
-10.52735763 -813.23991017 27.89581525
-36.17459149 -801.81706027 61.57599299
-84.46500000 -780.58274000 66.52800000
-82.53335192 -782.26473029 58.95515353
-82.55907263 -784.31208076 57.93013333
-37.41791915 -777.88444894 76.37475035
-84.66859530 -762.80849431 62.42117797
-38.96410000 -735.37330000 14.20587500
-84.33899498 -761.28657005 62.68785077
-83.32064382 -776.92925338 68.91425967
-81.45672520 -778.73517335 68.66204652
-45.81518789 -785.07450849 73.98455069
-80.77359753 -775.53821873 70.61614100
-48.51019347 -782.22724378 49.76235522
-49.34618521 -800.24160728 42.25599150
-72.37449315 -758.71343824 59.59350203
-81.41088874 -760.92117229 62.21871385
-82.34801538 -762.63061538 61.75023077
-80.95165101 -760.84222013 60.85812550
-30.54662409 -787.42953422 71.12581611
-69.38626014 -770.01740548 72.35638652
-53.16868414 -776.33314069 48.56000966
-78.71481316 -778.60600128 69.71653286
-78.41061918 -776.00948324 71.20109005
-77.96818741 -777.87741412 70.45341037
-80.23768235 -759.43950000 61.81091765
-78.40253286 -773.16342639 71.87269145
-50.49084558 -808.06023299 37.54812789
-47.74243056 -796.49109030 72.49104229
-78.62932640 -760.37584579 61.72534445
-50.04885000 -807.65711000 52.34186000
-78.42170505 -760.57367207 60.60971842
-19.73783793 -780.67638966 73.64650690
-35.72185000 -771.75696667 76.53871667
-54.90715557 -737.73138814 57.20976465
-78.34437303 -759.35279539 61.53932303
-77.56768713 -770.89385456 72.50964805
-59.42010117 -728.99076187 64.05174942
-77.54673388 -759.34707741 60.69905427
-19.42007362 -817.00582261 34.79591362
-136.53390000 -762.17692500 55.13745000
-75.80831163 -777.93961535 70.52120662
-75.36669787 -776.11022827 71.47236201
-75.39779855 -773.05559598 72.27069971
-18.20253292 -791.28805475 63.08484366
-42.61163486 -772.50582937 76.85196405
-75.43118187 -760.33070692 60.45832571
-24.42177602 -796.76900347 59.63421649
-75.31201753 -770.50156195 72.75919856
-47.05149481 -813.79760519 42.28116234
-113.23181316 -739.68559211 67.45130526
-69.23452576 -766.35720174 74.45106198
-31.95877368 -814.32813947 40.97965000
-75.32615258 -759.10357102 60.30842477
-54.27503898 -785.29281459 48.26740127
-54.78358199 -797.66372742 39.12335127
-75.10936348 -767.61547366 74.33547685
-11.88728028 -779.73934352 63.74360986
-72.52824535 -775.86296047 71.29105007
-72.34380803 -772.93818356 72.08133750
-76.04474788 -760.14326970 61.58004667
-72.64048741 -769.15502797 73.39574758
-25.03676866 -795.62720672 61.35903881
-69.79349402 -775.84239931 71.30046369
-69.51741051 -758.43519792 58.87868801
-60.22819980 -766.59094274 69.31852258
-70.33313333 -759.68209405 58.81317143
-71.24797163 -764.60612388 76.64577924
-33.10546509 -804.95002822 58.89419176
-65.07771143 -794.65568714 67.58746286
-57.47409020 -763.34396143 68.67800347
-69.76388173 -764.72117667 76.63273691
-64.16901639 -795.85567261 66.88580207
-28.57079167 -816.85128333 37.13004167
-63.31877566 -793.88084711 68.11254125
-63.91272857 -795.59147857 67.23983571
-19.68940000 -804.79300909 46.44677576
-10.58055809 -811.78813369 29.34768912
-118.70998333 -760.07309167 67.31550000
-55.15831429 -719.69847500 63.98180536
-61.53821250 -732.97564400 64.60928050
-65.02987273 -762.23569091 71.67312727
-52.01144064 -751.49981932 36.51950825
-68.97955757 -758.53829321 57.38818211
-66.40374965 -772.95921842 71.97109011
-66.03820110 -776.07387110 72.20107366
-24.05780236 -812.61660263 39.72008351
-41.52294876 -778.37700495 69.71253816
-66.49701682 -769.86868321 71.61476276
-50.06960390 -781.61917662 49.28247662
-64.13723033 -763.44680691 73.63175465
-65.83659588 -778.64231975 72.40074101
-67.23760611 -758.47211450 58.53799771
-62.94661424 -791.71368168 69.53185976
-49.10318366 -778.23243849 76.62043484
-66.02362500 -759.69810000 57.05612500
-66.54706074 -766.45463320 74.27922654
-66.13581866 -764.24223607 74.66866570
-42.42325125 -809.91811137 51.21197930
-11.24023276 -801.43988534 44.22137931
-62.55669397 -790.26213741 70.60826833
-16.65585227 -781.13647955 67.80544773
-64.53962170 -778.20103632 72.47826651
-65.34464444 -756.40416667 56.45748889
-64.06787451 -775.87242872 72.40521093
-42.48670506 -804.16412816 57.86270649
-53.41514198 -805.75672751 35.27891499
-60.45138480 -793.55223609 68.50449797
-51.65487500 -808.97409416 36.01599942
-63.61161143 -772.82816839 72.24761004
-30.92073268 -800.63565329 63.77416876
-63.48965201 -770.01086174 71.71226846
-56.91039375 -758.37390937 65.96479062
-24.97999603 -808.01679488 46.94104893
-60.39320334 -791.65905629 69.62526070
-42.39556261 -802.59926808 59.61139100
-61.12583333 -795.67583333 67.84303333
-26.97961816 -791.93428347 66.90169031
-57.10563211 -794.43676726 42.00529929
-60.42615185 -790.18117672 70.60515746
-62.67547188 -756.45717187 55.46572812
-56.56027687 -795.77202598 40.52366121
-64.53088582 -766.15178835 73.57314557
-63.04985081 -763.76436616 72.23495492
-54.62109687 -800.38642578 36.51457407
-63.18292962 -767.16171089 69.14588752
-53.86720045 -799.42667545 38.19045383
-31.26741825 -808.99053577 53.40343820
-6.72043270 -784.80542350 59.12373354
-57.34425685 -793.11876216 43.71045693
-57.32137775 -790.23955595 70.65472881
-54.16074328 -796.29457519 40.96172971
-57.17219594 -719.08561535 68.86396296
-48.10485600 -741.22928400 23.45381600
-54.54705284 -794.45614967 42.42337250
-37.98650000 -777.59920000 76.51540000
-53.06544444 -807.88376349 34.90420873
-62.08431932 -770.64470455 73.48945682
-61.96683462 -771.91031154 73.47159615
-44.67043846 -774.06423141 75.29741218
-51.92075366 -753.95897154 42.36325041
-61.41790417 -772.22635646 73.78388875
-66.26060000 -766.23460000 67.20973333
-61.54770864 -770.92413091 73.75221500
-27.12429035 -810.01808918 45.39733786
-60.67484793 -767.16593487 70.87609793
-108.10340000 -735.43220000 70.27230000
-60.10000166 -769.93591265 71.26186213
-59.45800983 -784.79750576 75.01085559
-14.99720253 -811.87839313 32.67905735
-60.37367368 -761.05319474 57.92397368
-48.05700997 -776.18449003 77.12581047
-57.40145947 -787.99826664 71.86290802
-52.38252430 -803.72595473 36.92079481
-96.17000170 -751.60590383 70.41540213
-61.03824187 -764.07786367 71.51167956
-31.13315294 -810.81397647 52.74400000
-49.59970640 -805.83021311 39.20764421
-51.33663618 -802.83989746 38.45427361
-57.36666040 -784.79648750 74.14374078
-52.02046620 -800.24008406 39.22707286
-29.96532073 -808.48528164 50.41881058
-60.28138367 -756.09942299 53.68327938
-42.64529921 -739.66094593 17.48293255
-60.72940556 -757.26759145 54.05006296
-31.59330909 -810.89151364 51.87256818
-50.69113217 -805.97748082 38.03208701
-39.46150059 -776.06400550 74.94755872
-65.04120132 -724.54850395 65.80952500
-60.56577761 -757.44103282 56.16441043
-57.44330663 -772.85327867 72.31010182
-11.97236904 -818.40605348 24.70618444
-57.00925513 -782.84436899 75.69467695
-60.89017989 -719.87374888 74.16811497
-52.25861314 -794.82356732 42.84175275
-48.40139731 -785.01472383 73.80408299
-50.69081041 -799.68201472 41.06040431
-65.01285443 -722.28835063 66.16681392
-63.52856078 -722.35596631 66.49700059
-9.75767996 -781.88505496 62.12688519
-40.93677500 -780.56872500 70.51120000
-63.30138911 -724.97581079 65.73121452
-54.46834899 -731.11401883 63.14091646
-52.82822500 -740.07712500 54.80025000
-63.03015548 -727.73785936 65.77137791
-54.39723906 -790.52409276 70.91005786
-51.30512276 -793.77575082 44.08763767
-54.21329187 -785.94490928 72.92836658
-59.31005584 -736.09919416 60.75895130
-57.44966634 -755.98637028 52.94803612
-29.52031458 -817.23025937 37.13265625
-54.45698611 -788.08896334 72.02333617
-53.80444737 -756.27019474 56.55196316
-38.96907368 -781.85425719 70.56930536
-51.48711650 -791.16245927 45.40726802
-20.73344751 -804.08760470 48.45016464
-49.77366842 -807.70385263 38.11608421
-56.79130492 -775.03836212 72.80811250
-50.09629906 -801.96211132 40.47318208
-49.64237672 -803.91285172 39.96243103
-39.03746074 -768.43493111 79.15045185
-95.50261750 -753.75368000 70.38870750
-49.96218333 -808.62389722 50.85012222
-41.68397500 -738.39432500 17.33635833
-56.75399835 -761.32982266 65.68262046
-54.50417387 -784.56618946 73.96880845
-48.98678413 -769.31382460 66.72885556
-52.78480000 -761.06650000 68.15330000
-48.39365255 -809.13706445 50.80633274
-47.85385256 -811.05352844 47.49246193
-61.22618712 -730.72056378 64.66538793
-44.26202500 -744.72442500 21.77842500
-30.48294343 -814.23178467 41.01157362
-57.11530000 -763.42967854 65.94599534
-29.47116728 -764.86288685 76.02612722
-53.87249600 -759.81137100 76.57842150
-42.30692195 -796.91051286 66.25550594
-52.40933269 -789.13862212 45.95517500
-57.01641469 -761.72999351 68.95941175
-49.80390000 -807.51990000 52.14140000
-57.53891529 -790.34518901 46.68670717
-60.44395143 -727.84180927 64.69002390
-54.89665570 -780.92060844 76.53400865
-30.17815637 -816.97068447 37.82398499
-49.70257444 -798.15042667 42.94344556
-59.91763016 -735.73391429 61.58557381
-49.16220000 -750.63480000 32.39480000
-21.15412954 -758.56996519 75.92776086
-57.38543636 -758.42898182 63.91583636
-54.02560302 -778.85538245 78.08988448
-33.67185526 -769.33167895 76.38828053
-49.08855104 -796.96423902 44.50511611
-49.58947647 -767.95934824 66.84912235
-46.79072800 -790.30372667 46.77701333
-59.87173383 -731.00463035 63.65192546
-47.19175000 -813.61120000 43.36405000
-60.50410482 -722.87731363 66.65949371
-37.42628706 -782.70253531 70.72341399
-45.46320767 -813.99074475 42.04878700
-49.15261942 -791.61440690 45.95281099
-87.25926000 -793.46790000 52.16524000
-50.39385556 -804.70330833 64.38179028
-50.51673547 -804.98320587 63.37881369
-40.29022381 -738.21898095 17.95714286
-44.90185333 -813.60271333 43.34880667
-57.11220429 -736.37982747 59.60491760
-51.45949142 -788.09461007 72.50214925
-49.40628219 -804.77200137 62.74062055
-45.77422596 -813.42382491 42.98552491
-48.29898812 -790.55313400 46.55658812
-27.54157919 -772.63938857 75.07145661
-12.95408160 -801.84014189 49.69669903
-49.65368750 -804.67955000 64.40637500
-49.30631563 -751.23152604 35.87358646
-47.88717550 -803.71277649 57.07161528
-37.04354025 -778.16535283 75.82715975
-18.46611725 -797.23302643 56.50039544
-45.37015459 -811.38562144 47.78473710
-57.55179386 -733.56706697 61.72107812
-49.02577778 -771.12684667 70.39770667
-55.47195333 -761.84611000 69.13684381
-2.39167928 -785.76948757 54.52250811
-57.33366289 -730.97535597 62.85833239
-53.96330464 -765.97823196 68.52818660
-48.46444390 -803.10817311 62.99787819
-48.16700426 -786.86747447 73.35521436
-10.25872500 -801.74095349 40.46677035
-55.16870000 -752.07978571 53.68095714
-53.31730948 -777.30784052 78.88559224
-51.44600275 -781.96792009 74.81929623
-36.60665078 -793.38254497 67.75767492
-44.91203865 -810.71810596 49.56171942
-24.68611911 -802.59640091 53.51436402
-0.94737813 -784.45529809 53.86235352
-43.20494943 -780.03878678 74.04403391
-57.32349083 -728.65412242 63.85911371
-54.35303582 -760.70312351 74.41753572
-58.98140000 -793.57460000 43.19050000
-54.02457295 -762.76349179 70.85249662
-37.24962677 -790.50261954 70.69917849
-82.61710667 -777.99477333 61.48352667
-51.06846685 -779.96314039 75.94798412
-45.28163580 -805.46775746 56.11933744
-30.21153093 -788.43253085 68.97367821
-54.85144250 -759.39695000 75.81102250
-21.43138439 -794.75510100 63.23875185
-51.40916972 -766.77112632 65.98391465
-45.60173761 -803.86288331 57.58353449
-54.68222083 -736.29415248 59.20032588
-54.63804082 -738.99491531 55.92818878
-36.50644139 -785.21774704 70.82659126
-54.17023281 -740.26718421 53.91356692
-54.14267733 -758.77302774 77.76642007
-52.28704338 -765.07836901 65.14576254
-35.33465437 -798.71962136 64.44933398
-51.28280909 -777.11795426 78.10845642
-39.54277434 -796.76287702 65.63714190
-49.24123157 -790.65921258 72.29631978
-43.21980750 -813.74333000 43.71441625
-42.85332679 -812.91625249 45.03911763
-30.43796084 -796.57425557 67.71804746
-54.63234721 -734.80575491 60.56626114
-48.79107189 -788.16332598 72.87509631
-50.84789700 -769.33638700 66.68403400
-45.31616062 -802.40021277 59.40204370
-54.25635761 -733.37584501 61.82326917
-46.68926092 -788.26191549 47.95494225
-45.46638134 -799.59382204 65.01728985
-10.47118077 -790.54948654 58.59981038
-52.60096703 -742.70888242 50.15667363
-51.55339873 -749.21630776 38.53949853
-102.45868400 -765.85546000 64.79502800
-52.76899818 -761.19637273 74.04615273
-48.49741879 -782.01824432 73.90162873
-46.50435532 -801.86527447 62.90854681
-55.11553754 -728.75320571 63.95419360
-15.52115010 -802.94931154 44.69133856
-52.38317692 -743.81659231 47.99037778
-46.78137000 -786.17680000 48.95564000
-42.35543419 -808.41567042 53.26718917
-50.32819146 -769.12490804 68.06994422
-48.41340346 -770.26289469 68.56538892
-45.14259054 -800.70106209 62.80950452
-49.43492190 -768.22585238 67.54510667
-1.78929091 -783.92074091 55.43734091
-45.82776038 -793.75432399 73.46160377
-41.55100000 -813.65080000 46.81500000
-48.25468235 -744.28915294 28.56799412
-47.86858333 -780.88500333 73.14338333
-53.28322306 -730.20541250 64.84793778
-44.20735179 -774.93337143 69.55701875
-23.07435000 -807.49050000 46.13405000
-52.40723652 -733.44183576 62.56471396
-47.35991563 -779.78845000 73.04050000
-45.55493512 -786.99408767 73.75514674
-21.68460763 -805.69234906 47.47412058
-42.81901108 -798.92783218 64.62766734
-24.33413428 -794.98939164 62.36014951
-104.21955000 -786.70147143 52.31265000
-39.35625640 -809.85151624 50.78364659
-45.67653155 -778.68263588 72.91169505
-27.24338467 -812.54232485 41.90597381
-45.57298958 -779.14217337 73.98985222
-27.12292462 -793.67159680 66.12715922
-45.74714843 -776.56189085 74.88355193
-43.74948519 -795.62335926 70.32415926
-39.36752110 -805.64408886 56.58134220
-46.43432500 -738.13115000 20.49815000
-37.49520222 -777.29202222 76.48432667
-46.65155584 -771.21265195 68.98653247
-45.68337407 -772.94494488 69.55289914
-17.85413889 -809.31881642 38.99565526
-45.19454621 -740.90864248 20.79453319
-56.05816667 -753.33370000 46.81973333
-39.75675659 -804.29658328 57.96714148
-55.79201939 -717.08016837 68.22761939
-41.74824293 -792.18803098 72.67596033
-14.72506748 -779.43312303 66.31367395
-44.95159431 -776.09790935 71.66910203
-39.72850000 -801.30385733 60.96777435
-41.01103333 -795.48901667 67.19546667
-15.93402302 -817.84645880 29.68608975
-40.68517500 -798.58041250 64.27325000
-32.44637619 -790.83403700 66.69097216
-37.22506238 -808.00363365 53.26336824
-44.50808550 -773.36705832 77.68295649
-15.44929455 -802.57388395 48.03607550
-104.41002222 -745.25546667 70.40552222
-38.85301491 -795.22372144 66.95230959
-108.98793333 -729.95926667 66.69443333
-36.77138136 -806.94590171 54.48576299
-40.29593131 -792.85219150 70.78337646
-37.26249048 -804.42372857 58.12924762
-23.96533836 -788.43410177 67.04124512
-40.44050947 -791.17620526 73.53173263
-42.82093653 -776.30205498 69.78755277
-42.10261011 -770.39415240 78.30609357
-36.62753313 -769.42119618 77.19174723
-37.15551681 -798.11263215 63.98287139
-16.06630212 -815.19515980 32.48700899
-39.53719210 -782.45988316 69.85443306
-36.32208900 -796.88671341 65.28338979
-38.41767630 -792.03091185 69.71768960
-51.76347929 -773.07649242 47.50079646
-40.44191798 -773.78927753 72.73317865
-40.35018424 -779.47075435 69.58988587
-38.45442586 -783.98846983 69.52905733
-54.36873000 -747.25986000 34.97092000
-36.29462921 -794.38085117 66.67444436
-34.79880000 -807.46640000 55.20270000
-13.15674945 -778.59490433 65.43155861
-33.21166951 -808.15160196 55.81255270
-30.21932264 -815.68554930 39.00793808
-24.66066984 -787.79856690 67.88449760
-49.87670000 -756.75120000 39.59470000
-33.77601139 -803.58793125 60.07398450
-31.96566250 -813.04359167 42.38344583
-33.34986155 -797.01229837 65.80938490
-36.41058153 -785.16568263 69.73306737
-32.19378000 -810.59542000 52.52350000
-39.08800391 -767.33162661 80.08223227
-30.66412500 -813.78820000 43.26327500
-38.13980937 -777.64999688 75.94835312
-35.41191309 -787.59969501 69.11378650
-27.51875298 -814.93426389 38.78515589
-29.60362553 -810.37943121 45.95998369
-56.83698162 -719.07112785 66.07965514
-38.35583333 -776.83277778 76.58542525
-33.31236138 -794.04527654 68.11177721
-36.15970048 -775.48614468 74.74931944
-31.42999286 -805.50583980 60.47340714
-57.38124933 -760.70400358 59.86415355
-36.27438616 -773.14375326 75.35866622
-30.76724148 -802.97439332 63.39313708
-52.78395000 -761.56300000 72.83288333
-29.23677230 -807.22594257 51.75469459
-38.24055795 -765.22261534 81.64250227
-57.21147568 -786.75984865 49.29950000
-37.22795428 -766.61527309 80.07290470
-43.55648462 -813.44167692 43.03838462
-30.91782232 -797.55798984 66.29835950
-30.85477879 -799.22559838 64.71173556
-28.21595788 -807.90482149 49.78839083
-26.30307636 -813.36022818 40.00030545
-32.10914074 -795.68311111 67.37752593
-9.31975209 -779.49726894 62.52214677
-29.55983634 -803.60027281 57.02951432
-36.42408351 -764.51862430 80.99708778
-32.57695980 -787.77582195 71.64328121
-25.42270840 -814.04154226 39.19651260
-18.36527500 -798.86588929 61.89297143
-36.81102996 -763.75981316 82.60880243
-17.98565117 -801.26342970 51.65773977
0.21498462 -780.12131015 54.41260615
-90.22224000 -763.05924000 64.26291000
-32.57095005 -785.58104623 74.36231819
-32.25091111 -786.39986111 73.11783333
-26.96090501 -803.56430361 54.23063423
-19.50783718 -813.98515647 37.57168753
-33.73549692 -775.36364294 74.94267348
-32.91677660 -786.73067191 73.65387234
-79.76471000 -777.44751000 70.11988000
-24.50917615 -811.55824471 41.37808077
-25.58136250 -813.72933750 40.82561250
-33.34119954 -770.04064731 75.91659402
-24.00711314 -785.35338056 69.30942891
-14.95578573 -785.33043721 63.63579134
-25.53293966 -810.70833793 43.57615172
-121.75600000 -772.23070000 55.17410000
-35.27757143 -764.99788506 78.68528442
-30.57187324 -784.78635160 73.87808895
-47.44905305 -802.31936837 59.02314909
-11.19135000 -813.39095833 28.00545000
-23.70951690 -810.21367515 42.68469002
-29.48650123 -797.60044321 61.75548272
-26.18799375 -780.41695000 76.39156250
-24.08253223 -806.64750307 48.15207206
-24.76611192 -805.45506143 50.31066837
-33.29548820 -764.07393095 78.12621914
-32.80367025 -767.91390925 75.76989150
-26.01248750 -804.44226250 52.07761250
-21.21534638 -814.57313074 38.10568045
-26.76553005 -800.05930992 57.37329183
-21.25567899 -812.49645004 39.37465836
-25.90920000 -801.24760000 55.20290000
-12.41883854 -790.85175025 59.35799493
-31.23262394 -774.65134789 75.07091408
-24.51937149 -799.58165963 56.43546761
-29.35200865 -782.98475420 74.83988015
-63.06046250 -769.25660000 68.48547500
-21.07177260 -809.65328013 42.11890347
-30.39220648 -770.10684792 75.55723509
-0.09328336 -782.15509977 53.89445800
-21.81249865 -808.51561073 44.38697956
-27.32179758 -785.13473985 71.60294850
-27.73046472 -786.78976062 70.40083782
-43.23377788 -740.54585693 20.43289499
-20.28819848 -816.99476242 35.55693030
-10.50304237 -801.74687034 47.54794576
-30.27221025 -767.05688563 75.79877425
-31.40887737 -766.05223457 76.54550988
-88.07431667 -762.78516944 64.72323056
-28.35001064 -784.00821383 73.49094113
-20.71372836 -806.65955747 45.41434991
-18.16985517 -817.68308811 32.65813372
-17.44369015 -782.69596411 66.72557341
-9.26857245 -801.01748038 44.73032931
-122.71586535 -765.15216436 61.09278911
-27.33303145 -782.33048696 74.76962478
-55.98462917 -738.60727500 56.90980000
-26.10078000 -795.55614000 65.03676000
-24.46927970 -793.81795358 65.29583710
-25.41032000 -795.64833600 64.79524400
-23.49014783 -795.41447826 61.06835217
-18.60376831 -814.96412820 35.53956926
-63.32632624 -757.31419265 54.38891289
-21.35431127 -802.92016466 50.79984903
-22.65616935 -804.75011290 49.45665161
-26.28090864 -786.37259012 70.13399506
-30.25901525 -761.23743702 77.86845665
-21.26948693 -800.49379386 54.15466528
-21.98897803 -801.88152636 52.71344017
-17.49521205 -815.74369332 33.51374136
-19.93125000 -810.34175000 40.06841250
-15.35313047 -788.06013780 62.66402585
-21.68649924 -799.21797534 55.91647989
-18.97116859 -808.63790933 41.22410892
-19.74859231 -810.64940000 40.45642692
-26.82995262 -781.13079302 76.47404264
-15.84303629 -790.63529097 61.76520675
-51.62830000 -750.62955000 34.02805000
-46.47903111 -810.46680667 49.08395111
-21.23715244 -797.66498464 57.38796263
-27.59093033 -769.96224258 74.80924944
-19.73637500 -807.64575000 43.28807500
-21.50751076 -796.33726858 59.33346441
1.84241581 -781.95127312 51.90883478
-18.92629136 -805.71114066 44.32929808
-17.79572459 -806.50121136 41.91727877
-14.85504012 -819.79061574 26.64446080
-16.52270814 -816.89235349 31.62885640
-57.20461035 -755.44249282 50.76482028
-24.15045114 -782.56119718 72.20818861
-27.22777011 -764.14147039 75.65653315
-20.21007857 -801.45270714 52.08400000
-74.08976667 -773.64696667 70.06946667
-18.45157492 -803.43042173 47.82410234
-28.39746443 -763.04862320 76.40151598
-22.05775375 -793.46364088 64.59669212
-16.59414815 -813.82667037 34.46604568
-17.75859711 -803.94912905 45.04510257
-51.63813125 -782.18883750 72.70783750
-46.75475882 -745.70880588 28.56653529
-29.17358235 -759.44902941 78.28958824
-13.73611875 -777.59261250 67.32791250
-23.84181448 -779.96002420 74.90245326
-21.52806705 -791.00605927 65.45084671
-18.55146051 -802.24952270 50.41118411
-17.06836591 -810.14218485 36.89402273
-18.41478759 -799.86073420 53.89648772
-15.33310909 -809.05955972 36.05366219
-14.00994286 -820.39468571 25.08061429
-21.49806129 -787.88207438 66.31193260
-25.04453537 -766.65599936 74.40569920
-27.06003966 -758.98351309 77.60942059
-13.61747193 -819.83249825 25.46802281
-23.18538806 -783.34887164 70.04014030
-22.51568625 -787.20608375 67.57368125
-19.21980106 -798.79885000 55.45681117
-21.58562771 -784.88761695 68.05190047
-16.29683750 -805.43375203 40.96700813
-87.76540000 -762.47950000 64.99060000
-14.48104121 -810.02932161 33.55722363
-14.27087477 -812.95645766 30.77454640
-26.46114633 -762.14133503 76.02294124
-20.79625873 -785.88268513 66.82208765
-10.33641008 -784.12558715 61.50856751
-17.06502857 -804.31694571 42.88336571
-21.00894493 -782.63109305 69.09498314
-20.21744649 -792.21162368 64.04850175
-19.14559250 -797.00299815 62.72931901
-13.05806062 -814.18321677 28.83704585
-21.79150189 -781.80943982 72.46256420
-19.25959472 -796.50610070 59.29621831
-18.74601347 -793.80781647 62.70056367
-19.52077037 -759.80581852 75.21425000
-17.35123776 -798.29562755 55.02910918
-12.17092082 -812.10696638 30.01953510
-33.50980000 -774.63776667 76.37373333
-21.36217876 -780.84724558 73.52548171
-14.27780577 -807.05279840 36.85896731
-21.34610228 -779.55284447 74.84664684
-13.22276124 -811.24149725 31.62399610
-24.19766621 -761.25979915 75.72883259
-19.52853539 -790.43104897 64.55015885
-40.66058889 -744.03196667 20.34870000
-15.41526915 -801.94247553 49.90012691
-12.28334334 -809.32125198 32.91272041
-25.09750212 -760.02788407 76.50163540
-18.83858659 -787.66549282 64.82408297
-15.48371549 -799.50086967 53.55830000
-14.31555789 -804.20610789 39.83015482
-13.00303897 -808.03493443 35.27013799
-24.33888659 -758.55807763 76.90855022
-15.22398849 -798.09448695 54.82546299
-12.60180937 -806.83786177 36.18279031
-17.63400843 -788.41912257 63.79049786
-57.14822444 -756.89072944 50.51846278
-15.57089355 -796.91205347 55.89959053
-13.32549133 -805.33778713 38.00568923
-11.45306569 -810.31991176 31.00058333
-19.44155319 -784.17370160 67.61907420
-10.70680131 -814.63453399 26.72913725
-10.82710000 -816.09085000 25.13090000
-18.64358698 -781.88770312 68.05560237
-15.15659863 -793.12924374 59.88929123
-52.53330000 -781.08765000 76.24380000
-22.39153295 -763.32427652 74.65362424
-14.84865682 -791.49912712 60.63314034
-12.06658039 -776.71278710 66.56143982
-21.57791314 -760.83792337 75.25712732
-19.69589527 -779.79706213 74.40180059
-10.61683793 -810.20917931 30.79090575
-10.69023371 -809.11017543 32.23989429
-21.55095903 -757.75776481 76.55467312
-4.37169226 -787.25574374 55.79813212
-13.24958495 -798.18906631 54.95647599
-15.64487014 -781.88513041 65.74207946
-11.13474632 -801.42843895 42.12419684
-17.83955810 -779.51378581 68.45270254
-15.64064906 -778.61213240 67.74173765
-10.29910727 -801.72822909 45.13612364
-14.04886667 -789.34567500 61.13085000
-11.89873812 -788.26766011 60.45984774
-10.47427682 -801.00404172 49.69791921
-10.84750000 -801.61025000 50.31925000
-9.17201406 -801.10140573 41.55253095
-8.61589559 -801.36895147 40.01383824
-12.99728657 -787.54966082 61.59360155
-14.11783103 -783.10060517 64.06678621
-3.62023878 -784.86956354 56.57062341
-11.27019617 -793.43369809 58.01439569
-12.35554854 -784.91589748 62.28739992
-13.59899045 -781.34162814 64.41749196
-11.10058544 -791.56225249 58.08444215
-7.70777632 -801.34910000 39.96337368
-9.57931987 -790.22042008 57.63071851
-7.34517216 -800.92463503 41.44187556
-56.01451250 -762.81842500 59.61128750
-10.04376522 -792.64730000 58.80788261
-7.54222789 -800.63848571 43.99507959
-9.23633061 -785.16073559 60.45141790
-8.54712376 -788.87551370 57.76413234
-8.36338937 -782.46633815 60.95741226
-10.71871724 -776.04021379 66.86335345
-6.37763623 -782.04673141 59.86219162
-59.26356310 -720.74486417 72.12707433
-6.18004196 -779.48525825 60.30226130
-5.51225407 -785.69562062 57.73009809
-3.46309128 -787.12904329 54.77600403
-4.48066366 -781.68627762 58.62521308
-4.16108372 -779.29706341 58.90712931
-1.43911849 -781.69000840 55.73914090
1.40544344 -781.51238730 52.65067008
1.46467377 -780.32889508 53.21173607
-10.87820000 -775.24110000 67.23890000
-50.98386667 -757.77100000 50.37363333
-23.25393457 -759.20983951 76.14164938
-26.11232000 -780.36764000 76.15634000
-31.93445455 -815.13946364 39.88936364
-38.14923077 -801.61936923 61.33662308
-48.44567996 -745.37652239 27.24362580
-57.21116820 -722.59761052 80.45264452
-55.61284662 -719.40505113 64.68247143
-57.44767314 -722.40932128 77.77507447
-47.65887195 -784.47290364 49.63236182
-58.29966187 -720.79727842 72.05327338
-57.71573890 -721.36621359 74.88174252
-59.04007500 -735.49867500 61.08147500
-58.49330856 -720.99457671 68.66429247
-59.70530371 -722.38977832 77.46584684
-59.74292471 -721.07121143 75.03619688
-51.37927964 -785.08245094 48.00613949
-60.19126305 -721.26882047 68.30297486
-103.88030000 -786.58910000 52.42520000
-60.57357682 -719.51342156 71.93367156
-61.06346598 -719.79955748 69.47682493
-51.48381132 -758.64297925 40.82614906
-62.34480585 -718.10888768 71.63632449
-62.75185538 -721.01473011 67.55230108
-62.86807000 -717.49023000 71.37385000
-64.16498636 -720.17095000 67.12095000
-55.97556667 -798.72783333 36.86485556
-55.76845652 -798.32136957 37.03392609
-100.91180000 -776.95780000 61.55902500
-109.36565352 -727.67914930 66.93392817
-107.03180000 -792.63460000 48.30100000
-39.83798355 -737.02986382 13.89357303
-130.96328333 -763.56668333 58.26558333
-103.81992857 -788.03982857 51.40475714
-54.39880228 -787.84836947 46.91728348
-56.09736232 -782.70843043 50.23315942
-51.33021562 -782.17958900 48.82014950
-51.47275827 -778.94289029 48.93890144
-49.57754658 -782.98297808 49.10126027
-128.41597500 -766.07995000 58.89760000
-101.75326444 -749.09223222 70.39684000
-64.94010000 -726.54880000 66.11830000
-113.78716216 -743.05656216 67.62629459
-91.87115000 -753.02570000 70.63955000
-93.30555532 -754.34234362 70.43175106
-103.85670000 -783.12100000 54.94470000
-65.25679474 -795.26110000 67.02463684
-115.76760000 -801.54490000 44.28110000
-19.95100000 -817.63610000 34.13550000
-27.74370000 -816.42220000 37.18380000
-17.13522500 -819.58203750 29.45821250
-74.04273333 -772.64650000 73.86713333
-10.70093077 -807.65783846 35.02161538
-10.76560000 -807.48986667 35.02273333
-46.69414000 -801.67404000 64.42646500
-25.67723125 -801.86475938 55.31324688
-56.15210000 -789.33561818 46.05246364
-29.20342105 -798.20879474 61.07741842
-88.40689167 -783.47815833 58.16951667
-46.82623333 -784.93932381 49.75955714
-16.76962857 -792.61348571 61.32112857
-86.04561395 -779.76429767 65.97201860
-58.85515000 -783.58475000 76.35840000
-41.08200000 -780.77102727 69.78952727
-52.97237500 -780.45805000 76.19085000
-25.50361000 -780.91619000 76.70699000
-54.84349869 -761.91497617 62.14853283
-52.57567987 -764.76803648 63.66483208
-52.40965294 -761.85355882 64.44384706
-38.14227727 -764.69242273 82.36775909
-25.77342500 -804.57425000 52.28450000
-37.07490000 -762.44876000 82.18328000
-55.99409630 -760.30839630 73.64676296
-28.73980000 -770.60310000 76.58810000
-57.71801068 -760.24497314 57.30556699
-10.57215000 -777.61702500 66.65430000
-20.02260000 -780.41320000 69.32715000
-55.41126190 -784.34541190 49.42022798
-56.25417564 -786.16300256 48.92088333
-65.01716667 -776.73290000 73.35746667
-22.55948000 -807.64182000 46.27229000
-49.83305000 -752.65622500 40.46182500
-55.45941818 -760.85934545 65.72406970
-56.21248905 -754.48731696 45.34991095
-38.07413333 -804.53163333 58.22720000
-28.59540000 -795.48050000 61.16530000
-53.18097500 -782.27672500 72.41525000
-60.02371333 -758.85265111 59.48791778
-50.76692500 -762.48580000 43.45485000
-53.85172623 -756.91617213 48.36646885
-54.57369569 -753.30964971 46.81739138
-55.36063965 -721.28827064 77.86334168
-71.25714444 -766.00020000 76.31398889
-51.86466441 -765.96835932 63.99211017
-44.84567062 -740.20809338 17.72071969
-45.69953062 -742.22143902 17.97998320
-40.64764615 -738.74304615 17.86630769
-55.74564444 -717.64161111 68.64834444
-52.34047500 -786.36177500 46.17032500
-45.55923858 -742.61100134 21.25435250
-47.19658382 -743.18439004 21.40846432
-47.19122500 -810.56130000 49.26622500
-47.01327778 -744.22270000 19.01548889
-47.46545524 -740.68081238 21.37385714
-54.31925502 -752.67609473 44.72561678
-42.84715862 -740.94713793 22.84386207
-52.14951111 -753.85280000 50.03247778
-53.08551017 -745.43713559 45.49756780
-57.13293333 -773.43280000 73.26973333
-55.14703576 -720.18381523 76.68935298
-71.85918248 -758.80811679 57.78292409
-46.29540409 -745.61880000 26.69778900
-47.81621071 -747.69075714 27.98224286
-50.66829087 -748.18391324 30.14788721
-51.46344889 -752.09056953 38.79893821
-51.28768284 -748.36167025 33.07638192
-51.29946721 -748.87818411 35.87547973
-49.43815833 -747.36737500 34.44942500
-49.50989413 -748.99715565 35.38019174
-53.27245417 -752.15461250 36.76513333
-53.12481613 -750.36431290 38.68599355
-48.29960000 -748.69722500 37.79045000
-51.00391692 -755.08685672 38.73409154
-53.90661092 -751.97516019 41.69347836
-50.92432366 -757.17617312 39.55454516
-54.02450245 -753.89957549 42.76958627
-54.86039195 -754.48961087 44.95984577
-52.22907376 -752.56382852 44.04995894
-52.33985714 -744.38398571 45.87692857
-51.65316448 -763.60547268 42.85966339
-54.65906240 -754.71916801 47.72360607
-56.63493948 -754.91343210 47.86142804
-52.33846944 -752.98397500 46.44114722
-51.44512792 -764.55699046 43.83684028
-52.33948077 -754.56875000 47.69060385
-57.50566667 -756.60270000 48.38246667
-51.83073125 -769.54496458 45.45845000
-53.09676154 -753.33886923 50.76347692
-59.83725588 -756.96986765 51.67728309
-133.52420000 -753.48890000 67.96150000
-59.32981121 -756.03803364 51.84797103
-52.24296087 -753.03256812 51.38024783
-62.42354805 -756.39600974 54.64198896
-65.29624444 -757.77789048 55.00284286
-104.80700833 -766.46895000 64.59620000
-61.39510625 -756.41364375 55.50067500
-55.52921875 -757.98476612 53.84143684
-83.79824462 -761.16908154 61.08749692
-55.96018542 -717.29961458 66.60349167
-55.57802550 -758.58610650 56.51634350
-56.04517350 -717.05902650 69.12272906
-19.41350000 -802.02930000 52.45370000
-85.33191282 -762.14682308 65.27872564
-37.75990667 -768.81203333 79.73315333
-66.48847500 -759.93755000 60.06942500
-68.49930000 -758.96763333 61.39350000
-85.21653333 -762.61313333 65.14416667
-57.01844791 -759.24294662 58.60340804
-59.58637500 -762.73317500 57.94082500
-56.32016483 -717.20390966 71.10197724
-56.70117535 -719.14690158 71.75725158
-54.73052500 -759.19704808 59.00455962
-77.81635714 -760.76285714 64.77180000
-57.42483711 -761.29921184 62.63661446
-55.67792260 -718.72622192 72.73285753
-52.76952222 -758.95130000 60.63596667
-59.37624918 -763.07648087 63.20119508
-56.26376467 -719.40617541 73.94239360
-55.06074286 -758.63862143 63.37249286
-55.74860000 -720.67806800 76.00451600
-54.26186667 -759.07960000 64.83651667
-59.91846543 -764.04599244 65.82842315
-62.37505854 -766.54549512 65.69251220
-62.71644595 -764.78173784 65.69012432
-61.06316833 -765.80614667 66.69038833
0.25520000 -783.66577500 52.19267500
-65.12789744 -768.37292051 69.62347692
-38.64895000 -810.46980000 48.99420000
-53.63256667 -759.24463333 67.56263333
-59.04242647 -722.89008529 79.59326471
-66.27428039 -769.31615588 69.80418333
-62.16122987 -764.42631429 69.57393636
-66.46492857 -772.33643571 69.73317857
-71.20311860 -767.43198140 72.98695349
-58.92895000 -783.51995000 76.11740000
-47.03703226 -801.37195484 61.83610000
-29.06050000 -801.44285000 58.21880000
-49.99975000 -804.44975000 63.48633000
-37.48300000 -765.84992500 83.16826250
-73.76053333 -772.47520000 73.45293333
-62.04154262 -718.59201475 73.72001148
-57.09355352 -762.88778164 63.45093359
-90.03398000 -762.41348000 64.83656000
-73.94640000 -759.46050000 58.20080000
-59.17943333 -759.73076667 51.25950000
-51.50060081 -770.32510968 46.59470000
-51.60845000 -771.82656667 46.08220000
-52.62110000 -747.59160000 43.39840000
-53.47221429 -749.50518571 40.91232857
-48.81704426 -748.49590638 32.96098936
-52.39316468 -754.55223682 44.45334378
-50.06342778 -746.12702778 27.97488889
-49.93895000 -747.67227500 25.92310000
-43.67831667 -741.65065000 22.29375000
-40.62243060 -739.79921791 13.81598657
-44.55325714 -737.33166429 12.31497857
-44.78452821 -737.60710000 14.66455641
-95.70240000 -763.25393333 67.40393333
-42.31700061 -742.28355244 18.19267500
-49.74958125 -777.25646250 49.05635000
-40.70118333 -742.43680000 15.61208333
-40.28408415 -739.69416189 12.09657409
-43.80355000 -792.62166667 73.34945000
-16.56292500 -805.91995000 43.51432500
-101.83744030 -740.12614179 70.47334627
-41.70561552 -741.87222069 15.94662759
-46.14307500 -738.46577500 16.52645000
-47.03379000 -738.39093000 16.34450000
-45.25681771 -745.01861771 24.41077083
-50.98456000 -756.84210000 45.58968000
-50.28968636 -743.39960000 26.33520909
-46.76968000 -747.74598000 28.02674000
-53.29926308 -746.81255231 33.63104615
-53.22642184 -749.42166782 36.06738736
-52.28951667 -747.47958333 39.85320000
-53.22415000 -744.44250000 45.98490000
-56.31757368 -753.33431053 44.78223684
-52.31138182 -757.11819091 47.22636364
-54.94930000 -738.50890000 54.68490000
-55.21032107 -757.20275909 50.85542893
-51.72430000 -768.50960000 46.27560000
-56.46974615 -732.24229231 61.14897692
-54.71266667 -759.70636190 54.30828571
-55.49079948 -760.05910156 57.27656823
-55.36307857 -780.38012857 49.28907857
-46.94490000 -786.60690000 49.24400000
-64.28561667 -759.17133333 58.90663333
-59.15501250 -759.37742500 64.05365000
-109.78103636 -726.32217273 67.09799091
-60.11571746 -761.29432063 65.48598095
-61.90940000 -761.24930000 63.76815000
-97.79967500 -743.44922500 70.14677500
-136.41754000 -770.38486000 48.91469000
-50.33057818 -769.73509091 70.87953273
-103.80040000 -752.32170000 65.52320000
-98.02626667 -761.31396667 63.61846667
-97.52395000 -746.49388333 70.17541667
-101.47910571 -746.21131714 70.57179357
-82.72881091 -777.04767636 61.99034727
-88.45897500 -770.78890000 64.18182500
-38.21626538 -783.94296154 71.54359231
-34.76485000 -766.16841667 79.92333333
-40.58871395 -795.58938372 67.28308372
-37.87450000 -783.73850000 73.66750000
-38.08135000 -783.67305000 73.64665000
-66.67573333 -769.00583333 73.48340000
-67.69816000 -772.04170000 73.55386000
-64.79402857 -776.92564286 73.47680000
-70.70055455 -773.71696364 73.40322727
-65.07805000 -778.50597500 73.51882500
-56.66170000 -775.16276667 73.23686667
-47.36037333 -777.29507333 72.41884000
-32.87182000 -789.37481333 66.83050000
-49.84410000 -755.59160000 38.49750000
-51.44831000 -753.77534000 37.06787000
-40.80700000 -742.45000000 17.15622500
-47.03500000 -739.68490000 17.16850000
-16.43142778 -809.61926944 41.60143056
-7.11520000 -801.52950000 44.20540000
-16.75143333 -786.93913333 64.25633333
-28.72660000 -792.60490000 67.37066000
-13.49341667 -784.03284167 64.64557500
-107.08515000 -777.66435000 58.27270000
-22.06010000 -779.15340000 76.24560000
-25.88480000 -780.41460000 76.37490000
-37.49414286 -773.84657857 72.92752857
-104.66258000 -774.74228000 61.26216000
-33.26987500 -772.47493500 76.32656000
-31.79160000 -772.09980000 76.40513333
-27.88622143 -766.32523571 76.48847143
-55.92490000 -778.12390000 79.31590000
-54.03920000 -777.31688182 79.32523636
-107.43010000 -766.20670000 64.29610000
-102.56115667 -764.60741000 64.45180000
-105.79485000 -765.30112500 64.43665000
-61.65621538 -762.03573077 73.69076154
-104.31594118 -756.79755294 67.28615882
-113.41907232 -736.68674196 67.44033839
-101.42926625 -737.24417625 70.35512750
-113.43390000 -733.93349143 67.43686571
-112.94120000 -723.61460000 67.24340000
-107.03760000 -742.01120000 70.37980000
-112.94520000 -747.58610000 67.22950000
-101.21514000 -751.17898000 70.26754000
-32.87257500 -789.79682500 70.46010000
-7.52973750 -782.09911250 62.00441250
-53.28668750 -748.78462500 33.85173750
-30.02909000 -801.79840000 64.26710000
-46.77490000 -783.39465000 50.25990000
-10.36747500 -787.87712500 61.25990000
-31.92200000 -805.84606667 61.34823333
-7.05856667 -790.03285000 58.29750000
-18.39157500 -795.44895000 57.96490000
-4.96060000 -788.13120000 55.18630000
-18.83650000 -801.75276667 55.47803333
-7.85660000 -801.19290000 46.31140000
