-51.60813684 -745.29736316 56.27692368
-48.11815246 -749.81771148 51.22724672
-46.17356524 -730.77821585 57.94301077
-73.18127361 -761.16524990 44.89198706
-75.68011988 -750.50521004 49.20439877
-39.97600023 -756.79320136 49.28757041
-49.85129500 -747.24230333 36.28924500
-52.38660994 -754.53123891 50.43039244
-48.61709875 -725.33347651 59.63723335
-70.55638563 -747.19253500 51.83010437
-46.79855063 -723.89751488 59.00810388
-60.43948696 -754.88221150 52.09063093
-80.18384800 -753.92453200 45.64670600
-58.38758250 -748.92190727 46.38145655
-64.99931181 -754.30438958 50.79338750
-96.52706700 -743.11014290 43.60035627
-44.67350000 -740.62210000 21.86271667
-59.21369231 -750.02872308 46.60315000
-39.71556667 -741.15346667 19.12795000
-46.58328708 -724.19834417 65.14595160
-45.18080653 -759.80609806 50.19636905
-93.09759755 -748.31099755 43.82538497
-89.06585252 -749.55822878 45.45135072
-43.43626271 -757.48489500 49.65380495
-48.74348219 -766.54261877 44.70793083
-51.88154600 -730.37011973 58.35753626
-48.99172069 -750.14830690 55.51324655
-87.98400542 -742.42922600 48.07375144
-53.91797679 -756.80822474 51.10881301
-47.28872099 -733.09015525 57.58190193
-47.72618605 -727.19582442 57.64358605
-60.37503076 -748.13697639 52.02854642
-32.42272727 -753.99068636 48.99168636
-53.09265471 -757.90876457 51.99166330
-83.92236897 -747.42520000 48.79099138
-59.08197558 -736.63737455 55.55006054
-43.29578122 -776.68412843 39.56438401
-46.01394574 -722.08095426 61.69046170
-39.67697576 -786.05566970 30.88643182
-73.35591614 -765.49081239 39.04795663
-49.39039845 -750.52012364 52.18739302
-59.31940000 -758.95670000 51.79305000
-63.89955152 -748.95661090 50.26092905
-47.72371111 -762.38561111 45.85495000
-46.06105275 -775.32314995 40.73107732
-50.45214286 -736.74575714 54.43016429
-67.08012932 -749.50642665 50.52882932
-45.95117477 -782.08498215 32.19987400
-60.84260638 -751.56624690 50.48773639
-54.38590993 -735.59764576 58.29458123
-36.94870418 -758.05799464 48.14857825
-72.35963617 -756.46195426 48.99948830
-73.12292094 -762.46862906 43.40370844
-42.30602703 -758.09528649 48.47364189
-81.99216078 -747.81267604 48.90003794
-85.74490000 -753.30710000 45.75575000
-70.15731585 -759.75779771 46.66429467
-34.18883118 -754.05687008 49.30907886
-43.48233254 -741.70801697 26.11645659
-54.42637500 -743.09652500 55.38714167
-75.09183684 -756.03804737 48.83248158
-67.36310784 -751.40771984 50.95131843
-52.68547374 -759.89905354 51.38343182
-60.93413542 -742.41727690 54.28573550
-43.00497135 -784.12018764 31.58948708
-38.21054000 -738.27850000 16.48817000
-48.72803175 -775.84193526 41.68761240
-49.91424444 -757.47682222 42.23981667
-48.62958378 -763.81576051 44.39489568
-46.14494250 -740.71009125 28.24543625
-35.49090000 -736.84590000 14.35625000
-84.88333497 -750.90796993 46.58091890
-43.52041041 -750.41272447 52.17194767
-50.22116797 -722.32376472 64.80811520
-78.45248303 -744.48455788 51.98160091
-48.77624333 -778.27422487 38.74851487
-51.24619362 -748.96073211 53.03446676
-38.09992190 -736.40764571 16.63652810
-46.02314630 -742.56819461 29.32381852
-52.02465343 -724.52962655 59.71054793
-54.23166291 -748.17888164 41.50799182
-51.69875420 -745.44371847 41.26663875
-40.89917308 -749.80587692 51.60368077
-37.15281412 -734.75945647 14.68365941
-60.66133638 -749.19953221 47.79202542
-47.17890000 -756.99280000 51.80125000
-50.97749084 -721.71810646 62.31099580
-58.79971502 -751.91140667 50.73246200
-40.20834465 -785.35761795 31.55483281
-66.91442587 -756.75730569 49.54650376
-35.08156535 -756.44158346 48.83312795
-40.84591613 -739.26567419 25.25427903
-40.46408867 -737.48607498 19.91328257
-42.63236250 -780.35499911 37.11275446
-48.66663270 -753.98641398 49.99352560
-44.52530000 -779.89130000 36.56965000
-40.94847028 -748.52122449 52.60243879
-52.92902022 -749.03884904 44.24752578
-45.10456667 -783.92631038 29.68742869
-73.04823844 -759.57318010 46.42208125
-61.51993333 -752.40183333 52.52208333
-79.25332389 -742.46320009 52.55024340
-52.43982650 -756.68940229 51.27511637
-52.55630132 -738.28927281 55.13367807
-72.82720989 -745.28745299 52.59632363
-44.97042500 -744.43140000 27.59472500
-90.99510884 -748.65965258 44.81886871
-65.24262400 -761.02334667 44.86444600
-45.81605434 -772.67362958 42.16064547
-40.21826667 -759.35086667 48.48155000
-48.93869277 -731.38508926 57.65101328
-49.43370484 -749.33759700 53.70923618
-42.41675115 -739.20678692 20.69290123
-53.57250000 -748.54005000 38.75120000
-46.69272195 -771.62008965 43.01278892
-80.33166667 -749.87310000 48.72738333
-84.83261082 -743.17425266 48.96308589
-69.86412202 -748.83744522 51.03708378
-49.17887447 -727.43323992 58.76971137
-60.78248130 -739.18592534 55.01419234
-40.58805750 -734.57775875 14.43215000
-34.58675369 -757.69212261 47.92912352
-84.16858730 -736.43649524 54.06011384
-79.25254998 -751.75635661 47.34725734
-56.44270556 -744.48495556 54.04630556
-71.53790000 -764.89290000 39.70575000
-69.83376217 -751.46834181 50.53886047
-87.04860667 -742.15066000 49.02581000
-82.26806819 -736.60574488 54.21545430
-48.64322879 -761.47272576 44.10702424
-67.08516465 -758.21683318 48.01423527
-60.16840129 -756.93475398 52.14546140
-51.69003118 -750.78958314 47.82411641
-45.48569443 -749.64255574 52.49403984
-43.08988924 -778.29793404 38.49572069
-53.73491176 -738.94745588 54.29430588
-42.29817033 -786.83552919 27.27529641
-46.31479560 -751.61528431 51.21078719
-43.47572237 -781.15008882 35.76560658
-51.37135256 -750.97600249 39.17998486
-44.96872187 -741.65346875 22.72936562
-40.14828737 -737.26044343 22.49250101
-62.60306000 -734.83232000 55.50659000
-45.48104739 -776.65161280 39.49285616
-46.57824752 -744.17132475 29.68539158
-43.34552218 -772.77793199 41.74299573
-42.43389777 -786.32304682 28.42275318
-71.27120000 -764.95530000 40.52425000
-45.88074397 -777.84622477 38.50553807
-87.09800000 -739.37480000 50.36775000
-57.28552612 -748.73769301 45.03785875
-90.81220000 -740.90710000 47.11905000
-42.92877705 -771.17649290 42.93901776
-43.30271500 -737.56095500 22.97743625
-67.48745918 -750.82140816 51.94329796
-34.83338127 -752.51763526 49.78300537
-41.08688652 -775.76373684 40.07434576
-40.31561441 -786.84003155 29.11276418
-43.99972999 -767.07276826 44.57818513
-43.04116244 -741.32361917 24.00621295
-70.53990460 -762.58717937 43.46382127
-60.26433568 -741.29333405 54.79559054
-49.34732233 -777.44679442 40.64627871
-46.82068555 -743.32473252 31.60057594
-65.60227059 -744.62882353 53.76361471
-81.49569767 -741.83427302 52.29588628
-40.71912588 -780.81614294 37.57205706
-40.38306114 -787.82984916 27.04465369
-54.82815860 -750.58312912 47.65450965
-85.08236592 -748.57540254 47.86701225
-80.37927500 -743.69710000 51.70747500
-69.74968456 -761.21346817 44.87562223
-51.77542617 -740.66759329 51.28784329
-49.85409433 -751.28519149 48.22954007
-39.44682275 -738.34136243 14.92341085
-63.81496167 -745.29010328 53.12263472
-87.87292646 -748.40718102 46.74916151
-96.27591705 -744.42941318 43.30108256
-41.47142222 -771.25963889 42.90801667
-60.89352629 -733.88097090 55.84381718
-77.35362424 -753.18309394 47.26304394
-75.46556182 -737.78407636 54.45427182
-41.01277717 -778.55148362 39.37325124
-58.17914394 -757.27671818 51.51948030
-70.43464616 -757.89133389 48.02673472
-89.70011429 -753.39944286 43.36669286
-31.21980141 -757.08229789 47.05433169
-51.85369742 -739.37270304 53.38618286
-64.85055000 -746.88915000 51.26385000
-37.06149595 -756.60084387 49.12918045
-76.84577132 -746.40170147 51.48227279
-73.04910730 -763.93082352 41.23159850
-46.97921093 -736.79279514 57.07787632
-51.77362121 -755.16181818 51.84511364
-91.08179251 -742.34072711 46.76600611
-43.38698409 -740.12287626 25.58031598
-42.68159277 -739.57437319 23.34370773
-69.88263254 -756.49124286 49.42819206
-50.72664091 -731.76220000 57.68681818
-77.87624510 -760.02630980 44.59090882
-49.89260000 -747.24300000 45.67778333
-59.09961124 -755.17224494 52.15044213
-75.18166727 -765.53367879 38.56520152
-45.71368871 -750.85271879 52.29278553
-47.81592941 -773.70677941 42.48202647
-55.16372857 -755.10592857 51.82726429
-42.14751882 -737.07758294 20.35260118
-40.36389167 -734.65594167 20.01683333
-49.02210772 -724.39830849 62.19751674
-47.58726667 -725.74456667 57.67716667
-44.96406508 -783.24412698 31.21024841
-58.94471471 -756.82589081 52.25637868
-38.31165196 -737.42603824 20.54384608
-83.25604028 -743.69503889 49.39326944
-48.11516818 -780.05921364 34.66508636
-52.05134478 -736.34928723 56.06289871
-53.14906296 -750.04755556 45.22752778
-59.41808500 -748.93743571 51.93360857
-40.11827927 -738.39889582 17.34785582
-65.79603692 -740.78720000 54.38614846
-42.92074409 -775.10168263 40.44474698
-75.24418492 -762.25286825 43.22238968
-85.64798346 -752.21018420 45.34147568
-54.30878997 -733.38447942 59.07117151
-45.82448492 -780.68854921 34.97716667
-50.11829070 -722.40759668 62.99697542
-44.51710000 -729.59260000 57.69685000
-48.90364475 -751.41089329 50.23175152
-50.59827500 -748.49830000 54.76757500
-43.21453214 -785.31762485 29.36594570
-41.99746190 -738.65945238 14.53953095
-49.30922038 -730.05781194 58.05358764
-67.09801006 -762.23186648 43.75407458
-52.64502618 -748.07832928 41.08669455
-52.02232631 -748.19299112 38.68341903
-41.42793333 -734.86183333 17.22115000
-51.11803600 -751.94855700 39.99493250
-51.25696000 -753.54041529 40.35519471
-47.13216553 -744.41398484 31.94206491
-45.03025417 -740.47688274 26.83390952
-39.43993815 -736.66143400 14.70101280
-29.35010556 -756.70478333 46.59165556
-37.97641889 -736.44066681 13.99909781
-42.29350000 -737.83260000 13.17245000
-39.68411547 -737.01329888 16.97004312
-42.29610000 -738.74786170 17.60960957
-40.44693374 -738.67457988 20.40301652
-40.91310175 -738.96428844 22.73538780
-49.51906571 -745.33512397 34.91822666
-45.40317471 -742.31432227 26.44467181
-44.22021125 -741.73849208 28.57857542
-47.79990823 -743.55432152 29.72083544
-47.97249054 -744.19325541 30.21291081
-48.10176964 -743.46449339 32.15142375
-48.60251621 -744.71635144 32.74438339
-47.25780714 -777.05700000 39.89151429
-51.66906317 -733.71551245 57.22803534
-50.96051153 -746.16827237 35.63674006
-51.78462500 -747.39467500 36.28575119
-51.42694049 -746.11816542 38.59521148
-50.29658295 -746.40127235 37.35523523
-50.05974643 -753.82242024 40.67764881
-51.88974675 -744.54172010 44.18879206
-51.90628136 -743.63048045 44.87578795
-55.16924719 -748.74305482 44.03361041
-52.08193643 -743.07364504 47.12063293
-52.17171972 -744.08990563 46.04861338
-54.21949420 -749.14509191 46.78337585
-51.98049480 -741.77931992 50.13865991
-52.77190176 -749.44463275 46.62994569
-63.46260125 -749.32431875 48.44842000
-65.22997652 -759.74231136 46.40861288
-61.48326740 -748.21764394 50.72719898
-88.25831258 -751.44726667 44.68005907
-52.07869808 -741.09596346 51.94187500
-63.84866571 -750.24147857 50.27404286
-66.26452083 -749.68539583 51.97555417
-63.99907107 -747.42911650 52.42339086
-52.71892000 -743.70300000 56.08535000
-59.31383469 -749.53591429 50.97056633
-53.80645714 -750.09564286 45.38066429
-50.37220000 -746.51710000 45.51665000
-43.85940000 -740.87793333 28.97125000
-50.72843636 -756.31210909 41.43888636
-49.26364000 -758.54128000 43.67207000
-38.32267733 -738.43745467 13.55103400
-79.23167647 -748.63471429 49.45359220
-40.98012031 -741.58058281 22.54345937
-50.42458841 -752.19463913 39.53935580
-94.17214198 -742.74087857 44.98328761
-50.40766667 -752.42085517 39.91686724
-72.86905385 -751.05772535 50.08275857
-50.29250000 -752.96796667 39.70721667
-54.43631667 -749.37166667 49.25415000
-60.57164659 -750.33932727 47.91347614
-42.44849474 -735.95077895 17.73326053
-42.73645556 -734.59019444 17.02975000
-50.19866096 -747.43517968 37.19987193
-45.95530000 -753.95872857 52.40640714
-41.61910000 -733.65670000 12.80405000
-49.60455000 -743.87550000 34.06710000
-67.12934312 -761.08216667 44.92665688
-62.60635000 -750.28380000 48.62515000
-48.87522692 -748.10567533 55.92658908
-51.21534753 -737.35410000 54.27550785
-54.05682885 -738.23516154 55.63213462
-61.27863689 -745.49843558 52.94992828
-54.07408613 -736.76727716 56.96305718
-64.21355539 -742.58844429 54.11364526
-46.85612789 -730.22468594 57.62815703
-47.04271861 -727.70124611 57.46945639
-46.65651028 -724.84392163 57.45444574
-45.94363818 -722.78244909 59.85185000
-46.61027242 -723.80025619 62.58499175
-48.98905765 -733.13218578 57.23984892
-37.16446033 -754.45585428 49.82088336
-46.15329877 -733.49795239 58.35152365
-46.57899194 -735.78595323 57.96444516
-52.14573143 -751.43584159 49.40108477
-70.80227394 -763.78871303 41.70238316
-52.21191349 -722.53270556 60.26411667
-51.98066606 -727.74201407 58.91255747
-48.88394664 -724.07056975 65.47282180
-52.81706323 -732.95747993 58.05095728
-50.68298202 -721.57558202 64.21128820
-54.42219364 -730.68658838 59.28699111
-48.81857460 -724.57776523 67.98524522
-54.00845019 -727.48027947 58.90542795
-48.94539830 -738.34894717 55.15483396
-49.32689216 -736.54107632 55.98676526
-46.00807000 -722.41481000 65.32130000
-48.20058592 -724.83932274 70.60140921
-47.34210000 -738.15398667 55.91666000
-49.82559872 -739.28827177 54.02590774
-51.37010000 -719.91040000 60.75335000
-53.90846250 -725.00430385 58.91891538
-50.84275405 -723.37109189 61.03038378
-50.43510000 -722.93920000 66.74515000
-46.44497690 -724.78117000 68.06787805
-46.36444882 -724.47259515 71.22123816
-47.51225714 -728.57384286 57.74207857
-46.16390952 -782.58446190 30.49812619
-82.07863340 -749.22137170 48.49188070
-43.97861795 -782.71835385 32.79675256
-41.11982397 -785.76060000 30.43882877
-46.08928931 -769.44990630 43.55700802
-48.96020582 -769.38157045 44.86841439
-48.92563835 -772.39772947 44.29543358
-49.39493888 -774.87026251 43.48746595
-49.93213889 -770.39005417 45.82283472
-49.99126061 -771.20553030 45.79591364
-48.89029630 -779.54316667 36.07747222
-63.09893866 -736.73779638 55.22344785
-48.00158571 -780.37422857 33.18872143
-78.84195382 -746.08088745 50.37778273
-43.48133750 -785.75063333 27.60085000
-40.12590517 -783.47395345 34.41611552
-40.51381579 -782.27169561 35.91303684
-41.19983876 -772.85750590 41.34322556
-40.90320413 -777.44846032 39.88548302
-43.25362329 -769.45207238 43.97976440
-75.53904958 -759.38422547 46.14764864
-46.11992426 -766.31229833 44.31759242
-46.40053088 -764.45590815 44.36197868
-47.37921667 -762.88458333 45.92295000
-41.82120000 -777.28446667 39.79311667
-45.06187200 -779.76228800 36.57173000
-79.19880000 -756.62955000 42.47130000
-79.76970000 -752.55910000 45.24685000
-58.55061518 -753.59131862 51.12563153
-75.57665196 -764.73295588 39.46085490
-73.51986429 -764.76905119 39.54082143
-75.58393412 -763.72172066 41.12485579
-79.34000446 -753.30466587 46.10970266
-76.28856837 -751.60923230 47.62876386
-79.38621250 -738.15841250 55.08066250
-75.79522673 -760.57308567 44.73660631
-74.37166667 -751.43681111 48.01118333
-75.77747950 -757.65495452 47.44375730
-77.61215000 -759.11215000 45.76355000
-73.15929553 -757.85727718 47.91194824
-48.39163559 -756.27674746 50.34167881
-70.08940843 -754.29074893 50.08636205
-72.88481764 -754.48102493 49.99241816
-65.28719668 -758.14380705 48.04944502
-70.62390000 -755.89080000 48.70455000
-66.91990950 -759.70123212 46.56643601
-65.46753333 -762.00073333 44.04061667
-41.43173000 -750.08628000 51.76581000
-87.80133702 -753.24345577 43.92983942
-75.97975202 -742.43966870 53.25477541
-65.41961154 -757.22896346 49.00628269
-67.01037574 -754.41742189 50.78444135
-73.18136589 -742.47075326 53.47902811
-73.86913929 -740.04904958 54.15147248
-69.90740000 -751.02910000 51.81103571
-73.07089098 -748.63584877 51.02668525
-79.44145412 -737.11372801 54.32783729
-79.88933333 -737.81176667 54.86505000
-81.63922333 -736.36299667 54.80737000
-81.92439512 -739.43773014 53.14285512
-84.06876614 -738.92823543 53.00852638
-92.91904821 -741.59603482 45.98023304
-75.84792256 -745.15445227 52.25553588
-71.09384013 -743.24287368 53.25727105
-70.86500154 -745.67529397 52.43618787
-92.01892808 -745.87037192 45.42816923
-75.77142769 -739.38972528 54.14183668
-75.03313567 -755.35548538 49.38797632
-79.01706456 -739.44282362 53.68838853
-72.67405000 -747.20601875 51.84885000
-53.77536667 -759.74816923 50.93891410
-74.54020000 -746.91660000 51.67325000
-76.11410265 -748.51112061 50.72576941
-75.83560000 -747.03161250 51.74640000
-78.93646325 -750.28962005 48.94650346
-82.50840308 -745.76736527 49.11868863
-84.14397145 -745.17069691 48.85919091
-81.79193020 -751.14209284 47.42620341
-85.98329403 -742.82313727 48.63335199
-72.31341418 -765.12827537 39.98394851
-85.13033888 -745.41387601 48.53153687
-81.44361947 -753.26663158 45.86968316
-82.28664029 -753.66288886 45.51714829
-88.12076425 -745.54225742 47.54267668
-89.11010000 -740.93130000 47.77635000
-84.90828389 -753.41751611 44.98213286
-90.61445953 -745.25023392 46.38309410
-87.02322826 -750.33519087 46.02332435
-89.94080971 -747.58318738 46.00958398
-92.46008889 -743.45601667 45.65683889
-93.79526248 -745.15014817 44.54133585
-90.34709887 -751.26060291 43.85153754
-97.83155000 -743.03140000 42.72590000
-87.09325000 -748.50905000 49.10560000
-80.72710000 -749.98610000 48.78225000
-52.26595058 -749.56708303 50.77775998
-53.92635026 -751.98588272 49.80807147
-53.84892871 -754.97028266 50.25414251
-51.53749778 -750.69448963 52.13358259
-47.14958611 -749.85567639 51.64345139
-40.15358966 -751.90014281 50.76994790
-42.71628084 -751.58218446 51.09117056
-31.83355065 -754.74062866 48.27535216
-33.27115037 -754.83085333 48.56599074
-37.11670293 -752.26189191 50.45037276
-42.79442660 -748.93964923 52.76353611
-46.03258540 -754.39404377 50.45644882
-39.88230433 -754.34488835 50.24895403
-49.31862500 -756.03200000 51.82800000
-53.75624191 -757.50810882 52.09358824
-45.52710683 -757.24710652 50.39104289
-43.39248817 -754.78261889 50.43277415
-42.70451250 -749.82401250 51.66196250
-52.88986432 -759.34269243 51.93442568
-34.74246727 -759.14672636 47.19481818
-36.55942455 -759.14336826 47.49344521
-39.65869102 -758.04431269 48.43566486
-42.67088456 -761.05040864 48.58330147
-43.47965852 -760.20648200 49.38597614
-42.93625238 -762.00589524 48.64690714
-43.50620000 -761.99319048 48.97611190
-61.06047489 -754.02662679 51.36061702
-61.27427241 -756.53145747 51.51449483
-64.03363214 -743.35273571 47.40423571
-63.29309600 -744.87376000 47.87722200
-61.84535361 -746.72209794 51.25019021
-61.78075303 -740.34102661 54.60422573
-56.30511172 -742.70348954 54.12019017
-58.11040155 -742.54474837 54.23787679
-64.53087111 -742.49680444 55.28684333
-65.32430000 -744.46020000 54.76310000
-58.87476519 -739.53632002 55.00496542
-58.71998085 -741.33722340 54.80213511
-58.17350238 -740.65814405 54.59515655
-65.93653996 -742.08887455 54.38003728
-58.31149586 -744.83515294 53.66977031
-63.29488160 -738.59392506 54.85530499
-61.11763014 -736.47503377 55.37952871
-59.21790567 -733.80689929 55.93380106
-63.68430681 -740.08086551 54.46864841
