-78.70918340 -712.60173705 48.61860615
-91.36407949 -712.85358846 50.40921026
-39.83106869 -709.65569238 48.46284476
-24.67782182 -766.49591690 48.49272125
-41.19472000 -716.78966000 83.66148000
-32.74502558 -723.34421395 48.73883721
-51.78247517 -739.52358627 52.05581302
-74.44856429 -780.46802857 49.47965000
-89.70876667 -707.98003333 51.24216667
-60.73772504 -685.76830387 48.35877630
-40.04374505 -730.87897304 51.44738812
-83.97449839 -707.37944258 48.55031935
-93.89037500 -717.83430000 49.77668333
-18.78800354 -757.68588857 48.42242635
-75.66579340 -706.38707845 48.12901088
-81.54915736 -706.64675094 48.63356825
-57.71825713 -709.61407300 48.54992367
-62.03620000 -683.90294000 49.52089000
-46.72962404 -745.75787692 52.35549231
-12.72742868 -739.70877051 48.15072189
-75.73136623 -700.63367365 48.35266004
-81.75788279 -709.66173969 48.36602200
-66.07187258 -688.88580251 48.70507943
-60.91341542 -697.76846485 48.35711057
-39.71360326 -754.57541256 48.08635505
-27.73225502 -745.51938816 48.13148600
-78.72410242 -709.49672122 48.49382612
-45.83564454 -733.69325013 51.48116148
-69.71515435 -724.83717660 48.63187351
-72.80334267 -715.53755465 48.31703226
-45.35339625 -748.24345421 52.79153605
-46.64085000 -732.07055000 52.52645000
-75.67627554 -712.42637043 48.74545108
-72.30263333 -697.56313333 46.35290000
-99.03339246 -726.83561803 48.50615803
-8.61304167 -770.97708333 46.29977500
-75.80984914 -715.62073447 48.51059425
-39.80314108 -793.46458978 48.66552862
-79.05140329 -715.75500138 48.70019128
-31.29009321 -733.01548667 87.90692430
18.92356190 -734.84906667 48.06312540
-6.83375394 -733.71234917 48.19787374
-72.80952386 -718.58001865 48.54767260
-78.05187342 -701.12481367 48.32802684
-81.96253937 -715.70762866 48.89333579
-45.85027714 -706.50531661 48.38929461
-46.08230000 -703.59290000 49.48153333
-61.11104776 -730.23068773 47.41424055
-86.94239600 -710.63126400 48.80129200
-39.79729762 -712.62185288 48.04693347
-48.84079165 -724.77822022 48.50010525
-69.76898529 -718.57578690 48.54986931
-84.00580000 -704.99190000 49.42070000
17.06531074 -736.70886114 47.88115441
11.09296632 -736.65264211 47.87107495
-63.73518126 -757.72859271 48.10249240
-15.95781082 -745.66094257 47.82890595
-21.83634950 -748.60134587 48.08633777
-12.84951255 -721.53827860 48.23510202
-69.84478107 -721.59561323 48.53225428
-66.67405021 -721.78644268 48.52879401
-41.19891579 -723.80897368 49.37060000
-24.76737961 -742.58538518 48.39966387
-24.76941159 -709.77660149 48.35593561
-60.78184819 -766.66239378 48.62984394
-66.99733427 -724.69994960 48.59761795
-63.84538224 -724.56163573 48.58116212
-1.65428769 -713.28835165 48.47463483
-66.84788394 -709.65037090 48.54643314
-28.23786622 -733.95234927 89.55730629
-63.88591373 -727.92050475 48.50327520
-6.87611625 -739.72023936 48.17168910
-24.16822557 -732.67407900 48.24897215
-66.87009723 -700.68152887 48.29591371
-39.79086760 -718.37069500 48.57727847
-49.78567222 -727.65899844 48.73013133
-30.82180634 -763.65367606 48.52619506
-37.47865000 -762.06411429 49.59001429
-12.83402040 -745.79381038 47.91939397
-51.83059994 -712.55477485 48.48315229
-87.89444243 -745.53975898 48.43100914
11.09922952 -745.62615520 48.16527653
-75.82516945 -772.75401525 48.56904990
-36.83876545 -757.44703491 48.14990775
-58.65505045 -731.59298273 46.13589591
-82.24460154 -772.74623077 49.53536846
-63.86817542 -751.56427478 47.68519186
-54.75353599 -718.70892723 48.25220410
-37.09606045 -742.78171735 52.77505315
-60.81442687 -727.56013915 48.42722367
-54.68871860 -757.75931822 48.44164943
-39.72596254 -743.40343921 52.58065224
-15.63866272 -772.51897080 48.57409121
-60.54681032 -731.70270695 45.98694737
-18.83635063 -772.63226737 48.48400021
-18.92580566 -741.89904304 93.08800862
19.61122508 -736.83874953 47.91552492
-42.76200949 -727.73915504 50.72700703
-58.40491955 -733.66219046 45.13954740
-9.77817389 -748.51901280 47.96990408
-51.92791570 -751.51814147 47.97215866
-81.79187466 -712.76111275 48.63408265
-66.70575616 -727.51392908 48.68841980
-69.70975212 -751.55241261 48.53878555
-57.24123584 -736.74149831 53.75905640
-48.13301702 -683.20505378 48.69992395
-54.80547819 -735.95900134 53.31345519
-54.73551287 -697.51443265 48.53139587
-63.81053634 -706.60517140 48.45431508
-39.78605586 -742.58028326 52.13452736
-51.86580462 -740.21702238 52.60613341
-84.31229380 -715.27840911 48.88428398
-33.71825531 -751.57115724 47.78807021
-15.73346414 -760.49959035 48.50853708
-39.68130516 -799.66790063 48.70839000
-30.85489288 -784.60821521 48.43764071
-54.71131355 -737.07514452 51.94111914
-42.70222466 -766.62163557 48.56168498
-49.17235200 -742.41413571 52.64788752
-9.75504494 -736.55804573 48.33149252
-66.85694884 -757.56719593 48.54751039
-66.84435213 -715.70187498 48.58194592
-31.52425887 -724.95234552 50.48432777
-0.92902981 -760.79852718 48.12163154
-54.47694079 -739.82250181 52.77911178
-42.90944469 -763.50948740 48.45983808
-2.73597222 -767.14388556 46.24088333
-27.91127587 -766.66117979 48.45376029
5.07507909 -724.72832624 48.02398790
-69.89938109 -769.65787426 48.49782402
-32.19173636 -795.44866364 49.19929091
-36.70277171 -730.66240552 51.41100313
-3.86030442 -766.38338218 47.92071425
-39.60766268 -763.62564393 48.42999398
-48.64719186 -749.04738217 51.26554012
-27.74571107 -763.40185370 48.43675455
-54.24953867 -739.55220870 52.18155788
-34.07048386 -741.86865030 52.60001109
-3.81560063 -715.61423762 48.26773343
-24.88126532 -718.61280868 48.51657705
-42.82024533 -685.79304847 48.50401851
-42.55108520 -751.76823864 47.90612619
-66.84297280 -703.60045609 48.20198252
19.24327937 -744.91126151 48.06740516
-48.07142413 -719.35309980 45.23182086
-78.30187293 -703.68238925 48.66409554
-51.57055408 -742.15526418 52.18660287
-36.96473909 -700.72126211 48.34666375
4.91660130 -721.82656113 48.08336216
-48.69996029 -742.67037647 51.99360993
9.61760000 -741.48800000 46.39170000
-12.94822446 -730.80690860 48.24002729
-15.77332315 -778.40808459 48.72052752
-42.85912609 -748.77637113 51.39014800
2.03320147 -748.75010936 48.16893853
-48.51371730 -744.99314413 52.17398915
-12.93386737 -748.72773420 48.21715108
-33.94217097 -734.94298710 53.32880968
-24.72817083 -775.52393147 48.58430450
-21.60284560 -775.41803304 48.36010170
-54.97234545 -706.68228173 48.11796838
-45.60320313 -682.75413394 48.52241516
-48.81672756 -745.79906108 52.84767546
-69.47500668 -692.19580761 48.50655057
-45.95667593 -745.55866020 52.89104032
-46.03584643 -748.82010844 52.05578923
-39.69772545 -751.82312896 47.73360178
-18.74108519 -754.60639177 48.38363289
-57.99616294 -742.88118470 51.56621219
-43.15248621 -747.68621861 52.82567511
-43.92807576 -750.42208333 49.81709621
-40.22385831 -745.04672272 52.72613880
-18.62638950 -778.29029784 48.44746245
-63.80245062 -730.34294450 47.92677428
-15.93080743 -718.55683405 48.16008380
-33.88754829 -760.54085924 48.47279765
-45.66490849 -722.35376654 48.28436126
-96.80929925 -751.64311156 48.55784490
-42.02479333 -749.74980000 48.66930500
-74.61958758 -780.54066013 49.02852418
-52.70111787 -724.57895575 47.18372694
7.39046652 -757.17503623 48.16549736
-57.09635479 -736.54442192 51.84066164
-36.77114332 -754.59518673 48.02552383
-38.99321915 -732.51820496 81.66477234
-54.79383070 -691.82613977 48.47157803
-3.88448133 -760.65625865 48.12393259
-33.74841652 -757.71250017 48.57312070
-15.97656265 -766.64410967 48.50907570
-18.92338255 -775.72004919 48.36407345
-30.70548980 -760.53248444 48.57296394
-36.66073926 -679.55605912 48.48968206
-39.79308102 -682.72845486 48.40270283
-24.92238019 -769.72077791 48.34963825
-21.88313516 -769.62218354 48.39793938
-15.98458960 -727.54768071 48.16264149
-54.79567091 -784.60808300 48.39735504
-4.81011310 -768.83939452 48.54521233
-21.93575044 -772.73502320 48.39663064
-63.90097565 -781.57822545 48.32237195
-15.79956286 -769.72058054 48.42756898
-51.80218928 -718.63943792 48.22478470
-87.66152828 -742.62885896 48.37703842
-60.62051789 -733.46398885 45.50563182
-48.69227108 -763.49387025 48.55357117
-24.72060905 -772.45989410 48.48276741
-72.95799636 -721.83278570 48.75273539
-51.86613179 -745.44156763 51.89980751
-42.79849438 -796.68221171 48.78546440
-81.58860378 -718.37714733 48.67754472
-48.95583925 -700.78680209 48.24522502
-27.75973915 -769.59546268 48.62138343
-84.66422396 -733.42738812 48.61440132
-51.22671476 -745.03682755 52.92143455
-54.79889149 -724.53551704 48.22265524
-42.63472033 -700.61665034 48.35032112
-84.73399879 -724.35708114 48.48561990
-51.67454375 -742.77158513 52.71402197
-72.88218278 -706.76510017 48.20879310
-63.06941290 -742.90778978 52.70604086
-30.94088384 -766.53800419 48.51397212
-66.96394925 -742.59188524 48.37938599
-18.63837097 -769.38709459 48.40181912
-75.97452371 -718.90657820 48.69622844
5.17820911 -739.59305184 47.90036084
-33.73684891 -763.66233679 48.62083229
-96.86391993 -727.78968423 48.43983250
-90.93549176 -757.56298531 48.53010019
-58.54476414 -735.98351970 45.12585960
-78.73601127 -733.77199618 48.54471550
-36.67887724 -760.65282763 48.49988499
-33.87384859 -706.67422526 48.31002523
-63.69659448 -691.48345421 47.86430096
-16.30805714 -779.72147143 44.90034286
-93.66342230 -760.16513674 48.69756593
-6.26825000 -770.46455000 49.46350000
-84.55603469 -709.55220034 48.78371054
-39.94247830 -760.67428648 48.43105455
-18.82917752 -724.82649165 48.30453592
-30.41993807 -742.72826841 48.32915173
-39.71198557 -757.61689988 48.19868210
-45.54411992 -740.03723882 52.58684106
-29.57170000 -719.41630000 49.45770000
-48.74839949 -747.81845579 53.02716677
-31.13917620 -793.33758618 48.55152722
-45.94121866 -750.58618769 50.98850560
-42.64983302 -754.78045318 48.04961262
-50.62570000 -722.55042627 46.00484055
-16.16619524 -780.25495238 44.40336667
-59.95906852 -738.40655000 46.29187778
-58.05330741 -736.25329630 55.51955926
-51.86236006 -694.65129570 48.59895361
-0.86061831 -754.61641904 47.99677033
-75.83897427 -736.62087537 48.51088628
-78.85427795 -724.65573410 48.73613019
-48.84387937 -733.73995475 51.29144126
-84.24289545 -706.14411818 50.09246818
-60.68517023 -724.60152209 48.51381296
-34.06257260 -740.59459480 52.65677953
-56.54096976 -733.61167902 53.63209236
-15.85775967 -775.74115797 48.74829088
-64.31036226 -686.16784599 49.82028302
-43.16867683 -739.97950596 52.71580696
-83.60649412 -703.97060000 50.01626471
-46.06147684 -719.10005849 45.04536827
-88.98528182 -711.29535455 50.25890000
-82.91673125 -705.37951875 50.16227500
-93.69987809 -745.86392130 48.74344765
-55.75392862 -734.03433659 53.04133203
-52.64409585 -736.50724489 53.04855511
-101.81972967 -745.04664176 49.62702418
-57.80466674 -730.13924551 47.56428938
-69.80822562 -763.74724130 48.65450946
-51.38406834 -736.57117118 51.75669044
-53.25986000 -696.21320000 49.46322000
-30.89106640 -772.66039677 48.75837966
-66.40241188 -688.23225833 50.33427646
-54.81017080 -775.54182121 48.57110576
-70.03697268 -778.55141507 48.63858614
-71.42927500 -692.84439167 50.04560833
-48.92925360 -739.55617140 51.92631684
-44.71389565 -713.73650932 87.76763602
-62.05418889 -684.46525556 49.53308333
-46.03717783 -742.52714928 52.20443130
-81.60952651 -703.56450326 50.59217767
-78.91872386 -706.74399964 48.53279029
-42.66495430 -745.74745574 52.80870729
-9.94210673 -751.72823772 48.02125031
-99.18485294 -750.39796471 49.53267059
-39.53185911 -749.40529828 47.64548694
-58.00637015 -784.43080312 47.81949593
-57.82575767 -697.58845561 48.48748757
-30.49736303 -745.52657384 47.64493333
-54.24630900 -733.49378947 51.92288473
-21.65332202 -706.67912759 48.23699948
-75.96162550 -709.91761821 48.57728551
-54.68554295 -727.72303932 47.96303767
-45.79110916 -742.77625199 52.87528277
-57.87664481 -796.58552056 48.76370152
-9.89234499 -739.69371467 48.18990433
-36.81626686 -751.79094615 47.84349178
-33.79712125 -754.42890713 48.42371723
-60.93380453 -736.44811485 45.60617808
-6.72495997 -727.65561102 47.80506064
-73.00293345 -712.80435169 48.45232351
-40.40861681 -802.23945294 49.03468403
-69.88165108 -715.62308122 48.41886575
-33.84557821 -739.66499147 52.08094241
-56.75812857 -732.84922857 52.37155714
-49.11546221 -740.12049387 52.64793166
-33.76754837 -700.71116659 48.33536994
-18.91167754 -763.79420252 48.49744575
-30.79710900 -757.44417454 48.46294858
-30.35797866 -724.26464281 48.38621591
-30.66995019 -715.66209808 48.44312006
-84.69476105 -721.71488329 48.52421781
-27.74987944 -760.58974068 48.39351729
-28.01702221 -781.91800405 48.64265003
-14.98293797 -774.91395696 49.51572278
-13.86312706 -777.77473763 48.93167320
-12.87190077 -769.60205347 48.37292472
-76.13947346 -703.61314683 48.24584440
-81.17620042 -704.64791715 48.34814268
-36.78982408 -703.73254496 48.23147742
-33.74387130 -784.57798464 48.69688628
-36.62943005 -778.37457357 48.78004536
-21.79034416 -745.57450211 47.99265722
-66.81061730 -718.52772501 48.52519991
-24.65415210 -748.40372681 47.87638611
-63.80042202 -721.51951351 48.49438123
-77.09307619 -699.32548095 50.47354762
-54.95657804 -700.61035485 48.55598825
-40.20286371 -747.72192571 51.41285529
-8.11432752 -773.08694899 49.60998121
-33.87272621 -787.80204714 48.75178774
-57.74711486 -741.47630135 48.56438446
-51.99096280 -703.81943686 48.53703981
-24.79336922 -763.59683688 48.49589221
-10.58073516 -774.65768997 48.32820722
-45.88316632 -781.45561007 48.70927300
-65.75617353 -686.86214412 50.78398750
-21.77767009 -766.64149598 48.29616388
-21.82176880 -739.85046623 48.50334382
-36.85149960 -709.66985842 48.40677139
-45.89741020 -700.75257465 48.24961855
-63.93432143 -728.52549286 49.46210714
-57.70760043 -721.63808785 48.47978492
-57.95435062 -727.41958478 48.50815713
-69.76430565 -748.50265935 48.44514945
-39.69326184 -727.27360656 84.16093980
-36.94086233 -712.59830209 48.34272029
-56.52473128 -730.81366524 53.02670936
-78.58049231 -775.94761923 49.46262308
-12.74772412 -727.55776537 48.13134799
-12.79814198 -775.33416667 48.43813149
-57.01561036 -727.85570111 51.38275689
-102.99226082 -746.04324195 48.82940211
-50.67028333 -684.04143333 48.60771667
-56.68088768 -729.78074441 51.35090201
-75.91681126 -766.55456814 48.65412210
-55.79624379 -730.94830454 52.71926450
-51.86554154 -733.63636505 51.56222598
-33.90088285 -772.72994110 48.77642680
-55.01397601 -730.87987787 51.21260615
-72.77756980 -778.56957751 48.52571148
-48.67296564 -736.53221839 51.87897209
-27.55917859 -739.87397553 48.34183657
-37.45043351 -731.25448490 81.82823351
-21.85631704 -724.59089426 48.53538639
-45.78817817 -739.32095414 52.12769754
-35.41128000 -746.99674000 46.08246000
-6.94562269 -721.65481587 48.20094358
-83.39898000 -701.82078000 50.99132000
-81.14479873 -701.34727785 50.77624304
-43.00923698 -742.78804092 52.62323269
-75.64424066 -757.81747952 48.42123846
-69.77788178 -697.60354784 47.82283774
-57.79803186 -781.60064655 47.94246382
-41.00169875 -747.24029875 52.68161750
-36.54256524 -748.83347347 47.50933088
-69.73888879 -712.53515347 48.42672590
-48.78057266 -778.60870527 48.50353032
-42.50417500 -745.35866310 52.38199048
-21.71381684 -741.63714981 92.92159863
-30.88100952 -754.72552643 48.41082816
2.16557771 -760.59786988 48.03906388
-71.58831038 -783.46564536 48.85668087
-96.47834061 -730.94112625 48.41158682
-69.83161050 -709.59187795 48.48525323
-72.70476483 -709.48725314 48.34913228
-39.38497089 -745.99248290 51.82189042
-99.99361586 -742.85527559 48.74589395
-52.11504259 -727.56209931 47.00051818
-52.60414270 -730.15410299 48.10100993
-27.88797081 -757.72819598 48.45341704
-90.80851014 -763.41265837 48.74097181
-31.22968000 -738.85100700 52.56880100
-63.75775962 -686.56800962 48.99922173
-24.88141659 -760.62245481 48.44897619
-11.82914118 -775.75492941 46.07395882
-75.53760633 -751.43382562 48.42701846
-15.70960142 -754.45811891 48.33541062
-63.73070878 -718.84081298 48.49275712
-66.76115385 -760.59432510 48.52604846
-18.45187128 -782.29168191 49.54894574
-12.85111043 -742.42878148 48.12464168
-27.79523390 -754.57222973 48.36495167
-60.87897223 -721.58270312 48.38263000
-15.76979744 -736.61877911 48.25003138
-45.70547644 -757.78901793 48.36523512
-9.76351013 -745.69031526 47.87441615
-79.17649312 -700.36362092 50.35485965
-57.90558311 -766.55620666 48.62759211
-33.69486897 -793.43663434 48.58228635
-51.67554761 -784.67466907 48.50413594
-21.84441288 -763.52463605 48.24907564
-24.68678954 -737.18018506 48.64674869
-31.20661161 -727.64365532 50.80903519
-18.83031607 -766.63837752 48.45996508
-57.86915328 -724.66505884 48.31407834
-60.78792396 -754.71004031 48.36748260
-18.76202324 -733.64607687 48.09150184
-57.93927603 -757.50673946 48.43367500
-33.81131399 -715.63570598 48.44103359
-42.51229350 -742.10375412 52.27327352
-102.70184094 -730.57568653 48.38104339
-83.69271429 -771.44895238 49.48129286
-54.52004852 -709.52331437 48.41031781
-30.93607087 -709.73745582 48.42590597
-12.72895921 -772.36995773 48.38611653
-87.75032265 -757.60387549 48.66993733
-52.00785798 -796.76395392 48.61224090
-56.58530881 -728.06064952 52.71675929
-27.96394849 -737.03315172 48.22875345
-66.84243029 -778.67381549 48.54838240
-56.08376023 -728.12406053 52.78346754
-51.77046725 -730.96379332 50.73386617
-60.71846037 -691.53002660 48.11382131
-48.88086362 -709.49252217 48.52062575
-96.62492684 -721.86859963 48.60494632
-48.29295053 -736.77912390 52.64613616
-52.05428287 -721.42395280 47.76446353
-33.86447441 -709.58011905 48.44834254
-0.73147377 -736.55072574 47.93078384
-63.81079015 -748.60432263 48.16606525
-56.15196458 -727.82678646 51.92741875
-48.53986777 -790.34068480 48.65826355
-38.07873684 -747.42976579 49.64143158
-45.90226928 -736.69320116 51.73406411
-42.69573976 -739.63497315 52.09582593
-80.25058000 -702.18534000 49.83954000
-36.95327518 -739.74942833 51.93568311
-57.66016914 -712.73830129 47.90089394
-37.34123376 -745.32879907 51.52764760
-33.89167637 -790.71597325 48.75438515
-75.11094676 -697.84931885 48.38671689
-53.46921290 -744.39684839 51.34383871
-33.81424251 -749.14172994 47.41165280
-10.83243000 -774.93962000 46.24384000
-0.86898398 -751.64303739 48.13810305
-0.84619310 -733.62854753 48.06924416
-30.85831698 -751.47114965 48.21693976
-42.89381096 -724.99726252 50.09103782
-72.83016712 -769.86430941 48.39572948
-24.88395519 -757.61797586 48.23258023
-71.40556667 -778.69193333 49.43930000
-54.58703691 -729.99324032 48.53655537
-36.26809802 -746.65183861 48.69935941
-42.75734494 -723.78458268 49.24184099
-57.76899156 -778.63746050 48.21047676
-87.86311383 -724.73467463 48.59639524
-42.71791493 -730.46828903 51.22300466
-92.39622000 -762.45571500 49.73960000
-21.94618497 -760.70754869 48.43724280
-6.19940769 -770.01020000 46.29034615
-66.79971592 -712.52684717 48.63491637
-6.83557799 -751.62867704 48.06969037
-51.69975487 -715.57055559 48.18457560
-63.71465612 -715.48021429 48.53736837
-39.65522706 -727.52333143 51.00253883
-60.82031441 -718.54997841 48.49396443
-37.55650060 -736.51048550 51.44667674
-30.89917160 -790.60715331 48.53502107
-9.89490883 -772.65842480 48.27427523
-15.92749670 -700.73577250 48.43147472
-66.97658217 -751.50251918 48.01416100
-42.83670677 -736.88974196 51.70322897
-48.80911352 -730.53097164 50.94561448
-12.67612744 -718.64175524 48.07071508
-27.62948374 -729.78782185 48.09083934
-66.88821049 -766.57714242 48.58914683
-96.77659146 -736.46625767 48.31408328
-35.45707500 -747.29190000 46.28245000
-67.05381009 -733.60782138 47.52017827
-34.10463878 -747.33467755 46.28917959
-80.40460000 -699.08100000 50.70625000
-51.79943937 -726.46240906 46.29247913
-81.85882752 -721.83310024 48.65141864
-21.82621361 -730.42485144 48.11902317
-40.68156500 -735.66810500 49.24195500
-39.74351957 -739.72904282 51.74753672
-33.97951850 -736.67148899 52.68328194
-34.12227445 -746.65325401 46.06654672
-6.81222539 -769.34011715 47.96542175
-72.90594180 -703.66222689 47.70462490
-39.79296935 -724.76183984 50.36127534
-36.64120762 -742.74857884 52.22702066
-33.45114934 -745.38695647 47.50507674
-39.40777600 -800.95504000 49.46503600
-31.75464594 -730.15002874 51.39260430
-30.72125507 -748.95855109 47.88844529
-46.84262000 -723.47951854 48.96616390
-27.79572896 -751.62724981 48.53191330
-50.77993333 -729.09420000 49.60195000
-78.24900719 -698.14343404 50.30926131
-21.85917750 -742.73012873 48.16969760
-3.70195831 -763.51835448 48.02820514
-72.94256561 -730.52646678 48.62904693
-69.76502538 -706.57916764 48.51398740
-104.90470557 -748.06297688 48.99161114
-46.14165255 -719.77640146 43.18750511
-63.89321794 -712.60726935 48.46674887
-3.86825894 -751.61219742 48.04304893
-24.73396088 -754.37354655 48.61567894
-21.62149734 -757.41277259 48.36969044
-51.96926671 -778.47502878 48.55310887
-46.05520274 -721.04896550 44.62128465
-18.56544109 -760.33951166 48.49575208
-9.11493671 -772.02241646 46.12551392
-15.84505140 -742.71734015 48.06177195
-60.67795045 -715.86561678 48.26398956
-57.86660371 -718.54210044 48.23773651
-69.74185573 -775.62241961 48.63666041
-86.35700000 -715.24340000 49.43070000
-73.06171218 -694.63878487 49.73876429
-63.86103333 -687.17383333 49.45700000
-54.78817986 -721.59885272 48.33286792
-3.89353924 -757.70707933 48.07054422
-30.91980213 -731.05975957 48.51925213
-35.02152133 -744.51984400 51.39710933
14.08757406 -733.69746681 48.17280550
-37.02235235 -727.89810891 51.04260047
-15.72846011 -763.54706845 48.41020578
-12.69840343 -766.50826184 48.43173335
-15.87406059 -703.60317933 48.27718638
-9.79205612 -769.43478824 48.11260894
-42.78944064 -733.52634078 51.44843935
-7.66186520 -774.31879744 48.89830769
-48.30919416 -727.50323420 50.43568268
-33.40960589 -736.42747496 51.73011218
-54.84758574 -760.66659990 48.51173256
-87.86227744 -727.52824312 48.68075274
-42.88145134 -784.66399448 48.77051714
-33.86021378 -697.58301011 48.30608375
-45.76658868 -730.77006060 50.93471578
-3.80015980 -748.61651768 48.14357014
-7.83445444 -772.41615046 48.86712398
-51.35794728 -724.78851375 45.65554051
-57.70087097 -739.10773226 52.88659355
-90.48375825 -718.65296895 48.52279421
-33.95122698 -733.63121923 51.56859823
-87.87177628 -736.70149216 48.48964008
-42.11610000 -737.84962253 52.64127912
9.80910833 -742.33361667 46.37026667
-45.76297986 -790.41597956 48.63006849
-40.12023909 -736.87327978 51.31834252
-69.85809384 -739.60773621 48.49856820
-76.12511193 -697.29256807 50.06512716
-72.72905800 -700.44547547 47.78424129
-51.84931058 -799.68150965 48.64005158
-72.65412341 -727.97729188 48.70603802
-69.57589181 -703.49767375 48.05793782
-33.68125137 -691.85497055 48.15897919
-66.77604046 -706.60264992 48.42111877
-6.84978760 -745.55070061 47.91558498
-55.07051523 -694.74034155 48.55394224
-63.85143017 -709.66271604 48.46329256
-33.48058927 -742.30148279 51.82285778
-12.86862531 -736.64219507 48.36116608
-99.54536364 -721.15971818 49.94718182
-34.03553598 -682.66209728 48.47690533
-33.70594620 -685.51561722 48.18379096
-18.83236253 -745.66660839 47.80615351
-27.78802742 -748.57844780 47.96105857
-24.79162126 -751.69580496 48.31603334
-60.50842459 -793.40120905 48.68764736
-36.09484575 -736.84340065 48.71093203
-19.27285714 -783.24759048 49.51188095
-21.71655544 -751.49429970 48.35508965
-72.71022414 -766.66970380 48.56410359
-84.66765705 -754.77983578 48.57327363
-69.90775634 -760.51220375 48.52064750
-36.85270014 -790.61305334 48.67274743
-24.95833031 -739.91975142 48.54800469
-93.89855418 -754.85332019 48.57286834
-60.85659142 -712.64438326 47.83098664
8.04673098 -751.72396620 48.05580908
-92.62579091 -713.66024848 49.83955455
-93.49413243 -721.68572289 48.73386975
-66.64668817 -697.42376138 48.24188747
-57.86112768 -715.68244946 47.87033204
-33.07924634 -743.87338293 48.92947154
-65.11730000 -711.83273333 49.51306667
-9.74831168 -766.48133411 48.26212575
-21.87477146 -754.66552320 48.41547777
-12.73449754 -763.57001160 48.28197769
-78.87455654 -736.48611066 48.52565466
-27.78522777 -724.65291936 48.06943605
-12.84499190 -712.71878536 48.15650299
-8.20052000 -771.34742000 46.02990000
-41.38737500 -735.87267500 49.37935000
-78.82778155 -760.88835425 48.39429762
-21.82198223 -709.58621520 48.34988099
-49.73450334 -723.95820612 45.44143859
-45.81480457 -727.52096485 50.63382104
-21.57202530 -733.53336742 48.12970843
-36.59128836 -740.45115204 52.57376824
-72.81307528 -772.46984633 48.55405723
-72.91032740 -775.67658944 48.44852008
-72.97813672 -697.72834623 47.40293156
-69.78584771 -700.70358632 48.31942852
-48.00810163 -725.16672489 50.20998600
-40.33187538 -733.22903686 51.11124611
-30.94521484 -740.11892005 48.69367775
-75.60092527 -695.54040403 49.99411099
-37.11319231 -734.42638462 49.00055385
-51.22801905 -801.73203190 48.78923190
-60.82210876 -709.56287034 48.32901021
-72.68550170 -754.77436353 48.62664993
-40.29634000 -734.95688000 49.19288000
-81.75294644 -766.57809115 48.63651843
-66.76792402 -781.69764108 48.61004272
-45.87815461 -787.74094785 48.57751096
-24.64014682 -730.40509752 48.17651722
-72.81035468 -742.57830575 48.37251725
1.90894846 -718.75899573 48.22011451
-31.27144041 -741.97011985 51.31247016
-69.31585172 -703.59684828 49.77848276
-54.86217527 -715.53820179 48.09954081
-64.69590000 -785.84460000 49.44805000
-15.92125968 -757.65913877 48.44380102
-48.84652809 -721.76860459 44.94685015
-4.72950499 -710.34738124 48.39587126
-13.04623025 -760.72638085 48.17848157
-39.63823514 -719.94281351 50.09102703
-9.94894352 -763.78691349 48.33240422
-36.84650264 -706.51117619 48.42401459
-57.76539111 -772.56401381 48.59656657
-6.91078080 -766.72725031 47.68185778
-74.85447500 -695.76495833 49.29020000
14.15181208 -730.75052336 48.10868677
-45.89888597 -724.60649556 50.37057728
-39.60838444 -778.69736401 48.62272007
-18.71577894 -730.72580501 48.04790472
-6.85349769 -709.69555426 48.19181787
-42.96102147 -694.78906697 48.64812106
-72.54942075 -694.93153720 48.50101253
-27.78567858 -742.67674921 48.42736818
-93.70399058 -748.58740417 48.53253489
-63.76850051 -703.60764605 48.40131114
5.12801464 -757.65996201 47.75041356
-49.81745374 -720.78837789 46.78320102
-4.05932226 -712.81518053 48.18288781
-84.78914273 -763.47003669 48.61725594
-48.96685604 -715.74767267 48.38249100
-34.90654148 -737.04831875 49.04560000
-31.20314995 -739.84767977 51.53182009
-36.49334862 -732.98765766 51.31986538
-38.14598095 -736.32845990 59.91741053
-13.01116218 -703.63525750 48.31216101
-24.85204914 -745.60525879 48.08657561
-48.91263020 -697.69663741 48.20013840
4.61809620 -760.03222323 48.24261128
-93.65912070 -757.59719702 48.59025299
-18.75851144 -751.57173806 48.34045779
-96.38352959 -757.41059244 48.83886987
-60.74706018 -706.56368602 48.27906902
-21.86312394 -694.67182891 48.33985846
-69.86561129 -754.53801331 48.42521669
-54.73167326 -712.56320562 48.27919092
-12.69280743 -757.49287014 48.31880703
14.15759319 -742.57457882 47.91496613
-43.10142216 -721.92546913 48.86852201
7.96760821 -724.67666187 47.95256160
-9.60025650 -760.64321719 48.02227639
-60.75741076 -739.83122437 47.54322404
-48.96439273 -718.08253890 47.76330848
-32.50239419 -737.30150814 91.48957326
-45.80718127 -703.68077614 48.37654957
-48.74815903 -706.64745292 48.55788772
-6.81782310 -763.57675628 48.07972253
-27.93218262 -706.68346843 48.41269250
-69.47320228 -694.59750038 47.73677669
-90.67482832 -754.80059496 48.40194150
-45.00742855 -722.76728927 49.93512568
-31.12721199 -736.18102302 51.75461448
-16.23749041 -698.44251069 48.55342563
-93.82639251 -736.64270849 48.41257073
-28.93500556 -740.60598889 43.93315556
-38.20990000 -675.02892500 48.40457500
-63.51679982 -700.46388987 48.33572230
-57.74184219 -769.68876212 48.63402741
-60.58698192 -703.38944812 48.37949482
-57.56786983 -706.34542656 48.21059915
-90.70919019 -760.59657970 48.55146786
-66.52490870 -787.27443072 48.72857413
-46.70525478 -720.36508153 43.15276306
-54.88461894 -772.77056296 48.46876904
-18.80083746 -748.60187623 48.09999770
-15.81428832 -751.53296414 48.38884817
-9.81856443 -727.80492776 48.07370645
-12.76435596 -754.51925253 48.21071053
-9.68140705 -757.50136155 48.18650965
-37.02557808 -720.42618356 48.87923014
-42.19341847 -721.29532345 50.07766824
-6.67869996 -760.46742826 48.00292769
-40.00128882 -724.76923329 84.82190888
-70.01334880 -691.89183680 49.70051940
-66.81442512 -694.58309759 48.14841323
-51.53076821 -793.62912781 48.42634901
-63.77933048 -697.69138589 48.37872722
-51.70681667 -700.49470019 48.31157412
-27.83765566 -703.54076624 48.37138827
-60.85829041 -700.62889939 48.51929158
-46.01752001 -718.01456321 47.81578354
-33.71806578 -730.65629269 51.29330548
-0.88733434 -718.69161930 48.11789523
-24.37624905 -741.33451274 92.08275766
-59.27280000 -757.68330000 49.43560000
-29.75100511 -737.15074234 48.58792555
-69.92500888 -757.52396999 48.69911586
-93.17143243 -714.85038378 50.27562703
-31.06231822 -733.62002435 51.42244574
-45.99807342 -772.33954977 48.49922208
-100.73880357 -723.44349643 49.51722500
-54.94599461 -794.36842096 48.61275749
-57.93330861 -703.71021345 48.33272158
-18.93950057 -706.66369047 48.23835588
-43.78210000 -720.63028621 45.27385287
-1.47637598 -765.76051422 48.49812459
-52.10043714 -709.75404198 48.28174837
-99.41285294 -754.79066176 49.52899559
-63.96602309 -694.83094497 48.07354936
-15.84085485 -748.65800999 48.07584171
-63.70500099 -760.68966996 48.42152760
-71.22819231 -693.23251538 49.66673077
-48.66737605 -712.57657906 48.65600903
-18.80253522 -712.52560667 48.33487903
8.08722322 -742.50725134 47.32096315
-9.96853314 -718.60543675 48.07354700
-12.90799759 -751.64706348 48.22232244
-9.90167340 -754.78185292 48.11271144
5.04927600 -736.76364352 48.04002992
-0.82578520 -730.57738235 47.75924229
-8.49659121 -772.57137143 49.56926593
-66.88264213 -691.75441866 48.20581188
-6.86013643 -757.69647191 48.04163245
-0.94515118 -763.61724587 48.11063930
-63.73400057 -784.72602243 48.46124704
-39.22481280 -734.89397924 63.27628685
-51.69323057 -790.50107829 48.66582514
-57.82086823 -700.65553791 48.45408422
-54.75289375 -746.25425000 48.25391742
-33.70039331 -727.61223401 50.80161973
-54.78388240 -703.64096926 48.36155927
-78.84114270 -730.75438082 48.63397402
-51.77567038 -706.67195563 48.18645104
-18.93291569 -742.82433323 47.95247448
-46.61930000 -707.30434000 49.63297000
-6.95939496 -754.68780814 48.11764398
-36.75514617 -718.04064617 48.39651369
-42.99845714 -767.07402857 49.51597143
-68.18956458 -690.42595833 49.59080000
-60.53461231 -694.53975368 48.20120198
-66.83227131 -745.52396665 48.22904459
1.34088284 -763.04117601 48.47227496
-21.71102794 -778.51880153 48.56602210
-33.73404964 -724.71544778 50.50414660
-24.81443194 -727.67511859 47.95037699
-3.86668034 -754.60226844 47.98360528
-0.82817207 -727.67548662 47.75280230
-0.81493107 -757.60896483 48.02804461
-63.78471436 -688.62121833 48.23766096
-36.82049204 -715.62399093 48.38174328
-42.80253554 -775.44831572 48.42223074
-57.75702519 -694.61626256 48.23438829
-69.91238583 -745.70507514 48.23201671
-29.88714085 -727.92327042 48.56533099
-49.66475000 -685.12740000 49.51670000
-27.69661516 -727.58386908 48.02653446
-34.53072944 -722.79315724 50.47132009
2.18476955 -757.57943488 47.93057377
-54.39136667 -797.03266667 49.49700000
-6.86098300 -748.65142443 48.03877952
-72.48710052 -724.27046876 48.70494618
-39.83707381 -781.66078668 48.66341854
-33.32564284 -721.37865341 48.21154771
-61.15650792 -688.96167747 48.33439378
-39.56148450 -715.42398780 48.38006195
-72.82879675 -748.66077226 48.57473735
-33.69768442 -718.49371241 48.20670127
-57.78616818 -763.62734170 48.51921377
-30.82395299 -721.58214695 48.17079907
-57.79634316 -691.99066725 48.33428350
-45.60222621 -709.46915895 48.48139784
-42.88933320 -709.60228336 48.36156187
-57.71016547 -760.77078827 48.46065894
-104.93475886 -728.72591392 48.34479430
-48.56535967 -703.62833542 48.38188708
-81.79722097 -757.65538206 48.54182974
-42.81423058 -712.36501007 48.38812000
-52.01594807 -697.74599512 48.55736266
-40.12532108 -766.60225359 48.53470067
-37.87740913 -733.05999368 78.44615129
-42.88608905 -706.66858007 48.47284219
-54.23239286 -685.92557286 48.58277286
-41.35962000 -732.32656000 83.36740000
-18.65875738 -736.47372046 48.17696120
-39.95189798 -772.77721831 48.69418689
-30.80046773 -718.60356137 48.37424874
-27.86140199 -712.85721844 48.47255510
2.11645378 -754.68992326 48.11636257
8.37919811 -754.59703174 48.11943592
-27.88798486 -721.47720582 48.15494591
-57.88596831 -688.75891759 48.37278277
-75.73694424 -769.77822183 48.58529363
-24.72632400 -724.64044322 48.37383782
-21.72383068 -727.74068649 48.21641369
-60.90158651 -787.53236844 48.28628795
-15.78790993 -739.68185472 48.30281562
-59.54494286 -795.32743175 49.06704127
-15.76202328 -733.55827857 48.27156855
-89.74407692 -765.46185192 49.62549135
-9.77286793 -742.60741471 48.01189449
-69.84315846 -727.38884725 48.73909962
-42.98752184 -703.67685314 48.35700673
-6.92177068 -742.69755444 48.00072302
-39.67858528 -706.65352632 48.40255967
-3.96655278 -745.68925483 48.01362594
6.17820000 -759.18970000 45.61655000
-86.75535079 -768.46957566 48.84467143
-25.14578799 -784.70462276 48.53930241
5.98531818 -758.98975455 45.67430000
-33.73714599 -712.60368005 48.48672882
-0.59010000 -764.60190000 46.41560000
-0.97854164 -748.69916356 48.28589267
2.06647397 -751.68543218 48.04725468
-27.77947898 -718.58023476 48.48939248
5.04942405 -754.73935026 48.18107299
-58.15183884 -685.93645848 48.27522589
-33.86198462 -694.52238422 48.22303614
-66.93202999 -775.35239576 48.53159336
-24.72915895 -721.54248320 48.48537918
-54.75380167 -689.14427759 48.70184444
-60.78387471 -683.47378046 48.80138161
-81.88600485 -748.30644950 48.58426045
-51.81265246 -691.59808157 48.61072612
-29.31120000 -741.00100000 50.51430000
-18.88082664 -727.45809784 48.24297833
-27.97730213 -775.78672654 48.53748600
-48.70221301 -694.54316187 48.66508958
-18.76367543 -721.51260890 48.33622447
-15.82414715 -730.64425893 48.21951945
-65.36590000 -687.10990000 49.38170000
-78.91635785 -763.70251743 48.40050134
-49.76547143 -779.09408571 49.44892857
-37.28387238 -719.66200962 49.98534728
-36.93145620 -721.67614225 50.65875649
-47.40674444 -720.60591111 43.39238889
-37.49840000 -738.19685000 47.77310000
-36.75445821 -744.28920286 52.83138964
-43.07769082 -715.76933595 48.60418402
-21.87399378 -736.72579230 48.39668749
-57.85192244 -775.53421124 48.45087119
-45.87133519 -712.74667504 48.56153862
-17.01590414 -741.88068674 92.59489171
-18.90974840 -739.91914251 48.22866397
-12.76411159 -733.52981174 48.36492965
-58.27899091 -739.73044545 46.19432727
-45.68375749 -697.45811789 48.51080859
-81.70286065 -745.84642169 48.03492538
-39.73184313 -703.52931949 48.42048877
-30.60514000 -688.74361803 48.19404888
-3.99844561 -742.63051257 47.98044964
-1.11708502 -745.76373579 48.14454714
5.13281499 -751.68820931 48.07762838
-30.86123111 -712.62289706 48.54831772
-64.05233954 -787.59043982 48.29446557
-27.90106903 -715.63188516 48.41470003
-36.73255850 -694.86166654 48.20535725
8.25433503 -748.51001576 48.15272986
2.12346449 -733.59328600 47.95514325
-9.91820335 -733.65444441 48.20594795
-24.82287165 -739.67659385 92.45506610
-6.89799359 -736.51675921 48.21177617
-60.86026725 -748.55731948 48.13147965
-3.74268008 -739.57407320 48.08242746
-14.42033333 -770.40096667 49.52200000
-58.61391296 -683.42480556 48.22758889
-9.98070802 -706.70024788 48.28069680
-51.52034082 -688.73857078 48.55464007
-78.60064545 -712.45539091 49.45583636
-48.76639930 -691.60631268 48.74423005
-45.77688436 -694.62375133 48.70231991
-42.81766880 -697.68987242 48.63343907
-21.83446640 -721.75045356 48.39872772
-0.64760429 -742.47687228 47.92734026
2.20335382 -745.56598336 48.15032458
5.10799775 -748.67843022 48.17575939
-24.88397090 -715.66329560 48.41230505
-39.90547384 -700.58173680 48.35865430
-48.87372716 -781.70473628 48.55997877
-27.93081933 -688.61413687 48.30004641
-27.81105009 -691.46615972 48.30026028
-27.73304524 -694.74184278 48.21558224
-28.34447617 -686.34535252 48.43818009
-88.07035734 -754.52630815 48.36446935
-30.93070550 -691.59015091 48.12728262
-52.78900000 -695.41170000 49.49720000
-30.78074061 -694.58772413 48.24643069
-57.77146208 -793.53169387 48.72818086
-36.74392085 -697.45457319 48.19425317
-46.99953372 -717.78132375 85.36094521
-69.90769931 -730.55768072 48.67320833
-14.77374286 -773.92954286 49.52855714
-42.73594103 -691.48880322 48.51074961
-72.74695000 -733.39596999 48.52708384
-63.71446645 -769.67870004 48.55544494
-99.65427456 -733.40752077 48.28796805
-75.97665985 -733.66710908 48.52816917
-78.91999412 -739.67949109 48.39880303
-106.41784074 -729.52509630 49.48739259
-81.84266715 -739.48788208 48.34315310
-81.92699453 -742.63958742 48.26401396
-84.86722011 -742.50726678 48.34552586
-84.74229953 -745.58208728 48.25671469
-9.88686805 -724.46714726 48.19993993
-87.92383158 -748.44677903 48.33492215
-90.98626911 -748.66589108 48.57148461
-37.00684136 -769.84553051 48.48340626
-90.65212584 -751.55071427 48.44005119
-76.03048989 -778.78476330 49.49786968
-94.01652784 -751.51829413 48.56629738
-21.79207948 -784.57471234 48.87652281
-72.84600988 -760.58812229 48.31955380
-45.74347845 -718.65498695 85.76163344
-96.82480507 -754.53277765 48.64537161
-96.59989524 -757.88665143 49.53789619
-39.80772654 -697.84293728 48.27741856
-25.51427212 -734.85578909 91.60797636
-45.72648664 -715.34855005 48.50659340
-31.53152017 -683.34268981 48.47433588
-99.32288272 -754.08887409 48.75927595
-84.75662627 -739.80263180 48.20761727
-90.72640644 -745.71886265 48.51910132
-51.75125977 -775.77862671 48.41204023
-93.95934385 -724.73684714 48.67890347
-75.57516524 -730.62863623 48.66345953
-3.80813634 -724.80333662 48.03503346
-81.69767790 -736.74340629 48.50765985
-46.38340000 -732.22720000 52.56190000
-101.58908750 -723.94372187 49.10675156
-39.56191556 -694.47151125 48.49651576
-33.88245968 -688.63354860 48.15827923
-36.77268422 -691.59461931 48.37441702
-96.72172420 -748.89963303 48.68272339
-66.72789808 -739.44101053 48.20324049
-99.56362176 -752.02167400 48.79795123
-15.76309325 -715.63780853 48.08091793
-90.59324640 -742.63310946 48.41227890
-25.53289054 -689.35748540 48.40719152
-66.65643041 -730.61559011 48.29303498
-111.67174667 -734.87742000 49.20143333
-69.66682422 -733.80906987 48.33893585
-54.95004665 -769.47197422 48.69038399
-72.79459654 -736.81694808 48.34198575
-66.84719108 -784.59824387 48.52122791
-75.80217978 -760.62668351 48.53531579
-75.65746298 -739.73608586 48.36367463
-78.66412747 -742.75149278 48.16299633
-24.65639177 -691.66007566 48.01270293
-30.68166225 -697.72499494 48.22204096
-84.62736061 -748.72669965 48.34662905
-87.76383279 -751.74479201 48.40775518
-26.08834602 -734.49228750 91.21626364
-69.79932518 -736.47159460 48.44730408
2.17960498 -721.73989658 47.92242490
-72.92242853 -739.56162309 48.33895878
-72.79916364 -781.43599545 48.68112174
-75.91870576 -742.59613530 48.26291216
-24.89804346 -694.65898732 48.14058551
-69.09700000 -733.70760000 46.42180000
-78.92244731 -745.56210075 48.14028139
-14.59719259 -778.81179259 49.54479259
-18.63113609 -703.59641271 48.25200000
-45.93011440 -754.48367873 48.30108393
-27.86343596 -697.59541709 48.09983483
-36.82485723 -787.44699254 48.50054237
-61.46880759 -741.72361452 48.33167195
-30.86364493 -700.50917120 48.08695307
-85.01943904 -751.42744032 48.20904007
-54.80941045 -748.63207171 48.13970370
-33.99330338 -703.58890591 48.28877634
-31.12151888 -731.74130825 87.60193457
-94.29154124 -760.44485650 49.53735198
-22.58501823 -692.29003485 48.27541353
-64.23723918 -733.28953664 46.86279178
-66.88926050 -736.68057790 47.44451549
-61.07910323 -746.06754372 48.06455940
-24.80228491 -697.61820462 48.25791326
-27.77272950 -700.56201388 48.26646130
-43.24880928 -721.88704783 85.84374150
-75.85428156 -745.68773377 48.43651750
-87.59079483 -715.41020317 48.68204317
-90.80590120 -736.62832379 48.45003921
-78.78797190 -748.49283639 48.34121609
-30.90551665 -703.70263645 48.34295389
-69.85724522 -766.71810873 48.60327757
-81.77762524 -751.65483394 48.41686377
-45.76715444 -715.11295991 89.78340203
-62.92266100 -734.34146332 46.20673514
-27.01806293 -737.42094134 91.60577126
-21.87359239 -697.59858007 48.33848505
-88.17991577 -767.10466598 49.57938216
-64.57219027 -737.17191193 46.67082779
-56.61623617 -798.32688723 48.69666809
-6.69011036 -718.60990031 48.11207618
-63.66048921 -736.46194912 46.13572819
-65.59466000 -789.24124000 49.08100000
-69.84356998 -742.54735006 48.32964138
-41.71778230 -721.44073964 85.24621674
5.21021930 -727.54618797 47.76787373
-24.90981929 -700.61461137 48.21372949
-40.20780598 -674.20381026 48.30831795
-63.81492291 -778.56834940 48.31002966
-30.80474754 -706.50228878 48.22334416
-72.82059470 -745.54459318 48.39609825
-75.86044854 -748.60968640 48.32733899
-39.69976774 -790.50026755 48.69377315
-78.91843603 -751.36758862 48.36210026
-79.74190000 -724.63950000 49.45380000
-19.58088518 -695.30048825 48.43731193
-51.79935059 -760.52858202 48.34250295
-81.98171837 -754.66160359 48.66171852
-78.45232793 -775.29705772 48.76463504
-42.72948851 -772.53434387 48.76709041
-84.98592617 -757.58218084 48.72237445
-87.92832697 -760.38213283 48.74596623
-92.75485319 -762.48355426 49.02286277
-42.56026606 -718.38837003 48.27143048
-33.91245657 -775.79290261 48.68798767
-91.31845224 -763.77939204 49.58977122
-64.30936454 -739.28471902 47.69024444
-19.02235850 -697.66592813 48.45557730
-21.78269208 -700.53192131 48.26224798
-24.77965446 -703.54516985 48.37743074
-43.48410521 -719.25736190 45.73039425
-78.77164678 -754.73056389 48.58049956
-84.86116182 -760.78403404 48.72061693
-87.72389710 -763.65426230 48.61949494
-62.02624000 -737.95781000 46.59599000
-96.79143000 -718.74379333 50.01069667
-15.91136537 -709.61546409 48.28723335
-18.82183507 -700.63197124 48.35423184
-21.86502481 -703.69702432 48.27517866
-24.79341091 -706.59312333 48.34466126
-63.85759690 -742.61590576 48.05033588
-72.76872535 -751.46267217 48.48585478
-75.80136866 -754.60331925 48.53659037
-27.70863639 -709.48489700 48.31300628
-78.91263233 -757.53887125 48.56916362
-22.41206385 -781.46074358 48.59531070
-81.84509833 -760.54239828 48.67555370
-87.71390718 -766.47952884 48.78681222
-89.64932990 -765.45637887 48.99661959
-49.84928889 -729.23103333 49.36077778
-0.71254110 -721.55475230 47.93310750
-85.58543750 -763.00095625 49.59919375
12.84750612 -728.68318980 48.08520816
-58.38374735 -740.06610720 47.25017045
-59.92168665 -744.58848723 51.88893501
-63.86581258 -745.63962323 48.05381785
-67.10795325 -748.75574815 48.26685075
-62.75787039 -742.74638553 51.98168553
-81.71905330 -763.75584627 48.70578604
-44.29145000 -714.02185000 87.90785000
-84.70521001 -766.70493276 48.66252927
-60.85595651 -743.01793525 51.04368677
-51.84900968 -734.39947419 52.72470000
-57.00246794 -739.81089389 51.93763969
-39.99269565 -801.91747826 49.81446957
-61.65242222 -743.72829608 52.89643529
-86.85953333 -768.39176667 49.65618869
-72.85491979 -763.66305080 48.59495321
-72.72218681 -757.50660759 48.62263288
-24.75043879 -712.56435459 48.37785479
-49.08933333 -711.73406667 49.50550000
-60.42805484 -744.74656310 52.84158931
-84.67884562 -769.52422149 48.58089501
-56.06051429 -740.05812857 48.09597143
2.16019911 -727.53811148 47.74152010
-85.32454483 -769.79121226 49.53261379
-75.06246667 -758.85540000 49.45176667
-13.31353636 -701.19482384 48.50985606
-55.14837266 -742.83511860 52.82741040
-54.87576058 -742.05273892 52.25184162
-58.30408383 -744.53006688 52.10246641
-42.63422295 -760.70231709 48.48725782
-66.84234125 -754.57156478 48.24404958
-15.77317002 -706.50660919 48.24285906
-18.82956735 -709.58266695 48.35894379
-44.96030000 -775.26379231 49.48253846
-57.88825185 -745.01674974 52.68485409
-75.85567462 -763.64309209 48.54208592
-33.77529399 -781.44159188 48.65805711
-52.85645517 -746.48262299 48.28322184
-21.86872441 -712.55351500 48.40096483
-78.86519366 -766.54328485 48.40528868
-30.24307500 -738.91088364 91.60269240
-60.95059735 -769.50059165 48.55476995
-81.86880468 -769.60831325 48.78730284
-56.80638364 -743.10777862 52.65301914
-75.41086655 -778.29771971 48.83437723
-58.32427677 -746.60813704 48.01937441
-99.97542810 -731.25428783 48.24158473
-55.83510000 -744.23206596 53.48152660
-57.82562346 -748.60711878 48.09251603
-60.85276613 -751.57567299 48.09532532
-63.90951641 -754.56084833 48.30756898
-83.67741598 -771.51535917 48.71800355
-12.83060824 -706.58484848 48.23266905
-86.09970000 -708.20070000 49.79970000
-46.13374729 -800.26699458 48.71514667
-78.81047250 -769.45193171 48.54601963
-21.93883631 -715.60138848 48.56218344
-81.66515576 -772.37919390 48.67823937
-57.78401357 -751.66514104 48.00438882
-12.92463571 -709.58259270 48.25120551
-57.68996169 -754.77377517 48.26646720
-15.79676107 -712.65436711 48.32353078
-48.82119835 -754.64029973 48.37060532
-18.73808675 -715.67057267 48.38540092
-78.69358872 -772.76145608 48.75701313
-21.76816538 -718.69373462 48.44543679
-98.56949231 -719.82265385 49.68369231
-51.75922102 -748.84448935 48.19206352
-54.67312156 -751.77465012 47.99217739
-60.75286541 -757.84211178 48.61314232
-80.37385000 -761.99225000 49.43750000
-74.20190000 -769.26005000 49.54835000
-66.69924946 -763.75131630 48.52855976
-9.77677346 -709.75036880 47.99541845
-7.14950000 -774.57285000 49.43595000
-45.77471519 -760.60411910 48.28738465
-80.71010374 -774.46660841 48.70161121
-18.83458143 -718.69465448 48.41310990
-38.83379883 -736.20144845 53.85964389
-54.92532873 -754.50011361 48.20946724
-60.92871769 -760.44123641 48.48750519
-63.91521109 -763.49575746 48.48008819
-3.83518577 -733.48064160 48.14961724
-50.36392222 -747.83768889 49.53385556
-75.81810201 -775.54403277 48.75120245
20.04189004 -742.57031777 47.98697316
-9.97237957 -712.60959757 47.94968835
-80.68660000 -763.48785000 49.44245000
-12.94574728 -715.53114374 48.08715538
-50.00693793 -749.45782276 48.85943517
-48.92851331 -752.04851435 48.62039297
-51.68332728 -754.76682100 48.24611426
-60.65070191 -763.73474487 48.62815015
-63.73880726 -766.76787618 48.57771898
-49.08654189 -775.43877226 48.29188575
-66.73920541 -769.76205897 48.44803138
-9.70743858 -730.63793286 48.00927610
-69.79742557 -772.67954567 48.56794032
-77.63724242 -777.43974848 48.87572576
-12.88420961 -724.68590055 48.25593526
-48.07126116 -750.49255455 51.20000331
-6.71807096 -712.71019077 47.98242887
-39.24570000 -763.49160000 49.51310000
-9.83172635 -715.73787278 48.07939851
-39.08082053 -739.52746211 52.57589579
-15.84050080 -721.62228310 48.26499477
-51.80326998 -757.63584139 48.23124550
-66.81212983 -772.70372844 48.53242776
-1.10627746 -715.91088410 48.30448519
-6.89776774 -715.61574810 48.00471548
-38.02319091 -724.59565000 84.79513737
-45.65181835 -752.50666546 48.46663988
-15.81111193 -724.47731576 48.16187099
-48.91107043 -757.50737558 48.49125914
-54.75196383 -763.64859093 48.66052178
-63.89328941 -772.42493653 48.46413814
-72.95446250 -782.00122237 49.46456250
-34.13514281 -795.96956754 48.73742442
-42.72543387 -679.88196156 48.54501169
-57.97813203 -790.48039217 48.45730232
-9.75053735 -721.59593231 48.17119964
-42.89616072 -757.57633214 48.35438631
-48.89135779 -760.86566541 48.52351059
-38.54120204 -731.74569592 78.72117551
-51.86473462 -763.82360374 48.49096289
-54.75712958 -766.64763179 48.50397535
-60.78082410 -772.69094896 48.60753378
-63.82910516 -775.66957704 48.50976241
-69.82980054 -781.50417224 48.56345303
-3.84442942 -718.64507551 48.14782585
-51.77373544 -772.57847050 48.36382165
-42.69322455 -787.37892411 48.70086623
-51.73436287 -766.53582310 48.50748727
-60.84352579 -775.58316607 48.57969354
-69.67256961 -784.51709664 48.62691201
-92.54127400 -715.99318200 48.56577000
-3.83972564 -721.49572493 48.09289070
-28.19075362 -736.60966720 90.96126260
-6.78400971 -724.66608837 48.13357469
-71.60578500 -783.33023000 49.46762000
-45.85163480 -763.91000050 48.38006110
-48.80454716 -766.77245128 48.57808678
-51.71579807 -769.56673913 48.54298476
-60.81603162 -778.58140690 48.42677807
-0.83292732 -724.68648928 47.92649664
-45.85116911 -766.54105139 48.47970870
-3.89384540 -727.57445899 47.91127006
-48.77895102 -769.48271257 48.56818416
-45.72409630 -769.72263994 48.56627284
-38.88787591 -735.66375564 62.68443472
-45.48904569 -737.74613807 52.59621117
-6.82682833 -730.57893658 47.94820449
-60.76179218 -781.68441505 48.37136380
-96.79837957 -739.52880735 48.66735070
2.28434185 -724.63778071 47.88183435
-38.03236358 -731.54388278 82.86306623
-48.69821530 -772.76472322 48.33154302
-3.76787755 -730.64468478 48.04047929
-54.67438589 -778.62171991 48.25753740
-60.88336697 -784.51247435 48.34782267
-36.91105934 -763.54594034 48.52136702
-43.11294533 -769.61507192 48.63238894
-54.97893508 -781.40383749 48.21183027
-63.49174700 -790.26142813 48.71175009
-103.86091064 -726.85995745 50.03857660
-36.65301838 -766.56112895 48.53009880
2.03440968 -730.60901737 47.78462224
-39.62631190 -769.42444021 48.64980901
21.90238529 -741.61874559 48.03378235
-3.94977765 -736.77178910 48.07668812
-45.74925975 -775.62595839 48.48941571
-30.56730000 -733.01815000 52.44760000
8.11627285 -727.70861776 48.08090259
-51.68100982 -781.45480320 48.49085504
-57.83265404 -787.56982181 48.24106789
-55.79933333 -691.88283333 49.53125000
-60.81198909 -790.69392797 48.54256748
5.18440980 -730.61060611 47.80323512
-75.57403333 -712.30260000 49.47800000
-33.77493086 -766.54497673 48.67185735
-49.55041818 -797.46837273 48.51719909
-45.93428876 -778.76530881 48.58301073
-54.81038998 -787.45373825 48.29811832
8.16025535 -730.59233208 47.94500607
-62.56659091 -792.35908636 49.07427273
5.15753376 -733.50932919 47.73928153
2.14524500 -736.48872844 48.10496545
-1.00801150 -739.61039881 48.00327411
-33.85446727 -769.41613461 48.66012849
-29.11298075 -735.88853316 50.61893636
-29.12230591 -734.52156749 50.86683990
-7.75624909 -707.34533127 48.30060727
-50.52360000 -747.16570000 52.58180000
-10.46589127 -704.28320524 48.50203559
-36.92359890 -724.74822687 50.71946123
-44.72442500 -728.98555000 49.36260000
-38.12784587 -735.93230550 62.48014771
-62.25850000 -733.73760000 46.43970000
-95.48415000 -759.37638750 49.46713750
-87.72684895 -739.78791337 48.39583163
-84.79676586 -736.61246719 48.55750536
-81.83211693 -733.65612087 48.68097774
-44.29270000 -728.98210000 49.42550000
-61.01634960 -756.45974320 49.60453920
-30.82082634 -736.30364086 52.51999839
1.36155431 -716.48013534 48.38035819
4.22784688 -719.57861071 48.28199375
9.92221359 -725.61601165 47.99284272
10.96624391 -727.81941612 47.96482082
-36.77095646 -772.33639061 48.64620206
-39.74614785 -775.28827914 48.66424652
-43.07124026 -778.52398884 48.26040102
-48.85283404 -784.48577564 48.64345348
11.02120566 -730.65683762 48.16386566
-51.77172521 -787.34988277 48.57603627
-16.37324242 -780.43389697 49.74908939
-55.13241341 -790.27222905 48.10458659
8.15345830 -733.64289251 47.81964715
-22.29178491 -737.43221066 92.73151549
-31.59709246 -737.73042550 91.54719933
2.25046085 -739.52054332 47.93602996
-30.82875840 -769.44099924 48.62912719
-36.94602994 -775.78818787 48.77700952
-42.88687311 -781.72217182 48.61362081
-45.75020658 -784.47715940 48.73539960
-48.82742100 -787.53449128 48.59652109
11.08283128 -733.64320056 48.12275354
8.37666963 -736.59893003 47.89692490
2.00614159 -742.71162790 47.87664196
-27.75040970 -772.44908444 48.57972931
-33.98058773 -734.86029082 88.93950650
-32.34460000 -731.26700000 52.50430000
-30.70979846 -775.48918088 48.70457980
-38.76315163 -733.44199048 74.79122519
-54.62583123 -796.48016679 48.78078845
8.12919319 -739.57533801 47.70227075
5.13803744 -742.42118267 47.74106970
-33.98140817 -778.61835809 48.70805040
-36.82541312 -781.68997851 48.58128037
-39.73292371 -784.55827260 48.62805620
-48.75661508 -793.41795676 48.58919246
-54.69120534 -799.11642791 48.74073204
-31.04710094 -778.76889559 48.68954162
-36.95752167 -784.70176742 48.44480836
-39.83233537 -787.73485443 48.60220739
-41.67819149 -720.01127234 49.65588511
-39.73771560 -721.99600513 49.13052329
-39.45550537 -721.90185327 50.42301742
-2.09415256 -766.69151282 46.20327436
-53.24980000 -699.90410000 49.46770000
-32.14316667 -730.78895000 52.49056667
-62.50125000 -706.97942500 49.80425000
-53.41523333 -696.26390000 49.43603333
-29.28242500 -726.30210000 50.91062500
-54.29934000 -689.19404000 49.45642000
-51.63988243 -686.03096399 48.61599938
-48.88648476 -688.85912835 48.53503156
-45.95748446 -691.71122051 48.60350265
17.28119277 -742.59788432 48.00114397
-53.24161818 -686.27600000 49.57956364
-48.72054109 -799.62187816 48.64506149
-27.60531658 -784.35281562 48.55801658
-48.96757841 -685.74421120 48.66276126
-46.00758625 -688.73781328 48.53643975
-45.79626617 -685.66804692 48.56909982
-39.75680128 -796.49349008 48.67326128
-42.94975280 -688.61255563 48.45082960
-93.93966028 -730.62727760 48.29267503
-39.99668870 -691.65515346 48.43062617
10.24809610 -754.10981244 48.36445171
-22.99503696 -716.34256739 49.51657391
5.00811604 -745.79481546 48.04974811
-39.76302512 -688.54418885 48.32501505
11.24346251 -751.51983411 47.87496792
-42.81538224 -682.52750202 48.46722003
8.53745265 -745.72378477 47.83828700
11.21985987 -748.56953919 47.88592493
-39.67187989 -685.60259283 48.33637674
-36.83223417 -688.67248762 48.24838354
13.74997537 -750.88145507 48.08912090
-45.61164667 -679.98942458 48.57722625
14.14152227 -748.59525028 47.70683393
-36.90213031 -685.56252296 48.19446244
-29.71860667 -731.99266000 88.45670667
11.05153642 -742.55645875 47.11081562
-39.82652321 -679.68930084 48.36504590
14.07239040 -745.79983164 47.96777454
-5.02966176 -769.33191765 46.25724118
-36.66185594 -682.71924246 48.38455106
11.26533802 -739.61786012 47.61271895
16.32958185 -748.20564574 47.99332269
-39.82809734 -676.95016280 48.44698116
17.16609871 -745.51154976 47.76531704
-30.88979497 -685.62153233 48.45165604
14.13095000 -739.69059535 47.78246236
-37.18172576 -676.94488824 48.36814341
-29.25700000 -732.04095000 88.47292500
-34.53969257 -680.08455072 48.46075308
-90.59967799 -724.72034960 48.66408556
14.06501479 -736.65275307 47.92390647
17.16919408 -739.64038545 47.93462632
-110.91317818 -735.56978455 49.00065818
20.12772879 -739.64448074 48.03063268
-73.79925000 -747.96905000 49.69865000
16.95790332 -733.80286403 47.99483112
21.99380632 -740.17261897 47.86927356
7.31999063 -722.62836719 48.11508164
-32.38910000 -779.79170000 49.47720000
15.84908571 -731.58861111 48.08749365
-87.95418600 -718.94773727 48.36282404
-30.73016190 -727.78266429 52.52901429
-107.67037222 -744.55463889 49.05935833
-61.20767273 -701.41791818 49.48461818
-60.99898571 -706.28755714 49.77977143
-29.06120556 -792.27884444 49.02600556
-58.64786429 -709.26970714 49.53619286
-43.83270000 -731.37130000 52.43200000
-26.25322000 -735.22095600 91.38986000
-47.64315833 -680.69475833 48.46319167
-44.90690357 -677.26048214 48.44334524
-42.74822500 -676.51770682 48.33305227
-42.52610776 -674.37513621 48.34180172
-38.14809733 -735.48691733 66.14806089
-78.82916255 -718.64724598 48.69374839
-36.74862509 -796.68732961 48.61848038
-84.55452520 -713.05387864 48.81748568
-77.11905833 -716.68832500 49.76011667
-75.67072215 -721.44233117 48.72713861
-78.69237112 -721.43250446 48.75735481
-75.88377472 -724.71747142 48.71257830
-48.78409326 -802.61243453 48.76301558
-78.92143277 -771.73462147 49.54039322
-48.57890000 -734.90350000 52.58150000
-84.63654071 -718.69407029 48.84511629
-35.31110000 -744.22220000 52.42780000
-84.05135676 -718.03549730 49.57502703
-75.84097300 -727.61239212 48.72019460
-10.26600000 -774.79473333 49.47003333
-81.93873133 -724.50012897 48.61742487
-87.64590522 -721.58623293 48.55557131
-78.78889559 -727.52784399 48.65915345
-70.17539333 -731.21612000 49.47437333
-81.80484172 -727.37335140 48.49911550
-14.29620000 -770.43360000 49.54350000
-84.95782355 -727.85513541 48.48282637
-42.79601861 -724.40379689 86.11185471
-60.46688864 -755.86097727 49.61235000
-90.84041167 -721.83504556 48.76366204
-81.83687049 -730.68145986 48.49060216
-84.77159356 -730.70712989 48.62107880
-103.20545556 -728.31703244 48.55243600
-90.89207086 -727.77762284 48.57045211
-87.82777063 -730.62306558 48.46742858
-93.51938371 -727.56732655 48.38310983
-13.65894118 -778.29267059 49.49311176
-90.76089131 -730.75685071 48.57848622
-37.43958800 -762.25065200 49.71906800
-87.83990425 -733.77154933 48.52520438
-90.77030990 -733.61574067 48.56708241
-16.93663069 -780.63098911 49.08340000
-18.89581452 -782.19360429 49.00216310
-25.04589405 -778.87807163 48.61606373
-96.93084791 -733.74480386 48.26869569
-93.75240111 -733.63620554 48.52402786
-19.69201947 -783.34819474 48.88041737
-27.71716789 -778.27612143 48.62377417
-105.55332346 -730.60320558 48.45206731
-24.61594616 -781.33449161 48.58611494
-59.20217000 -755.37871000 49.68032000
-90.74926136 -739.47845012 48.36673178
-38.22213333 -735.05717500 67.04026667
-22.84360829 -786.42262431 48.44250000
-21.55725741 -785.37046852 49.46314630
-24.86271918 -787.41586307 48.16971621
-30.75971308 -781.44215949 48.63049251
-93.77694975 -739.56593979 48.56504649
-99.48299437 -736.51199737 48.42007259
-93.81753948 -742.67657221 48.71249433
-27.91726028 -787.50345868 48.50195676
-66.93030000 -757.71300000 49.43760000
-24.52705000 -788.27190000 49.50955000
-30.81945642 -787.50375094 48.54947736
-99.84302765 -739.65811279 48.62935618
-25.97216271 -789.36029492 48.45431525
-28.13926105 -790.62921995 48.51776604
-96.83615966 -742.45712753 48.69777719
-102.63004865 -736.90167297 48.67369189
-102.72175771 -739.95118271 48.56637425
-96.79354189 -745.67188615 48.71493318
-102.49099173 -742.35161318 48.68790385
-40.42101587 -718.99820648 84.65365886
-55.56043333 -771.29153333 49.43570000
-99.56104803 -745.43141783 48.72413293
-105.93853705 -742.93230689 48.81241803
-102.87130354 -743.12849469 49.68630000
-104.45090000 -741.96313750 49.46752500
-99.69992396 -748.51976074 48.83804884
-100.95336400 -745.26740800 49.62834800
-105.46877912 -745.35546690 48.86395239
-36.84214851 -793.63270978 48.68107200
-102.97000469 -748.75993839 48.89092323
-99.70397755 -748.52719796 49.54671429
-42.76464958 -790.64686928 48.78236844
-40.06731856 -721.63569808 85.07626334
-102.28621293 -751.21247476 48.97581483
-74.69416000 -769.57019000 49.54402000
-42.68597215 -793.47466108 48.83044985
-37.60639171 -799.31700439 48.57902927
-45.75138759 -793.60503367 48.68316709
-98.48356875 -756.38476250 49.00091875
-82.90300000 -766.33060000 49.61004000
-95.52772917 -759.41171458 49.02357083
-78.95215682 -770.23607614 49.72727273
-43.47898692 -718.68067833 86.08395436
-84.56542500 -767.19110833 49.52550833
-77.26250000 -774.12990000 49.46220000
-43.04415135 -802.69173459 48.64318378
-42.57527024 -799.27563253 48.71247024
-45.63238878 -802.42014737 48.75842148
-68.54115278 -786.34363519 48.76079630
-33.34840000 -796.32976667 49.45243333
-57.91990000 -791.47845000 49.47100000
-80.78231667 -774.35979444 49.49118889
-70.67920000 -775.28285000 49.58620000
-74.49975000 -767.73372500 49.60380000
-85.88280000 -759.36130000 49.49310000
-108.00380000 -742.48333083 48.90907218
-108.23320669 -739.20707826 48.43182776
-105.74926011 -739.74021607 48.50147341
-109.11498210 -736.74548971 48.82806935
-108.18160448 -734.00514328 48.84551940
-105.90513736 -736.69392747 48.52690769
-105.40649364 -733.21111618 48.51936936
-102.63015443 -733.49207278 48.48440886
-107.58855714 -731.67250000 48.43677143
-104.83280000 -727.85320000 49.59283750
-38.11180000 -776.17265000 49.44175000
-22.67413333 -786.44240556 49.45619444
-101.99753750 -724.72351250 49.87998125
-100.15469548 -724.64572188 48.69800904
-101.51415299 -722.39825896 49.80112015
-101.45287333 -723.02080000 49.31745333
-99.25717647 -722.54860980 48.58656863
-96.39073727 -724.91103159 48.61528727
-97.76301250 -720.54138750 50.05967500
-95.92120000 -719.54102353 48.31275882
-93.30876023 -718.87124091 48.90870227
-95.91360000 -717.01240000 49.45670000
-12.41783333 -777.08640000 49.48280000
-90.82735473 -715.97075151 48.40007264
-92.10593333 -714.47408333 50.42411667
-38.11484053 -722.32443833 85.28352952
-89.88992258 -713.67390323 48.36781935
-87.65780414 -713.08572518 48.52764658
-87.29115075 -709.49247164 50.49222239
-68.21522000 -726.71906667 49.45858000
-68.39598000 -726.77278000 49.47007000
-84.64018235 -714.63400588 49.50933529
-89.59590667 -708.67077333 50.69234667
-27.34182500 -755.64212500 49.45082500
-84.15485000 -713.67360000 49.45582500
-86.60675000 -707.86010714 50.42364286
-28.80387800 -734.49421320 48.67540680
-30.61707246 -733.17072148 48.64409199
-52.54074286 -763.64277143 49.45028571
-54.89798333 -763.05107778 49.45894444
-57.86560000 -762.89380000 49.44120000
-75.01140000 -771.27680000 49.45330000
-45.56525385 -796.43621197 48.68708376
-98.49098333 -756.23981667 49.44188333
-37.26480000 -799.87070000 49.45940000
-42.45280000 -803.22450000 49.46380000
-43.95243333 -804.33721515 48.80944242
-45.93556820 -804.94754351 48.77970167
-71.11887500 -783.70983333 49.44659167
-47.76817093 -804.58000581 48.64253023
-71.26210000 -778.76000000 49.43840000
-94.80840000 -756.21930000 49.48900000
-53.38435000 -761.75175000 49.53125000
-38.88451661 -736.01713499 57.20705761
-38.05166202 -736.63528712 53.83619632
-38.90739754 -735.82805212 59.99602848
-38.83731202 -735.48333101 65.78820596
-38.09904271 -736.43158342 57.20070620
-39.09191321 -734.72828976 66.08696308
-39.06849868 -734.48410497 68.87998842
-38.67789845 -735.36347253 68.38350309
-38.89694476 -734.08471706 71.94026316
-38.54870000 -735.15048571 70.83338571
-43.03295255 -730.16262739 85.48203631
-42.11023099 -730.34425464 85.02996013
-37.64840000 -735.09570000 63.41910000
-40.08500782 -732.42839039 83.06218990
-38.18069598 -734.52231365 71.96203173
-39.90525704 -730.82914014 83.58045858
-38.17504651 -733.89754419 74.94676570
-41.69041585 -727.42025847 85.27192077
-38.67890657 -731.23676943 81.79779200
-28.67463933 -738.66659297 91.35193516
-36.15000586 -732.81566542 83.48725252
-36.92284578 -732.79813010 81.25357873
-38.49687048 -732.57778476 77.65254381
-34.79505000 -732.06237500 83.82627500
-34.59427066 -732.60690344 84.66254377
-38.24468852 -727.44197869 83.57366885
-38.06835798 -735.31872605 68.62723109
-38.97417188 -734.89531562 56.09861250
-39.04692500 -734.84127308 59.59415577
-39.12944545 -735.03273636 54.25096364
-38.17621111 -734.95741818 69.43702020
-38.83625333 -728.70438667 82.21871333
-38.02919592 -731.72724286 78.96494694
-42.05855674 -726.58614360 85.88010883
-45.28406306 -721.54778992 86.24027783
-44.66754016 -723.55633056 86.89880081
-41.50065341 -724.46860762 85.32620534
-46.99431171 -716.84854505 85.36542703
-45.98079820 -716.18834325 86.72970509
-41.99187953 -718.59611427 84.77787310
-46.48095867 -714.55552347 92.08269966
-43.59865506 -715.71077034 86.75218321
-46.21695532 -712.83537222 93.19662494
-44.23559263 -715.31589053 88.73377263
-42.53467444 -716.08321945 84.69637617
-45.02517904 -713.12290629 90.52305870
-38.50440000 -721.09670000 85.44263333
-38.27185000 -721.61600000 85.43935000
-33.23790155 -735.91360951 90.31658656
-35.43759739 -734.08623826 86.80996696
-33.45644873 -733.35860843 86.75241162
-30.80032311 -736.53672234 90.42538624
-27.72732978 -739.54235679 91.67982879
-29.76085922 -738.36872451 91.33971359
-30.34079366 -734.04183326 88.92139416
-32.75346124 -731.87175349 86.13075762
-24.94848987 -736.81431792 92.16913331
-21.83917684 -739.72984112 93.16641770
-19.20694668 -740.03903134 93.14995502
-29.20985000 -731.94465000 88.37605000
-29.21794286 -732.15462857 88.38634286
-33.36797500 -735.17558750 88.13415000
-31.95370000 -735.27732500 88.17050000
-20.28440833 -738.02619167 92.96627500
-17.22724348 -741.02048696 92.69670000
