-14.73635361 -755.21447138 56.08318510
-29.88737087 -737.17050315 41.41348599
-35.66527239 -734.67777261 35.05222300
-39.34642265 -739.92876166 86.16660012
-37.15420000 -741.47235000 78.83466976
-56.86743324 -770.10358553 124.91699642
-23.03194069 -736.53372553 110.00044171
-14.70471051 -734.64681898 125.02239937
-35.77946667 -738.61633333 51.23348643
-34.43392239 -735.48332090 65.00195111
-45.84380274 -762.95072438 123.07491280
-36.67530639 -733.61495085 14.17502042
-22.44922915 -740.85259645 100.13311052
-37.45638172 -735.04540430 29.00327589
-40.12005074 -743.06185662 91.02087491
-35.81984168 -736.13275193 32.05121071
-31.75216354 -735.97092047 85.98660121
-37.28025000 -729.57240000 13.45376976
-26.79913191 -737.19372660 89.32265752
-31.38506176 -735.68357059 87.89859918
-37.30938000 -735.88395000 34.72051976
-30.90065777 -737.60482706 65.55306122
-47.59002241 -751.63144267 107.44621784
-46.63558696 -759.46952391 117.75022846
-47.67156849 -764.90962552 124.23519735
-17.71804214 -736.40959085 116.08071118
-52.30350000 -768.54040000 123.75091976
-50.22638505 -767.46843827 124.76080562
-20.73224814 -736.06397649 113.03595434
-32.24691429 -740.72200000 77.87009119
-17.69064784 -751.92588613 53.27951600
-55.31094167 -759.76519167 117.43321143
-59.08395806 -777.44496774 129.71836170
-19.47706832 -739.00859604 109.05843660
-49.80612479 -750.96526893 108.17804914
-31.62531250 -735.49696250 87.21039476
-35.29119763 -737.01564466 53.06375290
-53.69094650 -765.13980933 120.93034043
-38.15057528 -731.61885445 13.88842070
-35.14546644 -738.71997979 53.87499750
-20.58647669 -754.78306167 61.82431728
-36.98995358 -732.40741638 17.22968154
-40.44254732 -740.96852679 92.75399476
-33.68115286 -735.42795571 56.06009691
-57.39343383 -768.27847435 123.91181121
-57.09679618 -773.77278451 127.07940313
-56.27114337 -780.04013122 132.81003247
-37.41583878 -735.69632653 26.28480548
-54.24440968 -775.50764140 128.66632312
-16.82989141 -756.79877025 60.27161455
-29.63781364 -747.20926327 55.29608663
-25.42748235 -751.54601176 60.70608447
-17.37938723 -754.32028974 56.54110123
-46.36932857 -747.70347143 102.47235548
-37.99690757 -733.76381026 20.11272114
-18.20182464 -756.05169002 62.28272280
-37.30350889 -735.70088889 29.43074310
-46.84358088 -746.26378718 101.83746661
-39.81909634 -757.59633012 112.75677950
-48.96054615 -762.75761385 120.45162130
-32.62455775 -736.83624996 71.21253493
-29.61004431 -737.42549170 77.12803438
-33.27305825 -737.32607155 38.64003801
-22.41338448 -736.32052816 112.11262953
-41.44043982 -742.97017807 94.87279731
-27.26723823 -747.11054130 52.23658829
-52.96741239 -773.92222046 129.95753878
-26.66513421 -736.43458844 95.06163608
-29.37495351 -736.00190448 88.97794466
-25.86019068 -736.67220373 103.82568380
-32.47659886 -736.75585564 61.97740627
-35.79319044 -735.72056348 26.48470236
-34.77118333 -741.79691042 42.09803226
-32.18808309 -745.04792752 50.64542272
-30.74349221 -739.20322294 42.27565223
-40.58404730 -743.07510216 92.47655733
-23.54897111 -751.31582823 56.54540847
-37.72493632 -740.20445581 80.21497344
-18.86968141 -738.75470385 110.30040951
-47.71982699 -755.92488274 112.37462334
-36.13132408 -736.40483137 35.19344037
-27.83102174 -737.55974783 42.31568063
-34.45621265 -735.50078122 49.67191650
-33.79757988 -735.40697399 59.11174453
-18.43990000 -738.60780000 111.80921976
-36.60409207 -729.40491951 12.24962708
-38.67942757 -733.67486779 14.10728058
-53.73627012 -767.22862135 122.35466511
-51.06110904 -766.56568403 122.85657833
-24.89457110 -738.09877027 92.54370996
-58.33147308 -771.06488846 126.35944861
-50.46884199 -752.29903720 110.13457838
-19.71029205 -735.52103523 116.71463226
-23.82462367 -746.39076280 49.79555431
-35.44161355 -739.29897204 59.30278737
-36.95780605 -731.51726976 14.13781271
-37.30292157 -739.68495752 78.19009950
-31.33628000 -735.47561333 87.96686643
-35.42891580 -737.08093628 49.90898478
-36.37352215 -728.55638404 14.08612880
-35.61668669 -739.13693309 38.98689530
-22.92210136 -740.15824347 98.09185756
-25.75526941 -740.30137822 89.13037405
-47.82938277 -747.17709206 103.15183654
-38.65547855 -743.23956951 86.15514858
-31.88456944 -745.61778125 52.29347231
-32.65523700 -736.77956470 59.06604236
-36.59401891 -737.51903864 77.00944224
-41.37582651 -754.07278578 107.67013967
-21.81691441 -739.81603546 101.18914854
-23.92668358 -737.43204008 98.18496299
-27.24593973 -738.12898562 43.19528997
-36.22405110 -744.22369110 82.66135046
-32.79269417 -742.25738278 74.28033101
-25.95195350 -742.11272157 91.82254732
-21.02433400 -739.72865983 103.93175620
-34.55323750 -735.52865000 66.94338226
-37.58789991 -734.55096934 25.92658090
-32.88465225 -737.24661803 40.64051360
-36.45136647 -733.92017157 17.19017403
-37.82781954 -732.33115557 16.85260007
-43.20145000 -760.46950000 120.68381976
-39.00360797 -755.24731183 107.01916017
-38.29295141 -733.87984915 16.98093842
-26.61772499 -740.16920035 86.11082100
-51.32635026 -769.60937496 125.67200145
-33.17914523 -737.10122358 50.00053709
-25.20530000 -738.54635000 90.40516976
-42.76007802 -743.19947656 97.29949486
-47.58755892 -748.89838140 104.50258813
-29.59395449 -737.09970401 80.01626140
-39.70500054 -756.13384201 109.67721144
-24.73208855 -739.90502131 92.15877831
-53.96480817 -768.86719183 123.41133630
-26.75539228 -743.25313213 47.07459989
-26.66613772 -745.97159264 50.21987199
-30.73255251 -739.61430423 64.99855017
-28.04390369 -739.71459709 80.71568035
-37.47921613 -732.48124409 19.42755632
-36.93185793 -732.44820366 19.83493623
-28.37771111 -742.37802593 87.96250495
-44.39681866 -759.34715071 118.00068956
-26.88575226 -740.15757729 44.58182043
-23.58445375 -741.73329562 97.68225101
-53.18757619 -757.03817985 114.28243845
-35.28225524 -741.72210806 71.73762501
-36.25255585 -733.86933250 20.30154332
-29.63619352 -746.45071278 52.98592517
-16.03389193 -736.19781649 119.98374959
-25.71004281 -750.99118065 59.32463650
-23.74607671 -743.23516200 46.94140323
-33.75731667 -744.68843889 48.29174754
-37.77230259 -737.72071415 79.98459665
-35.81480491 -737.33742601 74.05091626
-37.79585571 -734.10942035 22.91042753
-20.59394973 -754.48073320 59.29965438
-36.13570313 -733.99221332 22.93141238
-35.92947135 -740.42183955 70.76922323
-36.53183333 -732.49410000 22.10718643
-19.39916000 -754.99696000 63.63315976
-19.37934545 -735.81243636 117.89510158
-34.03852376 -736.23221934 35.14418440
-19.38260769 -735.41250769 117.96425438
-38.71039402 -749.56739540 98.12550506
-36.03684425 -736.49177430 41.26811073
-40.47634478 -745.53783085 92.98911081
-19.22710000 -747.53780000 48.75181976
-35.23322861 -736.90115378 68.12487259
-37.38536667 -735.59566667 24.38215310
-35.66267092 -749.48510861 98.22401207
-33.50209589 -735.35772842 40.91892970
-35.92868131 -734.05468890 25.95682498
-35.13430666 -735.11559424 41.21537246
-14.84047340 -757.77438335 61.88494900
-18.31075268 -748.32809620 48.15505897
-29.85063879 -740.33637237 43.86886103
-17.63695904 -735.23027037 119.36142085
-35.55979285 -740.44833028 68.25706271
-57.36750507 -781.53898188 131.97456574
-35.83234906 -736.89917404 38.31865131
-38.17877294 -754.26387201 104.85073951
-33.11932618 -747.30280752 91.64214669
-25.05636667 -741.80627821 93.14782489
-26.93103573 -749.89434416 58.50576605
-29.72014988 -743.05710698 47.02837858
-28.41510597 -748.69008507 57.82859439
-45.83213544 -753.45569367 108.82429951
-27.02476315 -742.20311234 89.11164409
-35.75907279 -734.13824010 29.27389285
-35.84022210 -735.93532952 29.56067935
-58.37866863 -784.02586961 134.17726486
-28.39631460 -735.82235401 97.11087378
-33.82790042 -735.44620607 50.02233657
-25.17291062 -739.47826195 90.40055693
-32.89015364 -739.35952650 41.23269999
-56.44844608 -767.06898470 122.57784944
-19.75839398 -753.75913910 57.39731901
-35.74177407 -734.36530174 31.85002837
-41.43636813 -748.64048692 98.41756126
-52.22230000 -771.70687500 126.52381976
-14.51663265 -735.70906735 124.43421364
-58.15373333 -771.19616667 126.65891976
-35.36173279 -734.93240764 38.16797021
-33.14124912 -734.98963475 38.39708274
-26.74910166 -749.23980590 56.19933542
-34.70136767 -740.38993046 41.01737782
-22.18306667 -739.46717333 99.53739976
-40.33235556 -756.65093333 111.51960865
-28.73184401 -748.04104909 56.27788338
-31.03219250 -735.46066750 40.09478976
-35.86231135 -736.67868931 43.90794528
-34.91594959 -735.25580734 43.92900130
-34.27961000 -735.46423000 63.06098976
-33.90774975 -735.37818234 47.16487399
-34.46378925 -742.65156873 43.91835690
-28.67412459 -735.71837838 94.99356432
-32.35373626 -740.84731419 43.57864249
-33.08924006 -742.23685612 44.72373824
-32.53862319 -736.71184333 67.96972719
-33.96308830 -735.35952926 44.10349583
-55.34245789 -777.48507368 130.28085661
-35.66890171 -736.83786078 47.08809769
-35.78987687 -747.20792137 91.37699717
-34.69733145 -735.38599783 46.82920284
-32.48899595 -743.35096655 47.00335048
-29.96049472 -741.80553036 45.36858346
-32.07819389 -744.34581194 49.04050560
-23.53364000 -752.87483380 61.19476813
-33.73962715 -735.48684005 53.05478017
-28.18750000 -738.00020000 78.45875310
-32.87295154 -737.16142899 53.07214642
-54.13901691 -776.31442944 130.62016834
-35.20992236 -736.98160763 55.96443300
-39.51906562 -738.40597292 85.35928122
-35.29229306 -738.95054838 55.99827508
-32.62011586 -737.09884149 56.15186756
-49.52481235 -768.19728725 127.06423729
-35.06299695 -736.95732560 59.27317567
-27.66040318 -742.00814851 86.35215098
-34.96061078 -736.76055176 62.08280547
-34.34033636 -735.55847273 52.41036522
-35.39201043 -739.66635201 62.08654464
-26.63836500 -736.81228893 92.08805463
-34.02238798 -735.43212787 61.97102195
-25.36781304 -750.64825217 57.40208933
-23.68346497 -752.28316094 59.13859607
-35.00807903 -736.74537360 65.22490372
-35.48353057 -739.99067089 65.18049419
-20.43849976 -748.41420042 50.60415187
-35.99727314 -743.46991478 80.11186916
-34.01216402 -735.05604419 35.23010220
-32.64620275 -736.67679591 65.36284810
-34.12140857 -735.46016286 64.48239691
-22.28531000 -753.63104000 59.97839976
-22.41068682 -753.69667907 61.82924380
-17.79930911 -755.62843816 58.99369902
-16.96693011 -757.03382393 61.70107666
-35.51841483 -737.09866134 71.05542338
-52.82905460 -755.56919949 113.28837386
-36.52380540 -740.07059149 74.32653351
-35.62006484 -742.16906059 74.44540690
-32.61641056 -736.93065869 74.18224896
-36.94789182 -740.18793854 76.81024736
-30.01635587 -737.38902172 74.33011778
-49.94056661 -754.05765219 111.21158058
-14.64614084 -757.17515749 59.43065395
-35.87593226 -742.67379268 77.10512697
-32.75914126 -737.09038853 77.18098158
-37.30128298 -737.70191702 78.39074317
-37.14755000 -737.12851000 78.84603476
-32.61235538 -736.96410926 79.95193934
-27.24231917 -737.46280174 86.17231552
-37.42258478 -742.52189410 80.80679585
-38.87211099 -738.07149853 83.02184247
-38.52513743 -740.17995387 83.09727308
-37.80585472 -743.23242670 83.29297987
-28.80839220 -740.61115551 79.98668765
-32.23329687 -736.55114176 82.91401170
-29.65066664 -736.67746778 83.00871470
-30.37336434 -742.71832587 80.37035263
-37.79953333 -744.66080000 84.15406976
-28.65982192 -741.34730183 82.39468415
-29.50888552 -741.90066727 83.21817225
-27.53329991 -740.25343315 83.21423216
-37.87215034 -745.03791655 86.44099778
-29.58917576 -736.27572061 86.27946232
-28.04050769 -741.72236667 84.29370438
-28.89454593 -742.26361566 85.86564440
-39.71497632 -740.19601908 89.04570477
-21.78176854 -753.31519878 58.27172326
-39.56539850 -743.29599589 89.14296503
-38.42836465 -745.80777425 89.47220024
-41.73511125 -751.89370109 104.14932337
-50.66545028 -757.29116987 113.94163830
-30.59094670 -735.47480086 89.45263953
-40.02511271 -740.59450552 91.33451479
-38.88579747 -746.59633595 91.82418070
-29.82647448 -735.45365087 92.04244042
-28.91190165 -735.84186265 92.05614363
-41.07969357 -741.15502105 94.45825544
-30.69944400 -741.95519050 74.60901026
-41.09186753 -746.39334245 95.24931990
-37.86198056 -747.68604259 93.32124384
-39.85453860 -747.29574093 93.95226581
-38.77566333 -748.21582400 95.17467330
-25.43382228 -741.21141399 91.15369230
-28.33886538 -747.65542692 54.48044669
-22.77713333 -741.61575833 99.91835310
-40.56655240 -747.97782066 95.91811408
-42.47724575 -746.58174311 97.83633771
-29.14996164 -735.48675912 94.79030530
-44.11043030 -743.73065325 98.74840569
-43.78100161 -745.92140205 99.07612269
-24.41427253 -737.75624828 95.14668893
-23.84696300 -740.09134634 95.07241048
-33.03906750 -747.49336625 94.01542476
-24.57133091 -741.89790404 95.05894784
-34.31765000 -741.45755000 42.79186976
-25.41221250 -742.06511250 94.15029476
-47.70257137 -758.65832214 115.94395132
-45.53176324 -744.37670882 99.95116241
-45.18165169 -746.47348949 100.70276622
-13.56906864 -734.40879409 127.38957143
-44.28698122 -748.46319180 101.51756875
-42.17044974 -749.63389400 100.78477163
-26.75137671 -736.24535215 98.03874103
-35.76074074 -746.65107320 89.30083054
-45.10551834 -749.72064792 103.65201274
-25.40857845 -736.99366552 106.02023528
-41.21979733 -750.87813768 101.98783907
-26.40495202 -736.38077433 101.01488920
-49.41623357 -748.69505786 105.31255976
-49.93891938 -749.94006647 107.01113151
-21.92113513 -738.18388683 101.78015150
-23.63792315 -737.13006464 101.09950505
-12.82867000 -734.19926059 128.68940653
-37.48143913 -735.26894130 31.54916107
-50.58230000 -750.57320000 108.62681976
-23.70587059 -736.84575181 104.07255950
-51.70776890 -753.21765308 111.88381279
-23.68829415 -736.73577734 107.00203799
-24.55873664 -750.22127545 55.45062073
-50.79718282 -755.25842197 112.54524559
-20.11300519 -739.28108565 107.02559045
-20.93859433 -737.24597383 107.21340215
-53.42382965 -758.46013855 115.51956680
-20.65838457 -736.61996010 110.15653384
-53.45476472 -760.21184284 117.01309761
-53.87771132 -761.62458075 118.29976297
-55.68505575 -761.50982079 118.74934087
-44.78233481 -758.22232288 116.17386802
-56.05884866 -763.65496920 119.95089709
-48.35147932 -759.90203340 117.21722155
-47.56947287 -760.99516244 119.17141392
-41.96266362 -758.36925068 116.05192912
-44.74317879 -760.32690396 119.50365081
-42.53033747 -759.30099625 118.02629611
-18.33763906 -736.97933499 113.22956197
-56.34225470 -765.09928926 121.04213285
-20.08471627 -735.76570205 115.62951311
-50.81291393 -763.25846344 119.99097652
-50.18198604 -764.58685313 121.72872007
-48.09390420 -763.78371036 122.42724213
-46.97924047 -762.17225385 121.16744793
-42.79561913 -760.00514221 119.25497499
-44.77778531 -756.04409217 112.58237881
-18.48902857 -735.49454566 117.04625198
-45.11308342 -761.63058865 121.57528953
-55.59497797 -768.80850678 123.46174858
-16.74614718 -736.27501845 118.62191258
-49.19617500 -765.63125000 123.57801976
-48.55367767 -766.25617843 125.29735466
-46.09625932 -763.66688644 123.82676214
-58.30150000 -771.83086667 126.57205310
-58.53102724 -773.34766297 127.61828420
-16.88605746 -734.84893743 121.55950955
-15.51300343 -735.96175733 121.76531234
-55.02179809 -778.01459480 131.31464039
-50.76755378 -770.24645971 127.57982458
-58.68232539 -776.09002821 128.95274148
-49.02470698 -767.51171860 126.85301628
-51.82532095 -772.22495268 128.45442372
-15.62760508 -734.98559326 122.43295711
-53.17988647 -773.62063778 127.90235905
-58.82929591 -779.13544336 130.19122209
-58.60431770 -781.73355688 131.49273156
-56.37071865 -779.24333345 131.07901610
-57.28952288 -782.27326649 133.08785754
-58.32573095 -783.06230476 132.98786024
-58.00317500 -783.83724777 133.86280816
-58.32740000 -771.47297778 126.69049754
-56.45925398 -772.53745657 126.06731494
-18.76259462 -737.73849219 110.86193884
-41.52503833 -757.15083619 113.56038767
-42.21930602 -756.20285868 112.31263558
-21.45515708 -737.74983741 104.23684816
-44.82856535 -752.43013727 106.86018099
-44.35867358 -751.24524342 104.88051705
-48.28786562 -750.06034518 106.14305426
-26.32861375 -748.22220964 53.37049981
-23.73881824 -749.21267477 52.94641546
-34.34762647 -743.67158235 46.48566976
-12.85119869 -755.92810343 56.41287973
-33.16330000 -738.62386667 51.29338643
-34.08458571 -734.92774762 32.66526976
-30.95724863 -745.13307808 80.40915127
-31.16641667 -738.27103333 56.96685310
-35.76710621 -748.35262871 95.18395019
-36.77151731 -754.24779505 104.01669064
-57.16154509 -777.91083810 129.41934539
-31.05027299 -738.85234483 59.76951747
-34.18690000 -749.58715000 99.65536976
-32.83262447 -745.73745390 83.09869964
-33.46183957 -741.75694913 71.71340063
-31.45556316 -741.48417895 72.97998819
-53.59308644 -770.33770536 124.60217644
-33.32829400 -736.74687921 47.26516512
-18.26383032 -753.06451488 55.42165602
-33.34864591 -738.75293270 53.74700687
-52.25870000 -753.44253333 112.26368643
-35.94432841 -751.42465332 101.12417080
-30.87396807 -739.31937280 62.16898024
-35.69140191 -747.75389189 93.02570115
-26.07653495 -744.72972233 48.47686442
-21.38874239 -743.60477059 46.73317074
-33.51994696 -736.41525155 44.08109198
-14.44465569 -754.11152987 53.90180604
-22.20270000 -741.43190000 45.74111976
-28.63963284 -738.25353731 42.85598991
-24.28608006 -740.30659267 45.19295965
-23.27498727 -741.28981879 45.82263855
-27.14532727 -741.71179545 45.53786295
-20.36320617 -745.72662271 47.66634140
-18.99241207 -747.09653806 47.59543761
-23.55093519 -745.03007597 48.34416354
-27.90175333 -744.49020267 48.79609976
-30.00514737 -744.38600272 48.96610125
-21.10407621 -746.91596032 49.33358742
-29.66447396 -745.31083892 50.51933434
-19.27535000 -747.66835000 48.57546976
-18.15454854 -749.51405961 49.90470645
-16.83199504 -751.05478015 50.70048770
-23.66559860 -747.92786025 51.30097815
-15.77852914 -752.00916494 50.86029088
-25.33237143 -747.62037143 51.55479119
-20.78793094 -749.79575252 52.55925692
-18.86310622 -750.34837608 51.99711067
-32.90902193 -738.98867478 56.11457374
-31.11956111 -738.37368056 58.62817810
-15.59564525 -753.07363346 53.14375094
-32.46513054 -739.29491185 59.11600737
-20.39789622 -751.06367475 53.92608453
-22.46426000 -750.68053091 54.38855613
-31.12278462 -737.58374000 62.87521053
-20.79370141 -752.38874494 56.10754718
-32.69611461 -739.76406410 62.02005774
-16.33386667 -753.62326667 54.56001976
-13.10064286 -755.07607143 54.41104834
-12.41992174 -756.65175217 57.44291976
-15.48914442 -756.30120862 58.27837256
-12.65949224 -757.38470488 59.23234819
-30.66734541 -737.45067305 68.04754796
-30.33269294 -737.36557569 71.35548761
-12.90944032 -758.08390495 61.29237652
-15.68692687 -756.35152388 63.49725558
-28.03764311 -738.10266978 80.71805932
-27.68545802 -737.78418141 83.22995994
-35.17848320 -744.96693897 83.53018697
-30.72224868 -743.10343547 76.94805750
-29.74532840 -739.88113021 74.18702328
-35.73492785 -745.66053553 86.16692611
-32.95650569 -747.11821559 89.29317339
-33.57374051 -747.64431139 93.10229698
-33.50114503 -747.94941186 95.09487153
-33.87904864 -748.84757554 97.79680455
-43.30455000 -747.64790000 99.60101976
-35.22299102 -750.32795960 99.94053572
-38.68067245 -751.38924917 101.44025507
-39.25234068 -750.38089068 100.01577598
-39.00709122 -752.77559895 103.67265683
-43.08873023 -750.42217907 102.85912674
-36.41461087 -753.13831739 102.99276790
-46.41160000 -750.65501875 105.52656976
-42.07463541 -753.06286716 106.45715028
-44.02300057 -753.72154716 108.36570556
-38.35445882 -756.69855490 108.16445114
-48.19465178 -752.97099528 109.22627180
-41.74590786 -755.28869838 110.23219711
-44.73445603 -754.65228132 110.20750816
-47.59368591 -754.43096517 110.54879248
-39.22039900 -756.95076942 110.48659778
-16.08968906 -735.41455469 120.30378070
-44.88249874 -756.90204221 114.01948913
-47.97778875 -757.17569489 113.86757564
-32.51814569 -740.17512412 65.30480925
-40.14343333 -758.27298333 114.86333643
-50.81562406 -758.85351203 115.42716205
-51.01119128 -760.29577464 116.88601836
-55.26790000 -759.38905000 117.06521976
-50.55630387 -761.76014400 118.55086637
-53.66368469 -763.69582742 119.82010451
-53.95707623 -772.42213500 125.98535892
-56.67569008 -776.10286216 128.37653647
-58.46894861 -777.89381389 129.50256976
-52.21720000 -768.60000000 123.56961976
-40.08772308 -753.47537692 105.70742746
-32.94594153 -746.65364487 86.19014310
-32.44359275 -744.93177385 80.81956372
-34.42810000 -744.63082500 81.48405726
-17.55514268 -755.73854695 63.73354111
-34.12740000 -734.63995000 30.12596976
-37.36518333 -735.68271310 31.89187095
-49.29872500 -765.53602500 123.76799476
-31.84540000 -747.59630000 88.55571976
-22.16080000 -753.56377500 61.06676976
-28.98396470 -739.71639324 77.19571596
-15.68194167 -756.39381944 63.69242810
-31.68640833 -741.06981667 80.13518921
-33.09520442 -744.21029759 79.62678884
-43.12380000 -747.57250000 99.62651976
-37.20063333 -744.57633333 84.80375310
-32.83641284 -743.18794630 76.96572174
-35.59362105 -735.68047895 23.74458819
-28.74262500 -735.55895000 96.75331976
-12.82578437 -756.47818437 57.72926664
-15.36664000 -756.71732000 63.64717976
-30.81139405 -739.65724916 68.06324282
-32.69587952 -740.78113375 68.13818991
-30.43342342 -739.97165750 71.30963856
-32.40273719 -741.19986095 70.72613650
-31.11247719 -745.96886491 82.31191626
-30.85940000 -741.59800000 72.49691976
-34.17222759 -735.83725517 33.20009907
-26.88356667 -741.45243333 45.67130310
-37.30240000 -742.70875000 78.34106976
-16.27410000 -735.89150000 120.74528643
-16.29851250 -734.43843750 123.80797601
