-113.29268000 -761.40177333 132.64360250
-33.01889790 -742.77445578 52.56979637
-116.71060599 -769.07694069 134.76250698
-119.07930000 -772.72304531 137.05045937
-119.41600000 -773.62600000 137.45706250
-118.08244878 -771.12113171 135.32820152
-118.50935000 -771.39827500 135.30196250
-117.50632255 -771.35866596 136.39636080
-116.07441398 -769.91907312 136.24774852
-111.49402207 -765.49024695 134.79003809
-102.00909561 -756.98783922 134.03913155
-80.96675122 -739.09119784 118.82597912
-116.10415147 -766.60482696 134.04712328
-57.16324483 -740.84953101 103.83188731
-110.84517129 -763.40501825 133.40445118
-41.98970531 -729.57038429 134.09397742
-115.51810000 -764.57090000 133.57516250
-114.71206988 -767.97688012 135.02566732
-18.64304478 -754.99697664 65.06944338
-107.82312988 -757.11927708 130.48681157
-110.84647674 -761.72996977 132.48383692
-70.69063278 -735.80417178 111.32164881
-114.33968644 -768.44985593 136.29862352
-113.92978758 -766.37833037 134.36065747
-113.43303041 -763.02950405 133.04420439
-95.94535966 -748.96096629 127.06952008
-103.10278795 -758.84508675 136.98057696
-105.03900804 -760.27271316 136.77998243
-43.95665699 -734.26144974 101.25050084
-66.07718204 -742.20562085 110.03993732
-75.31862695 -746.88566523 123.11382539
-106.55980769 -761.51256154 137.44929327
-112.92142000 -767.07438300 136.65238250
-37.44397500 -734.45970000 132.41941250
-101.86156149 -751.27484409 127.96837264
-112.76665000 -760.74392083 132.38684583
-46.19006336 -739.36530382 82.21269990
-110.88751774 -760.25883645 132.00763605
-61.99291897 -740.82609138 105.16480216
-35.09956705 -733.77331364 42.87035341
-111.25753756 -765.76712805 136.83921640
-110.00146000 -757.99704778 130.87813694
-109.95852727 -764.07495455 137.66159341
-49.71972941 -740.74928235 90.09821544
-108.06012477 -759.65684679 131.90589828
-85.26256452 -752.36285484 129.71582379
-108.37363090 -762.74302243 134.38763493
-107.80084028 -762.85782639 136.75454931
-63.96079109 -740.38442277 105.97543082
-42.03132609 -733.85655854 104.06677243
-82.20253846 -743.34941538 120.69378045
-86.76733893 -750.33932145 128.81413258
-51.95471614 -733.31955336 88.70100689
-107.24836390 -761.12188146 133.52224933
-108.14921875 -755.81151250 129.45128125
-98.85144381 -748.18752338 126.19310435
-107.08249015 -755.01103788 129.12053598
-44.21367229 -738.04669946 77.18232957
-41.60654763 -734.04548953 77.15301334
-26.67721361 -719.13750414 176.36870599
-106.78663750 -755.46705000 129.60076250
-53.37527743 -736.43360992 89.34151651
-41.90625529 -738.28566587 110.10732440
-104.02738217 -751.77409490 128.25243702
-47.59229518 -738.57401951 83.27649117
-26.91988835 -741.59106960 50.78974167
-104.90596536 -753.68902421 128.91547870
-42.01800827 -734.12821335 89.04602745
-34.64625278 -733.60193889 147.96341250
-104.91814635 -756.95229505 131.21515299
-84.43701176 -752.66595294 129.13913309
-71.76485456 -741.95111875 113.38461557
-106.38656000 -761.63856000 137.41994250
-36.73744000 -728.65490000 15.59758250
-86.81722423 -744.46534622 122.85394875
-37.88877290 -736.22919547 130.66375266
-46.52200000 -734.88537500 113.20045000
-63.25009158 -743.01632673 109.13245978
-96.19129442 -755.00502231 136.05965015
-103.45135000 -758.63830000 135.46171250
-105.18639751 -759.73186743 134.17766882
-105.89690000 -758.97557273 132.23647289
-23.81317740 -717.40327740 181.93634384
-104.74118600 -755.11647960 129.89368410
-36.05839349 -741.41459381 50.34754080
-61.09890132 -743.83986842 109.13196776
-102.03065612 -753.16259719 129.14497347
-39.25988077 -725.50320769 146.51172981
-103.86172910 -758.14115896 133.31625429
-102.59859694 -756.13653197 131.81998801
-101.71723771 -754.52445182 130.55892256
-41.79860000 -737.60960000 90.53006250
-101.72909093 -757.83439067 136.49041613
-75.59968649 -747.55200977 124.05641394
-35.93422471 -736.65576885 43.75060964
-101.00031795 -749.31637821 126.76943942
-80.25839770 -744.30686175 120.15383623
-100.66689444 -748.82926667 126.45041250
-48.37755209 -739.13224882 85.55760962
-100.68786316 -755.47708947 132.87782039
-45.49866930 -738.64794027 80.10039673
-47.28281839 -733.17133602 80.16338271
-99.02722018 -753.50096083 131.01801112
-39.23140886 -738.01767342 41.83923972
-26.99585395 -746.05407792 55.10815234
-99.29912344 -756.45014314 136.47133681
-32.93781595 -744.88163350 56.04333446
-93.29240323 -743.44221935 123.74191411
-42.05669582 -737.87084601 104.12623132
-98.66715291 -754.83327152 133.78266444
-98.77814348 -749.21895163 126.78020924
-98.97080000 -751.09514312 128.15363989
-30.21839426 -748.81921192 61.84448771
-99.85697692 -755.94283314 134.76319978
-84.16197840 -742.84181307 121.03939589
-100.15528732 -752.81025211 129.37565264
-36.45217693 -735.76239917 139.88998515
-93.04927983 -753.44247768 134.01779296
-89.80325943 -744.10716085 123.26023403
-26.90341400 -744.63252610 53.51968817
-55.30880000 -740.73295000 102.70441250
-89.97387797 -745.42935906 124.28382743
-41.72420506 -736.19804656 85.92604399
-98.09828075 -752.31756832 129.90197616
-35.65188892 -724.77948544 158.08071566
-43.60092000 -739.23256000 117.88232250
-42.18149154 -737.68353154 101.45737327
-92.86438594 -748.76844866 127.34321068
-97.76666140 -755.42718421 136.02438882
-40.58849444 -739.33234444 127.09795139
-20.86869643 -753.29126824 62.19497659
-97.70845455 -746.38167273 125.62754432
-96.56815875 -752.93221906 131.94130506
-90.04439709 -751.39107255 131.11045347
-57.06997836 -739.29415652 97.96002461
-96.04782947 -750.44288203 128.44697481
-95.60584948 -745.61381466 125.47256957
-97.12698571 -755.68210000 136.72156250
-37.47310000 -743.65240000 54.51866250
-95.78090697 -751.94394308 130.69982934
-27.12279786 -743.03635845 52.00451330
-74.91000615 -743.79235866 117.23604853
-40.16137661 -735.24967121 74.16922960
-95.82179459 -753.80775344 133.93037254
-76.80804151 -736.87590000 117.34976627
-73.41820000 -746.62980000 123.12306250
-92.12150833 -743.08867760 123.05841927
-37.82409420 -742.84660648 52.68376045
-71.85145624 -736.07618444 112.90406590
-95.91556101 -747.33780374 126.11527506
-34.00177973 -732.43217327 149.01405827
-76.25343333 -743.50576667 117.69506250
-64.85958936 -736.13637518 105.21000151
-49.67237736 -733.80641698 84.14190401
-89.91141013 -747.39238950 125.91296140
-32.20947653 -729.86648620 154.89834856
-94.74170000 -752.54270000 132.69156250
-92.92237519 -751.37614361 131.04113811
-65.61499234 -741.00033102 108.03398111
-85.19872308 -752.77596154 129.80720096
-94.17342647 -754.58659412 135.63877132
-57.95027563 -733.56392521 97.43946670
-41.45604116 -733.52081791 56.05251855
-93.00221733 -747.31627761 126.02373428
-41.97511214 -733.96673949 101.09887071
-92.99705521 -745.27674929 124.77923998
-80.51857750 -746.92985333 123.16145361
-30.10046040 -745.85080593 55.69917092
-82.73672000 -746.64319000 123.48047250
-26.11865420 -752.17905000 66.84129527
-43.77772214 -739.05455429 115.70490464
-93.16691937 -750.09677042 128.91485299
-38.98092384 -736.30108564 122.00265544
-75.32140727 -739.05928667 115.60308129
-30.21582096 -738.18737762 48.13401094
-55.13429920 -733.32485760 93.90684170
-92.60707717 -752.47504567 132.71008848
-84.33441569 -746.43642157 123.80392230
-45.33952758 -736.89593806 76.63371750
-36.79711398 -733.13661274 137.14934999
-51.87643108 -740.89756554 94.70275439
-91.76198333 -743.69276667 123.45389028
-35.95790000 -743.61610000 54.48656250
-65.97364187 -739.36154158 106.86086821
-89.90983789 -748.79192642 127.57370113
-43.73561111 -734.95324444 69.00808472
-39.65171272 -738.63567960 125.29835066
-90.22549785 -753.19558326 133.21461964
-89.78773379 -742.49243297 122.07538234
-86.27057321 -740.78121786 120.44218750
-62.97622676 -739.49475308 104.01289747
-62.77459548 -741.66572301 107.03209825
-43.63198529 -734.48600882 69.13526544
-38.02062187 -737.67185313 135.93222188
-41.46224075 -736.27279476 91.99943490
-90.78322456 -752.47262281 132.69236250
-35.02666574 -744.91278514 58.39867610
-38.07863721 -734.69558837 29.24752762
-43.55876176 -734.52401176 91.84327132
-89.86225556 -749.89637816 129.10115599
-25.08184217 -746.40127831 54.87174322
-37.55507273 -726.88695455 15.94136250
-89.08364911 -752.80659643 132.36993125
-43.49682857 -735.49858571 83.76980536
-88.61840000 -740.52790000 120.67236250
-43.23633427 -738.31652809 76.20410407
-61.94353293 -736.25124431 101.98408705
-87.21289397 -745.91242017 124.10446645
-87.25115534 -748.94505925 127.44795558
-87.25115942 -752.88460340 131.43658606
-87.02677694 -742.22027323 121.37199197
-87.25544994 -751.77983546 130.47497686
-78.09936014 -748.53541708 124.50502006
-49.50130000 -737.61173333 84.45266250
-52.12414516 -740.29695699 94.10324530
-40.74766626 -733.65161399 41.20450201
-80.07084000 -737.41253500 118.59221250
-48.18191000 -736.26549100 80.21439636
-41.41567596 -735.11355828 55.99059402
-59.79521709 -740.96266540 104.43444555
-86.80131142 -747.43072953 125.45878586
-52.75060603 -733.61313362 90.02474353
-88.38156000 -753.28900000 132.61494250
-86.35312890 -740.04953237 120.10507175
-82.86480000 -749.86917843 126.39497034
-88.09580000 -740.57260000 120.63056250
-49.03062282 -740.13230871 88.39615130
-63.39015162 -736.15213079 103.71429954
-35.56756954 -744.06818324 56.23936046
-18.49484451 -753.47368598 61.77181366
-84.79661408 -749.20851127 126.87748011
-84.07881065 -751.14234942 127.93854569
-83.91410810 -747.90576273 125.18778509
-77.21293895 -739.28476053 117.03299250
-83.76988156 -745.06513230 122.37099250
-69.48642009 -736.04785903 109.90432529
-55.29520000 -740.58840000 102.69376250
-53.81531728 -739.55159077 94.85747265
-83.96889283 -739.61694034 119.59463820
-83.65748566 -741.48361085 120.16968290
-78.44905256 -742.14866850 118.11003045
-53.78284157 -738.47857883 92.26145655
-31.12661806 -727.50048129 158.45228358
-38.17948982 -736.12551662 128.04980607
-68.98115878 -744.52675496 116.07031225
-78.88736000 -749.95620000 125.52371147
-31.30253313 -728.88297771 158.14061250
-41.06195474 -733.62160810 46.95384412
-80.95422491 -748.21645160 124.46480931
-77.81564284 -744.52457912 119.29284317
-80.94911090 -742.08493176 119.43506358
-67.67695443 -738.88676962 108.31861566
-81.17438047 -745.52769419 121.85957311
-41.88370208 -733.78509273 65.01441994
-39.58900311 -727.81051511 140.38466335
-43.97459853 -736.26680368 95.09905074
-80.86057854 -750.30593196 125.93399127
-54.59344160 -735.96341402 91.79193600
-82.00867500 -751.36873816 126.85494342
-33.80396274 -730.06412294 149.08436313
-26.94105575 -750.75901092 61.89337812
-76.76330000 -743.69450000 117.43282917
-37.28562609 -733.90510000 31.90037120
-39.80730419 -731.14457539 131.50622795
-43.47920000 -737.60360000 102.46736250
-34.61243333 -724.04731111 162.74607361
-77.97623531 -747.15237368 122.87493521
-66.85473926 -743.21015481 112.03012769
-78.69541423 -739.09745000 117.99242250
-42.04087640 -738.06512528 107.02853750
-78.07939191 -745.97576661 121.40496402
-74.92088450 -744.72502700 118.86145983
-59.17961897 -738.56429828 98.61543233
-78.20477632 -737.12806184 118.04656645
-77.07410482 -742.16049307 117.17223539
-40.66261818 -734.79366727 44.69878432
-69.10646590 -739.20461204 109.85754816
-74.93534588 -742.43828664 115.89921050
-33.72955467 -746.41006800 60.87157583
-35.94001643 -730.04428605 143.12638034
-60.99510690 -743.43013103 108.70983147
-39.23136729 -731.20173404 17.08039694
-40.50213333 -737.52816667 111.76752917
-25.53288571 -719.93564286 177.65631964
-67.94766923 -735.80632596 108.11085433
-39.35300135 -734.95361644 46.72221883
-39.92028371 -734.06327919 61.84797426
-44.79416130 -732.36234435 122.04231262
-34.77657709 -733.26902764 145.70339141
-74.82194986 -746.06026050 121.77807721
-40.75967885 -736.89647097 103.83970264
-48.36542500 -740.64905000 87.25578750
-72.04167876 -739.19132956 112.62514392
-37.43447391 -735.09891739 132.37151902
-74.95591354 -736.58744653 116.08859826
-40.18163315 -735.76315829 106.85999786
-58.91398435 -733.83030348 98.86247554
-73.85260891 -739.57465644 114.17726448
-73.75936444 -741.33715667 114.32746250
-73.46960000 -737.17160000 114.50236250
-72.32553680 -745.71433788 121.57945442
-40.83121675 -734.80896702 47.01845412
-44.98021972 -733.41785019 115.99489392
-72.05023248 -744.98357900 119.08855161
-59.19286451 -736.23803912 98.51210032
-72.22925788 -743.14302505 115.21142578
-37.72521295 -732.64841151 133.63889847
-38.99238188 -731.42799262 25.63326116
-45.23554447 -735.74509666 107.02921751
-39.45141088 -733.37426706 122.12384515
-57.62499167 -740.53587333 102.88241250
-46.47260000 -733.68380000 117.88746250
-71.68752278 -744.04705996 116.51344186
-41.31597598 -735.71588122 77.15902014
-38.89140268 -733.02795029 16.96182763
-73.27277429 -735.98440857 114.73558536
-40.41166000 -734.56542000 105.06784250
-21.65528889 -752.29852761 60.97893287
-32.01739779 -726.46226609 157.52991582
-40.25285170 -735.45311548 80.00338139
-40.59605447 -732.21566829 20.22753079
-40.19884241 -735.26277701 77.05768929
-70.71240000 -738.98814194 111.34384960
-70.68723333 -741.10566667 111.50439583
-70.60645000 -734.49637500 111.12183750
-64.78435000 -738.90867698 105.19564742
-69.21794577 -742.69695227 112.90523416
-55.71568791 -736.82254615 93.07461745
-32.04512574 -746.91847789 59.68582257
-39.28493744 -733.16910000 46.82803305
-69.35824690 -745.14247169 118.69630961
-40.62244928 -732.20031449 14.43885236
-70.18119722 -743.48409444 114.78165417
-43.72785942 -729.52785435 133.24075163
-36.01247497 -739.23988898 46.98292817
-42.21294112 -733.33045195 73.74645970
-38.08363590 -733.21913967 130.90748829
-41.95417344 -733.67233352 68.27501313
-68.55992685 -741.33448739 110.49577467
-49.45060000 -732.45305000 84.72556250
-70.39095000 -745.79400000 120.62016250
-44.17862182 -738.52985091 112.92144008
-41.97536447 -733.30558614 113.00655245
-54.10477098 -733.74940883 92.22977953
-40.28609107 -737.84812321 116.35339464
-69.37230526 -734.45404912 109.43756075
-42.01182028 -732.08549035 122.06328096
-41.64860482 -739.28676316 119.03534000
-68.15498842 -743.92891368 114.03498303
-68.09687792 -734.28570390 107.95770146
-67.83032000 -740.65762000 108.21594250
-37.40330000 -732.93690000 13.49846250
-34.97422025 -725.81155823 154.04878782
-50.09877066 -737.96981806 86.11860851
-66.73989481 -745.16548184 115.55837806
-41.79427850 -733.72812134 62.11733221
-65.94096305 -744.55097533 113.21719762
-66.40844595 -736.16428266 106.70213232
-58.12251757 -741.76495811 106.04147196
-67.28195000 -740.49870000 108.71858750
-67.42290000 -745.37980000 117.59686250
-37.43111000 -732.61991000 16.49596250
-66.18280968 -734.14873806 106.34333734
-63.16605602 -733.95857917 104.07535926
-64.89873231 -743.85398462 111.18128558
-29.57643036 -726.21441582 163.67288980
-64.79309808 -733.98839615 105.25576442
-43.80058493 -734.36023562 98.31056113
-64.10750482 -744.94926867 112.17918057
-42.03084853 -733.52396655 110.01259422
-42.69731658 -738.08637500 74.31030638
-37.88467474 -740.00915675 46.51296561
-63.04947151 -744.18781321 110.44017533
-41.89381347 -731.75540659 124.52157740
-19.10734151 -755.40483208 66.84170590
-37.29067965 -733.71971905 134.49508501
-40.30878172 -735.37550746 98.17099907
-29.93508349 -747.80517752 59.14344638
-40.19548750 -731.48380313 129.01069063
-61.91676484 -738.71712582 101.96225481
-61.49630000 -734.29160000 102.46829583
-54.78306739 -740.78160391 100.75522554
-59.97758266 -739.46161902 101.15515030
-56.36485797 -733.61327754 95.29313279
-37.27646486 -734.21548919 37.74470034
-60.66523067 -735.85833967 100.55824050
-40.26627068 -735.52394354 104.07589795
-25.18174533 -752.48777467 67.26635717
-37.61715882 -728.71952941 141.74463309
-60.10588770 -742.20202828 106.78802813
-39.51894478 -733.26372351 50.22320690
-41.85270873 -736.62161091 71.08645123
-61.28456364 -733.68591818 102.65700795
-60.46842326 -740.31055029 103.23140233
-34.12804545 -734.16181818 43.50147159
-60.12806054 -733.91956552 100.89266863
-28.24430000 -749.49240435 60.71692337
-57.09042508 -740.25624694 100.92365684
-58.11056832 -736.15608261 97.04977057
-37.26156800 -740.67310400 48.34510650
-44.82877190 -731.85997473 124.35474965
-30.00014579 -724.37390942 164.22823654
-56.54353465 -738.42545156 95.36040569
-43.69734444 -737.75705278 104.47431250
-44.47184557 -730.91106430 127.80503516
-56.74548910 -736.17612970 95.04945353
-40.57033902 -735.79580244 40.15352835
-55.98476379 -740.64912069 102.09922284
-55.80308242 -738.01503956 93.02987459
-39.68246259 -733.57423881 55.93020376
-54.57482143 -740.17292020 97.71804087
-35.34013430 -740.27220903 48.89178236
-40.59800611 -733.98174962 38.14917929
-55.18799608 -740.48896667 100.09603701
-35.88369818 -727.19903345 148.87760060
-33.31875125 -725.20793118 158.45535354
-53.48008351 -740.90027696 97.91554444
-53.20465951 -737.81728589 89.71329747
-39.00700871 -735.03870131 38.09933331
-40.61334946 -732.35680215 22.66614530
-52.74372143 -740.85564048 96.11548512
-44.04280543 -730.05853080 131.36405851
-52.57272903 -737.07079355 87.13339153
-40.09574516 -738.10429619 119.16622320
-40.31362796 -735.42316559 101.14037809
-25.36666000 -719.79025333 177.27320917
-26.35208506 -749.86460690 60.19272648
-51.49002117 -739.81008352 91.96291041
-51.09802353 -736.85913636 85.72378536
-40.21460000 -737.63460000 69.66636250
-44.16903034 -738.17839172 110.12676526
-52.25274375 -735.54746250 87.98322083
-49.57791316 -736.44574737 81.46140461
-50.71756331 -738.98978593 89.01516315
-52.39670000 -741.02302500 96.60638750
-39.14229022 -733.01149957 34.97876511
-50.48128119 -733.20866238 85.90685623
-29.11537619 -720.54029444 172.76379544
-50.73407820 -740.80414645 92.33826345
-44.36833337 -733.36043026 74.28483270
-50.05500733 -736.50503756 83.45828383
-28.37783000 -737.81126000 48.50023250
-38.31090518 -737.96033227 133.99515095
-36.97270849 -735.87454465 41.60207131
-37.69506494 -737.31739156 136.71782159
-40.22426306 -734.16337006 68.27449817
-30.25626049 -736.92263704 47.41452744
-39.26028206 -731.30987240 19.88790910
-36.44469966 -727.82887612 146.11407487
-48.82258671 -737.10127365 82.71862804
-41.64496974 -735.23036513 59.17296579
-40.31244597 -735.37785355 95.17220184
-49.22378235 -740.70060588 89.03479779
-48.71583117 -733.05126345 82.84286766
-37.58207000 -724.96386000 154.03134250
-34.17749618 -728.21056641 149.77991135
-41.60913015 -733.60023631 59.03381685
-39.60442667 -733.39020407 52.98349472
-37.67164865 -736.90124234 133.84087511
-35.21785990 -733.11956360 143.15984730
-41.95397664 -734.10339281 91.82536571
-26.83141935 -747.31873363 56.55397827
-32.38743395 -747.53268985 61.79640896
-39.12234680 -732.99449692 14.21667797
-47.14742968 -735.60456253 77.11644271
-46.85493415 -737.99618110 81.12439848
-46.69933067 -734.13244000 78.07615183
-30.02763639 -742.92727933 52.25252512
-24.88524576 -742.57850103 50.66978307
-38.56500000 -725.39395088 149.01256601
-46.58608000 -735.50885000 75.32998750
-46.54690769 -734.20940000 115.90868558
-46.51720000 -734.55040000 114.35386250
-46.06973000 -734.90741467 112.70201317
-44.85975473 -732.90922594 118.96093310
-44.91598611 -736.18961032 74.34351726
-40.58741429 -731.62488571 127.09480536
-45.35602469 -732.90126842 76.84235190
-46.13975000 -734.67775000 115.24262500
-39.98030665 -735.38252943 64.72501566
-46.28683300 -732.44999500 78.93916050
-46.07343125 -737.35350000 79.00911875
-44.83703203 -733.67764038 113.14622604
-45.76838101 -735.40481704 110.02670189
-33.49550216 -732.02082973 151.39713709
-41.87631189 -734.05776954 80.20258107
-41.09547566 -734.88666931 50.13707626
-44.33467167 -731.37470194 125.82931194
-44.63078767 -733.89481164 110.13016575
-44.87712392 -735.67709301 104.12532272
-44.30012903 -734.02237593 107.11822429
-44.34663540 -735.32531553 71.13949325
-44.38366808 -736.31101412 100.91674244
-40.62040370 -733.82171111 32.36733287
-44.14440995 -734.15000572 104.09066797
-44.20840198 -736.39746190 98.54117440
-43.88175482 -734.14879269 71.19077479
-43.93684327 -737.89403942 107.12235577
-43.72189375 -735.67238807 91.78358352
-43.67031875 -734.43013125 94.86319063
-43.62737688 -735.07117399 89.19969603
-43.57639276 -735.22057895 86.19841974
-43.61064815 -737.69061481 75.33889213
-43.52710000 -734.56730000 89.65551250
-41.50544175 -736.53547198 95.04483823
-42.15522278 -732.95294382 116.03324725
-42.26705389 -732.49374899 119.09634175
-41.90576212 -734.06110188 95.05025097
-42.05855743 -733.15998967 71.13297042
-41.29577264 -736.80730495 100.67186250
-28.21022542 -724.02740866 167.68469183
-41.98220143 -730.43699448 131.27335105
-41.93970484 -735.85181048 68.22012110
-41.63796110 -735.81306502 80.18881780
-41.76644814 -738.88149662 115.99951419
-42.53847115 -731.42503159 125.73431305
-42.03128634 -731.09897060 127.99424035
-41.94987528 -736.40599906 74.11547392
-29.32081035 -746.96366313 56.98020619
-41.37027091 -736.05973517 89.05910490
-41.36514566 -733.48570799 52.96293670
-41.64025035 -736.12511368 83.17359903
-41.84008972 -734.07252581 82.87344270
-38.54137749 -736.20889441 124.97200434
-37.35063200 -732.79881200 20.75068250
-41.99562025 -734.05629899 98.05735060
-41.43756265 -736.71798133 98.24514045
-41.96362395 -733.74840064 106.98519192
-41.57067637 -738.43227869 113.18487347
-33.50616208 -727.58786070 152.43112397
-42.19814604 -734.13688176 86.47301483
-41.72442776 -728.06448669 137.22956562
-30.29592346 -722.22906615 167.90554712
-31.66432312 -729.40219625 157.27548000
-43.00236667 -728.54916667 135.38804583
-41.89644151 -735.43977529 64.76299532
-42.84758519 -737.72479259 95.32186435
-42.05100000 -737.62260000 98.78914583
-41.15005282 -728.90891197 136.28652940
-41.86919859 -735.31967752 62.07763393
-41.21985508 -739.54957734 121.90677520
-42.17425000 -737.74306667 92.40831250
-41.28219236 -734.99783527 53.23482723
-41.31407027 -737.85051802 71.56031205
-41.19158491 -733.47053467 50.00022712
-40.88239553 -726.90744711 139.87116908
-40.83551007 -739.63543284 124.88974981
-40.90885425 -733.59414500 44.37910000
-27.02452198 -751.67385490 65.15962839
-40.58402290 -733.93436260 35.28493197
-36.42660339 -737.99920362 44.95964236
-40.69264766 -737.24123594 106.80953281
-40.60652963 -733.43169444 29.38447731
-40.58352143 -726.10177857 141.91278393
-40.63779444 -732.54945000 25.85444583
-40.59392340 -737.41542553 109.74816676
-40.59963750 -732.06570769 17.12177885
-37.35435676 -733.11711351 22.62470034
-40.51504211 -731.44198421 13.63861513
-40.28300121 -735.36058623 86.21703983
-38.88725179 -736.04106838 40.93182101
-39.51544629 -735.22779082 55.98980801
-39.92128014 -736.39995565 113.11735291
-40.27545401 -735.30160802 91.86933113
-40.30128042 -735.58029683 83.07872546
-40.07438944 -736.11797690 110.15038560
-39.07498817 -732.87291882 37.99125264
-39.35104330 -730.64093935 134.35032779
-40.28271455 -735.29667709 89.07519086
-40.15111892 -735.40875473 71.15971588
-39.40043140 -735.19081530 53.23545617
-38.97452471 -732.97382522 22.74313079
-39.46885485 -733.08408112 40.96873903
-40.19741369 -734.32837143 71.15788155
-40.08889366 -734.33270775 110.08691813
-40.04801318 -735.76786238 68.34236636
-39.97581699 -734.09963301 113.16933337
-38.40683646 -733.29096291 29.20244195
-39.83638875 -733.83155708 58.75515542
-39.05794865 -732.89077391 20.11329401
-40.39381111 -737.63887222 113.77851806
-39.81056880 -735.31074604 61.87019473
-40.07370543 -734.10768478 64.92812880
-40.14356964 -734.47793571 73.50986250
-38.64055992 -733.18388564 128.18937596
-39.28061780 -735.12914915 50.33187903
-39.71583388 -733.51909551 119.15411352
-30.02649103 -739.81009389 49.27625584
-39.67509125 -735.28282500 59.08138000
-35.95513102 -742.71246526 52.93759252
-38.92457961 -729.90444466 137.05284433
-39.21190455 -733.07496818 125.24320568
-39.31490986 -738.52541890 127.99090839
-39.06910242 -730.29723426 13.78464886
-39.88734801 -738.35816902 122.00855308
-38.74360178 -732.89471863 25.94433600
-31.61846000 -748.68248000 63.66057250
-38.76266692 -735.82536095 43.81125230
-39.84431466 -733.82997906 115.94144575
-38.98952904 -727.03590749 143.04323216
-40.24607857 -728.39625357 138.31492679
-38.35366380 -733.33810813 31.57971800
-40.26209577 -734.49545634 107.23259208
-39.54490800 -732.95050764 44.04118323
-23.87721011 -744.20243820 51.20284340
-39.04799009 -734.82758397 35.21312722
-39.67726132 -736.46747621 116.08760602
-38.62796698 -734.68520000 31.92543892
-38.84951402 -738.33433862 130.75998869
-38.53633157 -726.40625045 145.80727549
-39.11502602 -731.43213402 22.57610512
-39.35442074 -736.35516881 119.01898167
-38.24716594 -729.14204587 139.74420246
-38.83827843 -731.47549804 28.99801936
-38.32524199 -738.80815076 44.24302685
-38.29829911 -741.03260179 47.56408304
-38.83040769 -731.53219231 31.47184712
-38.00720639 -741.91211013 50.05111228
-38.00770095 -725.94523111 148.51824282
-38.84265000 -740.66470000 45.47141250
-37.76265814 -725.16486977 151.68706483
-21.62158603 -748.97201913 55.62172825
-38.01662000 -734.66564000 26.51182250
-37.57555000 -736.75455000 138.90593750
-37.54757143 -728.35001429 14.05651964
-37.55715000 -725.71085000 150.65646250
-37.52179091 -731.81468182 135.67866250
-37.48896667 -743.36000000 54.87636250
-37.05373537 -725.28030272 152.78460060
-36.80714189 -727.87066486 14.80408885
-36.71059360 -727.46993023 15.78745203
-37.27763953 -735.67527147 134.39221564
-30.79097333 -749.20917867 63.92779317
-36.76797337 -730.43556667 140.27202035
-35.35066471 -734.71499118 145.06014191
-36.26324819 -725.10746992 155.08816612
-37.02991132 -728.27137233 143.80239961
-37.05555038 -729.18376641 13.89223858
-36.90828767 -735.98892567 137.14911539
-37.32525778 -733.45334667 29.43973583
-37.17973500 -731.17258929 137.74120607
-37.26309524 -734.08141905 35.15745774
-37.32064762 -733.29988095 25.99527679
-37.42972500 -734.89130000 38.72868750
-36.44361483 -733.45194753 41.30650623
-35.53798483 -726.27856398 151.89484046
-36.37227595 -743.45156034 54.85552284
-35.77085899 -735.14939112 142.89318724
-35.99929413 -733.09293497 140.15006110
-35.08987086 -729.81175080 145.65908734
-35.08654596 -724.49919444 160.66814129
-34.57488000 -728.77677200 148.03166650
-34.57526667 -737.48977778 45.64081806
-33.26099528 -745.87595861 58.77412843
-33.18320232 -738.68661625 47.47831530
-32.94482200 -724.59709175 160.81439300
-34.31639922 -730.81280469 146.96325703
-32.80741228 -740.12794645 49.11053720
-34.34613975 -732.32494969 146.90180660
-32.99500582 -741.39400227 50.58587828
-32.75065510 -727.08962497 155.11985197
-30.40960491 -726.88413627 161.06346313
-34.25280000 -725.50362222 156.21797361
-32.97343251 -723.56004735 164.03773158
-33.36097455 -735.58980862 44.81779336
-32.66002190 -736.72743139 46.11994377
-32.53539474 -743.87078449 54.01258300
-32.95155739 -730.11955494 152.19048694
-31.91014144 -722.28816396 167.65871205
-32.40965726 -722.82883306 166.14849960
-31.63743929 -721.97376071 168.77964107
-31.47230000 -725.61690000 159.63116250
-30.74224226 -725.09318189 161.59834929
-29.94895614 -741.43174995 50.69293326
-30.04681107 -721.47568593 170.02894167
-29.12675835 -723.86193731 166.52320523
-29.88329348 -744.35087938 53.77250128
-24.89202658 -718.52970739 179.22593521
-31.21932500 -746.48955357 57.76771964
-22.94204290 -746.96606086 53.80463757
-29.27301364 -750.25172211 64.74283348
-28.93766483 -749.91708960 62.62331082
-28.96200000 -725.68336250 165.74768750
-28.50145000 -719.95950000 174.75426250
-27.39915887 -739.52785981 49.50740206
-27.12626004 -748.77514435 58.88552300
-27.22553806 -721.14172951 173.08637702
-26.29153025 -720.27078395 175.64165715
-27.85557608 -721.93386471 170.58569936
-28.42650000 -737.56850000 48.39056250
-25.91188403 -718.35594538 178.12361796
-27.67888294 -723.27891557 169.88990898
-27.30483333 -719.52893333 174.52112917
-27.32218846 -722.75855769 171.77069135
-25.60613000 -752.67382444 64.91831139
-25.66700000 -752.59280000 67.26396250
-23.92469202 -747.93882479 56.13634793
-24.39239412 -749.13457624 58.15725051
-24.06543314 -751.66550622 61.66345312
-25.35070345 -719.75869310 177.82254871
-24.20051987 -745.37503305 52.92620990
-23.96796905 -753.51082380 65.09465837
-25.38610400 -719.34846400 177.46789050
-25.44322500 -752.55832500 66.28056250
-23.70596209 -750.36873363 59.51505821
-23.75672550 -753.23380550 67.27212303
-25.20864211 -743.44119211 51.71707303
-23.59375282 -752.84450363 63.17621250
-22.55190000 -749.63030000 57.51116250
-20.96147579 -751.31317041 59.15190560
-21.77845378 -747.92262065 53.70262845
-21.07097877 -754.41619076 67.48072460
-21.06157736 -754.67548517 65.19589245
-20.56074091 -750.16767315 56.68310295
-22.26370000 -746.45980000 52.16336250
-18.94157946 -752.05447784 59.05731439
-19.25053654 -751.13263750 57.05612692
-19.26461429 -752.56022857 60.56540536
-18.98262857 -755.72102857 67.04146250
-18.34203772 -752.75117632 60.26922215
-18.53650000 -755.63300000 66.43706250
