-38.32206078 -740.16928344 47.78318453
-26.70200636 -741.87661132 52.68682752
-23.42085064 -749.90739391 62.99215856
-38.88966659 -741.15847188 77.98691793
-38.59844533 -733.82173407 23.87321874
-49.56162088 -739.80239733 87.45478707
-42.19148392 -732.14102852 68.59701829
-22.51064992 -745.58646784 54.67809555
-50.00031762 -735.83218062 85.91902768
-42.32641221 -734.45623352 62.99257024
-37.45906328 -737.24377630 77.84667734
-36.83047234 -735.67264149 68.48054752
-24.68277150 -741.75127523 51.54297555
-58.32345103 -751.88708490 105.94697199
-47.08259345 -737.62955126 81.07406780
-43.17086320 -732.84967080 69.53008067
-49.19933904 -737.00428904 84.84676640
-47.67769880 -740.71179512 86.62022358
-50.98767600 -750.60036545 103.86972685
-41.67435912 -743.60307959 86.79814091
-38.75347215 -739.76443991 75.07976977
-39.55517586 -739.23432759 73.10449943
-32.95041880 -735.05197590 45.33013378
-40.19800959 -733.67735377 27.03456530
-28.82971570 -748.76249156 65.64471310
-23.37305834 -746.34768569 56.93563150
-30.36033019 -735.71486401 47.55729976
-39.05674766 -736.51315265 60.14863956
-20.41289172 -749.07800767 60.05688203
-53.51955895 -752.13815605 104.94034992
-24.50997935 -744.99446710 55.61775602
-31.19158033 -745.28463607 58.13791503
-42.95156667 -736.48639167 67.21905000
-42.62412297 -734.20174087 65.64781489
-35.06010334 -737.25613835 93.11420521
-40.02298049 -734.42599512 76.88549472
-54.11403443 -751.27947131 103.22530601
-37.88858277 -737.70895181 71.90959560
-40.20809103 -732.36268640 20.90485892
-21.79860769 -751.12977692 64.50237051
-61.32356851 -758.66083192 113.64538955
-33.16728136 -744.82237564 59.29577367
-41.10790487 -742.81064375 84.04700197
-40.71769662 -734.09067969 69.22447421
-23.67013183 -750.67291322 68.55012988
-34.45626544 -737.68180872 95.90207963
-41.21688263 -739.59830054 75.14024439
-38.03845427 -734.66335776 56.85563303
-36.91530000 -733.76150000 40.35911667
-33.98860000 -745.20295000 61.32401667
-53.72498593 -746.89951847 98.60814168
-57.49162611 -749.85783952 103.83570573
-37.99804342 -737.10753524 68.85625688
-41.49491054 -738.65529475 71.84763186
-54.86840000 -748.07290000 100.38371667
-28.60072664 -748.54896805 63.36412182
-48.15425237 -737.99155037 83.61671667
-40.41219777 -734.17868912 45.27618967
-40.30988573 -731.44068720 14.56212730
-39.65479138 -743.30474439 83.31683285
-55.69182153 -746.18127542 99.59368407
-52.54074695 -738.52554405 89.99626858
-27.32306299 -748.06576104 61.49331732
-58.50124626 -749.64121263 105.17491370
-61.49671317 -757.53149076 112.08468529
-42.26709368 -741.85608544 83.09488037
-30.33462271 -747.93158723 64.99886415
-58.91044973 -754.70069064 108.59146984
-34.71506877 -735.32034387 44.29596542
-32.48472455 -744.18353662 56.91595051
-38.72366205 -728.09920869 16.95954821
-31.97426855 -745.69710199 60.17535457
-46.87168895 -732.76761105 77.49551394
-40.09176702 -733.28444149 18.00861773
-49.22320826 -735.24844404 84.20530456
-52.76134278 -745.67448678 96.84646056
-38.74871405 -732.05882274 23.51847924
-45.54944529 -734.59145309 74.70879936
-37.23189113 -735.28300507 86.46405724
-40.24260624 -734.09662284 42.29371600
-38.97160988 -732.72352777 47.94892828
-34.19533542 -745.07124792 61.60736250
-24.03236168 -742.81972884 52.13254677
-37.85844641 -735.01733485 60.14753532
-37.57360085 -742.25770339 54.90319633
-36.52791203 -736.47158165 42.80591414
-35.01508438 -742.45803240 54.59001876
-50.32389348 -737.64599693 86.84127546
-38.29421845 -734.12515907 45.01015853
-42.22724118 -745.23826471 91.03187549
-35.59044894 -741.86041688 53.37365476
-40.91635416 -735.02817594 54.00776567
-44.90053740 -741.79885020 86.09149540
-56.10454320 -749.35817465 102.18205576
-40.20905217 -730.07686087 13.07534710
-52.33675847 -739.86788816 90.74713432
-38.61426025 -732.48308075 56.91510152
-37.23802653 -742.49976786 56.01580799
-29.40779289 -740.42309846 51.29140529
-46.07706525 -734.32299645 75.86686897
-18.68596011 -751.64359003 65.34547974
-38.77760620 -733.59304188 18.01696945
-40.24257667 -732.89486890 48.09818449
-48.15682215 -745.07023289 94.55921868
-18.64478834 -750.68439611 62.99701295
-53.21116000 -748.55726013 99.93245667
-46.24761538 -742.27306731 88.19480513
-37.08488049 -738.35615366 86.28451911
-40.22043990 -732.45320779 23.53390061
-29.46253228 -746.55963062 59.85543471
-56.24453876 -744.36254868 98.71391681
-43.03074957 -734.76663048 66.72777165
-46.13686333 -739.35827556 82.00858556
-47.29015589 -742.90786260 90.15604537
-50.38497693 -747.38953871 98.38059512
-33.28279833 -738.31876667 100.44684000
-44.60763452 -734.43361601 72.15631006
-48.76429692 -738.92991385 85.64741974
-60.81368242 -753.48092308 109.59858260
-48.34681450 -741.83152703 89.04435966
-48.49362739 -748.72381214 101.04545594
-37.29846066 -737.81700737 80.59517811
-39.15987709 -731.92274273 62.41233781
-60.07699498 -757.93266773 112.97650519
-61.40945740 -755.83826023 110.88834136
-61.11356640 -753.81926240 109.93547187
-59.42512944 -756.11181785 110.62504668
-51.94950000 -737.47740000 88.31151667
-35.24303048 -738.30480445 47.19202414
-37.56608559 -737.43947503 74.97979466
-60.10710739 -757.53320391 112.03305971
-38.41682500 -742.21392500 79.25531667
-54.32175985 -741.28766687 94.86129117
-41.71979685 -737.23926556 65.85472121
-40.08071404 -733.28497544 15.20225526
-52.52481595 -742.78406857 93.69009378
-59.37306022 -752.85129440 107.78031134
-51.56720925 -741.85267137 91.69777394
-29.27557770 -745.63276732 57.76429335
-40.07706571 -733.35889929 20.90404167
-39.04418993 -732.77582590 41.89714688
-50.41692184 -745.95039151 96.37388429
-59.45527695 -750.42596203 106.99253718
-59.02035349 -756.97558605 112.50339574
-58.14304847 -747.57274600 103.97900114
-57.97134706 -746.67670588 103.19846373
-56.63542252 -754.65398585 108.37298475
-56.11570051 -753.79533586 107.24864302
-25.01430000 -742.28790000 52.27001667
-50.64546346 -741.05659191 89.97400846
-57.16647048 -755.45806925 110.23674143
-21.66245429 -751.02056000 69.07587381
-57.85941635 -747.72636442 103.49668494
-43.20649219 -736.99602683 69.08440122
-36.13325918 -737.25072550 86.85656890
-46.36868289 -745.26835132 94.19470482
-36.82304516 -736.36580323 70.04669731
-56.48960195 -752.36358403 105.10770011
-56.90022683 -746.86935203 101.58435467
-53.62297451 -743.88872461 95.87345174
-57.24797812 -744.99602266 100.61659635
-38.59541558 -734.31330486 32.83593207
-21.15829991 -747.35105556 56.82300333
-55.51383722 -742.93867200 96.78023756
-55.95378750 -754.02633750 109.42060417
-38.07212034 -735.13200501 41.44122670
-55.30188995 -741.80147608 95.91203198
-55.23845313 -751.27043125 103.27106979
-55.02100000 -748.20170000 100.28121667
-53.55294745 -749.91338215 101.65446774
-32.38156072 -742.82910050 54.31519946
-54.65562357 -744.88789429 97.65797952
-54.20369809 -753.04334490 107.07586671
-33.32723315 -739.44588315 49.09562319
-39.76506000 -731.68531000 64.64251667
-42.69315048 -745.06085810 91.63846143
-38.80174853 -733.51860872 14.97933929
-18.61672549 -751.24085490 64.24615000
-53.18160066 -740.85158669 92.95197977
-35.81892051 -736.08428462 91.77442949
-40.48530318 -732.76860637 53.76443338
-40.60879538 -734.21275186 47.93821540
-53.30117172 -739.01388586 91.72062273
-52.12998000 -751.06658222 103.58740556
-36.86905821 -736.00236269 81.88690323
-51.68026829 -751.39832012 104.86097033
-50.45418467 -749.52430191 101.83773708
-41.35443336 -736.84691237 62.89085159
-51.60161034 -738.56882787 88.74691552
-50.46206586 -743.48874309 92.93933708
-50.75363947 -744.78606667 94.87724467
-50.57635260 -748.46490449 99.96586676
-26.39971435 -740.69809442 51.45750655
-46.82288621 -734.48605095 77.72619279
-49.56568921 -742.47792614 90.91802257
-38.35860441 -732.52553000 38.51927167
-46.94206890 -739.92044946 84.27179534
-48.19244691 -748.32079794 100.05438007
-47.57496759 -747.44852078 98.40972802
-36.90085000 -738.18735000 73.58231667
-33.91250000 -733.51430000 43.35101667
-48.71787823 -735.32328319 82.92136602
-47.95656141 -734.73498536 80.54938575
-47.38221616 -745.99655578 95.88494262
-47.30716262 -744.30801371 92.83755740
-40.17578566 -732.80404161 29.76053800
-39.99036316 -733.08841053 35.78060614
-47.80615417 -733.07103750 79.58410000
-29.57275451 -744.58520189 56.14829938
-46.37858431 -737.04594194 78.65504892
-46.11231835 -732.52411835 75.99957458
-44.40718898 -743.69373343 89.81601206
-44.36668781 -741.15391713 83.83312217
-44.25983817 -740.15849109 80.97774194
-44.68460495 -744.72208690 92.31976035
-45.26506159 -732.33113849 74.46528587
-45.08641330 -738.27091730 77.67463768
-45.03158472 -746.04950687 95.60485536
-43.68022378 -739.52911613 78.02795982
-43.99297003 -745.40829529 93.53214011
-45.63903371 -738.85505829 80.11413895
-38.87901877 -732.21600864 59.93275072
-45.75319020 -747.05550980 97.63741863
-45.90515000 -735.97915000 76.46296667
-43.11199851 -742.27668806 85.13494801
-43.97276390 -742.70499310 87.23304270
-44.32717355 -737.82874108 75.00624801
-43.91002323 -732.30547535 71.89548446
-43.65967367 -737.53483746 72.11524116
-43.51048483 -734.40441074 68.97725647
-20.21733785 -751.26680568 64.15488386
-43.10610000 -739.24658276 76.11272356
-41.42765307 -740.36506572 77.82624391
-42.17100065 -744.44092814 89.42993128
-42.70115271 -745.31616977 92.20347171
-42.36296569 -738.96850138 74.10574511
-34.75274642 -744.20380744 59.57799645
-42.76595614 -731.59681930 70.66120088
-41.53411141 -738.03042793 68.92884597
-27.79273077 -737.39495385 49.27557821
-40.22350676 -732.22761910 17.89767384
-41.48993272 -741.39924010 80.91197903
-39.86995000 -743.87860000 85.71336667
-38.07304300 -734.21850985 50.64907270
-41.56855051 -732.33805984 65.88201023
-41.88724990 -734.55766972 59.92689082
-40.99217396 -736.53983307 60.12422389
-41.28671866 -732.53232354 63.02247825
-40.43803421 -739.23518816 73.21237061
-41.35289602 -734.85624764 56.72706477
-40.53076578 -736.29822299 57.79148298
-40.88842076 -732.57626229 59.94530458
-40.70794523 -732.70332616 56.92378397
-40.49190943 -734.17803868 71.94260950
-40.83522671 -734.31756647 50.75074426
-40.28832611 -742.38890886 81.93783531
-40.35630854 -734.33936996 74.59727617
-39.40401071 -741.95625077 79.95747764
-40.22898559 -734.42202333 38.78879077
-40.33105350 -732.82456157 50.78937166
-40.20216184 -729.83986034 14.59557381
-40.17310602 -736.66359774 39.78730313
-40.22357143 -733.95516522 32.93330455
-40.20789479 -734.08187975 36.01931575
-40.21777521 -733.74326866 29.79160328
-40.10938824 -733.52001471 23.87606078
-40.24221621 -732.66829612 27.08375068
-40.11250250 -732.97572500 32.40745167
-40.14737795 -732.91746923 45.39466487
-40.03850519 -732.92291778 42.15325815
-39.98178333 -732.98684583 39.33526875
-39.98280000 -737.51162500 40.67746667
-38.63456645 -732.33277525 29.61479001
-39.27447208 -736.30821234 57.52265368
-38.77110021 -733.68758685 20.68966312
-38.57824537 -734.78901738 74.88804879
-26.38347814 -745.94680197 57.65495863
-38.64313976 -732.55974036 35.71978855
-33.49301598 -736.44986107 46.13193388
-38.65843811 -732.05218906 17.85926787
-38.53800888 -731.93526239 15.03925508
-38.52725200 -732.09725144 20.65217975
-38.46278971 -734.90781195 54.09872384
-23.94720916 -750.93249529 65.34629197
-39.34634609 -742.62264294 81.29632640
-38.51306286 -733.97618655 27.06651188
-38.84032064 -736.72434530 63.01039402
-38.92633366 -729.14691416 15.32985348
-39.79454000 -736.52326600 40.19194867
-38.34660736 -734.89736161 77.59350946
-38.83566773 -737.26274925 42.15282397
-38.89487861 -732.63955713 50.71756719
-38.69418247 -732.20378642 27.20816473
-38.58879713 -734.79146168 72.04497579
-38.93177694 -732.74440377 45.34303108
-38.36595184 -734.35423318 35.76798829
-38.45791160 -734.06386536 29.72721308
-38.40198313 -734.84166253 38.95391558
-38.28142940 -734.87347412 68.98111987
-37.96565319 -734.88865451 65.96949219
-38.72376230 -732.45678313 32.46642937
-25.48172941 -748.31293725 61.23396765
-38.43000577 -736.92552615 66.02078086
-38.19602158 -734.16492988 47.78393098
-38.83954135 -732.53801663 53.81945734
-37.01678333 -735.65575000 88.57206667
-38.80898246 -729.94980474 12.62694321
-38.03586033 -738.14410958 44.55218476
-38.93262803 -739.61504369 45.34702626
-37.86975666 -734.99767736 81.01713213
-37.90910291 -734.51264997 62.91697137
-38.10633939 -741.08589464 50.53142980
-38.55746959 -726.77951082 16.91256048
-37.73775207 -741.90996423 53.55747260
-37.58008604 -735.04778148 83.67103822
-37.23004918 -738.40502732 83.67540683
-37.23699600 -738.90576640 46.81038787
-35.21521040 -740.59505697 50.83114404
-36.72957365 -735.88574790 83.95240379
-36.48785347 -737.40274426 83.95846795
-36.55726936 -735.80303298 86.99790794
-36.14332720 -734.96846554 42.35770164
-35.59832069 -737.14915905 45.27136834
-36.77640673 -737.17893184 71.75027182
-36.84522857 -735.01067738 66.75379048
-36.77816618 -737.00655294 81.61177712
-35.39342923 -739.52941214 48.94457085
-26.50164121 -744.64623270 55.96085969
-18.89950000 -751.15430000 64.38321667
-35.28092255 -743.20085536 56.92890196
-36.92290000 -732.34540000 40.35701667
-36.31345554 -735.90284272 89.50806153
-36.36018571 -732.71992143 41.08215952
-35.62658923 -737.18528104 89.78125424
-34.14363123 -738.03738182 98.27208426
-34.05730615 -745.29445538 61.80820897
-33.85303913 -737.63050870 97.12195580
-32.47927861 -740.56980155 51.05785522
-32.17080426 -746.51017540 62.88163906
-27.25837168 -738.46704122 49.97485645
-32.52164377 -741.77983569 52.81613620
-33.66835568 -737.99744375 98.98805492
-32.35586718 -737.69509120 47.88170156
-33.77500000 -745.17030000 62.20861667
-33.38187500 -739.77912500 99.60424167
-31.54897177 -735.64262926 46.81010032
-31.55978723 -739.08960426 49.50253582
-31.35877709 -747.46980961 64.68679672
-29.85301010 -747.62106983 62.78870702
-29.85640205 -737.19656737 48.58077504
-29.41740239 -743.12636957 54.20512254
-29.37899806 -741.74379557 52.73078453
-29.28912684 -738.70700735 49.80104755
-28.04590000 -749.27830000 67.46196667
-26.39951280 -749.25593008 63.05661577
-26.44567654 -747.24112446 59.79546035
-26.50656874 -750.09277026 65.71906366
-21.63127823 -746.30351803 54.86822585
-26.27507396 -743.19476568 53.97966637
-20.83910765 -752.17267439 68.22222786
-26.08801525 -749.94714821 67.91196330
-23.09566227 -748.67505629 60.61827523
-23.71231859 -747.64077015 59.30910678
-23.84205735 -744.11031989 53.74850192
-23.20055459 -751.53951476 66.12158590
-22.76167435 -751.68274554 68.01817224
-20.47699237 -750.52282924 62.84734704
-20.44301033 -751.82595428 65.65994940
-21.46019463 -748.01282483 58.68182069
-20.09790745 -748.40591118 57.99148561
-18.78242326 -749.83976860 60.85020039
