-23.14603295 -745.70623931 56.12871265
-30.04851098 -740.69191341 45.48586479
-23.27582846 -743.32831934 46.81328405
-31.86564986 -740.26020440 46.94545795
-33.98903406 -740.32983995 52.31048371
-37.27685142 -730.27116575 53.50262765
-37.86822222 -729.07046667 66.80998403
-37.03508593 -730.36194800 32.20453278
-38.75125862 -731.51826322 22.43943384
-37.45133323 -729.88198396 47.29776871
-23.66370000 -743.59240000 48.76570625
-35.02528902 -730.29702905 38.18646944
-37.01211615 -735.69982410 41.19825516
-37.52557623 -729.57714093 62.04201108
-31.90389231 -737.53972564 39.91511394
-39.23212638 -732.43616819 14.04145261
-38.94291489 -731.31160281 16.82736973
-38.35559181 -728.26030431 64.21694978
-37.12376679 -730.67166708 29.43777143
-37.41346245 -729.94673887 56.13025057
-34.67755430 -737.15941846 40.92137156
-27.68800588 -737.70289559 39.58194228
-36.14858076 -728.46818255 44.63616084
-25.58726364 -739.66624185 41.43847903
-28.18000977 -738.81538618 41.53720940
-26.21574815 -736.81462770 38.12691575
-34.22810869 -736.52517739 38.38203736
-33.61002935 -737.97737230 41.86131273
-36.20410000 -728.59200000 42.35530625
-22.67840000 -743.64370000 45.74680625
-37.84859249 -730.84994487 16.97128067
-36.44085000 -731.60950000 46.23985625
-38.80498333 -734.80153333 40.18978958
-31.62550523 -733.06673356 32.31802388
-25.86059689 -743.27546461 49.52451373
-35.28057349 -732.08280000 35.34129090
-31.35226432 -735.27670980 35.52267383
-28.56058056 -734.98976487 36.32980848
-37.43608293 -730.83837894 23.52416508
-35.29558668 -732.38204429 26.85127364
-37.05627055 -727.85288429 53.49071416
-28.21914091 -742.64527708 50.15161887
-36.65722804 -736.33201995 44.08483488
-37.97168617 -729.20265379 65.15728168
-34.15510849 -739.19317204 47.38246760
-38.86510037 -731.81187593 23.35956588
-38.80328582 -731.47312411 20.20669561
-25.18382741 -742.64628191 47.36728506
-29.51226667 -732.65196667 33.52847292
-34.34442375 -729.34046184 44.08718950
-38.83851339 -731.90360208 20.19446131
-36.90018538 -730.13841716 35.25278348
-34.66752003 -727.79327258 50.27146421
-37.18081711 -729.78848564 59.14237071
-28.42118677 -740.06477229 44.05044408
-24.28961726 -741.09538507 42.30559987
-30.57814225 -740.97051120 47.60155970
-36.85084667 -731.72471500 38.17305792
-37.60002980 -730.92906744 20.43474656
-39.18291278 -733.90944789 29.20088354
-27.65396115 -744.43421588 56.09648683
-24.98676775 -741.57801594 44.46886680
-37.06620568 -729.80134458 41.17802725
-39.00452740 -732.24294331 16.98276534
-31.06706432 -738.46422410 41.41284531
-34.81156550 -728.29111066 47.30210858
-35.28339358 -730.48407677 35.31387605
-39.37775899 -730.29192126 14.15576630
-39.31481720 -734.74554468 32.62440182
-39.22530951 -734.76007556 35.16769774
-39.13649768 -734.48582139 31.30347713
-39.66870000 -734.67300000 30.67100625
-39.01001646 -734.72580404 37.90710967
-39.19775953 -732.73832399 26.29960820
-39.48725000 -734.58575000 37.80930625
-37.67630541 -734.72100999 33.02951680
-37.30185661 -732.81291317 26.40655290
-37.73104582 -732.51338669 14.28347095
-37.46715167 -735.00810803 35.20745576
-37.21073021 -733.97427743 31.67971518
-37.40465451 -733.54628861 29.26554279
-37.47210754 -732.28539048 23.59596129
-37.92603602 -730.19443443 14.28934029
-37.64733223 -732.58909129 17.15417529
-37.50653091 -732.45354496 20.23720944
-37.18827699 -735.42356380 38.24998755
-35.55004635 -730.80619271 32.55282344
-38.07962156 -728.00167925 16.12681676
-37.81133616 -727.79933569 15.26748422
-37.21196996 -730.77836593 25.95470352
-38.05482056 -727.81690572 62.13372370
-31.76614231 -737.72377308 39.55980817
-36.67220385 -731.73189423 41.18891779
-37.48155021 -727.54421272 59.14721519
-37.51484617 -729.97626684 50.31402814
-37.13405457 -727.71537592 56.35619292
-37.27862034 -729.77114783 44.08166246
-37.12954412 -729.94353886 38.43021567
-37.03930013 -728.16368274 50.52601610
-31.12846778 -739.74464956 44.18877555
-36.51411488 -732.06250417 35.04363304
-25.56457638 -738.22411845 39.25349610
-36.45429319 -728.27695353 47.26128832
-36.59103086 -737.22655863 46.52381130
-36.16160517 -738.00961816 47.71825820
-36.62189474 -731.62591053 43.83304836
-35.93293686 -738.63095137 49.45236743
-35.75016667 -737.66148889 45.50897292
-34.27686946 -739.82002505 50.26099090
-35.41207675 -737.37615395 43.73561776
-35.30694643 -728.48407245 45.02471747
-35.21784585 -730.62804082 53.57153015
-34.33573221 -732.93429685 29.35112712
-34.07077952 -734.07340216 32.13485818
-34.99096175 -730.83540984 26.19469696
-35.50674459 -730.40012779 56.29860925
-35.49550615 -726.69654302 55.69185541
-35.69010000 -731.64340000 24.72280625
-33.77373209 -735.36907946 35.08596177
-34.61111135 -729.93470699 41.31875366
-25.04652713 -745.49627753 56.36640621
-34.49693684 -734.77744641 33.10924572
-31.05896661 -736.74380779 38.13802204
-35.62820000 -730.22640000 58.03127292
-33.98711834 -738.46403956 44.24670549
-34.96260250 -731.96057542 38.23894458
-34.98204169 -727.13438730 53.03997075
-34.70706503 -729.86584374 47.26480380
-34.84500710 -730.38745610 49.80783884
-34.40878889 -731.73005000 40.09936736
-33.36666705 -731.25761003 28.42906814
-33.09846054 -740.86311739 52.79623592
-32.94081225 -740.77529765 50.70698310
-31.14690043 -742.26770702 52.98051245
-32.18650385 -731.84344712 30.24684631
-31.11800334 -741.75810933 50.35089205
-26.42402222 -743.48415000 58.19682292
-30.72465329 -734.31907195 34.45926611
-32.57660909 -740.52700000 49.01232898
-32.11619167 -731.44532321 29.76059673
-30.63364336 -742.31179489 55.56719952
-28.19544168 -741.52120654 47.28143227
-28.85199170 -743.11674727 56.73040579
-28.84842927 -743.39296250 52.43572842
-28.66951035 -734.20510055 35.52451378
-28.22220421 -736.32405562 37.93874114
-27.69979284 -740.81760425 45.29286936
-27.90967230 -744.03347952 53.56272755
-27.42056783 -743.27224380 57.90926206
-26.91694930 -743.86886479 57.93009639
-26.89109701 -743.66680149 51.51276297
-25.21168538 -744.84005403 53.29300854
-25.20655441 -745.05822682 58.11001361
-24.89230931 -744.04315887 50.48343559
-26.08179635 -740.34420182 43.17664181
-23.92635217 -743.65995652 48.53140915
-22.78562464 -744.46065458 50.16220683
-22.74218377 -743.99330348 47.87240458
-23.31984034 -742.71794364 44.66351640
-22.76576340 -745.27234749 53.29280238
-23.59577000 -741.68530500 42.56634625
-23.54340000 -745.77450000 57.84230625
