-142.52623051 -857.59182712 134.08616669
-145.09226667 -858.40658889 129.83995652
-46.35885426 -756.13858989 98.54304934
-39.28224486 -746.81321677 74.14666260
-0.07802169 -749.83019894 112.55322266
-124.05501333 -839.04556000 156.58267986
-91.13158581 -807.66921660 161.81692747
-144.45075779 -858.06362541 130.81475283
46.90160667 -786.63830235 258.45717338
-135.26114804 -846.51769902 145.82277417
-50.60383333 -761.50593333 42.99278986
-13.33257030 -768.95215223 218.45603127
-64.21527054 -780.43783895 218.55909580
-53.33474609 -750.55734688 37.33606394
-45.22271192 -739.93958076 19.91369907
-133.22575872 -851.92978430 145.65077106
-117.68879635 -835.29403796 159.19725944
-139.62177159 -853.07851096 137.56236981
3.88076497 -774.51021083 237.51305652
-143.87132174 -856.90103043 131.74387391
-35.75255789 -758.28563158 175.28921968
-68.30750000 -778.35974095 142.10988081
-141.51983562 -853.89070822 135.52600995
-135.96942830 -847.72966855 144.10258042
73.22998193 -799.23195723 251.43010291
-35.12114132 -762.41225708 164.87495908
-49.50802416 -753.66147212 35.62246890
-85.95946725 -804.52536063 160.20217185
-39.25699239 -756.10420022 175.95496256
-143.17450897 -856.77430641 132.41713216
-104.97587255 -820.89149608 166.61892319
-143.33351385 -857.63764154 132.33812729
-133.18775013 -846.88120698 146.78889063
-141.42596667 -857.31423333 136.14620652
-141.69391447 -855.74345461 134.64877496
-92.94867347 -805.86972041 160.80996264
-62.38318235 -785.67966588 143.23979887
-19.26631366 -759.62647227 209.50645967
-65.59608750 -775.92708750 138.94376902
-123.88010354 -838.15391858 158.01313528
-118.77627550 -838.77681722 156.59017705
-0.04523625 -777.59679000 235.12916277
-45.80926981 -750.99891899 83.38969367
-140.95846339 -856.74901339 136.52961634
-51.85472166 -750.74173176 35.87936168
-35.27910909 -745.84152576 81.60024743
-140.85578732 -853.40035211 136.25963680
-42.93455928 -754.13714782 110.29583137
-46.07538807 -750.73271903 68.43735093
-140.57240909 -855.32599545 135.80080198
-74.94878854 -783.99288217 147.43835525
-47.71634500 -758.12391000 134.60948152
59.79080000 -788.07163333 255.75970319
-139.79929515 -855.27800503 137.47543875
-121.81005909 -836.39903636 160.01700198
-129.82080814 -842.97386244 151.49338774
-56.32253492 -763.15577513 121.41843562
-97.03440993 -813.59788511 163.90560416
-138.80410642 -855.16291743 139.75276065
1.98244067 -777.74624847 236.52722142
-119.15641053 -842.78282632 153.54660389
-43.02148333 -745.27794890 50.37554105
-139.24947500 -851.05262500 138.59155652
-47.64960000 -758.19040000 116.00375652
-138.30762000 -850.28398889 140.32244023
-53.25172074 -775.22533429 196.69394338
-126.24665833 -839.04617500 156.56163152
-120.47648462 -835.24667253 160.43795432
-80.81406250 -799.86116250 156.78646902
-128.09864681 -844.88565957 150.67906290
-138.07140879 -852.76354286 139.65133180
-96.71907368 -811.27292763 163.30048205
-48.70554329 -750.13780932 33.26851844
-35.29169693 -765.38008589 167.58437002
-103.80772558 -830.53405116 160.12969373
-137.82456667 -848.78536000 142.25342986
-132.23108049 -845.58771951 148.21474677
-134.71530000 -845.18075000 147.39815652
48.11926667 -788.36230000 258.84605652
-137.08843538 -850.41263538 141.28023421
-41.45047513 -767.45090363 147.34386533
-43.92551863 -767.78255627 167.81518732
-131.33875000 -851.47715000 146.97243152
-46.56375902 -756.49084741 122.39341882
-45.86255623 -753.73830319 101.69095348
-51.01877155 -763.13632571 179.94382882
-137.11583744 -852.45443949 141.09490165
-127.11544316 -843.65741321 151.86007633
-43.17769048 -763.91386349 151.81791684
-106.97967848 -833.94118481 159.45923121
-135.82075920 -849.63507900 143.09417912
-137.55890000 -854.50578889 141.62057874
-130.97858211 -849.84743421 147.49154652
-137.15057333 -854.43008667 142.25334319
-112.38812256 -831.48035238 160.65755502
-43.89648182 -749.45565909 56.58905576
-60.75999437 -768.49873896 128.73460178
-135.74187309 -852.59318121 143.26504585
-126.33906515 -845.64166364 151.10271107
-98.99650000 -821.10771667 162.86768986
-109.50407692 -833.08385769 159.84552191
-134.41595833 -852.20418167 144.67182819
-105.75204703 -823.24794653 165.02404712
-134.34181496 -849.78092126 144.57147463
21.41260000 -776.14326667 249.88558986
-3.18538087 -747.12386435 109.47716290
-30.34526728 -762.56529689 182.31910643
-134.59203333 -848.11413333 144.70555652
-21.07953305 -749.68036102 94.25193957
-124.85876437 -846.93630920 150.51564963
-53.12241780 -748.71789492 37.37237432
-132.93519245 -849.73306641 146.00802058
37.54682238 -775.63895804 256.29765512
-134.22570000 -845.10170000 147.79058986
-28.76152824 -768.58070305 191.63105474
-48.42914011 -760.14006116 167.34392673
-132.60577340 -844.25360319 149.28958897
-131.76282000 -842.76688000 151.10209652
-49.42009840 -760.98510749 175.76996454
-41.40406701 -754.90370052 113.35839621
-58.74592096 -777.97811877 133.84477275
78.22654286 -809.35997143 246.04958509
-46.93348165 -759.00765734 131.53762304
-130.36268223 -844.36183484 150.14158997
-36.44773647 -758.99464113 167.14414595
-131.37911111 -847.71319167 147.66340097
-44.31878462 -755.37003846 93.24676883
-18.11002712 -773.77206102 217.66847008
-129.59812444 -849.25648278 148.39723930
-97.31305962 -816.66811356 163.77390416
-67.33477317 -782.44355854 224.79663152
-129.94389607 -846.60201856 149.04064189
-59.29623923 -777.05443971 209.04261442
-129.60927432 -841.62134189 152.75851395
-45.32114885 -754.90443739 122.33217143
-128.77051250 -840.59217500 154.09381902
-127.70080658 -848.86971118 149.22571244
-126.96937214 -840.28341891 154.88635453
-38.52176139 -758.55701584 140.99041395
-127.32390069 -846.85478519 150.16595791
-14.46779700 -750.64150200 99.76795352
-127.26004156 -841.65669675 153.31529418
-62.99596262 -770.70216901 132.47185556
-42.70492485 -755.63375237 125.48958729
-52.40275362 -774.79072900 194.64673656
-125.85712857 -838.73938571 156.99635652
-24.77617155 -759.76347737 200.52814122
-94.79848845 -811.37328152 163.07479417
-124.36583250 -845.75361083 151.31740652
-45.91510855 -750.75372944 80.46027362
86.89925000 -815.29495000 232.87150652
2.42508011 -763.34002473 236.10867426
-124.22677270 -843.72206541 152.63407085
-124.13360809 -840.53004979 154.94948759
-124.50274237 -841.90791017 153.67400398
-38.54452308 -758.16041154 159.23635652
-121.57606513 -843.63822434 152.92533284
-75.92428267 -800.67670933 156.57147052
-17.79708333 -757.75090000 211.07003152
-55.38625000 -755.08179000 42.98130652
-95.26981429 -821.10595714 162.90484224
-41.32391036 -764.61452072 144.09191598
-121.07236361 -840.70668987 155.13108279
-52.36067694 -762.56652711 43.89386128
76.14595645 -802.16204194 248.37295975
-36.76864142 -768.84524869 161.39888298
-120.97050602 -838.84812048 156.47480953
-44.10932500 -749.29713929 54.41526009
-38.37512750 -758.04553875 161.52313715
2.39879712 -747.73383100 116.37031515
-120.94737788 -837.41455545 158.29458761
-44.32273125 -767.17593125 166.15921902
70.59896697 -796.54608440 252.61349414
-122.40630000 -845.38911667 151.46193986
-40.19939577 -757.24930103 161.42189233
56.99550811 -794.62506757 258.69500787
-121.02387500 -842.43773438 154.06449402
-38.09299725 -762.62744875 152.35858727
-120.18424118 -836.01854118 159.59532123
-45.18110442 -745.87361701 53.17809666
-30.76627220 -745.05843811 86.53571591
-103.63159531 -819.62850376 166.34910394
-51.21596189 -761.95414593 111.04092525
-68.79330000 -783.13787027 228.50730517
-42.79639867 -747.91428642 53.41489945
-118.36135780 -833.97512695 160.52774411
-17.00143047 -770.94171245 216.15812390
-117.93910250 -837.39710143 157.60085366
-118.10052000 -840.60915790 155.69656281
-51.24197270 -774.22259345 191.62546181
-43.00628348 -755.71570808 128.49785459
-41.45997811 -755.58074030 113.56892369
0.41000000 -761.51040000 231.89515652
-118.68131111 -842.35412778 154.10642874
-43.20990854 -756.32568778 146.35120475
-45.37978685 -745.59921489 50.39099796
-73.07467893 -783.74029273 146.64840898
-44.11946161 -752.54316303 77.73644704
24.88475000 -770.14550000 251.51250652
-117.54510880 -832.28289954 161.37901671
-57.75119253 -773.74565017 129.37758638
-28.68127928 -748.10898180 86.54965138
-115.14299809 -835.06709873 158.87454826
-115.83888244 -840.48901679 156.30910080
-110.19852500 -827.38341250 162.99048152
-19.83640104 -748.02051028 96.10954356
-57.45380000 -779.31511818 204.60758379
-115.03961994 -837.67677835 157.87733829
-115.00385044 -831.54982102 161.23233358
-55.28744339 -774.65324298 200.23310186
-115.76997385 -833.55558000 160.10791037
-74.17984455 -800.80517975 156.30759671
-116.60160000 -839.22530000 156.81385652
-38.33508182 -768.21184007 156.05101544
-43.27330331 -750.89702037 83.43716754
-114.56876148 -839.64849508 157.24230652
84.26241250 -813.33916250 237.44388152
-23.41197961 -768.04186602 201.53338953
-48.53623600 -764.42384400 111.57913252
-114.80174140 -829.42053263 162.32783722
-43.17913185 -754.93382317 119.33234706
-20.93889394 -762.47660121 205.55191046
-55.70531401 -759.84645989 44.20710839
-53.32752667 -766.48121855 190.95849623
87.46202500 -811.69225000 234.96290652
-55.74483146 -769.96193005 124.21642601
-75.34299912 -784.83615673 148.39345535
-70.35042419 -790.17834580 148.60574140
-113.71653333 -827.70210000 162.95312319
-44.53852083 -750.07861250 31.53238986
-113.97105000 -833.17415000 159.82355652
-67.86347652 -780.83347371 142.56725956
-74.23753779 -790.03047524 151.26963600
-106.41550415 -831.27552902 160.35649124
-38.88358663 -760.22787413 146.21254577
18.72567647 -779.46352353 249.67423299
-41.15677357 -756.20302946 119.52180366
-112.42827836 -837.60708497 158.52600755
12.37366000 -773.81390000 243.85035652
-71.33021463 -797.67969024 152.88986465
-112.21355472 -829.07392296 162.21793765
-111.96704419 -834.61509226 159.26406765
-45.50028245 -754.77672685 119.37186054
-50.15132103 -765.84515429 176.37142519
-113.36968333 -839.47215556 157.75378152
-61.96920406 -769.52930832 130.58292528
-112.33041013 -827.55432025 163.05297298
-62.92264841 -778.90789236 218.84253041
-69.24110144 -783.13453007 144.54947480
-111.97604719 -832.81775056 159.69582394
-80.20535996 -798.64093598 157.11567319
-37.38536369 -759.59433373 152.42364853
-39.58223161 -762.80771014 146.43297551
-111.62882403 -826.47656822 163.59576117
-33.79881103 -745.35868716 83.25751041
10.84472463 -771.76395757 242.84694198
-20.56856154 -765.41515385 204.74914114
56.12557738 -792.42217991 258.24932914
-96.68530314 -825.15217547 162.98884897
-109.41285587 -834.79766174 159.47014023
-54.76688621 -771.82142502 197.32988010
-41.41618907 -761.50860109 134.76667565
-48.19838126 -759.98247480 161.38678786
-109.20870579 -831.69642947 160.27373205
-46.43269505 -741.50353828 20.44201198
-109.17753197 -825.64975442 164.05338849
-61.91067944 -779.76742056 212.12953475
-80.47196181 -792.95700486 157.03678083
-109.95685543 -836.64025543 159.12809457
-44.36760632 -746.84729263 27.10475968
27.76070000 -776.34280000 252.88925652
-43.20345236 -755.99877449 137.34800443
2.87983774 -746.70481651 118.33552680
-109.13186520 -828.80315372 161.64527375
-43.73401388 -761.64052691 128.69700150
-43.12943144 -756.23432471 143.34344915
-21.91977083 -743.07892083 95.48178628
-0.07491927 -763.12649083 232.48300423
-105.84488757 -826.39955976 162.23287842
-38.44082000 -764.86489412 153.17616358
-47.24309048 -764.05913333 157.61987557
-40.07789025 -757.46057166 140.46838501
-58.46751040 -771.96593576 128.25076962
-72.71206747 -789.49437011 149.68124869
-108.33788837 -823.89115814 165.45365187
-70.35233412 -784.72057059 232.27035182
-63.77211492 -771.93793155 134.36455835
-109.05086667 -833.26770000 159.92128986
-12.30307073 -743.01830650 106.96962400
-61.65758621 -778.83902586 136.30215192
-108.25844545 -827.00183182 162.70260198
-12.25034815 -769.84578593 220.53006245
-64.53589265 -780.44659050 221.20278054
-52.18221756 -770.64559707 123.45948823
-76.17501527 -798.83713471 155.54105667
-27.75433272 -771.53653086 194.39732257
-55.85500601 -772.68289016 127.41402182
-39.01031233 -763.09029041 149.05805762
-43.46248938 -758.87694369 116.44855913
-97.57050129 -819.66226094 163.07729257
-107.78973333 -823.26833333 165.94690652
-106.10577892 -828.71450342 161.25992490
-37.78699533 -759.49034316 149.31673049
-106.41182270 -825.03213313 163.61397493
-54.14704857 -761.71876143 42.53651938
-78.91211422 -792.63199481 155.67059578
-46.90109762 -752.01844286 98.79815890
-49.52064171 -765.62864932 173.26461753
-105.91153333 -822.09493933 166.29999452
-53.76330000 -749.13465000 38.23673152
-105.90354348 -832.52789130 159.65464891
-55.34315955 -760.89265449 118.71934922
-51.68397335 -756.51168056 107.75081644
-32.33737532 -761.87292340 173.91843633
-38.67695000 -758.27795000 157.27112319
-60.11574008 -778.20535628 209.84074600
-74.52470000 -801.65975000 156.98023152
-43.21639872 -751.28498186 86.35345090
-5.96832222 -773.11624444 229.14386763
-34.90233577 -760.61323877 164.51966775
-104.52118889 -821.35867778 166.04237874
-103.25778524 -822.53463266 164.04976132
-88.12117710 -807.69941622 160.98816932
-81.96942454 -798.58414473 158.14054171
71.13732469 -803.60872963 250.46224294
-62.70062500 -779.17677500 216.63468152
-103.13030055 -828.63825552 161.16128691
-103.90047674 -831.25809070 159.72045420
70.81668338 -801.71836829 251.55649003
-102.94933484 -825.64976127 162.15088992
-42.64249591 -747.56271790 59.40702434
-49.96915043 -769.54382350 182.28223672
-43.16960916 -756.56950588 107.40686827
-43.40770868 -763.03368128 134.43955220
-43.11014410 -765.19373527 140.38566752
-104.20708750 -824.40047500 163.00065652
-96.53639733 -819.92172299 162.85762871
-43.86950528 -768.83967250 170.41427013
-38.93748442 -758.41899805 149.31311042
-69.65380813 -788.87121484 147.47416009
-63.71475294 -770.15733529 133.06739182
-88.43528333 -800.57413333 159.86462319
-102.51003952 -820.19721774 165.21846297
0.20442353 -775.81442353 235.10335652
-102.26371212 -823.77752273 162.61708455
-56.24187133 -776.92685559 130.63527016
-46.22601118 -756.44620651 131.41177879
-66.66595858 -775.31144823 139.99059939
-32.99867391 -754.94219783 187.58957609
-102.27176883 -817.35331429 166.15113444
-45.48547314 -751.82656595 92.24333974
-92.40656000 -821.43260000 162.29183652
-72.60696211 -781.76478454 145.18621400
-101.79139231 -817.71092308 165.79428729
19.80827561 -774.71546006 248.93208731
-94.99719302 -822.87557965 162.97682164
-37.16550967 -757.37619681 176.58876797
-5.54859000 -764.46688000 225.82307652
-100.15693679 -825.71466920 162.33125848
-100.13252264 -816.72624690 165.06769345
-85.24281803 -807.86814649 160.29134021
-17.44520741 -765.88986481 210.61141023
-100.23795239 -819.79064761 164.09876282
-49.73130515 -750.99892904 34.46034604
-53.79715217 -758.13135217 112.17390000
-100.83627348 -821.78338258 163.26079516
-44.51864000 -749.44938000 30.53150652
-100.18925208 -827.97598115 161.70230189
-100.00530779 -823.07284529 162.66936793
-101.59175000 -816.66400000 165.90680652
-65.17603111 -787.78686667 145.09738652
-57.21753043 -763.32431781 122.69641325
-91.24142653 -813.87555211 161.94125810
-43.64570414 -742.97863698 38.10625190
-42.93998157 -744.62724319 32.49150673
-84.78668213 -801.35573035 159.54642604
80.77547283 -810.23873478 243.08669022
-99.57585825 -814.10553107 164.75608079
-49.28301950 -764.89755882 113.80109027
-53.27673939 -772.28650177 193.73464970
-50.74334737 -773.43812105 189.62709863
-38.13661803 -757.93756466 164.49331205
-1.22184000 -761.13511000 229.31534652
-64.10178858 -783.01575802 141.16664114
-98.84680000 -812.14745000 163.82895652
-59.69585000 -774.81720000 210.53870652
-97.57844254 -822.74881296 162.80142497
-98.45611000 -827.37111000 162.44408652
-44.78728028 -746.98645352 27.61113680
-50.45048221 -762.04903538 178.55347063
-97.98170062 -825.61811815 162.72635960
-62.23722723 -778.29712629 217.68801192
79.32544892 -804.97470476 245.24419981
-95.98976667 -817.82275714 162.81948033
43.82271932 -783.70644053 257.91901069
-89.73180000 -801.48050000 159.87245652
-47.65095000 -760.64090000 150.44990652
-42.90021540 -753.60424371 101.30624816
-90.17712080 -802.64940400 160.17026772
-96.34641429 -822.95044490 162.95817965
-43.22753528 -750.65079795 74.51248471
-10.31721034 -768.77139404 221.53639665
-44.74505833 -764.90921250 136.33699819
-44.90644545 -755.14700390 127.85431626
-48.66414932 -765.09069216 167.37127951
-42.82449907 -763.44301223 137.21339043
-27.39996380 -752.59860179 88.71804720
-32.58790000 -752.21600000 78.80975652
-96.29926255 -809.87623169 162.57132072
-35.65800000 -755.11670000 184.06345652
-80.66000000 -791.29210000 156.89455652
79.49602235 -809.97437647 244.79266123
-33.28914021 -750.49892750 79.91043515
-95.91708929 -808.99432143 162.06153866
25.97196322 -774.76985402 252.03351399
-45.28235617 -742.61756337 32.21831372
-15.05775822 -765.51675068 214.41614008
-93.28545932 -813.70255678 162.51475285
-85.55482044 -813.18939151 160.59654960
38.33708214 -788.82823333 259.19722438
-94.65277812 -813.26257701 163.17970140
-94.19675905 -819.75151226 162.69552922
-49.23184818 -757.15687916 37.60402669
-95.29174286 -815.66730000 163.10422438
-8.41525769 -765.44638462 222.73115268
-71.31901000 -782.07114000 145.00968652
-41.79537424 -767.33646212 146.39076107
-15.05794262 -769.91048525 217.37688111
-95.39618235 -824.50777059 163.09703887
-82.21107191 -801.81599567 158.45342618
-29.90007059 -766.76055098 187.54129182
-78.92929520 -795.72675008 155.96330826
-17.87812456 -772.78974561 217.24370389
-33.94476098 -752.33937195 77.13509677
-93.88878637 -810.32174000 162.68138396
-42.38255492 -755.74125515 122.43323844
-26.16091154 -757.27149780 200.90148839
-17.85727596 -759.70346731 211.15649210
-21.60872446 -759.53349247 206.44420007
-71.01019536 -795.97640929 151.70712259
-93.97637553 -808.03367863 161.85300138
-93.92206649 -816.71311729 162.54643897
-63.26200928 -774.36403764 135.19853066
-79.11694904 -801.67044711 157.62078966
17.00745460 -781.43545402 250.41475480
-58.71296029 -779.48064559 206.17235211
-5.58714000 -759.87634000 222.59541652
-75.62686844 -786.37840280 149.94201950
-40.96764910 -759.60312315 131.46539383
-93.84471716 -822.02455821 162.76358040
-54.15316877 -756.19443123 39.50815147
-65.78071765 -781.59887059 219.56828593
-45.48893386 -745.25270700 47.32754794
-68.80547750 -785.66431250 144.76726152
-46.01346062 -760.34327143 124.97199315
-23.59205000 -773.30055000 201.72210652
-84.48930576 -804.74486699 159.55612428
-43.30814779 -756.57210697 155.49015642
-45.55084396 -748.62857958 68.37458090
-20.35154696 -771.13306000 210.24052957
-46.36384286 -761.26865714 141.57817795
-45.90510892 -747.50431835 56.44058312
-64.24647575 -784.47168944 142.58880385
-91.19487679 -810.70428848 162.03618427
-64.40033074 -781.09475498 139.62054649
-54.07832578 -768.67842588 194.36224615
-82.10937699 -804.77115855 159.19817926
-43.53121154 -743.12366154 40.50916806
-86.47832500 -800.05715000 159.93116902
-86.02014921 -802.26390794 160.05089557
-57.48287091 -777.24914018 132.10151700
37.82868077 -777.74162067 256.44415772
-41.39796357 -754.99133876 116.25788520
-90.95282943 -816.48792799 161.87408845
6.66530000 -767.16710000 240.84890652
-63.09733342 -769.74774562 131.83417403
-91.37378787 -819.28110795 161.80325861
-61.25336518 -771.67274224 131.42868161
-41.42990000 -755.08374225 119.12651427
-67.18377625 -789.65458456 146.71687518
-44.94278833 -763.89374200 133.57140386
-29.00501143 -763.00612653 185.50033591
-54.01926061 -762.53631212 117.22151843
-58.27847531 -775.08462598 131.01108295
-90.95229750 -804.83476706 160.83479275
-62.46725641 -779.47117436 214.59908729
-15.33789320 -772.58056036 220.95588226
-32.48564571 -764.67074286 177.55913652
-26.41266333 -767.91615667 195.51126152
-65.26186557 -781.00299672 223.56129013
-88.73955478 -816.41181056 160.91642704
-69.55958643 -778.21388573 142.70250107
-88.22620696 -813.77059463 161.30163167
-88.02076096 -801.67607156 160.18786911
1.98073855 -774.80838223 236.08151857
-77.44871654 -790.67352331 154.01918660
-41.28422700 -755.90085317 116.43847773
-88.07876307 -810.67136676 161.13679246
-88.19012363 -804.72404498 160.83171357
-43.16802271 -756.38750775 149.43304277
-17.27815000 -752.27805000 96.33320652
-14.91188475 -760.17165339 214.31317601
-80.86350000 -806.20270000 159.92845652
-61.42942917 -783.12283689 140.63695509
-42.94204161 -753.65464235 95.35215437
-39.11928784 -746.11008649 76.75728490
-12.30932040 -774.44145467 226.66068060
-76.31619988 -801.88698814 157.43736951
-82.02078944 -807.83688339 160.22867127
-89.58807500 -818.41167500 160.98958152
-73.36213168 -793.13042867 151.58240103
-39.79220934 -747.34552528 71.26023295
-47.74409425 -760.56705177 152.53925564
-43.20809140 -750.71081220 80.46278707
-87.61474396 -799.89993516 159.95457850
-87.10183190 -799.18756940 159.81240868
-44.81195111 -743.11437111 37.54172319
-80.40421935 -796.11375000 157.08935451
-59.52502333 -775.50036333 211.23925986
-46.28408567 -756.34717625 128.46216123
-12.29313624 -762.62657156 217.49676386
-40.54185454 -757.02471565 128.43009850
-44.96098542 -749.09377292 73.69295027
-80.40951111 -806.34572222 159.86562319
-85.18624763 -798.88089345 159.51568192
3.55328676 -777.52163971 237.67990652
28.89051624 -783.73203041 254.91896193
-85.15873627 -810.67479531 160.75367914
25.69106551 -777.66863251 252.26072178
-28.68380030 -750.69438670 86.57117020
-36.30150645 -768.65858632 163.78068702
-86.62350000 -815.34330000 160.23885652
2.51975385 -779.53998000 236.92276575
-84.44945602 -796.41998755 159.38281420
-43.15423056 -748.05213497 68.31443316
-41.43924346 -758.75749052 125.61397188
-84.37652500 -806.45992143 159.83334938
-32.53130500 -758.08147000 186.53474152
-60.55148417 -766.79434667 127.40884027
64.43602701 -792.73387989 254.65327261
-26.30275935 -763.75251138 192.00286221
-77.17749711 -793.00772887 154.34091838
40.88593000 -788.02785333 258.97771986
-46.01407376 -741.47368577 23.34151618
-82.01499073 -795.76059806 158.18461030
-41.56661833 -754.33637667 107.91881486
-35.00117818 -748.30344889 77.84656016
-53.93912908 -765.01535142 117.21309517
-82.71321848 -810.27064030 160.46040440
-62.01845719 -784.56339599 142.37057291
-50.53510400 -761.32936000 42.31882052
-47.26992687 -763.34851269 155.06467518
-82.24535067 -806.48959133 159.79736052
54.02384510 -794.56410784 260.32708397
-61.74986543 -781.80170074 139.33005627
-46.60382592 -756.83250424 113.31464072
-81.43489833 -793.22451463 157.78741615
-42.69565530 -744.54300522 41.42155101
-61.05612180 -777.40581954 134.63983954
-43.24711966 -749.98765437 62.48343733
-48.57748889 -762.74790623 161.52926815
-79.38027965 -804.37248173 159.07215652
30.11919250 -786.43574000 256.02502402
-72.19041232 -785.58640936 147.70827918
-50.52962857 -761.07158571 43.04442795
-79.93614016 -807.13298715 160.16991757
-64.24055831 -786.40551630 144.03742386
40.93675879 -789.22573956 259.56444059
-14.62150000 -773.25090000 222.87785652
-73.28738321 -786.81552862 149.01756630
-7.81825345 -762.69612170 222.03238275
-40.25314710 -757.20383586 131.35555690
-78.79055170 -798.79288783 156.33062118
56.24441795 -789.83320438 257.42552666
-78.80105295 -790.11002210 154.90044404
-79.17730303 -806.05709091 159.94940501
-44.71560000 -755.14386667 130.52398986
63.66079355 -791.00324516 254.62846297
-32.08492903 -765.28322863 179.75335733
-78.09320000 -800.45514912 156.79081793
82.29568178 -807.77341778 241.94063741
-78.03077229 -788.75337108 153.52460893
-77.95623840 -787.79907600 152.67850052
-46.08866928 -753.72332980 86.50349744
-8.12068358 -770.94163731 225.41576697
-43.27744077 -738.96940750 14.07970812
-76.41644324 -796.05224276 154.37347071
-60.93671897 -779.72946552 209.71249043
-44.70443846 -758.67904615 99.66503729
-32.61180000 -770.23670000 186.75785652
-76.64688234 -787.54114510 151.59921671
-76.14708043 -789.66746445 152.58601600
-77.11660804 -803.82458214 158.83942349
10.04505461 -777.29803026 243.34207297
-13.76282061 -762.68621985 215.90284431
-42.19765758 -757.30321556 116.22069551
15.90179086 -774.66096193 246.47360068
-52.27260000 -764.18050000 187.16765652
-43.58928563 -749.71500766 59.49845039
-33.75722849 -768.91370356 182.23147996
-43.20589091 -755.86503117 134.42649202
-58.20256761 -763.94758028 124.18991004
-22.16997371 -744.65243335 95.33821617
-47.81909167 -752.60685556 99.64588708
-62.89993435 -777.11265087 135.47902522
-43.44515236 -756.26908898 104.47474432
63.16225333 -799.08273556 255.75740986
-18.98588520 -750.66058262 95.34080599
61.72136827 -795.88388685 256.51002771
-37.02381277 -759.43511788 158.43542038
-42.84607494 -760.38612011 125.41627846
-33.23778400 -769.50154200 184.94423302
-47.50570889 -762.60352667 109.16700319
-51.41151304 -753.28132115 36.41640158
-75.47822289 -795.21725184 153.47178511
-75.77096667 -792.70791992 153.03284868
-73.29009747 -795.73131573 152.90208782
-21.43616427 -768.87712308 206.14886918
-59.51592000 -776.43015000 211.38310652
-46.95758947 -755.50907368 36.58685126
-42.26959643 -760.74072853 128.16316446
-42.70364539 -744.78367858 35.35937936
-8.75425385 -760.99106923 220.04884114
-39.00813247 -750.71642768 70.88575874
-74.68460000 -788.24640000 150.85665652
-73.57376487 -798.79649032 154.78565871
-74.29696042 -797.02864583 154.02722319
-74.24243190 -785.03484138 148.09498583
-60.71383902 -777.69205348 212.56614261
-67.67657490 -782.87918381 227.62635774
-43.42291290 -746.85011398 41.55639326
-34.59604138 -750.84383686 77.72056387
-9.71570755 -747.18455047 103.70632574
31.32444878 -772.83152927 254.12307725
9.15248437 -780.75334062 244.23753777
-60.03640811 -775.78226622 212.52301823
-27.29280000 -743.20840000 90.66445652
-43.29114081 -741.99586546 17.52180071
-50.56171250 -768.67908125 121.13375027
-28.99933298 -756.74904817 194.63819762
-67.56301503 -792.01175417 147.43546932
39.54042000 -776.14172000 256.64667652
81.70623158 -805.91171579 242.78716705
-46.86180979 -761.79834278 107.92222611
-48.91346786 -762.81383948 164.40230487
-53.40790855 -760.74695897 115.25810609
-21.81864250 -773.55309875 206.45958027
-38.45570667 -761.93627556 149.88499041
-42.92031953 -744.93366177 47.31089822
-72.50839881 -791.90651545 150.50303296
-56.96719249 -774.66919946 204.02224660
40.82935871 -786.62781780 258.45702546
-42.10447815 -763.79146954 140.05543362
-37.55929057 -768.57160736 158.49559671
-72.34310553 -797.76027696 153.59331989
-48.90860503 -760.61114466 173.13199783
-72.09052711 -780.84212072 144.56587059
-71.47152128 -787.46353617 148.09573525
-47.15958944 -756.90430994 37.97204348
-45.40682794 -743.29443382 18.49330211
-43.60587040 -739.88800567 20.28744887
-70.51378384 -783.87943430 145.75338023
-49.87323415 -774.17408998 188.50881255
-46.20695255 -754.21258971 92.34017546
-45.72732060 -754.52596782 113.31633201
-43.53881358 -744.28264667 26.46020755
-46.26982143 -756.67006223 134.36711054
-7.44742298 -772.33716636 227.25753704
-71.42523725 -793.87368824 151.05932515
-70.18662780 -780.84355293 143.95300956
-14.13811585 -767.82339756 216.36637116
-27.07880347 -758.88241944 196.84506972
-63.40600932 -780.23181111 215.59867731
-44.89285238 -764.49442910 134.90385652
-70.03386203 -792.57445781 149.51756238
-54.97169966 -762.25752010 44.81871649
-45.66506386 -749.89723590 59.44533532
-5.75241818 -750.01614545 105.94184743
-63.35540000 -779.19846667 220.10820652
-46.55522208 -756.59435171 119.36374171
-70.08229851 -786.74739462 146.57383368
-45.59250613 -757.32708289 155.44789609
-20.81077959 -769.75855510 208.27708917
-43.76872086 -743.83641138 23.54117859
-44.38291034 -752.31120690 75.43561859
-19.25551990 -757.25032984 209.53244343
-55.32091005 -754.01160173 41.02290048
-29.57495000 -748.45572857 84.71144224
-69.79956856 -794.88570963 150.13906445
-69.31519390 -783.98411618 230.63940984
-68.71023077 -776.61513077 141.85036421
-66.88966345 -785.82746544 144.32885516
-67.33470225 -784.05474581 143.27865747
-67.34325961 -787.28038002 145.58223645
-24.91119176 -744.66500053 92.22971114
46.88789539 -783.77628014 257.95862673
-68.25931277 -783.57272270 229.38708986
-45.40077713 -758.51739147 113.55367188
-68.33525733 -792.49486305 148.16817576
-54.17801770 -751.04235558 38.64106130
-43.44415528 -762.21669975 131.49889186
-68.49732759 -790.83406207 148.06704618
-47.74200000 -758.19160000 132.78505652
7.24449274 -774.58520000 240.26063250
-64.12644035 -777.76327470 137.48891257
19.45496957 -769.27771242 249.34949193
-40.19266384 -757.48838278 143.39390579
24.29117500 -782.08455000 252.92180652
-13.11229498 -744.74501119 104.43167591
-42.90985544 -747.67717681 50.39116320
-66.86618903 -777.65180273 140.65805956
-41.36622857 -755.15872857 121.43327081
19.70594301 -771.80347867 249.11150617
-45.19680898 -752.07642754 94.82111101
-29.86271053 -755.10260000 193.25685652
81.93019697 -810.29802828 241.53709592
-36.25487806 -758.72935082 170.29471886
-45.68100940 -744.40681131 38.47750857
-38.60120000 -752.28660000 72.54445652
-68.04460000 -775.90293333 141.96412319
-29.16339461 -771.32391377 192.17995712
-39.90943863 -759.54846630 137.34167341
-68.52840000 -794.23550000 148.70135652
-66.41300284 -780.62520716 140.97712391
-7.04935823 -775.12122336 230.06110474
-66.13694698 -781.70870905 221.67648325
-66.29729467 -781.81778088 224.33617878
-66.57414186 -782.05524884 226.15961234
31.14711150 -783.30359850 255.60982452
-58.35791059 -777.70892998 206.35367053
-66.15498197 -782.78742415 141.41830890
-65.82765474 -774.17837500 138.54568238
-42.72283914 -744.75680081 44.31255034
-65.72972500 -773.04600000 137.77857438
-65.10014264 -788.98754389 145.39869069
-52.68879719 -753.96806297 37.53742006
-63.74886469 -779.95879796 138.12628174
-46.92716600 -762.18214640 149.51359920
-64.63275849 -774.73305967 137.11431660
-54.92785103 -769.32950455 197.38545623
-65.38248373 -778.06660917 139.19790386
-46.79350086 -759.76084331 140.47439221
-48.02357273 -761.38680000 108.69651107
-46.12636161 -742.06028557 17.59174523
-24.18036667 -773.34832857 200.59633271
-45.90883975 -753.02343770 80.46936943
-27.16600000 -755.22470000 199.63695652
-49.06637805 -747.69834469 32.48655928
-45.48140562 -755.30002360 93.50015989
-45.80252371 -744.50742868 35.28634906
-65.06704357 -772.72848214 136.66401462
-47.21887062 -758.63694438 128.50932840
-59.86161176 -782.31543529 138.68319770
-45.91607669 -754.30708860 107.35576630
-59.77447273 -779.32176364 135.84031107
-35.59946667 -770.38053333 174.75865652
-38.77428689 -766.80819836 154.32107783
-64.15447000 -788.32800000 144.79116652
-35.80141048 -763.39168908 163.71580194
-47.76560000 -764.32276667 159.72355652
-62.93319512 -780.32047317 213.37451506
-62.31061626 -772.67008719 133.26433337
-28.78212129 -752.65803515 86.47510627
-61.87381751 -774.95348363 133.77590317
-38.74024211 -763.97696842 151.20424600
-61.05217483 -780.50062042 137.66564439
-45.58824000 -749.28385500 54.57642652
-3.00855106 -765.73958298 229.39111716
74.80980000 -806.25590000 248.91005652
-52.60835699 -757.51724153 110.03161711
-31.97290585 -762.13044848 176.42101039
-61.45480449 -777.76851077 215.25955975
-33.71648105 -759.16208481 179.32628524
-46.31121111 -764.32761111 156.35143430
-39.85042559 -750.57111919 68.39240937
-60.53056440 -774.47211719 131.80528341
-60.56168000 -776.17054000 213.99649652
-59.96261234 -766.08144091 126.54006366
-59.87936264 -771.34990385 129.56784938
-60.01879524 -773.50249524 129.60049938
-59.83128000 -779.63558000 207.66327652
17.42841061 -774.72747879 247.48165248
-59.77112500 -779.03543750 207.83106902
-24.74132586 -762.91457388 197.49225626
-59.26732703 -780.94089043 136.79439791
-19.45728705 -771.65751841 212.68611493
-58.48324712 -779.79848293 134.95373393
-5.47054000 -776.58658571 231.77631938
-22.99475609 -771.68477252 203.55838400
-51.47198040 -763.18729330 181.89970106
-49.44486484 -758.94987060 39.02869224
-43.24803250 -755.73585473 131.36016481
-58.42468359 -765.92731731 125.14067946
-44.61920000 -749.07175000 30.22715652
52.75024200 -786.69474200 257.82139819
-58.91580369 -774.87682841 209.19586409
-47.69429200 -758.33400400 134.33209652
-59.05845809 -769.12685864 127.60014788
-59.54647143 -782.43615714 138.53725652
-39.94143814 -745.98635825 74.24254673
-53.28169381 -768.71162729 191.44786046
59.98305488 -788.97222805 255.75360286
-59.60180000 -773.10040000 129.94498152
-56.37073382 -775.80050662 130.20627343
-57.71080135 -768.65511561 125.44474891
-40.10323558 -757.14500928 167.33300111
-57.86719691 -774.64513512 206.40490774
-57.44953734 -770.93653370 126.08889204
4.68232396 -763.76942187 239.16808256
-57.70602222 -772.76625079 205.96164488
-38.54944167 -758.16680833 140.54570652
-51.99393199 -767.71814579 120.16686380
-57.07960902 -765.42187971 123.30955816
-51.40227363 -771.28884432 188.29217520
-57.10111202 -777.73599845 204.10557629
-50.36532605 -775.00525364 190.68022357
72.90472105 -803.85372632 250.17486880
35.71873200 -788.44280800 258.60169652
-56.86365625 -772.44671705 204.26307982
-56.79049344 -768.46394344 123.49030488
-56.34698684 -774.70907573 202.53660506
-56.05785373 -765.80531961 121.88334293
-55.46061866 -774.53012272 128.52858314
-56.14676228 -777.43555730 202.63833517
0.92124304 -749.58060174 113.86000826
-41.16969437 -761.87845728 137.43621633
-56.29653358 -771.82676961 202.73897810
-48.71352514 -753.85848834 101.46991790
-49.29813070 -768.83086866 179.36110728
-46.31342982 -758.12856842 163.64453547
-42.29037448 -756.54330975 167.16028432
-40.11402368 -757.20623618 164.37573483
-55.21727830 -768.65910095 122.48849487
-55.04267856 -771.42912358 125.62951211
-16.72190000 -752.25700000 97.26980652
-47.45529362 -770.06867660 178.14178418
-29.41162941 -763.00923137 183.22151436
-45.73967100 -751.28113715 86.37518160
-44.10200000 -749.22640000 78.90565652
-26.48799062 -745.25669583 90.73036277
-41.50773571 -745.85646190 69.58165176
84.68473067 -808.83664133 239.27708452
-17.01786617 -768.15929219 212.98571154
-50.44393894 -770.05064779 184.31713351
-55.24333915 -762.75199424 119.46229762
28.91381310 -777.70175134 253.61530706
-38.91272560 -746.43279040 76.74052212
-55.70801914 -771.78122985 200.41010729
-55.74551369 -756.87308865 43.66887706
-45.15346615 -763.13140788 131.32535989
-35.69451667 -766.95393333 166.21767319
-54.70114671 -759.45426979 41.74616743
-55.22421940 -756.78659397 41.19279249
-55.52086395 -769.86025581 199.66301989
-55.56707059 -776.39667941 129.67522417
43.51514660 -778.59140680 257.05285555
-54.69917675 -765.81047855 119.45389187
-38.75509167 -755.65289167 178.06363986
-54.65249700 -777.16570955 200.34174261
-54.52343012 -767.55792819 120.41238471
-41.84155597 -761.01501194 130.72443936
-54.42049294 -760.23713974 116.36538230
-55.11595000 -761.68129773 45.94642470
-54.87946400 -751.76491333 40.20082719
-43.27432773 -756.43444442 152.49658643
-40.00314827 -757.41015260 137.29941563
-54.21525299 -774.47684411 197.89114851
-26.77995000 -743.54575000 90.93770652
-54.42866115 -753.65207456 38.87260139
-16.24343475 -750.75505278 98.37683724
-54.02566142 -758.92751168 113.89131540
37.76202358 -783.66958149 257.24466249
12.19243636 -771.25484848 244.01943834
-54.01202706 -771.42379191 194.71390476
-53.93180538 -773.62580538 126.56953932
-45.62047803 -757.69255777 158.34276628
-41.55412093 -748.01964884 63.18870768
-40.40992952 -757.42327218 146.37393102
-53.97410862 -767.07178621 193.41862204
-53.80489143 -776.47350000 198.62373652
-12.69734824 -743.52569936 106.25880285
-53.76752706 -766.69083765 192.33760005
-53.76196000 -773.52740667 195.75689652
22.87406759 -771.74803966 250.69922238
-53.74630000 -757.90430000 111.49061366
-53.71258333 -768.78550000 192.58709652
-53.75767000 -770.74784000 192.41338652
-45.70736340 -739.21407689 14.22745458
-50.69374889 -764.85753778 177.67890319
-53.22976538 -762.88749431 115.73481160
-27.68473146 -765.77854067 191.22564102
-52.30297429 -769.13275959 122.08753179
-8.61346000 -767.96596000 222.79615652
-53.62522800 -768.82179200 192.97517252
-43.15378763 -756.69439736 158.30762528
-53.04631979 -771.69142229 124.68980715
-52.54896585 -759.96522629 40.55330050
-53.56622857 -758.08614286 39.96668509
-52.98306746 -776.75418325 197.48306609
-31.30720318 -759.79667679 185.50256479
-52.21715417 -756.71927206 38.46072407
-52.44335740 -766.64172586 118.74270465
-53.52102500 -777.52029643 199.16645295
-51.06378615 -745.92386462 34.38519806
-30.56689360 -759.43004973 188.32280844
-40.95629692 -745.85346035 71.37697899
-52.06791700 -761.88649250 42.16800177
-52.61479218 -760.06582244 113.26237434
34.84584093 -786.67796275 257.71965064
-43.25479472 -750.43334058 77.42004660
-52.24787867 -765.22949545 116.51966824
-37.17894274 -765.66448939 158.47211769
-37.92029412 -757.85874412 167.30191796
-53.44976111 -773.42226389 126.10187041
-52.46546763 -771.85264031 191.44952680
-2.27904286 -761.04941190 227.73313747
-10.82076483 -748.15763565 102.39589504
-53.58482000 -758.11078000 111.99163652
33.96250833 -780.31226667 255.74447967
-43.25707823 -745.62119488 53.31040600
-51.29263763 -759.72999325 110.51472652
-46.04962071 -754.09748295 89.42673320
-51.78800640 -758.83268451 39.37619760
-36.98402767 -759.25860539 161.43816284
-52.68246339 -765.86063403 188.40668607
-29.79427292 -744.13245833 88.02427736
-51.98949093 -762.92658024 113.57493145
64.73767604 -795.69094153 254.96541179
10.56049127 -780.24970218 245.49777216
-51.80171875 -764.32136667 114.69127319
-52.36158946 -768.74740878 188.15446589
-51.64412892 -747.97626797 35.45507774
-40.19839476 -757.32206064 158.39678890
-43.45939946 -750.22875806 65.32583806
-52.14309894 -765.74865900 185.45643912
46.84300476 -789.79256984 259.64568922
-52.05454143 -763.81556286 185.06840271
-42.96896697 -753.46265864 98.38492938
-51.83521565 -776.41921130 195.23541130
-43.86957167 -749.03632967 73.96713152
-51.56594273 -768.94980016 185.52128111
-51.62743844 -765.76361148 182.31122923
-51.09163962 -755.45626604 105.56352633
-51.08784314 -768.26658648 182.76518356
-43.18362210 -742.23717440 32.39032144
-50.98772360 -754.83359101 104.56900259
-50.93174029 -770.54850388 186.17376672
-51.08233484 -765.53356694 179.78778565
-51.39030000 -755.08510000 105.91285652
-25.68988768 -750.71988948 89.96485207
-50.76023291 -767.44590253 180.48160589
-50.73762000 -745.48517333 33.62563652
-50.70321200 -760.60266800 108.64236852
-49.03232814 -755.82373467 36.56921180
-50.72370000 -755.27390000 36.89545652
-50.66290667 -763.96530000 177.73371652
-50.69890000 -761.17020000 43.09325652
-43.34061152 -750.46889554 68.36759556
-49.77900284 -763.52749621 112.95234823
-50.48223268 -766.67545707 178.47104335
-22.75186833 -752.39517833 91.55799819
-49.99037030 -766.00224772 116.20367886
-50.01431898 -757.37682007 106.84637769
-50.41912532 -748.02938734 34.13000779
-49.59392579 -771.77153470 185.19383101
-27.17995903 -750.91606270 88.50568075
-49.73422857 -760.30452607 41.15767632
-50.05990853 -760.56114496 109.13105575
-49.49350160 -759.80723816 107.45274051
-50.30645398 -767.82427841 119.37552243
-50.29803514 -772.44751087 187.55549312
-49.11690104 -756.75767912 104.34559543
-50.15879042 -762.75988156 176.42024706
-49.01249795 -762.42970903 110.47637024
-35.57968571 -767.43672857 168.18104224
-34.56925528 -760.37441106 170.39592198
-38.32679310 -746.14310690 78.37598066
-50.02637891 -754.63944945 103.57964089
-50.41595385 -767.00965769 118.23653729
-49.52441266 -745.16693219 31.99412451
-50.61620000 -746.11670000 33.92825652
-35.87169000 -750.44951067 76.27716786
-48.53951069 -760.16965735 170.39637980
14.36141852 -767.01050370 247.28866763
-45.77403539 -752.67795067 77.50959593
-49.76568007 -762.76810121 173.35854378
-39.52563669 -767.92605142 152.63659399
-41.61470000 -753.85484000 105.16225652
-45.88108544 -761.52974189 125.96735832
-46.99017283 -758.63966061 161.39112694
-48.57220021 -771.49686202 182.69758625
-48.60542810 -768.18739121 176.37610369
-49.85626667 -767.35594444 117.62792319
-22.96899852 -760.11141630 203.64208060
-49.57194029 -762.75446624 170.46586103
-48.87195795 -765.68055420 170.67761308
-36.16379979 -762.86024853 161.43254854
-48.58859503 -758.96104417 104.79388080
-49.27697569 -762.87798908 167.32675737
-32.51446667 -752.31875000 78.67265652
-48.69010240 -773.72189782 185.53557678
-48.21227821 -744.54233707 30.01623701
-48.06429091 -767.61236694 173.81124192
-45.21406709 -767.41845886 168.10304956
84.94779802 -810.08573834 238.40854664
-48.33143670 -760.13979013 164.51135730
-48.41021579 -764.74981754 164.73577056
-40.96766798 -765.60538696 146.65810190
-48.68770000 -752.16970000 100.09242319
-48.05164868 -770.59511579 180.04057538
-42.99382515 -754.66956886 116.34258089
-48.08455239 -756.59876583 101.77580572
-48.16775456 -762.63273860 158.48254710
-48.07409817 -760.05749118 158.45406384
-48.02078966 -752.03237931 99.49021859
-47.88766667 -742.98550800 29.02297386
-48.01975625 -758.30223125 102.73768777
-48.03027596 -764.47725192 161.66337671
-30.29042095 -752.59840667 83.47552509
-44.39148472 -766.97978333 165.32716069
-47.71479500 -758.03009500 137.27517152
-47.92100281 -762.14732035 155.56534319
-47.83277143 -746.81915934 30.51284224
-47.89674098 -760.20634537 155.49319799
-41.57088621 -758.39213103 123.50967376
-47.79139545 -773.37515455 183.61450198
-47.74138676 -761.60705882 153.03020946
-47.70676000 -757.86638000 140.08511652
-47.71078571 -758.29542857 136.49651366
-47.69943500 -756.33734500 99.75219152
-47.66666000 -757.36930000 113.81485652
-43.07014118 -745.72271520 65.54867417
-47.68246000 -758.51414000 132.34323652
-47.26682096 -772.48911542 181.87317363
-46.25618066 -768.60927643 173.20300783
-46.73186467 -759.34304986 134.41820097
-47.21574046 -759.08385210 152.29149240
-46.27705004 -756.82258504 137.34694287
-35.17999959 -758.00012869 179.58041513
-47.47318723 -773.34103191 183.25187993
-47.19579502 -758.76260311 155.39621607
-46.51010275 -756.46209257 125.43848299
-47.34875831 -762.41447429 152.13886561
-47.32666622 -758.93930709 167.02507949
83.83859881 -808.49648214 240.24656605
-46.91503007 -744.84638193 28.95813951
-35.97734683 -758.47943373 173.12776803
-45.98820304 -747.52285253 29.46832671
-46.13696315 -756.83308130 101.27952671
-47.61570000 -767.19605000 171.97185652
-47.13563407 -766.97531502 170.11609462
-1.82791360 -765.69919518 230.87075170
-46.36205479 -766.68868850 167.38091563
-47.09469657 -758.63406662 158.43319035
-46.89612822 -769.44970580 176.03339389
-47.57074000 -759.24821333 169.19614319
-43.35623994 -751.77445975 92.37786488
2.51145749 -768.60276587 235.70777748
-41.04930400 -756.58095610 122.47224627
-45.67206613 -742.33204693 29.26082252
-46.73559477 -771.31691872 179.20999941
-47.00770202 -758.73414980 164.37634024
-45.91877879 -751.89297576 34.10980804
-47.23623569 -759.59379340 149.53229410
-46.42514636 -759.53417020 104.40603224
-46.25789809 -753.30006306 98.41678501
-46.41190273 -765.38544918 161.65348111
-46.55358554 -756.78680195 116.29679755
-46.25835637 -756.96008472 140.39310139
-46.74669643 -764.55928571 158.61133271
-45.51232283 -749.51034252 56.59554353
52.88584789 -792.78107165 259.81459599
-43.72966043 -746.57393489 38.66061911
-33.65514292 -762.43844974 170.56512389
-46.12899196 -757.03524937 143.41104233
-46.72474339 -759.56143724 137.46280010
-46.91122176 -760.59477647 106.86004652
-45.91603026 -767.85119338 170.74354529
-43.75886702 -740.11188511 22.57221184
-45.86989065 -750.21359439 32.51763176
-46.70427100 -748.65930000 31.37639852
-41.97224908 -757.33492945 119.41816296
-44.04558462 -755.17613077 130.59844114
-44.84955714 -770.43577857 174.62314581
-9.02352857 -742.94525238 109.19650605
-45.97241685 -766.24858000 164.63816578
-46.32630482 -756.76821342 110.39927297
-45.16797143 -759.06810536 101.47856009
-25.64595760 -752.53655560 90.16345972
24.19137500 -785.30840000 253.41523152
-46.13505899 -758.80664603 116.64037393
-15.87319668 -768.87882628 215.25064444
-46.23896371 -759.39396775 119.38531956
-46.02236216 -753.78755000 35.49207004
-42.49568866 -757.07790308 113.27137062
-45.74577089 -741.90642370 26.58272611
-0.61526211 -772.05020308 232.77002436
-46.01281215 -757.00139147 146.40456657
-46.21127855 -756.37988837 107.61260546
-47.08064648 -759.65382129 146.43159500
-41.86129574 -756.39002234 169.72571184
-46.22911294 -744.51734405 26.90137176
-45.67113228 -756.47585930 104.46634635
-46.66214368 -761.90147143 146.30389169
-46.27798515 -760.07260898 122.43164071
-44.11256000 -749.12069333 76.78800319
8.72665420 -774.95455878 241.55000309
-45.74474813 -770.83644139 176.73654379
-46.91241797 -759.73327593 143.35034008
-46.65487409 -761.54951295 143.81934823
21.38888000 -772.63100000 249.85887652
-38.04747304 -765.77889248 155.48461326
-34.82036955 -757.34000994 182.65136774
-46.08113523 -754.16316410 104.47015325
-45.84316746 -756.98074020 149.32778170
-46.28940317 -753.24762078 95.50733242
-46.04326849 -750.53929349 74.26570443
-7.66766749 -768.58315517 224.27462229
-45.95608289 -753.38735442 83.42161213
-45.99211779 -750.50505809 77.30494696
-40.33396694 -757.44629883 152.42320110
-46.08964173 -750.81620973 71.45083892
-45.79781961 -755.59818667 95.53495162
-38.87535000 -752.25100000 71.95575652
-45.82120979 -750.63582284 65.36686109
-46.17333014 -741.73959014 14.16221238
-25.44760000 -773.24090000 198.12685652
-45.65015363 -751.55198460 89.33813628
-45.70033124 -748.34629874 65.41507183
16.60175111 -768.84179889 247.98701791
-2.40166552 -745.79196207 111.69271514
-45.66864035 -757.08809581 152.45189315
-45.72298225 -747.95284866 62.36189832
-45.75924752 -747.57917840 59.41917812
-45.68120850 -744.03942033 23.13521130
-45.53929940 -752.37490298 74.92705831
35.85833793 -777.85705172 256.02318842
-45.86423089 -744.45176156 32.47219703
-45.71540434 -750.29864035 62.56110793
-45.51164671 -739.59137110 17.29281352
-45.53963856 -743.58431439 20.64265302
-45.88137667 -747.86817014 53.32618536
-45.41278456 -762.20188199 128.40650673
-1.34117054 -745.15356857 113.60969387
-9.50144630 -772.87132894 226.37279093
-45.83919578 -758.00768911 161.09301630
-45.78684739 -754.39804528 110.35186075
-45.73502903 -747.63488958 47.50125652
1.68700698 -749.33928721 115.45549954
-45.80380249 -747.85635547 50.48603165
-45.63870631 -754.64555858 116.34224627
-45.56443515 -744.93363414 44.37697915
-45.57229362 -744.57061044 41.33461358
-45.64743465 -747.29412073 44.26786256
-45.54390417 -746.99561553 41.57094629
-45.27938113 -748.90226950 71.26720338
-45.52035425 -746.61103007 38.49401927
-45.05799730 -758.30566757 111.46071868
33.29957500 -782.09115000 255.98565652
-45.17340313 -746.34133750 36.27416590
-45.12564068 -755.05330169 125.27280652
-45.08075000 -742.91755744 34.98143545
-44.90392125 -746.08151375 55.72672652
5.28211111 -774.76708095 238.74839779
-44.85160000 -740.16996667 22.07942319
-44.71259091 -749.34956364 30.41986561
-44.10671570 -743.50045673 20.80750944
-44.28583333 -755.13826173 128.12799479
-44.29218421 -762.82125263 146.99160389
-43.88836589 -755.00367351 122.23666977
-41.64860000 -745.35810000 69.89785652
-43.39198907 -739.49610282 17.40504436
-43.67816166 -755.90066438 101.43439949
-42.90840834 -741.44163262 23.38211463
-10.18361186 -759.72059980 218.26585988
-43.41243883 -753.27096623 86.43913628
-43.23482908 -756.11666145 140.45650796
-44.49613882 -764.41797412 135.54045299
-42.90704818 -759.71097389 122.41207423
-43.14334046 -741.80966820 29.42722546
-43.36622519 -750.88853302 71.37250423
-28.75836849 -765.59678858 188.68671428
-43.13694490 -759.25741507 119.48765667
-43.07814863 -741.57815099 26.34097897
-2.56188333 -773.44956667 231.82522319
-43.38454633 -753.67042642 89.38918187
-42.80485718 -753.77110714 104.37297473
-43.05601599 -754.37688061 113.44477623
-43.34695441 -751.46300235 89.34660520
-43.96792222 -756.27884681 98.47406778
-43.89690596 -764.75605662 137.61467343
-43.82097516 -752.78561503 80.55951164
-42.90800864 -747.43924666 65.38048159
-42.90703797 -756.89124116 110.39925546
-44.61480000 -758.66720000 100.03441652
-42.80040991 -753.96662036 107.35351707
-22.19465944 -750.77649614 92.59582286
-44.30762120 -769.70292826 172.61935543
-43.29445598 -742.65432784 35.32353489
-43.32532498 -741.51752287 14.42527729
-44.64030000 -770.94870000 175.17335652
-26.89240633 -761.89067089 193.45566159
-43.68334148 -753.10701827 83.45980080
-42.80123625 -747.60954531 62.34512373
-44.15005969 -755.49634651 95.70384373
-44.22178118 -755.06240353 125.33533593
8.30884472 -777.87843415 242.05183742
-43.49489860 -752.06249609 95.11747915
-43.24718345 -753.91902784 92.39232490
-43.20618289 -747.10129120 44.34370845
-43.57674438 -748.74762671 71.34745090
32.34694136 -784.12584000 256.20511879
-43.83229860 -758.53573361 113.50747669
-42.50372273 -744.60622332 38.56473340
-43.06232991 -756.69602739 161.34169731
-44.37207174 -770.42776522 173.98434565
-42.44589830 -747.78310443 56.38325345
-43.15279000 -744.27543141 29.36454340
-5.59942500 -750.40520000 105.71635652
-7.38655033 -745.16505864 107.63487338
-44.45591628 -758.47529070 99.23229373
-42.89590259 -741.85819866 20.31778403
-44.28581190 -761.30419524 126.60435652
-44.03661190 -746.34003571 36.09290652
-43.91350526 -763.41471316 149.49987626
-43.59228765 -745.94952185 56.21200997
-44.19092128 -758.30718085 111.46068844
-43.05519472 -747.41298955 47.48440635
-39.24866350 -766.18172544 152.23158060
40.87278586 -783.78534408 257.71031672
-38.33065127 -758.88091631 143.55552813
-44.35573333 -743.28061111 18.51072319
-43.84061190 -746.10874762 58.58286366
-27.43026888 -762.52426041 191.16826133
-42.62308373 -756.68223433 164.29943592
-43.34405227 -736.84895682 13.30363152
-43.69350000 -755.18070000 132.94405652
-43.19140417 -752.18721667 97.75829819
-42.38778544 -765.89873708 143.31153746
-23.21821795 -743.11118974 93.41143601
-42.07988677 -745.72463651 68.14518933
-41.89056498 -766.72685175 145.59634329
-41.70133750 -764.17041250 142.09034402
15.77826107 -772.00347176 246.56570461
-40.16509551 -756.92342856 170.50416512
68.45505934 -801.67429176 252.13888729
-7.17361489 -760.30701888 221.28121078
-40.82263653 -762.45772002 140.70073725
-41.22009862 -759.19859541 128.58400277
-41.37391061 -750.78375000 63.60069440
21.08640000 -770.69802857 249.98802795
-40.79365175 -756.92049691 125.33835467
-41.48772644 -754.77142414 110.56754733
-40.41529571 -762.84701153 143.33003189
-41.56123600 -755.33301200 111.41620452
-40.24210857 -757.40617443 155.43794032
-5.01929822 -762.09996439 224.98746364
-40.38237560 -747.77173216 68.59870909
-41.09439451 -748.16462864 65.63846344
-29.53215455 -752.87715455 84.77958379
-1.73613640 -768.78052146 230.80779215
-40.39516372 -757.43245923 149.39163768
-40.09043107 -757.29151761 134.43693059
-41.62990000 -761.24373333 132.60308986
-40.80304429 -750.44260163 65.40646467
-24.49550742 -747.50447468 91.76428785
-40.85975868 -767.63424895 149.09144784
-40.51135846 -759.66327530 134.41785859
-39.81028462 -756.61234128 173.33302335
-40.22277654 -765.88055297 149.14714787
6.15870000 -764.13523333 241.08982319
-39.53283187 -759.85527008 140.28856617
-39.24204216 -760.24755556 143.09442008
14.55488378 -778.50943108 247.31124706
-23.19613704 -763.09910972 200.78933800
-38.84741559 -768.18318011 154.59007803
-38.89075169 -758.39384068 152.40366839
-8.29109792 -746.10600208 105.60945444
-17.48071818 -746.09410909 99.73305652
-38.79556429 -758.34802500 155.17851128
45.10661667 -791.35260000 260.65875652
-19.91649457 -765.76666086 206.54829566
-38.10348176 -759.27853661 146.40027425
-35.43311071 -767.87315179 170.51479759
-10.65374157 -762.35649041 219.03187396
-38.31724561 -750.32601754 72.24976939
-38.15260605 -748.41786830 71.92053779
-38.35232727 -758.14415455 145.76213834
-38.55092321 -758.15861071 143.39483331
-35.22596333 -770.39162000 179.36435319
-35.41717143 -752.34605714 75.58375652
-37.71940148 -757.80141558 170.53425207
-37.37423391 -748.02378039 74.49687307
-37.19334855 -759.44108274 155.46822968
-37.08970335 -747.21952844 77.37330077
-37.41384577 -757.69399928 173.55791826
-36.97465880 -756.77355249 179.11587881
-38.61080000 -758.19320000 138.57145652
-38.60280000 -748.42060000 69.89515652
-36.43345819 -765.73500188 161.52685068
-13.49720169 -773.68807143 224.73708897
-36.86868864 -752.38207045 74.37015425
-37.05423112 -750.61779689 74.42448494
-36.71783411 -745.87786163 80.43715613
-37.50326000 -755.11429000 180.06012652
-37.45758922 -762.68832222 155.47243267
-36.48367785 -746.62668154 79.56042330
-36.68194584 -759.17276568 164.46425660
-37.97250000 -758.17570000 148.20905652
-36.27746211 -756.07055105 181.80681705
-36.77426691 -762.67845706 158.39835708
-36.28603429 -755.05255429 182.49292509
-35.90723281 -765.74970168 164.33574311
-36.18668333 -770.26960000 164.79630652
-35.85985532 -768.66473936 167.39773312
-35.98440000 -770.33920000 168.17195652
30.44200000 -785.45321667 255.86833986
-35.91541250 -770.37870000 170.32780652
-35.78016250 -770.44365000 173.24411277
-7.75356333 -743.07969905 110.19822128
-35.76763846 -769.24808462 170.04693344
0.95044058 -762.82140870 233.72913623
-35.70461538 -769.85290769 172.37544883
-35.51217765 -760.38445059 159.15923770
-35.59978197 -764.59805902 165.51134341
-34.09557910 -759.63668359 176.31941853
-34.71459960 -760.55768129 167.33746542
13.95602980 -774.79330985 245.20934491
45.82250000 -779.16840000 257.18105652
19.61926202 -777.47839109 249.27309877
-35.47745714 -758.14071948 177.22061886
49.46945709 -791.97991564 260.49101907
-34.46715244 -759.98499135 173.23566186
-0.38092488 -765.74201268 232.76254481
-34.14624519 -747.70329503 80.27103630
21.06514667 -769.49031667 250.07564986
-35.22496451 -760.50897352 161.61602779
2.26829759 -765.64946103 236.16598307
-35.34961250 -761.54121111 162.00368013
-35.10196220 -768.31024268 173.67969616
-4.95987212 -771.02756346 228.31092768
-35.57815000 -752.20355000 75.67110652
6.16500741 -765.04702222 241.10611208
-35.44380500 -770.43704000 176.89167152
-35.54235000 -754.95747500 183.73780652
69.17681739 -799.74026522 252.77666087
-34.49107222 -754.96531556 185.38648874
-34.47821373 -762.31944569 167.10482255
-32.92646154 -758.47828154 184.54586114
-34.73068118 -768.59266827 176.63454471
-34.80298423 -765.58355663 170.49807337
-33.85149509 -756.90186402 185.27566236
-34.19425797 -768.61856754 179.42143217
-34.79258235 -770.37465000 182.41048887
-34.09690898 -765.50831317 173.28299245
-2.26192149 -761.68133223 228.33708710
-33.27163052 -746.81688169 82.56281896
-33.35154075 -758.81120582 181.98154933
-33.52838605 -770.53387093 185.70236350
-33.33011088 -765.84959018 176.47466073
-33.21474932 -762.46527432 172.91481274
-32.98308810 -766.65721032 179.08209144
-16.58692342 -748.01799937 98.99391336
-32.97395955 -756.14410562 187.44382169
-32.81992552 -761.85234621 175.59471100
-32.82935833 -770.84572500 187.06665652
-32.68163333 -767.14603333 181.21812319
-32.65580000 -752.29200000 78.91235652
-32.26708256 -760.67834718 179.72851498
-18.47037650 -765.88508250 209.18681852
-31.90267240 -756.99880896 188.78222713
-26.46075758 -760.77823030 195.53926864
-31.15589185 -748.02173454 83.63591697
-32.36234912 -767.60389474 183.09764249
-31.86277733 -768.22178733 185.55629086
-31.84061679 -760.21934758 182.52884660
-32.54914000 -761.08808000 177.52832986
-32.16649619 -751.28515032 80.96242375
-31.50556564 -770.92017974 188.73724771
-32.62543333 -761.80643333 171.16975652
86.73782756 -813.70758110 233.73246282
-32.25704667 -748.67650933 81.40453919
-11.27402941 -758.03300588 216.58158005
-32.31351136 -745.60590682 84.56873076
-31.38557093 -765.77139173 182.52347599
-17.44779266 -751.71200459 96.52532992
-32.09344348 -754.94426957 188.99852029
57.65734242 -796.46705455 259.05004743
40.85377808 -780.76563973 257.22463597
-31.55602013 -752.42377107 80.61579300
-30.74112489 -768.86141139 188.49587002
14.84321071 -781.86901786 250.11621366
-31.21195652 -762.47293986 179.32797435
-30.84150270 -750.72082267 83.56658490
-15.01289300 -773.87967200 223.50547352
-30.46337309 -765.91320085 185.11070921
-30.87055464 -754.98876701 191.14772044
-30.71161023 -756.67368210 191.21239289
-30.19087181 -747.08966057 85.78988538
-30.16498631 -771.24741190 190.71107378
-8.47008571 -750.67199048 102.76548509
-30.07020077 -758.92816398 190.51636189
-29.98015323 -761.97930199 184.86894856
-29.93333956 -769.45936813 190.33188949
-29.82010769 -755.91235846 193.23165344
-29.80132589 -750.72927455 85.10527125
-29.72247273 -752.45180909 85.02876561
7.38647280 -771.78692301 239.90434522
-29.66920000 -761.30430000 186.91615652
-29.42999804 -767.63309020 189.57754476
43.84538821 -786.42641745 258.52037303
-29.28316279 -760.68193992 189.17563094
-29.06683000 -755.01433500 194.78028902
-28.02321562 -744.82688634 89.45073344
43.78004982 -780.70821032 257.40290492
-20.51039333 -773.72980000 210.64676319
-29.41722247 -745.74375730 87.65616326
-25.67931648 -768.73227699 197.38700766
-28.82271375 -760.01139889 191.40278269
-29.35347966 -764.67761695 186.07762432
-29.50442000 -758.06478000 192.72065652
-28.24014902 -762.75665559 188.34340564
-27.77294568 -759.63008315 194.28121683
-27.36240058 -747.43025700 88.73516060
87.34050000 -812.12850000 234.54445652
-27.86631418 -756.67886947 197.40385003
-28.21652105 -755.09677368 196.89746705
-27.41332758 -768.86149879 194.18580319
-27.04124593 -756.33923023 199.80061059
-26.97206562 -766.50788021 193.47554715
-26.75865610 -771.41784634 196.07493457
-26.68887500 -769.70817500 195.99375652
-26.70600000 -743.18610000 91.01605652
61.06377389 -793.05772102 256.17631703
-14.19614000 -770.66804516 219.40807330
-25.81890649 -748.07480453 89.94886570
-25.88038027 -771.62556224 197.57483679
-26.45987931 -764.56222069 192.28537376
-25.92520038 -760.08150338 197.59279938
-25.87217183 -765.40518452 194.52339336
-25.83970995 -763.05142608 194.54486781
-6.23161470 -747.04532205 106.52692980
-26.59090000 -758.19060000 198.78725652
-24.59338667 -743.13562000 92.24851652
-24.23986067 -768.88513427 200.28235343
-24.98004036 -757.01358828 203.33319741
-23.41555631 -744.21674092 93.58913744
-24.62653470 -765.64331108 197.36746062
-24.34799318 -771.71509495 200.42873506
-24.21991382 -759.04723594 202.63204316
-24.19548478 -750.50370375 91.30691109
-23.98843406 -762.28181522 199.70325507
-23.96720370 -766.54824321 199.55007010
-23.98529667 -752.44599333 91.02947986
78.66620000 -803.17350000 245.68755652
-23.87783273 -756.57775273 205.17636016
-23.67391667 -771.19715833 202.03097319
-1.50986744 -777.44232558 234.17955141
-22.86476843 -748.03882299 93.10378096
-23.44344706 -764.60041029 198.35128593
70.94832090 -798.82793701 252.38231161
-23.59698889 -772.54365556 201.74101208
-22.88777161 -765.45850084 200.59452625
-23.53998333 -758.10490000 204.67947319
-23.49093636 -760.95810000 201.69896561
-22.32162269 -757.12477711 206.60829990
3.55748571 -779.79222857 237.83634224
-22.62547627 -768.67691521 203.50281574
-23.56770000 -764.17980000 198.79355652
19.89731508 -780.76818754 250.88171095
-22.78099016 -773.47477541 203.68597783
-21.53165265 -747.52401845 94.79152891
-22.09914160 -762.69047547 203.27618799
-21.61649812 -765.89055788 203.46033911
31.92539770 -786.43426382 256.80103975
6.59655000 -780.02495000 240.84397874
-21.97276915 -771.68350299 206.34585752
-21.05639742 -771.80609889 208.91009933
-20.93153611 -766.42965556 205.31638708
-21.00029677 -773.61695323 209.10540330
-20.89985294 -744.04531765 97.23317688
-20.94211154 -743.07555577 97.40388344
-20.82855270 -757.22144189 208.05449706
-20.76317368 -758.68392632 208.01584600
3.58514245 -748.12050849 117.52476407
21.37395000 -776.34835000 249.86115652
-20.07436889 -762.92106311 206.89072097
-19.56858818 -744.78273197 98.58469037
-20.06707414 -751.45917241 93.33347031
83.63309973 -810.78652769 239.35454577
-20.40696885 -767.72811311 207.16160570
13.71165435 -780.51472295 248.42952971
-20.37684324 -743.10822703 98.43004301
-20.41845152 -760.58444848 207.56509289
-19.59462616 -768.58316371 209.37928753
-20.50135000 -746.10498750 96.79899402
-19.94496545 -773.67598909 212.62213561
-18.52593535 -747.46765484 97.68860948
-18.48581217 -744.24246969 100.90174780
-18.59009215 -762.70203246 209.40814186
-18.31559211 -769.24152867 212.21351494
-19.05532727 -773.71589221 215.28129808
-18.36042350 -772.01879544 215.35237547
-17.97667625 -749.66550125 97.12600902
-17.74452000 -744.07046000 103.04563652
-17.74964286 -770.08975714 214.06161366
-17.77035000 -752.26680000 95.56960652
-17.71953333 -761.80191667 210.96025652
-17.33237286 -773.69553143 219.21149938
38.62301667 -788.09223333 258.95722319
-1.15149392 -774.66120132 233.66832054
-16.51851457 -759.60835585 212.56878301
-16.13132408 -771.66728067 218.38320459
-16.35887231 -745.26064872 101.77552103
-1.62857333 -747.71349371 110.62025841
-9.19625943 -775.52405600 229.23325824
-17.58266364 -763.61266818 210.74153834
-15.74078437 -744.33703067 103.98177319
-16.27553029 -757.50589330 212.30102086
-16.50358225 -762.76454175 212.46976777
-17.59632500 -756.72492500 210.80453152
-16.27285721 -765.78191885 212.60955120
-16.08008092 -773.75545878 221.60959469
-15.43552089 -746.98332063 100.42279255
-15.09875333 -762.52369048 214.34710366
-13.41220287 -759.49621450 215.51854961
-13.16548954 -747.55340000 101.40114881
0.72469500 -773.62287500 234.68595152
-13.98117005 -745.84832609 102.45814444
12.01151463 -775.61665854 244.16535896
-13.22285949 -771.33168173 221.41616008
3.49690500 -763.15215500 237.45454652
-13.94643112 -765.62073859 215.92117146
-14.48816667 -757.43991667 213.75198152
-12.74287661 -772.72993921 223.93180051
58.79363308 -795.56572576 258.02004844
-14.51355000 -749.05730000 99.86470652
-13.04337451 -750.46881124 100.57637931
-13.27761635 -757.86976635 214.93410941
1.13466411 -768.86638373 234.09292877
-11.90032963 -746.36145556 103.13608615
20.07965054 -783.18687366 251.97809792
-12.48570969 -765.69868634 217.84953978
-11.94134857 -760.42625000 217.08078081
-10.51719539 -745.44712676 104.85993525
-10.46715011 -742.99809933 107.91077493
69.63756471 -796.45614118 253.00764770
-10.28709567 -774.43763214 227.69864354
-11.44717500 -758.57669583 216.74873152
-11.15955956 -770.66429563 222.34538330
-9.92062056 -744.09110469 106.98005352
-10.20879555 -750.15295931 101.81838272
-11.35723684 -773.33230526 225.72571968
-10.33181550 -771.89573692 224.66763875
-11.16370762 -765.46925238 219.46238319
-9.08326316 -769.78198421 223.58931968
-11.39083529 -767.78306471 219.50749476
9.57004000 -779.40528000 243.84401652
-9.75553147 -765.67260909 221.21685827
-10.64663750 -758.11185000 217.11448152
13.71751536 -777.44513675 246.16229568
-9.32006364 -763.15159484 220.78681475
-9.32562432 -776.29853784 229.57502949
-8.86190588 -749.49417353 103.06465358
-8.80405000 -743.29760000 108.92325652
-7.82349064 -773.69610345 228.35466293
-7.56393902 -747.95867113 104.83173518
-8.32994754 -759.41926721 219.64621718
80.84028017 -807.94053276 243.29168842
-6.86646327 -776.73903184 231.04089815
5.01321545 -779.85712033 239.24851750
-2.85273452 -749.99860119 109.12861605
-6.99806856 -750.02612780 104.40952202
-6.70995960 -743.82242442 110.12558838
-8.55240000 -743.20325000 108.84600652
-5.81652857 -760.95353929 223.20044224
-7.10181745 -765.64133098 224.37471868
-6.44410736 -763.08893052 223.86340230
-5.97668413 -769.18220794 226.24945176
-5.82072000 -743.50347500 112.09566152
-5.88162500 -743.14142500 112.10065652
-5.80858235 -765.72456471 226.01549182
-4.76527822 -774.75329908 231.18018168
-5.33769859 -746.02921690 108.55153962
-4.53874005 -747.78583427 107.70145416
-4.49823958 -768.75168657 227.72443673
-3.80215972 -771.96255018 229.96861730
-4.42425491 -765.71381055 227.60435325
-4.76248400 -760.60733533 224.24570219
-4.41890446 -745.06586667 110.57755236
-3.82869688 -744.06094672 112.93696074
-4.33455945 -749.97502548 107.50937992
-4.03761741 -777.09774378 232.65026249
-3.60863566 -762.41971315 227.10823700
-3.44012593 -775.28352222 232.40876541
-3.22514225 -760.95590704 226.45571145
-3.06502000 -768.50267909 229.32635561
-2.81322308 -763.83092308 229.22157960
-1.83886149 -771.29522360 231.19283292
-1.33580325 -762.60646102 230.37564771
-1.54184966 -749.90327722 110.56641301
-0.71207557 -745.03506638 115.69144876
-0.22731886 -747.22274970 112.52703526
-0.27140070 -768.70186853 232.53234463
0.63749074 -745.94751296 114.42073060
0.83878487 -765.90993613 234.29683635
1.02486105 -745.85989227 116.32666564
1.11680403 -747.80605847 113.80991257
1.17932489 -771.57409127 234.11867137
2.62101243 -771.84424520 235.60603223
1.94590000 -746.18540000 117.98655652
4.26951058 -771.71214164 237.04895413
4.07651105 -747.61343066 118.63704155
3.57344444 -766.15462593 237.73004911
4.01655896 -768.96697239 237.21678413
4.95692565 -765.69711009 239.47592453
5.04853547 -777.76558851 239.02870585
5.43030128 -768.61403846 238.86890310
5.65359885 -771.66482701 238.39916169
6.30873333 -780.55820000 240.90912319
22.92906634 -774.77917525 250.58996642
11.56546865 -768.45003514 244.71442085
7.93146995 -780.16522463 242.51130233
7.54591538 -765.86590526 242.35459458
6.85458228 -777.36970886 240.56568817
6.46135000 -764.07035000 241.36290652
7.05307851 -769.08624545 240.23533669
8.36889459 -768.44438311 241.81564571
8.93005663 -771.63366024 241.28080953
9.14104348 -765.73873043 244.11240435
10.78268438 -774.65079261 242.93758834
10.20712973 -769.17548108 243.08991125
10.86030608 -766.48333581 245.26966666
9.61896667 -767.12163333 243.83245652
27.62778310 -774.66990423 252.77933399
76.31928795 -806.88951205 247.42720110
11.27692837 -777.97282872 244.73402177
11.88159250 -780.93759125 247.47197527
13.83880909 -771.79587386 245.18185908
12.54235000 -779.40536000 246.69220652
12.92845185 -766.86542593 246.58547874
76.52019585 -804.65285560 247.78377478
13.57269444 -768.91019060 246.06170011
14.79760147 -768.04690441 247.20238593
15.11822500 -782.33875000 250.44290652
16.64697447 -780.02566968 249.31135067
16.90494734 -777.73780392 248.07871983
15.58597059 -776.44122353 246.76737417
17.21547381 -782.67927262 251.13464700
67.82186641 -798.70283359 253.55186590
17.11528106 -771.57271667 247.60996826
15.42860000 -770.17600000 246.85915652
15.88125000 -767.16925000 248.02305652
20.57314366 -778.54554085 250.20965652
22.93503241 -780.75881215 251.98094234
22.95074400 -777.79607971 251.01237081
22.43821449 -783.24903832 252.60383876
22.65224444 -769.75929877 250.70580837
87.67994615 -812.02120000 234.56874114
23.65071910 -783.96670899 253.11060652
25.85539918 -783.71947302 253.77604590
25.00588471 -780.17768344 252.64394124
25.86151652 -771.84757876 251.99192112
26.14885977 -780.98459732 253.29806265
26.31525789 -785.60674474 254.16349468
27.13288696 -778.41355870 253.01047174
28.84445165 -780.70855064 254.20181581
27.76480577 -772.11686442 252.74723152
28.88457857 -785.98340055 255.33032246
29.17117023 -774.68885050 253.41603077
29.14104234 -772.50368248 253.31169594
31.92647879 -777.73551632 254.68799312
31.81036938 -780.73131148 255.17837470
31.94493101 -774.73345313 254.49815195
34.39842016 -777.63772688 255.54367036
34.53028598 -774.93466827 255.43748051
34.96371803 -783.71436923 256.75335364
35.23772932 -780.90528910 256.20398058
36.10098519 -775.50418519 255.97428986
37.68337766 -780.68927868 256.73639053
37.78992926 -786.67622926 258.14017453
37.15662222 -788.43326667 258.80942874
36.67930000 -774.63180000 255.89605652
40.73181102 -777.94087837 256.84024509
43.93376299 -789.60972795 259.72921636
44.00184286 -787.90615306 258.98471366
46.76345789 -780.97450088 257.47082231
47.31580476 -791.65260238 260.73915295
46.37889583 -788.01498750 258.97468986
50.16122162 -788.76635676 258.62523220
49.39250875 -781.66509375 257.51926277
50.10816140 -786.72953321 258.17891882
50.25919532 -783.85432339 257.80484784
49.52384341 -790.15664512 259.39255725
52.28426489 -783.86151631 257.62474659
58.52031261 -789.72533950 256.52068761
53.05834061 -789.59300728 258.29232702
51.92221111 -790.79303611 259.08902874
53.94374583 -791.61347917 258.76487319
55.08819231 -793.61524462 259.26875614
54.88209310 -784.86924828 257.26973583
55.73003201 -795.01888720 259.65910134
56.16474465 -786.99768975 256.99792486
58.74661195 -792.70510983 257.15054959
58.11249547 -787.51334113 256.32575841
59.62348276 -797.66050517 258.08237549
61.64912629 -790.23253491 255.25451299
61.63881894 -798.17341646 256.82147733
60.49815000 -791.06037500 256.00175652
62.59139922 -792.72918912 255.42188087
62.82600811 -794.97218829 255.73622409
64.71121341 -798.58924215 254.97842281
65.46367231 -800.76173231 253.83128268
67.84955372 -795.81481612 253.66882222
67.53582105 -800.57679737 253.17459073
66.99801944 -793.75200278 253.74914263
69.69251481 -798.04251481 253.00563986
71.82153333 -804.33617500 249.65584819
73.38647611 -801.54094656 250.55319741
74.32237374 -804.62197980 249.30424642
74.74270918 -802.23251224 249.52490754
77.67071582 -807.65084294 246.40823675
77.94558868 -804.91178868 246.53013671
77.86721429 -802.95658571 246.43217081
79.38308160 -807.63477000 244.90950332
80.96140606 -805.69384242 243.59422622
83.55810435 -812.64346377 238.67197391
85.41073095 -813.03138333 235.88949938
85.68628079 -811.12736535 237.03719774
87.24680000 -814.96630000 231.89565652
87.97600328 -813.07928279 233.22566390
88.31979737 -815.60707895 230.06761442
88.81724554 -814.52008911 230.59149316
89.88260387 -816.07099677 227.45463975
89.95651000 -815.09601000 228.60056652
90.55198600 -816.23746800 226.49994652
90.37450000 -815.11240000 227.91385652
