-18.21492857 -774.62901429 129.86731981
-59.71483856 -767.28471260 160.60043409
4.12510429 -772.31885738 98.50841742
5.19743333 -785.94486667 154.15953409
-39.66170714 -747.35605429 47.66574266
-42.25904000 -764.90251000 127.30470409
-82.42213371 -769.84498190 171.43943126
-60.53601837 -773.29239388 153.97829532
-28.91117181 -757.48161620 71.87365784
-52.86436096 -766.95985855 152.54901194
-65.56777205 -768.15339193 163.45201546
-37.98606510 -760.24894333 113.76679844
-31.80933186 -765.01289646 105.52824737
-69.99635733 -774.22937759 162.28057332
-16.22622516 -777.06873161 135.66524312
-23.87126450 -762.79784051 78.50594710
-19.73021022 -757.29428785 80.74786819
-37.03548559 -760.37927733 95.64412640
-48.14229829 -771.57983419 136.46856571
-16.69840244 -763.27661596 83.57035494
-27.60193083 -759.82680083 73.45824520
-17.49366979 -770.59868438 133.53009138
-39.97440461 -743.56983487 35.34186435
-50.58874880 -751.85862947 46.97942433
-35.32211682 -749.08318364 59.16497194
-50.52310484 -754.20269477 44.79243030
-37.84509040 -763.25416540 104.51806483
-88.31823333 -771.04840460 173.82108352
-56.33901825 -774.63847298 149.33838741
-13.13382640 -768.96482867 86.14490129
-37.61095414 -745.85695701 44.50376466
-45.58695571 -767.30932000 132.29169695
-35.32998000 -749.71562000 64.41042742
-33.28330000 -751.96606667 71.31803409
-42.77372500 -737.64077500 15.38534409
10.31623652 -778.65662650 103.71385114
-36.67304364 -750.01233818 53.29616864
-27.84149805 -767.08757913 112.84291127
-43.82896420 -739.27140907 14.58482407
-44.71354962 -741.20578571 15.06293559
-34.68371376 -759.48093598 81.02972298
-45.02958571 -741.10874286 12.95971981
-42.19837500 -738.18992500 12.65875909
-35.77080808 -756.40853743 92.82229277
-44.30947581 -739.09326452 12.41606312
-14.33795180 -773.34286186 137.36562159
-18.64697266 -774.44256285 131.56713082
-21.17276277 -766.83180319 126.63721547
-28.84085352 -758.03826831 101.33918620
-101.21083333 -766.65949697 181.39624985
-32.39973238 -749.41887619 65.53021790
-35.55448168 -756.70301025 95.93186543
-37.34951818 -758.69950909 118.58645227
-21.39080000 -765.31825000 82.30095909
-31.79592635 -762.19240000 99.19639760
-42.89209077 -740.38411692 20.35067563
-43.45213333 -742.38137712 29.82008572
-39.06877960 -765.52988870 110.71459033
-35.19985586 -754.08556552 62.34159616
-70.56797233 -769.73714048 164.86756685
-38.45016478 -760.95432691 122.54694794
-13.05132618 -760.81098218 85.36764573
-10.23740346 -776.32124049 142.70120002
-8.31208916 -766.51125763 90.10900950
-79.39105131 -771.85580317 168.42007924
-29.97670000 -755.86185000 70.01178409
-109.29506923 -765.12396538 182.71503986
-34.35213204 -755.04068680 92.48649641
-37.76401952 -747.87382762 53.59656171
-82.58900395 -771.19910711 170.14363751
-43.13084331 -739.67745984 17.43375850
-6.41172683 -768.16019024 91.24913653
-97.77574968 -766.28880013 179.44145197
-39.51507513 -761.46076010 126.24247865
-37.82882198 -750.40073022 62.90842805
-50.60467031 -771.94818482 140.34580058
-35.40999504 -756.93491452 77.55663501
-62.27070054 -768.30284500 160.79823141
-39.44804531 -762.88745000 111.09958034
-44.18307083 -741.62330673 17.65923730
-71.09971244 -772.20831550 164.01146569
-47.90987752 -768.91624838 136.94538457
-10.15093059 -778.25315211 142.75481732
-61.97407993 -767.12897783 161.89365941
-73.80971419 -769.33835757 167.57783639
-20.64824927 -769.33358968 128.52096075
-11.61983244 -775.80472364 140.95605828
-43.95031070 -748.72781480 34.76260675
-6.75532228 -766.19067880 91.79251425
-27.47432101 -759.17361849 110.36143661
-50.67898898 -768.85585130 143.18799301
-47.94190980 -752.28255098 40.36591448
-37.26763875 -751.63918395 68.78785273
-36.13266296 -753.32519630 60.89331557
-38.83653571 -743.75815714 37.26601981
-18.15689688 -761.48358437 81.93651534
-33.76556333 -755.24193278 65.33923520
-37.02335000 -746.77620000 52.33903409
-7.08176203 -764.19812727 91.93584960
-41.66138174 -739.89820783 17.70158800
-24.40106789 -763.08112294 118.38896804
-28.86796616 -760.43808450 101.44799020
-28.81019712 -757.92015108 104.90867654
-48.46978269 -748.41950769 39.72196486
-2.31765622 -782.15423133 149.48590036
-11.66057305 -769.17381137 87.52624733
-62.24108186 -774.28666593 154.58888409
-13.00060000 -773.67762500 139.24333409
-36.36389583 -759.00377083 87.56040909
-8.53347052 -763.53180976 89.96043827
-103.49660000 -761.74480870 179.85882105
-43.45529477 -769.31676221 128.58165151
-32.98447273 -752.96836970 84.11069470
-42.96966364 -737.69205455 16.32574318
-48.63971984 -767.00475720 141.24956989
-25.83832763 -763.31283023 113.60386985
-21.84957292 -761.16005625 79.42501638
-31.40550000 -749.73246667 67.23356742
-76.03102500 -773.93350000 166.37950909
-16.81124821 -772.49982671 134.35882747
-18.35840000 -756.81340000 82.10793409
-100.81826349 -761.75803016 179.75110234
-34.87353729 -751.63766441 71.39399765
-25.66601810 -762.13119683 75.52209201
-42.22928182 -770.65193182 127.24447955
-37.41427917 -757.63535801 110.57926213
-36.34890000 -749.80580000 64.20210909
-42.21121250 -738.75886250 14.94203409
-34.29456386 -755.12015611 98.22901774
-36.00636782 -762.73719116 92.89086606
-4.12109303 -766.88952960 94.82879603
-35.46320683 -748.76681877 56.69249006
-97.30640579 -768.16610331 179.90899112
-52.55510321 -772.34097410 143.60143005
-42.99061931 -745.21865926 30.15452351
-64.05612141 -773.26388690 156.54642024
-33.09487500 -757.35368750 83.96289659
-43.52936520 -741.85483284 20.71114095
-42.05250628 -771.47764869 127.60365137
-36.99458336 -754.22348207 77.74191309
-5.84221849 -772.35768038 90.90257673
-82.59087091 -764.71806727 175.00730318
-36.73591992 -759.87175599 92.79795616
-31.07067127 -765.65845465 107.23999296
-67.53809804 -770.06505447 162.09312934
8.39883266 -778.23149234 100.45869216
-38.02727095 -760.69868898 104.46535465
-33.11496667 -752.23853333 78.28043409
-68.02517215 -772.22016336 161.28877491
-60.94849593 -774.66592326 153.71677479
-51.35365000 -773.72565000 139.03923409
-31.00271322 -751.19681562 68.28410092
-87.53497705 -767.17022787 174.94474885
-35.51602797 -753.45753531 80.62673805
-66.10501481 -771.08645556 160.21678594
-40.91477354 -770.98064021 123.29077324
-26.10584191 -760.80481095 113.46309609
-0.12260000 -782.63200000 151.25103409
7.81001630 -775.41927892 101.44842991
-3.41019412 -783.44707059 148.22496350
-15.65528366 -775.34102366 136.52340248
4.63206667 -785.89203333 153.90023409
-26.16428824 -770.91182353 117.81212233
-79.81376983 -769.32738226 170.60403100
5.37831429 -772.50971143 100.23285123
-42.47805238 -740.71391429 22.79137695
-35.95637991 -755.53294464 104.41053766
-41.78358706 -740.14714824 20.69657997
-69.01140750 -767.97859250 166.36565909
4.90859746 -780.44745847 98.46234596
-36.97906529 -758.25621728 95.72230378
-42.11554028 -762.19774028 130.39296326
-97.97620625 -761.73922187 179.53240597
-6.88999061 -781.11399296 145.54663503
-56.26952000 -767.62352200 158.31899742
-37.75874118 -748.46064286 56.46783689
-38.12494022 -760.52395419 119.56557462
-47.64916264 -763.85222548 140.07387011
-22.88321586 -766.18800758 122.69578980
-78.68185000 -770.80160000 169.03983409
9.98681433 -780.72218715 102.07534744
-52.48461681 -774.03198407 140.83505267
-6.16705000 -764.71230000 93.48591742
-36.91947875 -755.30685875 83.38680326
-35.00533483 -751.00804966 68.71976271
-47.05570798 -745.53370293 38.50446813
-20.86575744 -755.55510718 79.68303050
-37.46397365 -758.28320236 115.93295132
-40.17473467 -768.56341043 113.62511558
-40.81035337 -744.99585575 27.14619818
-6.81916795 -774.04699231 90.93615460
-36.21892941 -754.84778824 75.11651644
-94.16063233 -765.98905194 177.84334745
-43.12935669 -742.00136232 23.55883480
-82.77936221 -766.37414807 173.87509688
-51.00904312 -753.88222141 47.84389281
-112.51524676 -762.99994061 182.32257197
-38.72493231 -744.41310513 32.56501512
-33.44867500 -752.76747500 82.27248409
-64.34379242 -770.17777598 159.13879420
-20.76886878 -767.38873730 127.98257192
-41.71387647 -740.63661912 23.17463115
-38.98579000 -762.32675744 116.49207871
-105.27140000 -764.80570000 182.08723409
-94.34037351 -764.13819934 177.92002184
-36.67040721 -758.35964465 98.23910456
-28.33232089 -754.93222621 71.31505695
-35.55034474 -761.51871579 94.56228935
-49.58592382 -756.87658144 45.04580473
-34.95408984 -752.40853460 77.43582838
-40.51411443 -742.35087705 23.95839573
-54.37357407 -770.36028519 147.91874891
-41.84605402 -769.58479257 125.12381267
-35.51847041 -750.13396939 65.88214736
-35.21119151 -759.90638321 83.74435476
-51.08146588 -768.12346706 145.55322821
4.64075000 -785.54417500 154.12225909
-37.99694647 -765.86547742 104.52096121
-42.83196800 -742.78621543 26.38267295
-63.03544632 -771.27763263 157.31142778
-24.51783516 -766.84715625 118.59492237
-48.53046967 -746.46269754 41.28023491
-5.33306832 -766.91266964 93.11488079
-49.31885334 -751.54127139 41.81489171
-27.94836134 -760.32650593 104.85396167
-16.76814675 -758.04410344 83.02215078
-57.11325441 -771.28777794 151.29469733
-34.80932500 -756.47498284 74.85216842
-29.38727500 -768.02119048 111.74028885
-36.93405877 -749.54367807 62.29854900
-50.61429137 -751.31594015 44.99404431
-88.87211460 -763.91307040 177.04999224
-47.37855029 -754.62537845 41.19808553
-103.45510659 -765.27388022 180.54930882
-0.02096750 -773.12781000 93.90443034
-85.84741896 -764.09436194 176.23862700
-27.17800294 -762.37702647 108.44283213
-39.39185476 -747.87064048 49.97539838
-35.82545177 -756.89644027 101.52365975
-39.49846801 -767.29892190 108.29588481
-21.87116649 -766.70270109 125.17674517
-33.84670753 -750.45618602 62.88666312
-40.31824225 -742.47053986 26.15514494
-100.70417140 -763.26484228 179.33957188
-43.02845000 -744.00197778 27.56422298
1.55936667 -775.22537585 94.83924846
-91.67973437 -766.34616770 176.99039662
-38.01495518 -745.11092048 38.52467792
-51.46118261 -754.71990652 47.53419630
-39.84500156 -746.12410859 44.45766143
-29.19239787 -763.18715656 105.16732147
-40.73796975 -742.61655600 29.42978609
-67.32330484 -774.26744374 158.88598068
-41.13983056 -744.05698426 24.49833779
-42.10258551 -766.09873107 124.93821563
-8.42526949 -780.88465873 144.32397031
-44.92813978 -765.56231190 133.96464338
-34.15818000 -752.62913700 80.21349509
-42.57813079 -768.68640815 126.22676216
3.63867530 -777.94151984 96.59451425
-25.01089637 -754.66166704 76.66541817
-35.94691255 -763.24505091 95.37971954
-36.04903659 -750.01520000 54.25028287
-4.29279091 -774.57220303 91.37421641
-29.75869669 -757.94500331 96.01838160
-30.70640878 -758.05938610 70.66897433
-35.56872337 -756.88478472 98.36828060
-41.54895106 -763.17123134 128.21120154
-43.43368674 -747.59126023 33.17248726
-12.14542000 -774.32162000 138.99999409
-45.61186373 -769.30680080 132.48613516
-91.61960088 -769.06491957 176.77741414
-42.44598191 -765.62648511 123.74892558
-63.14107368 -766.51047895 163.21288146
-44.88249563 -742.91177511 32.78304064
-51.38888972 -757.23010935 49.39918549
-31.29420603 -754.38248090 67.73904464
-95.25439779 -763.35006024 178.43383677
-30.51235333 -758.94926889 70.76582298
-14.22694569 -775.22493118 138.04446350
-43.50194117 -766.37129784 128.58487380
-40.25532000 -746.93838000 42.20387409
-40.40692759 -744.88826552 38.37193639
-36.92483480 -756.62285263 83.79351392
-49.66871920 -758.04098940 47.75129930
-37.56313129 -746.24619320 47.47797321
-40.10368678 -745.58464885 41.52555650
-36.91185669 -757.15970101 86.79910661
-44.14989589 -745.70193158 32.84820451
-39.20315000 -761.92425000 124.26478409
-25.41799070 -766.42023744 116.51546809
-23.84485691 -766.13160860 119.93633080
1.44113055 -784.14551018 151.61913174
-53.91044085 -768.15187394 152.13922353
-40.60783075 -743.20090951 32.56054272
-40.00376381 -768.15350869 111.12447830
-32.29218086 -750.67713892 65.95658914
-45.77045042 -743.36018487 35.39561224
-46.16551434 -753.53242541 39.37168819
-45.24344444 -743.52375556 34.26744520
-1.79937389 -772.24952493 92.94487450
-85.55391906 -766.79941491 174.49828702
-55.26234592 -770.11249796 149.89274634
-36.55488516 -758.35652930 101.47433878
-44.97857373 -756.38596498 42.16599861
-0.56749149 -771.26730426 94.27391707
-41.40639096 -744.29020482 33.34377144
-45.79270034 -745.49321684 36.03677464
-45.00813970 -745.53627136 34.57405218
-45.63212000 -750.05340500 36.94261409
-59.00077888 -769.60088002 155.53993375
-44.59020047 -763.24047091 134.29480626
-32.94900000 -752.56767500 80.85106266
-88.09891895 -769.68229098 174.45006672
-1.79484187 -775.30980611 92.61555204
-34.89818228 -750.68385443 59.18693747
-46.50268822 -751.27082031 38.47408293
-53.79850048 -767.25211546 155.04570994
-46.27547500 -743.72198750 37.23737159
-45.87086154 -748.18041114 36.37483674
-41.00705313 -744.59050050 35.37065690
-37.05346154 -757.29957156 107.85622942
-47.21323094 -748.29444664 38.18731884
-42.60340000 -753.11625000 37.00313409
-38.82773878 -743.62480714 35.42762287
-49.17057414 -748.19048756 41.49060316
-2.41592725 -767.53825640 95.83536243
-49.89179820 -748.89435225 44.14340301
-37.69939399 -745.52857334 41.38327723
-40.06449474 -747.14105526 44.86356041
-32.46098750 -754.56192308 66.64443313
-103.72986540 -763.23384251 179.90856720
-51.55185794 -756.76431532 48.39913715
-11.61863501 -780.35092213 141.61366014
-37.62460000 -752.91447143 69.46917695
-50.86785526 -757.33888806 49.60701698
-58.53548545 -772.20541958 152.48182496
-39.56124194 -746.55210968 46.86555667
-37.59668462 -746.60009441 50.11209493
-32.85142143 -753.60731020 86.89330042
-39.67294883 -766.35417694 113.70998141
-37.57101559 -748.23945965 50.74868558
-35.93334516 -758.44994113 86.37460506
-37.85601034 -750.23561724 57.04469271
-35.94757041 -753.17819286 77.98339378
-37.41548447 -749.03989563 59.52505496
-24.03432506 -769.08781654 120.58816141
-37.85060648 -760.22497275 110.67268688
-26.35773886 -769.14863283 116.73134322
-37.76336813 -750.84871538 60.08773959
-44.20886562 -761.65265625 133.91572940
-48.82839647 -753.94653205 42.23326839
-34.68067140 -748.95146769 62.48661204
-36.51452632 -753.32041053 60.76298672
-37.39930120 -750.80502515 65.55133259
-33.72044918 -756.06945246 65.86754885
-37.03401365 -752.14066787 71.46170357
-35.08735601 -754.54878110 86.70842649
-64.97947793 -772.13845324 158.41743981
-37.46943710 -753.29511774 72.15407441
-33.20342000 -756.00130000 66.90761409
-32.19928494 -756.80695865 68.93841839
-30.11178841 -751.68074203 69.89237177
-36.67885032 -752.56471146 74.03230989
-37.21262423 -753.58772067 74.67573670
-29.62292544 -751.95965380 70.97640251
-35.47268647 -752.01919382 74.63835850
-45.70414179 -772.11866194 132.55077849
-34.31776333 -753.68577000 70.90182076
-28.78959464 -759.58924581 72.22341554
-0.14783333 -782.64433333 151.06533409
-36.38198571 -755.96447714 78.44443123
-28.37366000 -752.64875500 73.70289909
-39.78900000 -767.92281111 108.76693409
-27.82667069 -753.36488621 74.24442461
-37.05518523 -754.97417580 80.50427270
-26.36794446 -755.13547871 74.70926612
-36.61468758 -756.21897329 80.81323036
-21.34210714 -768.64298571 127.13681266
-21.85781579 -765.00483816 81.65586962
-35.63799344 -757.60950874 80.39710103
-29.89458679 -759.31348774 96.12130485
-35.11809828 -753.89904034 83.66326649
-23.10101539 -755.15420468 78.03312862
-36.65855246 -762.89033812 98.86166503
-35.70787678 -758.03746919 83.38772082
-36.55324032 -755.63273710 85.77579699
-21.48315278 -755.43584556 79.22401187
-35.74756014 -760.22027881 86.60450746
-34.62285008 -754.73349202 89.54569436
-48.04908140 -745.96032209 40.54432246
-36.05330661 -756.12391240 89.74926302
-36.92723470 -757.81729178 89.61856566
-32.96656443 -753.70776980 89.63217167
-95.48680967 -766.46663822 178.47400170
-35.65308256 -762.04428023 87.62884339
-36.46392368 -759.35448207 90.01856485
-68.12966134 -768.79482322 164.41462401
-36.02686869 -760.63873622 89.46105099
-35.86926514 -762.31970827 89.70789906
-37.21278230 -758.11275311 92.51160096
-33.05091161 -754.13110625 92.68199123
-36.11794970 -761.27959299 92.25276495
-45.37335833 -742.52990833 33.61765909
-34.06968089 -755.10181386 95.94176114
-33.18069024 -754.36532683 94.84639019
-36.34926923 -762.00489231 93.62017255
-36.43982675 -762.14105157 96.01025867
-37.47559939 -760.37859798 98.49863273
-35.08188075 -755.31957155 101.55240480
-27.46896789 -769.53254128 115.40106712
-35.87125292 -763.89016367 98.10311423
-97.80243760 -763.27206442 178.86171393
-48.39406667 -755.95296667 43.00873409
-37.77458971 -760.59947593 101.58227460
-37.18017611 -763.31080663 101.63006374
-36.05566697 -765.03434128 99.23339831
-83.18297360 -764.30569543 175.53595211
-36.10631843 -756.46091843 103.96700460
-36.43144091 -765.09829318 99.79718636
-36.56060439 -757.37488364 104.97807318
-72.64623846 -770.30432692 165.84591640
-37.09476492 -765.49765709 101.88853286
-58.74951892 -774.65968150 152.17451518
-36.37738182 -755.62810606 105.54686439
-66.85443700 -773.17845442 159.40893918
-30.63039804 -756.65338431 104.01459684
-36.69170172 -755.69317759 106.82506168
-39.35930000 -761.79860000 124.03623409
-53.68018841 -774.17294348 143.52149931
-37.87527882 -760.36701034 107.75086719
-38.50854367 -763.32829395 107.59862228
-28.47504867 -758.14091106 107.52391108
-27.49971735 -760.13478919 107.04978743
-38.76907286 -765.99391306 107.61068649
-109.63770938 -763.10679063 181.58448734
-21.86020372 -769.25364814 125.49218427
-34.18217955 -755.99990227 72.59183409
-38.96227113 -763.70974290 110.67181423
-27.96849000 -758.54589333 110.11677520
-26.76161642 -760.58649832 110.59990881
-27.14182060 -760.74649721 108.14958366
-37.50766777 -757.98092368 113.40066798
-26.56000942 -766.00085994 113.88083472
-39.61775702 -766.95393032 111.00371844
-39.02304890 -763.24951262 113.07639647
-39.69391026 -763.85396416 113.70590304
-30.60585161 -758.23991290 92.07725022
-26.75003362 -763.17671135 110.77924544
-90.21652000 -762.87256000 178.15433409
-44.41659179 -771.85767842 130.94675628
-38.06451389 -760.37090123 116.34103779
-40.19493471 -764.10870152 116.58252399
-40.15333032 -766.03621614 116.58351195
-25.35999677 -761.34856742 116.08974764
-40.33501566 -768.89207654 116.71119497
-24.88309299 -763.35581766 116.57810686
-39.07352376 -762.19527228 119.56401082
-22.76480238 -771.72172901 122.74584408
-40.42187864 -763.87555526 119.41483300
-40.92075998 -766.02277837 119.49927734
-40.63405273 -769.15920800 119.53042010
-39.14740745 -761.96120000 121.98821494
-40.42243114 -763.51362251 122.57591050
-23.88042048 -763.86849122 119.72594807
-41.70053973 -766.30009894 122.49116342
11.11462577 -783.09738660 104.43504028
-38.93208714 -761.10042129 125.24270549
-41.21691527 -769.32179716 122.62798567
-41.43682295 -771.20187131 125.71800192
-83.32418654 -764.99467500 175.23651871
-47.14832868 -772.18441025 134.52999219
-40.87973459 -763.39634250 125.74122879
-23.11878088 -764.33952353 122.11008934
-80.55402308 -764.66632500 174.92789755
-42.82175057 -766.50154153 125.86717878
-54.65850756 -772.76776246 147.45552401
-40.46594022 -761.31670557 128.40324684
-42.56756261 -764.32848957 129.31118844
-41.97326800 -761.38224700 130.63542009
3.01330111 -773.12238222 96.80088631
-42.87569122 -761.52910811 131.90895031
-11.53057136 -778.19894116 141.22926278
-43.19186457 -763.41416007 131.51582453
-50.49727192 -766.28797898 146.39381521
-51.49149744 -767.44837821 147.52859178
-44.32922481 -766.18337247 131.31284650
-43.03472588 -771.59667245 128.97155467
-44.69319402 -769.48048837 130.92877950
-45.41160000 -761.64420000 135.78793409
-91.74975228 -763.83710401 177.56645103
-45.50198469 -763.15364306 135.82571304
-46.05376046 -766.77741617 134.94082947
-95.17025670 -768.56489122 178.74284364
-46.85437110 -769.28674856 134.74190180
-46.40117917 -763.54047675 137.53117126
-46.84220050 -766.45926127 137.47987624
-19.28488866 -769.91235645 131.24136421
-18.94403597 -772.31781553 131.27796135
-18.01812381 -770.54782381 132.83087457
-17.93360226 -772.23498192 132.67472938
-48.68763432 -769.39727972 138.26295812
-48.59613656 -773.27346774 135.72072011
-47.72799944 -766.09077862 140.02646489
-49.40084580 -772.49519888 137.68518029
-48.48072533 -763.70083200 141.72242209
-49.75924564 -769.27675711 140.65077136
-49.09542012 -764.17147709 143.41975019
-15.07351471 -772.58376765 135.79095762
-14.04368602 -759.87289439 84.60452484
-16.84403003 -775.24325285 134.78961084
-106.76284451 -763.01554771 180.67655913
-49.39059300 -766.37811534 143.54837540
-51.86929139 -773.11526639 141.01506098
-4.62354348 -768.92678048 92.38776351
-15.54991990 -773.38590105 136.38652781
-50.14948944 -764.40588447 146.35425024
-51.85416054 -769.83888844 144.14413908
-51.16402609 -771.09393478 142.32081235
-21.19448052 -769.97170065 126.82963929
-52.82291688 -769.50243387 146.69015016
-24.55613929 -756.49350459 76.38329327
-12.81432031 -775.70635381 139.76365029
-50.74368667 -764.60372667 148.58854076
-53.70637629 -772.10203054 146.16534079
-51.06057143 -765.66663810 148.89205994
-51.92537608 -766.81448838 149.82928831
-54.13100857 -774.03177429 145.46665981
-54.97236173 -774.51014745 146.85279302
-54.45473704 -774.63925556 144.87084891
-30.47865769 -766.85609615 109.56290909
-13.14501245 -778.42102329 139.93675347
-53.39233925 -768.73927495 149.47441521
-56.18368154 -772.32846447 149.76350151
8.88683775 -776.52990080 102.34410959
-56.14656872 -769.47523681 152.56009038
-8.64293899 -778.50395375 144.32628059
-58.19947198 -770.31922536 153.21065124
-57.41024186 -773.12582791 151.00089688
-72.65443333 -767.71068333 168.99850076
-57.45262250 -774.82686833 150.87780826
-71.49390142 -774.15897518 163.71339863
-64.96737462 -766.94922306 164.23177206
-7.38359910 -778.74114796 145.64749088
-54.63840833 -767.61271250 156.10851326
-75.35180000 -774.21190000 166.02513409
-56.25812711 -768.55381412 155.36072236
-61.17456396 -770.26141802 156.26316630
-60.02463537 -771.19915976 154.40179994
1.24836823 -772.15550203 95.53551813
-62.04367695 -772.28623695 155.75054813
-16.83569191 -766.38424358 84.35115404
-5.94462857 -779.51889796 147.08071368
-4.99867352 -781.56638370 147.00510354
-64.45858455 -774.26141169 155.88535309
-3.86603054 -781.23132455 148.56373768
-27.12684634 -765.05858293 111.75968775
-56.71239811 -768.08814198 157.82319636
-58.80841814 -768.34968259 158.47172439
-61.73243362 -769.28771067 158.62005727
-58.09312938 -767.58243709 159.54268068
-17.98859675 -774.76289106 132.32969154
-1.83094159 -783.60362232 149.16802064
-65.99476867 -774.08532289 157.49676542
-3.47384167 -768.02379583 94.31040909
-64.81068582 -769.02842414 161.52394630
0.55437711 -784.21443434 150.81176481
-63.80358855 -767.50924036 162.76117746
4.85722559 -775.10868744 97.97035044
-54.19537500 -767.86610000 154.31430909
-68.74013122 -774.25300582 160.78296531
3.71393704 -785.18182169 153.13795208
-66.97819035 -767.25656873 165.54669587
-69.46320000 -770.68695000 163.06383409
-69.77235084 -772.74761527 162.66374531
-68.13501996 -766.90745461 167.02672901
-70.32570374 -767.29945205 168.20805314
-76.53734428 -769.98973018 168.51062771
-71.07404377 -768.42646644 167.08432040
-73.32447175 -772.52752402 165.50452067
-85.02867886 -771.13005935 171.46998125
-73.48144595 -774.05927230 165.12688882
12.54769352 -783.11390926 105.51684983
-74.59665074 -771.82541294 166.56503836
-76.80803829 -772.08792716 167.48387809
-71.29563424 -767.02163095 169.82668535
-24.05007470 -771.45712410 120.70405397
-73.60017186 -767.33211811 170.89154247
-15.07088696 -766.51250870 85.03081670
-74.28152817 -768.14059133 169.71947031
-77.30100221 -768.74272034 169.93188329
-31.43422803 -764.33218174 104.61915575
-77.04435461 -767.41294175 171.43861064
-83.29231527 -768.74258284 172.58440544
-80.16804015 -771.14188996 169.48902777
-92.21020000 -762.74906779 178.36271396
-79.09696699 -767.48277656 171.79073744
-79.67198584 -766.18463003 173.43793339
-85.05467524 -770.54363048 171.78408552
-103.94337810 -765.83457810 181.84682123
-85.88483357 -769.30824841 173.46201477
-86.16449691 -765.54451636 175.46754100
-88.79767895 -766.23109760 175.98449226
-89.30990304 -768.92754000 175.57858802
-81.01962500 -764.47079583 175.21532576
-100.49393358 -765.76228182 180.23962192
-106.93390286 -761.72188286 180.70544838
-41.71853807 -747.46905389 29.76410138
-106.72131961 -765.35611716 182.31946301
-107.73113786 -763.89472233 181.61539040
-109.39664912 -761.69002105 181.64437970
-108.76253623 -762.93732609 181.02516887
-93.61036780 -768.80206864 177.89320528
-86.43558545 -771.02544364 172.56816318
-81.46852222 -771.60100556 168.96672854
-77.15582430 -766.42299343 173.02338315
-74.64964412 -766.79726544 172.50297821
-31.19370000 -755.74480000 100.46433409
-41.23574388 -745.56949184 28.98761402
-107.95507500 -761.64177500 181.17523409
-112.58662083 -761.71162083 182.29298826
-39.27390000 -760.74350000 127.15843409
-33.66967353 -762.92455000 100.73771644
-31.54405862 -763.00365096 101.51259424
-26.37631256 -760.37209245 74.82964799
-29.65596061 -765.30992727 108.07850795
-28.69515428 -766.32133717 110.90677678
-28.31069290 -763.49391011 107.31917936
0.55767836 -769.67126684 96.35119683
-30.58042000 -764.61356000 106.30267409
-27.60268459 -764.23008985 109.97914988
-28.23225516 -768.51681472 113.69572653
-27.12425176 -768.20380235 114.82910115
-24.99612787 -769.47307307 119.14268186
-25.04132390 -771.19076324 119.37942931
-23.08136893 -769.30536003 122.69069761
-21.66415931 -771.59609384 125.23939250
-20.78549393 -772.48922197 126.18389162
-20.19572063 -772.19858501 128.55285357
-7.80009409 -772.27448340 90.40556167
-19.91440000 -773.88995000 126.70218409
-12.80336844 -780.14281844 140.70981278
-19.06829624 -774.15630516 128.97511719
-18.38610000 -775.78940000 133.11763409
-5.37198514 -774.54536014 90.95520571
-1.53147180 -768.77540838 95.25486638
-0.88853011 -777.19323333 93.28678463
-15.62853039 -777.68772320 137.06476153
-0.10464400 -777.20860400 93.86697009
-14.53990566 -777.91916819 138.41129555
1.32336235 -777.77848941 95.15042733
-31.40719600 -755.99032800 99.42641409
3.17000442 -770.47802920 98.44962613
4.91594930 -778.53236419 97.55178944
-10.30375215 -780.65242400 142.78502876
6.15861337 -773.29336952 100.68480949
-71.96286667 -767.88920000 169.18690076
6.98738000 -780.41713231 99.52758871
7.94088739 -781.30236491 100.95291574
-9.10537727 -776.71431818 144.14073409
10.98152039 -780.91156154 103.98213873
-6.32510000 -782.91720000 146.04663409
-4.29526695 -783.16060593 147.40802816
9.43535766 -778.31233762 101.69308935
6.51182429 -775.57459619 99.43025861
5.97626000 -773.61298400 99.93725009
1.67504735 -769.48414704 97.45687957
-31.70007500 -755.71228333 98.53711742
2.49587143 -771.24021429 97.30687287
-90.73528333 -770.94181667 175.73890076
-2.57734066 -769.76737442 93.55149624
-39.36012667 -762.33164000 108.91632742
-21.54541504 -756.85319551 79.23560243
-31.44731886 -756.16888457 101.63127981
-22.90384354 -757.40083874 77.84523869
-38.82084824 -743.41044176 32.31001291
-37.73265109 -747.20550730 41.85668081
-30.22592778 -757.80282778 92.70251742
3.48790381 -775.46522287 96.35583292
-29.75112241 -762.24754569 102.17162892
-33.90632000 -761.75564000 97.62307409
-14.82585211 -758.54244507 84.09832775
-32.92251250 -752.76223750 82.59533409
-36.23630303 -747.61640000 48.77597348
-39.65220000 -743.77722500 37.49943409
-24.19775161 -758.05972903 76.01951151
13.15043333 -782.76113333 106.13820076
-36.84155000 -749.98620000 51.55688409
-16.73295623 -760.30709742 83.30640518
-10.06594133 -766.43196741 88.66550045
-22.89205390 -760.12267832 78.09804587
-18.34981111 -760.17655556 82.13890076
-24.91781256 -760.64337563 76.67025643
7.00837567 -778.21790497 99.09520923
-11.56583923 -766.46280732 87.53765376
-18.11183846 -757.48557385 81.97741101
-29.45126318 -760.01540227 98.94209636
-15.37595333 -766.46420000 85.14795409
-46.34387358 -756.62567951 42.36528496
-33.07028000 -751.53132667 63.03750076
-5.97611818 -769.82901591 90.93465227
-11.34782436 -760.97376239 86.21790930
-20.43623719 -762.83174927 81.18450456
-105.78121111 -765.01542222 180.94307854
-80.81211053 -767.99235789 172.26736567
-31.60445313 -759.71167292 92.75799867
-13.52304349 -763.45288018 85.98469372
-0.42467500 -782.91690000 151.19998409
-41.39443830 -750.02581489 33.76499792
-19.18382222 -764.16925646 82.63919805
-44.32710244 -755.39505935 40.69201458
-51.30430000 -753.32950000 45.59913409
-50.76296258 -755.38085828 49.31079728
-50.35681296 -758.94764167 49.26227854
-33.25670000 -748.67370000 63.82383409
-12.28880000 -759.78040000 85.06893409
-29.52089832 -754.37661050 69.46005636
-41.14150843 -741.86263034 18.50148971
-40.86866578 -742.35153610 20.66320575
-22.34226667 -764.75763333 124.27023409
-39.09562369 -743.17930174 29.35203165
-10.21794855 -769.17030186 88.69054083
-39.05621333 -744.14274000 30.38566242
-41.77526832 -748.73678416 32.46183676
-42.32735000 -746.88835000 30.97993409
-38.31388007 -744.79501458 35.85930881
-41.80381977 -750.94152935 35.44068634
-42.08370833 -749.65883750 34.36454242
-43.52209961 -750.65718990 36.05521739
-42.18197000 -752.61418000 37.29987409
-38.52322258 -747.05025161 39.06845345
-42.11376250 -752.98715000 37.46533409
-44.55286720 -752.09034247 37.53021259
-43.75036000 -753.90147316 38.88933778
-37.13196711 -747.40536711 44.43184818
-16.34630712 -768.22306975 84.41483374
-48.36675000 -749.89815000 40.05738409
-46.79008779 -757.58674796 44.54687277
-48.25960000 -746.90320000 40.20136742
-36.67500041 -747.72663388 47.46604429
-36.03075086 -748.11078832 50.92165746
-47.85180578 -758.27907279 46.75452967
-49.55672984 -759.03740233 48.14902828
-35.73570090 -748.64299964 53.40686550
-35.44924806 -750.41386899 56.83797983
12.09175520 -781.69125635 105.04168975
-7.85714931 -769.31081499 90.07326064
-10.12845619 -771.61589111 89.15738266
-13.61142359 -766.51322028 86.19184485
-48.19340000 -767.82230000 139.10263409
-14.86829167 -768.64326296 84.89974891
-14.96186789 -763.38093899 84.81134693
-19.34753638 -765.95724693 83.40203258
-34.82018333 -753.09571667 69.62491076
9.13165909 -776.62519545 103.19625227
-11.49762635 -763.34689616 87.48927406
-24.79762910 -762.55730525 77.07270958
-29.36291277 -757.82978138 98.65970271
-30.83304091 -761.37360227 98.29849091
-30.41500000 -761.77800000 100.34743409
-24.28370000 -764.98740000 118.07193409
-24.26741364 -763.78046364 118.02717045
-39.23356630 -765.22866739 112.36660637
-31.41490667 -760.63973167 95.64436576
-30.25500000 -759.05480000 94.09353409
-32.38561765 -759.16761176 89.92733997
-31.37574500 -758.23303333 89.71421242
-32.50968205 -758.05828205 86.78830332
-50.62236667 -773.90080667 138.07182076
-60.09993571 -767.93926190 160.21855076
-75.25280000 -773.86290000 166.12053409
-81.10772500 -764.86122500 175.19040909
-89.97990000 -770.98860000 175.21570076
-21.18229500 -760.03248000 79.05115409
-99.58130000 -768.02950000 180.93893409
-115.03751346 -762.71827756 182.75683089
-78.08200000 -770.90690000 169.09903409
-41.24531429 -746.98982857 28.00876266
-42.40650000 -743.97992500 22.70313409
-39.22508824 -742.72091176 28.00503409
-10.02538741 -763.62190847 88.68520114
0.10982088 -775.23029438 93.80729674
-4.35001893 -772.41546650 91.55929547
-51.33580000 -773.91470000 139.03438409
-40.65270000 -770.82790000 120.77093409
-11.62317283 -771.12177065 87.54724387
-18.08637647 -762.13115882 81.96287527
-19.90206689 -760.11211132 80.53218003
-22.25128718 -763.59642725 80.49750361
-20.74390000 -764.83340000 82.05983409
-12.42286667 -771.18453333 86.61976742
-9.20795000 -761.75480000 88.61758409
-9.53740000 -761.71035000 88.30593409
13.15030000 -782.83510000 106.10493409
-36.20774444 -765.39525556 100.32576742
-25.71487592 -757.10215841 74.74497482
-27.64370329 -758.27682171 73.41991501
-27.05859145 -756.24612237 72.74980449
-27.16470704 -755.63338873 72.84955944
-6.58030000 -773.63466667 91.11195076
-21.28070000 -772.89650000 124.06413409
