-50.29456667 -746.72697778 34.07883600
1.27674623 -766.20960566 114.04430298
-35.62573333 -757.84030000 77.91976933
-43.81455556 -742.44135556 34.96474711
-51.97644462 -765.79087004 104.62314261
-25.85292261 -788.30755565 171.84779687
-22.98790000 -775.64260000 169.08993600
-51.94838628 -758.76457290 98.86232022
1.76777630 -766.26165481 116.21979304
-114.59207388 -821.96687040 154.84702978
-23.20008333 -784.38411944 172.34645822
-25.23036897 -761.60123142 90.82084481
-144.96606667 -841.68273333 136.10241933
-98.82917203 -813.37003898 153.57075358
-19.81119073 -782.78897483 174.93289163
-16.26665586 -788.65471327 180.68964943
-115.76840000 -832.85710000 150.55653600
-15.26969231 -757.39434615 103.85758985
-42.54247946 -768.09243524 128.63920300
-14.38484615 -793.38663846 184.33773215
-29.11423077 -789.85916923 169.28494369
-1.36731404 -806.85920511 192.76986281
-139.25176477 -844.92279886 140.21539623
-43.40176573 -747.55727902 56.78974299
-37.51765625 -765.46088750 134.80522311
-26.28427228 -781.02624293 166.66691807
-121.77520000 -835.85291250 147.61836100
10.27408431 -829.38129706 196.28287522
-40.48466937 -776.09994812 144.87146225
-31.02070102 -774.19449675 155.52519353
-39.69293275 -773.30786863 141.17045129
-55.93465870 -765.63976957 109.37918817
-72.41259066 -782.83311375 135.34857115
-28.30646024 -774.14517159 161.82981287
-41.56466160 -760.53308480 133.97632880
-5.76966667 -799.64870000 190.20195267
-23.21847500 -793.41661346 178.40727831
-78.81592079 -801.04725202 147.21306206
-40.87651684 -760.53523158 122.89224442
-69.51115603 -780.01716347 132.10662273
-55.64181831 -746.64333873 41.13499234
-2.53726335 -764.67706708 109.87153476
-9.62558055 -798.19940900 188.62078746
-46.22652972 -746.63243152 50.88047954
-37.79490645 -751.44757903 78.59016826
-15.73845955 -792.20072837 182.87264169
-56.52276811 -747.88866919 41.92220789
-102.47310882 -819.20374601 153.25468684
-38.12477000 -762.42461000 142.29974600
-36.05854797 -765.18395297 143.64921524
-12.61904953 -802.21383662 190.56051171
-67.71002460 -780.44989167 130.67216497
-70.92308333 -787.63985000 136.24176933
-78.52336764 -789.13768058 143.58347420
-74.13252667 -789.15061333 139.07252933
-43.93658750 -736.18356250 12.01399850
-46.85551799 -758.47870335 101.87195859
-44.65133238 -764.35072095 117.19056267
-28.15187401 -786.01853328 168.14311292
-41.69615204 -749.78950814 71.14403283
-54.17478636 -762.03625993 104.87122685
-46.62267934 -755.27225041 90.36854013
-42.62220000 -757.85380000 97.02263600
-96.63627365 -813.30901131 152.73272045
-92.31918033 -814.20178033 150.97407534
-63.88794625 -777.52857344 125.26156383
-27.16535121 -756.15509229 89.42076806
-10.96900000 -790.06840000 184.03293600
-46.97430526 -748.96733158 54.23519916
-49.16539148 -760.20849238 94.66844273
-36.60242485 -753.40657008 77.61512905
-55.72028000 -760.62473333 106.45144267
-148.89223226 -847.39542581 129.99544245
-15.18667042 -789.57200203 181.80402445
-55.42232451 -762.25531144 107.30076656
-42.80509927 -759.93451909 128.63311432
-56.17626667 -767.22289333 108.80040267
-74.44476959 -781.31257018 135.20453717
-35.75604881 -778.25629566 151.98737526
-44.29293179 -760.04231589 127.73702275
-46.86046667 -749.22502903 59.82069084
-15.60256770 -800.72154252 189.02382246
-52.97715000 -748.64870000 37.44498600
-117.39096736 -831.22965559 150.65758712
-4.80147333 -760.57024000 111.15318267
-76.38917396 -799.30438854 145.45251412
-28.51385742 -756.49035061 87.60665692
-17.64477733 -799.56255200 187.38872133
-31.39307929 -756.14844908 84.26565373
-28.75906270 -788.41466489 168.90291092
-29.30039316 -771.27889889 160.73940439
-38.39530000 -755.00777778 75.19871378
-47.33375385 -751.97933654 69.05025523
-37.39973853 -768.14505382 134.85781263
-41.65484436 -761.93152857 113.86000442
-50.19600769 -743.60906154 33.72299754
-87.00372424 -795.69364697 148.98638167
-11.31091277 -796.55299149 187.27535302
-14.19648333 -760.90562500 100.23166100
-71.22267297 -794.10833784 138.89581438
-43.62720588 -752.11048824 75.12523012
-126.42811495 -832.04270981 150.08458740
-29.23950976 -781.51871463 163.34556527
-50.43417273 -751.85420000 37.12903600
-31.09568768 -785.66519705 165.48198084
-46.95524167 -762.07460833 94.32631933
-25.05169021 -785.93901174 171.25754138
-42.33086827 -773.64338392 140.75506333
-38.18706154 -751.85515385 76.49912831
-39.51836446 -762.46581240 128.66366740
-102.78422910 -822.27085471 152.90433743
-47.12509206 -749.82292540 59.84736457
-43.04450084 -749.38565042 66.06063852
-49.34316880 -755.93946368 92.43465440
-37.05286849 -765.33456809 137.76220983
-47.42945821 -763.41890299 121.68879122
-46.53928256 -762.60805744 116.78432421
-6.61376053 -804.25101868 191.89711521
21.71950769 -851.01592462 188.15414677
-47.01940000 -739.83135000 15.96223600
-47.17308103 -751.48307414 71.11785497
-35.03660000 -751.62900000 82.14018600
-27.33026074 -761.24656674 89.80362953
-71.47295926 -778.28058765 132.42916254
13.55575804 -834.32194569 195.31461129
-46.78823250 -746.35979312 44.67811788
-75.29363941 -783.55911074 137.52617146
-12.59179401 -800.75254500 189.40622497
-43.96436667 -754.52063333 89.03323600
-39.89468000 -778.81386000 148.10903600
-47.21839735 -741.36782389 20.76929441
-15.27537689 -758.91777351 101.28514576
-106.29418346 -815.53556992 157.50789615
12.41977287 -839.72344130 194.59343479
-54.96196963 -757.38682370 43.93023896
-130.04333986 -839.64037536 144.37295846
0.92240000 -820.99880000 196.21963600
-46.30076724 -738.73544483 14.70417106
-43.72676429 -748.44740000 61.94216457
-23.86699516 -761.52865983 91.65693258
-37.34993134 -776.18797351 147.41167294
-41.99722044 -749.90524556 68.71613311
-18.41223912 -781.37713499 175.71636878
-41.14608571 -762.49450000 119.50146457
17.47475737 -843.65070377 192.13367131
-28.29945720 -777.20467614 161.89167069
-45.26376053 -739.63488684 22.47682547
-17.22572500 -790.63382500 181.22776100
-41.39443778 -748.54087333 70.87896711
-46.82617416 -758.16436404 98.81738431
-45.45871480 -754.33498655 89.82231806
-36.35570353 -780.44767817 155.64007091
-12.15273586 -762.14347928 101.25957411
-149.26939516 -846.26520484 130.35375374
-73.24343151 -784.02269636 136.64950613
-87.57362199 -804.27293579 149.62354347
-44.77073771 -765.09179314 119.73990400
-33.85726596 -758.31377021 81.04365728
-10.26566390 -762.49415701 102.56072151
-46.67834448 -746.51456317 47.88849152
-15.09475827 -799.21738406 187.71920844
-146.35496000 -847.29552889 134.17226711
-38.72005461 -769.28506790 134.00833342
-75.93585221 -786.43169272 140.13411260
-21.29510488 -797.12527669 183.29769562
-52.54820556 -743.86373333 37.63626378
-8.33050166 -765.00761989 103.49582053
-78.08546724 -797.41756928 144.79871655
-9.03402672 -761.86927056 104.11144416
-43.54885957 -755.98733936 92.87919770
-30.21429474 -760.83692105 87.57924126
-57.02734176 -753.12651648 42.10883710
-44.17910000 -736.54456667 13.75990267
-35.33760823 -767.84294799 143.30817435
-46.79918333 -757.21830000 87.50768600
-46.32051301 -743.69599480 35.39041635
-59.29904640 -753.79770631 47.15931258
-91.49796565 -810.18369542 151.31704669
-45.92239401 -744.54608932 42.06861282
-43.40265466 -756.95943109 98.68231217
4.68774861 -818.90327299 197.15813461
-34.55608065 -781.88911532 159.97162874
-47.24027537 -740.75033806 17.39132704
-47.35609119 -761.44361254 116.74928312
-28.99442000 -775.95650000 160.10376600
-1.32035038 -763.20675038 113.64565890
-0.77893959 -810.10890701 194.23718679
-43.35178492 -746.30147619 50.78667568
-63.83585461 -784.07020553 130.69407061
-41.61086014 -763.05476084 116.57586467
-11.54146358 -806.48244104 193.87607993
-46.01988913 -766.20100609 125.70433730
-40.68396667 -751.26209429 69.42987029
-36.63011477 -768.26560453 137.51110711
-72.33165117 -789.20425248 137.88810891
-66.65783748 -774.49584173 128.42962872
-0.33670550 -819.77193275 195.72288725
-23.43956478 -789.93726350 175.66914731
-35.28841147 -764.83214731 148.64673564
-43.92415000 -740.22900000 24.13188600
-42.85318638 -758.87808890 116.74551507
-129.34038770 -832.14386475 150.17296305
-36.47333686 -774.86143534 146.33934305
-48.43216975 -753.52757921 89.97034942
-120.56753034 -831.25406069 150.25319801
-47.11823182 -739.50828182 14.20669509
-66.16244546 -780.34195269 128.79148499
-47.25639560 -740.32785495 15.09736567
-63.56032321 -769.54699464 121.51932529
-41.74875181 -775.01181807 142.72940299
-62.14977000 -767.56372000 118.02283600
-16.24839371 -794.32113054 183.76359079
-46.08417375 -755.34669385 92.94565173
-41.05395000 -760.77030000 131.79783600
-39.31543860 -762.09054676 137.66235796
-40.85150909 -760.62092727 131.37633600
-15.79663748 -786.19103317 179.88759761
-45.41793483 -744.75283306 44.72259480
-90.13626446 -810.21014056 150.86040829
-36.46158743 -771.23634605 140.73869180
10.85580000 -829.06386995 196.01501141
-65.56674750 -787.93630750 133.06795350
-59.56974184 -765.65972187 114.47303079
-58.44478000 -751.64093000 46.37461600
-64.40379381 -774.38923096 125.24681926
-47.05320000 -746.89420000 45.56793600
-89.14390000 -796.70010000 149.27773600
-35.41066816 -782.93532015 160.90001784
-32.42931710 -770.98010794 152.39043203
-19.10392854 -756.38977724 98.59952369
-55.64656078 -774.43278763 115.78311056
-47.17121538 -748.87495385 54.71530523
-43.92360000 -737.49630000 15.05243600
-46.02565938 -739.06881938 17.83591787
-46.90533143 -739.99771429 18.33367029
-41.42239792 -776.25219792 144.25954919
-40.20420721 -762.14132651 122.81678228
-59.31075588 -755.95434706 45.76585953
-6.03992844 -813.03081694 195.58474417
-50.27097222 -755.13171111 93.82060452
-27.16500087 -783.51824223 167.28289963
-98.39587213 -810.23868361 154.02727207
14.64801793 -837.63963587 194.50370052
6.91790000 -832.79350000 197.68503600
-26.91137477 -777.20122558 164.41792600
-47.21052617 -741.89254486 23.81848273
-100.05965332 -810.22293910 154.75719291
-10.04639784 -759.74669946 105.11796514
-14.58004848 -757.93521818 103.59592388
-42.64123004 -771.74612243 137.70899276
-59.29511594 -753.50223768 45.58527803
-59.66332868 -771.09218401 117.14755681
-45.44790253 -739.34691515 20.67721984
-35.01890000 -754.75300000 79.17663600
-46.98832500 -749.96505000 34.70383600
-44.60638509 -759.81138575 125.60276290
-46.67299109 -740.18293762 21.10383600
-18.38345314 -783.26107915 176.52956547
-113.93140991 -820.39627477 155.64850447
11.50547983 -831.45078153 195.92516526
-32.11345000 -751.37475000 85.23740267
-27.21567396 -791.13983229 171.46718808
-48.71459964 -759.33898612 92.85800172
-47.17185463 -750.42448611 62.87107211
-21.01103101 -759.19977368 95.26761653
-81.63425201 -801.09712988 147.54363422
-43.90252500 -739.33897500 19.89311100
4.57318299 -817.18577049 196.90690440
-3.77553458 -813.07685416 195.41393326
16.74990417 -841.51640833 193.08128600
-28.38707555 -771.72780312 162.02479924
-45.99489006 -740.30539858 23.90598401
-42.81723722 -759.61030691 125.60134106
-36.54282872 -765.13096077 140.76427363
-47.47940000 -754.88816154 81.50636677
-37.82875333 -755.02834000 75.89368267
-47.23708333 -742.82313333 24.67158600
-101.95189004 -816.76611550 153.66300537
-54.71740288 -747.93433525 38.96108924
-87.65129138 -801.22508074 149.67218760
-45.98813047 -740.96726260 26.40951910
-47.15468200 -742.20993200 26.03240400
-47.24130800 -743.08846000 26.50302800
-11.19517778 -790.55590000 184.25731378
-49.50372336 -754.15049891 91.93951593
-43.83893333 -740.68358889 26.32776933
-98.10100000 -805.65060000 152.62006100
-42.75860414 -759.40250000 122.84968957
-11.66716452 -764.61088992 100.72243479
-31.91895614 -776.00617895 153.88166758
-50.60568750 -742.26993750 33.64058600
-45.71083621 -741.67280310 29.50515910
-44.00810000 -743.19820000 39.36273600
-81.67663243 -795.28054728 146.39834472
-47.79375864 -741.63340926 29.40656810
-35.94460526 -781.27246094 158.11587847
-47.98998868 -744.02332453 29.74859072
-34.81541888 -768.86280442 144.52419677
-61.81249787 -774.14070000 121.41521472
-46.85592411 -752.02827234 75.19646082
-42.70489238 -767.13674781 125.92062754
-29.70619200 -774.13843687 158.71544675
-36.51427815 -751.20053539 80.87083410
-23.53113987 -794.95608364 179.19866405
-34.52218852 -776.19711967 150.58948354
18.73292000 -847.49491333 190.10659600
-46.78755075 -743.26167463 30.16856884
-9.22594586 -795.80712090 187.63047974
-36.77462170 -773.72889352 144.16869116
-49.12287273 -744.90095000 32.27315191
13.96784000 -842.22594000 193.58661886
-32.57403029 -756.35713465 82.98194886
-38.51336917 -775.51882481 145.49508036
-29.24809750 -760.32040500 88.35506600
-51.21036250 -742.58377500 35.17034850
-109.69606765 -826.97466765 151.31959776
-43.88721429 -741.27582857 29.45127886
-51.51064255 -743.85116170 35.93952111
-48.24673551 -747.32524972 33.15271072
-108.74504455 -825.02946856 152.02134327
-45.18198055 -742.17504676 32.81099982
-46.53733269 -743.42927821 33.24598728
-45.94855982 -750.16814899 68.67154169
-35.93746897 -782.04709462 159.56406292
-50.27356111 -747.97795000 34.95908044
-105.39829657 -816.44955806 156.00950858
-47.51459561 -755.16544298 83.99603775
-54.95125889 -771.62207606 113.20958734
-32.69193333 -766.63316667 154.39336933
-53.96245952 -745.02525000 39.37365029
-56.96102141 -765.15888423 111.12629164
-111.08325031 -828.81947250 150.99082444
-47.27104281 -752.82710294 74.89256476
-43.92523529 -741.84521176 32.27848894
-6.26184080 -801.30487396 190.65874507
-54.74842778 -745.55952778 40.36164156
-47.08465357 -758.92436250 104.69813421
-57.20507195 -750.10692182 41.97289340
-18.73621848 -795.12024298 183.07361773
-24.05186572 -783.37203081 170.72182559
-63.25116116 -779.68006653 126.25741905
-46.75049041 -761.29407945 110.91201271
-35.39510149 -775.48331493 148.54320018
-3.57236513 -762.31997253 110.47559834
-23.28315789 -777.62067368 169.48863299
-26.64794800 -786.72030563 170.10502919
-13.23034586 -797.28389834 186.86661777
-5.38901366 -765.30965507 106.43108798
-45.00534505 -742.54281099 35.02637446
-20.56894545 -778.54780909 172.47095721
-66.92414334 -788.74171176 134.06201797
-39.51920273 -752.44323087 71.76464037
-125.19072727 -829.41634545 153.16304509
-58.07800027 -750.57112291 44.55475244
-41.91274607 -766.53324921 124.68522867
-9.78142528 -765.02031153 102.13624943
-58.64847188 -752.70898250 44.72844975
-45.72372962 -756.51282990 101.70364278
-43.77572632 -757.56780902 110.33338337
-34.94584545 -754.36471818 79.12171782
-47.06793846 -757.98576154 99.06637446
-32.48747881 -758.62234703 83.58234024
20.87050474 -849.42317132 188.85806119
-21.46237094 -756.17946834 95.74575008
0.14802083 -817.06646667 196.28507350
-75.61146628 -789.09425438 140.73520142
-56.61099675 -776.26910081 117.64805795
-38.74031993 -750.82881168 77.45341916
-46.15665951 -744.25643988 38.74255747
-30.24078127 -780.73148915 161.50236486
-52.54963810 -770.51652689 110.63618558
-31.78418165 -774.10535306 153.59903384
-58.83623374 -752.93915031 47.04566299
-59.50114683 -756.05165026 47.75964579
-3.51273497 -815.85851227 195.70136514
-5.34771356 -815.10773729 195.71441905
-46.59566875 -745.98113125 39.33377350
-38.51435429 -753.03581288 74.23622849
-41.05950000 -751.83405000 68.89178600
-84.71213894 -807.02994808 149.61116593
-50.63970000 -754.69740000 94.32753600
-9.58879295 -802.04677206 190.55006577
-59.36271429 -758.13412857 47.34319886
-22.73829184 -788.07880510 174.98545641
-3.87577336 -767.27085935 108.19474488
-46.71548382 -746.20349118 41.85174776
-47.16092650 -759.41865689 110.77424519
-45.91638567 -758.52509971 110.73555836
-28.97862903 -754.25522258 88.05072310
-43.45165000 -757.65350000 112.71313600
15.43972105 -843.18029173 192.62070668
-45.93987880 -752.48079171 80.81075282
-15.54522485 -762.18469567 99.09264515
-40.95890000 -760.58610000 117.92023600
-33.62171844 -751.28980363 83.65216756
-25.54683478 -782.82910134 168.57954286
-53.28879024 -757.45777073 99.11584698
-47.19412714 -761.00491857 114.22624171
-24.58370540 -774.96887866 167.31855142
-132.56546655 -837.83902568 144.78897350
-43.34305439 -744.51653860 42.31637635
-43.59388182 -769.62451818 133.43564964
-55.33565276 -753.45436850 40.72391395
-47.38030183 -754.05307982 86.76971306
-42.74078157 -759.18989637 119.72396488
-38.12757500 -750.82346250 79.35991100
-46.83514961 -758.72830000 104.78094613
1.88342222 -813.43140165 195.46685205
-43.43002939 -744.89546385 44.55210492
-12.49149066 -795.28228580 186.14931102
-45.37517652 -745.23398922 47.42696522
-47.07654348 -757.38686087 98.09741861
-47.29849770 -753.29250369 77.54131941
-58.13069048 -768.04840490 113.82488306
-14.31637403 -787.36703377 181.33783081
-3.37963771 -806.62530955 192.83492287
-104.41824015 -813.74068030 156.87723903
-120.59885196 -833.95465621 149.15266443
-26.35629648 -791.71905879 172.77213229
4.19390000 -815.53490000 196.16243600
-42.12993263 -772.61854421 139.36543811
-14.56273476 -803.14059634 191.62272198
-25.73652680 -774.04442440 165.76515112
-27.46047315 -780.27427452 164.57396558
-40.84163750 -748.66181250 72.02734850
-77.60322857 -786.04624511 141.35824903
-41.17180625 -760.78124375 135.08738600
-46.69497551 -766.48356939 127.68607784
-45.02239310 -745.58276983 49.72391186
-45.93758932 -755.79629497 95.70539173
-23.87619001 -786.67892848 173.02796044
-106.26904322 -818.39164835 154.82473344
-11.05240000 -805.75050000 193.06623600
-39.92030719 -762.07663873 125.61199025
-36.75909504 -779.55870965 153.07288335
-23.63489170 -780.62666223 169.87509124
-60.57954514 -766.32817153 115.68852385
-51.04471745 -756.24911757 95.77084900
-87.78171662 -809.95389085 150.08114318
-30.15380034 -759.08681548 86.74611994
-10.08938493 -792.68380530 185.67664618
-26.17005455 -784.59638182 169.27292691
-46.00772127 -747.06023068 53.60985959
-46.88650000 -748.72880000 51.95933600
-66.59363563 -783.56009425 131.21157266
-43.40762766 -746.89641348 53.83737359
-29.82040702 -756.28256137 86.22479386
-45.63714704 -747.39371400 56.73706724
-46.97472742 -749.16419194 56.92597632
-45.42231234 -759.12668557 116.67769667
-47.18269268 -749.11959512 56.44730673
-33.67863459 -780.86957630 158.80183558
-57.81439170 -756.50802183 44.30863818
-4.43327500 -801.70979973 190.92051073
-7.19452520 -762.76951769 105.31265691
-45.42825065 -747.84219224 59.51128868
-46.41388720 -749.25478232 63.03876984
-45.20850988 -748.34907654 62.41826995
-45.95242633 -749.57189174 65.57482914
-47.18913363 -750.90115605 65.68446560
-100.04561134 -812.59785546 154.51471583
-44.43041619 -748.18901524 64.56658267
-93.04219583 -801.69695896 150.56471100
-43.42878860 -748.01610484 65.91558785
-47.24840000 -751.82700000 66.77653600
-47.22328690 -751.22692143 68.45485921
-42.28722772 -748.25190054 68.51056263
-45.90698475 -750.74056809 71.68324327
-47.31009314 -752.23766000 71.86563143
-91.55053706 -804.35529930 151.38205243
-47.01848000 -751.79576000 72.62417600
-45.91608290 -751.22815303 74.64671024
-40.44335500 -751.92142500 69.83139350
-40.47835847 -750.41742382 71.94189279
-46.28015972 -752.13267986 77.81626568
-131.39822667 -832.47507333 149.42782933
-45.66060149 -751.52424552 77.06661884
-39.67977989 -750.44651667 74.65855688
-20.21308125 -755.60528125 97.32858183
-45.11865000 -751.64960000 79.18843600
-47.31965676 -753.88190865 80.62122519
-152.77859750 -849.85232187 126.09137475
-37.61191541 -753.42365692 75.35467248
-3.67396300 -804.22639954 191.84300985
-45.90764542 -753.08679298 83.77132352
-47.29071159 -754.16788659 83.69144332
-36.36751052 -755.61166673 77.92385091
-47.06445000 -766.48610000 127.80503600
-45.74881455 -753.57959030 86.69255933
-47.99973992 -755.84979289 87.00758145
-84.60633891 -804.23316812 149.06069570
-35.69379730 -752.50372162 80.42183944
-48.55616277 -756.42422138 89.94292138
-34.41201479 -753.65620299 80.92258749
-34.15991740 -755.95063817 80.82084316
-35.23779789 -755.89430070 79.48112685
-48.49850087 -758.19125565 90.48377557
-35.16370000 -751.08792679 82.32532350
-50.28878116 -754.43026957 93.31502296
-33.03736674 -753.00803862 83.54625185
-45.22892260 -754.60469519 92.04824562
-50.25107250 -759.23453250 93.66155350
-57.15489065 -758.12120432 45.46178780
-49.47325098 -757.06590588 94.77238698
-50.60004822 -759.37977692 95.80001204
-52.37162238 -757.15431802 98.04108193
-50.61714318 -761.06503523 96.61746555
-30.97506569 -751.49250438 86.37978782
-40.89537333 -762.13316000 114.34130267
-31.77985663 -753.80068265 84.71067835
-68.17386667 -776.40393529 130.06833404
-30.40441493 -753.17054113 86.66853172
-135.08469316 -842.39111966 142.51737959
-53.38103028 -758.00362202 99.91019288
-18.02156805 -759.10635374 98.33689557
-46.71718095 -757.91337619 96.26691695
-47.24769444 -761.14209167 93.92929711
-53.81912750 -759.11663531 101.70110334
-11.30918333 -757.83098333 106.36983600
-51.12701677 -762.09765745 98.85173942
-31.71377206 -758.61098824 84.72656590
-45.72701535 -756.10275940 98.63031436
-54.88667479 -760.13977937 104.49091193
-52.01532763 -762.73550164 101.11247417
-53.24068679 -762.42588585 102.64341336
-29.12718000 -751.61884000 88.37107600
-29.12761707 -752.51990732 88.30344820
-27.55329515 -753.33720323 89.66273254
-53.38785417 -764.00025833 102.86208183
-53.84322000 -765.12783088 105.06818064
-28.75144839 -758.49334903 87.89320568
-56.26509034 -761.80462966 108.53359255
-27.38676651 -759.29321765 89.39306358
-43.69276250 -772.77065000 139.06693600
-140.80485813 -839.80782803 139.79555745
-54.98376656 -765.47326131 107.48390764
-45.54499514 -756.87695901 104.68578287
-57.04614487 -762.93378975 110.59871732
-25.79048429 -753.19089429 91.02775814
-56.10422500 -764.00812500 109.06808600
-54.18946897 -767.56122098 108.22682551
-58.37440133 -774.95978695 118.82111078
-24.38343323 -753.74834831 92.11852529
-25.66969153 -756.79103145 90.75484689
-24.40382226 -756.06086851 92.51996094
-25.61178519 -759.11077607 90.81712261
-44.52277794 -767.09940074 126.06377754
-19.28135141 -762.36118153 96.21242777
-12.51311362 -803.92241216 191.99807092
-46.80022143 -761.72389762 93.88099552
-45.32160314 -757.32029159 107.49884329
-34.14031250 -784.84465833 163.06849017
-70.77884444 -794.04284074 138.51130637
-46.65130183 -758.71336437 107.93785282
-58.14769556 -763.59329778 112.36567600
-58.31834886 -765.31427192 113.10440709
-56.58338651 -768.17457122 110.98089603
-24.20622404 -759.16716899 92.11755612
-46.45825769 -761.06389231 108.13615138
-47.06582222 -747.31347778 48.24269156
-22.58166474 -753.82662895 93.62233863
-42.49883310 -765.98693121 122.63261175
-60.46865547 -768.03965499 116.70833482
-22.86310000 -756.27597349 94.01060829
-49.87914390 -764.32021707 100.85973600
-43.62702208 -757.38912792 107.66949055
-44.54413375 -757.55808266 110.15815643
-47.39457308 -760.56899615 115.63021292
-21.36594330 -754.22651314 95.48588471
-22.52586615 -759.34962185 93.67706308
-21.75537784 -762.03603154 93.19683520
22.04630667 -850.57516000 188.21756267
-17.72391441 -762.19671790 97.71076089
-62.67405759 -768.85207165 119.78701189
-69.48435821 -777.46413656 131.20109315
-34.64373062 -765.81485814 149.75962330
-45.38854524 -758.70148952 113.68206529
-47.27200105 -760.05862947 113.51625319
-47.42934866 -762.50960890 119.52384906
-45.22659088 -768.65324538 131.71287569
-46.67510000 -761.87001608 113.74260943
-40.90251481 -760.58300370 125.48845822
-20.52932995 -761.88628113 94.91468199
-42.73319358 -758.66829037 110.79140044
-42.94814172 -758.56107234 113.72436428
-63.36059097 -771.19429276 122.39875475
-37.92980000 -766.91390000 129.97343600
-19.88933158 -754.54402632 97.78156758
-20.24930000 -754.47876250 97.31614850
-47.22504865 -765.25926216 125.36574951
-60.52554501 -774.44543679 119.91067571
-20.01596250 -757.36908750 97.04142350
-54.66208498 -768.97362433 110.26580377
-72.74694236 -795.00938154 140.82611406
-19.49957564 -759.55772982 96.60835636
-64.66244452 -771.85126000 124.75231406
-19.03746119 -763.95878209 96.33174197
-65.37818406 -772.13114058 126.08890122
-63.81342570 -781.08686898 127.85847706
-62.25830000 -775.06781000 121.08766600
-75.42272130 -792.21805623 141.15804093
-1.10555648 -765.37838331 110.98539742
-62.84501002 -774.13551894 122.82398682
-62.75379352 -776.81800648 123.38353938
-17.66467087 -756.69116609 101.01837339
-45.25628762 -759.35755256 119.71946884
-17.61403750 -800.31197316 188.18988122
-46.71251905 -763.11984524 119.04355267
-65.37624913 -774.04022837 126.68876749
-52.24319238 -750.89691286 37.58691362
-17.78963333 -764.17089111 97.75914341
-146.16925273 -843.54023091 133.49732327
-84.49246713 -793.19409021 148.43763950
-17.14427273 -757.88649091 100.41329055
-32.09888000 -751.95656000 85.21217600
-16.12307914 -759.84078029 99.52090771
-39.48088936 -777.03248049 146.68950992
-16.49586777 -757.24291322 102.30193269
-15.53748550 -764.32826031 99.04471539
-100.28277143 -808.44131758 154.45468545
-68.27687407 -775.19741605 129.95467180
-37.23967374 -763.12185525 143.64144223
-44.98999319 -759.57842086 122.55227005
-43.04535688 -764.34147609 117.23441535
-40.84025089 -762.43969911 116.97557439
-47.35795528 -764.19943902 123.09238966
-51.74154687 -754.87885469 39.99201100
1.26907500 -811.04155625 194.57355787
-10.86587000 -790.47239000 184.27979600
-42.61773086 -765.03251086 119.81434434
-71.64310605 -779.34275350 132.90257549
-72.48871885 -780.70239847 134.00035964
-12.79161155 -759.98523465 102.30256586
-13.62696452 -762.95243387 100.01866665
-99.52229744 -819.21793986 153.25643856
-40.56505096 -762.78142031 119.80609500
-6.11176855 -761.96007823 107.48699783
-43.73510556 -752.75776111 77.81094156
-40.57388880 -764.07939680 120.46748560
19.07954000 -844.53742000 191.82389600
-13.06659023 -764.58956391 99.84141269
-70.64061907 -781.26818977 133.50557972
-74.59693128 -782.09718939 135.88686728
-32.81815946 -777.99133676 155.13343573
-12.09610442 -758.76806635 104.36559388
-40.19271085 -764.67994990 122.97368077
-25.43670203 -791.92734060 174.13746323
-12.64854516 -757.52125484 105.54937471
-11.36759091 -757.57842727 106.27244509
-72.76380093 -786.11677093 137.27759937
-74.73174231 -785.56878034 138.63623450
-10.66795789 -757.60905263 106.67289916
-9.18857581 -758.84584456 107.00237955
-39.80203548 -765.42091893 125.67410910
-13.96443333 -786.29096667 181.09345822
-45.59794735 -767.51438397 128.93042799
-6.75416166 -765.27576993 105.09209323
-58.11822857 -778.89034286 120.94582171
-42.20491825 -760.28494067 131.53657410
-117.34007633 -823.06696798 154.61132649
-40.75190417 -766.92696528 126.66784711
-7.19324860 -759.97553492 108.15574969
-33.53222104 -783.08185052 161.86687224
-38.79396796 -765.41897742 128.65315231
-39.91343064 -767.46185334 128.88516915
-146.90157815 -844.26466387 132.58732003
-6.79175938 -766.88407656 105.52408600
-39.75311027 -762.02999171 131.67159870
-6.04697826 -760.03330978 109.85757296
-24.66484429 -777.25768593 167.67105402
-42.34983002 -769.14435462 131.50972361
-4.63155614 -762.89799591 108.53096933
-3.92770996 -765.31447935 107.79905591
-5.53835243 -767.10331942 106.65845833
-38.28035466 -765.05466677 131.13167047
-5.29284103 -760.97208718 109.72265395
-39.68948708 -761.84662154 134.76251277
-39.49127266 -768.47165310 131.63218795
-45.00026895 -769.50317397 133.60937984
-143.79038034 -841.08820618 137.07851016
-40.90845417 -760.66344167 134.31710683
-37.86689409 -765.70036129 132.30393116
-44.64917928 -770.23859605 135.03856500
-42.41638193 -770.42985592 134.90023331
-38.14441071 -764.00543571 134.00175386
-6.61041679 -810.16712650 194.78502065
-57.26409106 -773.87905548 116.90721304
-37.84659296 -767.45013380 132.56772825
-41.76259787 -769.79403617 133.01264664
-2.64008083 -762.22165750 112.94099767
-40.76899091 -769.78038182 133.09854509
-39.83577940 -770.33060755 135.04565262
-1.72274231 -763.45644744 111.38019497
-2.51074202 -767.59197647 109.71426793
-1.17732075 -767.55124387 111.06139608
-63.47116582 -782.66654911 129.29914073
-44.36156398 -771.41714597 137.04919666
-78.84931783 -798.69985882 145.74976780
0.18694906 -765.06787958 113.45345149
-38.60137735 -762.22006120 140.43735745
-35.04740000 -757.79880000 79.10493600
-39.63310693 -771.52564405 137.69210386
-37.78664937 -763.30814304 138.12324992
-37.60546180 -763.15156398 141.02099780
8.86974112 -834.13806618 196.77011994
-37.88321818 -769.83469091 136.06037236
0.32574828 -767.78289425 113.12214491
-37.29938218 -770.37813218 137.83369896
1.53300450 -767.58222318 114.44013600
0.51850000 -765.21198226 115.54162148
-36.55248724 -777.20140673 149.61294771
-35.79917092 -768.23736250 140.94977312
-39.27025904 -772.47791638 139.73024278
2.73157553 -767.82629128 116.40935723
-140.33358145 -843.65889435 139.44946342
-36.54266154 -763.45654231 145.74875908
-39.23315823 -774.70489491 143.74639039
-80.18544118 -796.07407647 145.10387129
-37.75493733 -772.98829067 141.74398000
-55.63408750 -757.87833750 45.16686100
-35.58817320 -765.06324118 146.78803414
-35.43646575 -771.78747690 143.28733988
-65.91608494 -782.22169718 129.72355600
-34.78814322 -771.06209247 144.42947968
-35.13230000 -766.92582353 145.58766541
-53.92532996 -752.89110648 39.45281657
-34.55876396 -768.18677106 146.50114006
-34.90817027 -766.33203514 147.31117924
2.31224733 -821.72119672 196.69876440
7.33486724 -822.96052759 196.75187048
-41.09748462 -777.10358462 145.40245908
-34.12742599 -771.26055152 146.67051525
-34.93192000 -772.83643333 145.06429600
-33.90720300 -768.23948618 149.66491557
-70.31653126 -789.34774356 136.74120252
-34.44207742 -773.54419940 147.01721785
-33.19482170 -771.17944289 149.68210483
-33.78571336 -766.22926610 152.23448532
-38.66991119 -778.23875175 148.78309894
-102.90156491 -815.59947170 154.90398128
-83.84147343 -798.34895529 147.76857466
-38.85640459 -779.24298671 149.83180073
-33.14735974 -768.21469675 152.69026268
-33.64967779 -774.32107862 149.64878887
-37.73125000 -778.98316250 150.78759069
-32.38247024 -768.15045777 154.96816270
-32.44477906 -774.51823734 152.21789444
-38.30250829 -780.27782902 152.37064999
-33.62047454 -777.06338707 152.90008782
-31.82249371 -771.86652413 153.55067866
-32.13736129 -770.02586129 154.50616826
-31.71534710 -768.73568388 156.36718220
-31.34172049 -771.24302268 155.61773766
-34.85967647 -778.84605000 153.85285071
-30.85879072 -769.10366393 158.27319621
-34.13810218 -779.55331032 156.00536270
-30.26310977 -771.17504683 158.66944363
-31.37964789 -776.85667835 155.82635631
-29.58560000 -769.61845000 160.35758600
-30.00186209 -777.33739064 158.75473588
-31.10367691 -779.55826008 159.19698766
-149.89488182 -847.17051203 129.53247932
-29.21124107 -773.17859464 160.41082707
-74.79778521 -794.35093964 141.85922653
-28.97232500 -775.16200556 160.02392489
-29.19351383 -777.94190426 160.50046898
-32.59519245 -781.51719182 160.45159072
-27.16797338 -772.23758327 163.82404246
-26.84296065 -774.16137080 164.27737997
-68.93579851 -788.86481293 135.54792025
-28.55158667 -779.68736272 162.41859304
-31.29059261 -782.47578444 162.49367426
9.84332609 -836.49915652 196.13423165
-32.58393621 -784.23903254 163.49564053
-32.84973264 -785.57774852 164.29335521
-30.52196030 -783.72064347 164.31500056
-73.71721818 -790.50841591 139.31666782
-78.59139044 -792.21018302 143.83373015
-25.90129898 -776.90226735 165.95753396
-28.34543593 -782.78350064 165.42395620
-25.13042452 -780.22400394 167.85403348
-26.02147500 -778.93162500 166.16446100
-56.61473485 -755.58835303 42.70030873
-29.95833853 -786.68125965 167.00812381
-20.07210000 -763.79355000 94.87638600
-29.86946463 -788.49725591 167.98263991
-22.20149542 -777.69545661 170.66764905
-22.19625244 -780.29687802 171.53400528
-27.44880664 -789.29405848 170.52194312
-22.66532037 -782.57733056 171.81095452
-20.88091851 -780.26292853 172.95215604
-21.57353089 -783.30962346 173.36263582
-19.49832709 -780.58626704 174.40384062
-22.05179449 -786.01334166 174.36370934
-22.49290335 -791.41841564 177.58397715
-24.56821698 -789.21560724 173.85787164
-26.21485238 -790.28714476 172.43571600
-18.96529359 -786.09620034 177.25537457
-20.79852603 -786.59496163 175.91919655
-111.77656584 -821.39868477 154.69712612
-21.60460131 -789.18935645 176.79234270
11.67986853 -834.64352248 195.63882413
-19.60539750 -796.86931250 184.05874850
-59.27464337 -767.10988193 114.96631552
-24.10712526 -792.50125185 176.42336902
-16.78598671 -783.27685087 177.92729207
-80.12452857 -788.36071429 145.07906457
-24.41665867 -794.18764419 177.21629875
-16.27717414 -784.15411961 178.69862393
-17.68709518 -786.64764712 178.69035260
-19.68094271 -788.21259375 177.84758531
-18.50010613 -789.31690659 179.43375015
-20.48737368 -790.33327177 178.47666662
-21.34969089 -792.40661840 179.32205124
-20.13893158 -784.51279474 175.23869389
18.82020000 -847.97200000 189.98753600
-17.12947368 -784.51277368 178.26331495
-19.02125313 -791.68399918 180.46146437
-9.56832700 -804.25629055 191.93095344
-22.18579254 -794.75680656 180.46023348
-13.56926479 -787.22305423 181.68693389
-12.94949133 -789.35598062 182.83376257
-18.16145611 -792.71303075 181.69784149
-21.21934572 -795.59912274 181.94335930
-13.13834729 -791.41478524 183.80765227
-18.60319595 -798.12358151 185.67525127
-20.43130166 -798.01735967 184.76571832
-12.32351016 -792.61159691 184.81096693
-145.98721667 -845.30950000 133.10663600
-15.43439789 -795.57817550 185.00172053
-17.62792335 -796.20034405 184.49150340
14.35498565 -839.72430544 193.95807952
-15.54035508 -797.65195214 186.37561833
-61.56193040 -769.12284505 118.69154113
-10.02869759 -794.63809683 186.77201805
-12.35725637 -798.37379704 187.84944591
-7.61076654 -795.81689728 188.13908619
-7.03021554 -798.23349413 189.38512321
-9.89127522 -800.61436527 189.70573513
-14.96147161 -802.23401094 190.71788782
-7.39163789 -800.06361553 189.99611488
-4.97885000 -799.41675000 190.23103600
-12.31630000 -805.51267692 193.32279369
-9.65136247 -807.26970139 193.94662376
-9.20106917 -805.95588872 193.03184126
-6.42039167 -806.31525667 192.88776367
-6.61039962 -807.85406902 193.70906258
-1.81713077 -805.26366154 192.21727062
-8.80201680 -809.71651433 195.00357044
-3.78646089 -807.97679344 193.48081474
-3.40488204 -810.37589097 194.47827426
-0.83013950 -808.31208150 193.40622800
-56.03600000 -763.65455000 109.25198600
-0.55376486 -813.12100983 195.35863403
-0.71059167 -816.01167200 195.96556100
8.37205062 -828.24978093 196.72578181
2.34755556 -815.06520864 196.06394711
-2.58708571 -818.13594286 195.33387886
2.70341330 -816.74325787 196.58452181
0.54129277 -819.18682369 196.34483279
-152.13670000 -848.59800000 127.21443600
2.58693670 -819.30914552 196.75327135
0.45819179 -821.44953478 195.60551716
1.31227324 -822.47080704 195.89727497
5.43468514 -822.40972393 197.04896824
2.48095000 -824.23703571 195.97182171
3.45371186 -824.87783785 197.10452075
5.63224267 -825.48268885 197.10438667
10.33224140 -830.67523694 196.30995829
7.73320847 -825.24267208 196.67268634
5.63911073 -827.87011345 197.13788982
9.37428333 -826.27932222 196.09186933
9.75765833 -827.07765000 196.11440267
6.51161047 -830.91101444 197.29500929
8.44157356 -830.85825356 196.80533161
9.90770000 -832.93270000 196.16553600
13.14420000 -832.45396667 195.47210267
10.13165600 -834.21952400 196.23996000
9.56077071 -836.19887500 196.35283100
-43.41256146 -748.04239167 59.08796517
11.17530067 -836.72080101 195.54929010
16.09436111 -838.28716296 194.20949341
16.48360828 -839.94408107 193.72007269
15.33113600 -841.44138000 193.07607600
17.59285000 -841.78245000 193.22353600
17.76449185 -845.56540815 191.11048460
15.92110000 -844.76080000 192.16403600
19.49369338 -846.08638971 190.83855365
19.64738571 -847.29675556 189.94711695
22.19993443 -851.23455410 187.91227698
-59.60303801 -776.23070514 120.86175792
-69.47693653 -786.28911833 134.57029516
10.06578333 -836.16906667 196.22106933
4.05935000 -768.09030000 117.53088600
-38.12035000 -780.95391667 154.55810267
-44.70672863 -766.01677650 122.78858258
-29.38273333 -760.91205556 88.55446100
-43.54985000 -763.80310000 115.15243600
-61.55345646 -782.56333483 128.33338217
-64.25992287 -785.70866202 131.80169104
-60.73635114 -781.94951705 126.84500418
-61.06719328 -780.37955634 125.61025279
-81.47085305 -792.25768905 146.40222818
-66.11297669 -785.79738980 132.60963651
-61.74994318 -781.54835455 127.40450645
-67.20787103 -786.73445654 133.70117416
-59.79645975 -779.40744979 123.47579077
-68.76860916 -791.23346947 135.69843753
-53.98934581 -770.50255307 111.55206095
-47.01240000 -763.72330000 121.45213600
-54.81098252 -773.39159027 114.30975503
-60.67009404 -777.36246101 122.55385517
-51.96404364 -767.92962576 107.62852194
-52.42352179 -769.32717151 109.60140639
-58.10865505 -777.01174850 119.89713733
-58.83721321 -778.11840943 121.52375487
-71.74715120 -791.84614282 138.68311973
-61.69545510 -778.50451020 124.36973396
-57.09709217 -770.98017279 114.01494057
-57.98346433 -772.03456660 115.77315934
-73.09589521 -792.40207882 139.92206215
-51.28572128 -766.95501702 105.74411685
-77.20912571 -788.12748000 142.01576171
-68.48464024 -784.89278659 133.04760795
-68.82238152 -783.39511475 132.51717717
-71.39997736 -786.21120566 135.81615487
-70.28300647 -783.11485495 134.02870403
-151.84332917 -849.26048958 126.99749850
-66.69369214 -777.24774878 128.79843631
-67.88844600 -778.13404800 130.33077400
-61.19452436 -771.18274413 119.55419153
-62.40016126 -770.49081486 120.70348735
-68.78097727 -775.52969091 130.35882918
-78.54943908 -787.07833822 142.93601474
-76.66241163 -784.49446512 139.37141507
-52.62809959 -759.58951551 100.80042824
-77.25140000 -784.47551224 139.76761559
-47.10580357 -747.83517857 51.05724671
-43.59111520 -745.34786000 47.24621200
-47.12757879 -748.35502879 53.97244055
-43.90504615 -745.58753846 49.56685908
-47.09709412 -759.29302824 107.97473129
-47.09960000 -760.92957692 111.17612446
-28.44741429 -751.62442857 89.08816457
-47.07939394 -758.30566667 101.87365721
-47.12894167 -748.58835833 55.72322767
-44.36970000 -742.71150000 37.34383600
-48.80293216 -750.25742367 35.77626816
-47.31521429 -748.93755714 33.97166457
-49.18684098 -751.87672131 37.05664256
-49.27113518 -752.80864585 37.87084549
-49.14365875 -748.34836625 34.51122225
-51.49689334 -753.29460013 38.52228861
-123.80363381 -835.21737571 147.84361362
-50.80595000 -750.57849031 36.61366546
-52.27132236 -755.68987033 41.09718681
-54.33409940 -756.08188869 41.85608719
-47.22310000 -739.71650000 16.31763600
-57.10721538 -748.44593077 43.46350523
-55.92837500 -775.95709375 116.81004225
-58.09366625 -758.43691250 46.81952600
-58.96340270 -755.51428649 47.94671438
-145.92020000 -847.80728000 134.92385600
-77.08470000 -792.53990000 142.18303600
-141.81291244 -843.18576321 137.94483065
-123.41365351 -831.60504541 150.04486032
-56.06560000 -748.99620000 40.13843600
-80.02110000 -792.43022500 145.22896100
-114.50539364 -825.25868403 152.65224711
-121.57866190 -835.41157619 147.97250267
-148.23382513 -848.47001809 131.78418474
-90.03264409 -798.65538065 149.67842697
-138.63890651 -843.16121641 140.64866790
-126.52527421 -834.84182670 147.69140795
-58.84992442 -768.93369302 115.44542321
-51.39382032 -764.40337720 102.21563758
-48.71844980 -761.37123300 95.81699134
-42.40248635 -759.03718514 107.75019423
-147.02768704 -848.14192778 133.67451841
-46.74918049 -758.89191220 90.41688966
-49.49558348 -762.60310057 98.34084113
-49.61254444 -763.82765556 99.88796933
-46.83254286 -759.73438571 91.86119314
-49.98355000 -763.63195000 100.41038600
-52.79187917 -766.64948750 106.34366100
-56.45005455 -769.80539091 112.10135418
-59.51217372 -773.19284103 117.78864241
-61.94584444 -772.53953333 121.32264711
-58.75475763 -779.29638136 122.03950888
-65.24639219 -777.05703672 126.87209459
-65.17003143 -779.27381429 126.99296171
-67.95492000 -790.92196000 135.10415600
-70.14889666 -792.00472338 137.21058865
-76.92737273 -789.94640455 142.26996782
-76.74532105 -792.86163158 142.32794389
-72.98881250 -796.80176250 142.09689850
-75.71897068 -795.51656799 142.88587953
-73.83398605 -796.33520000 142.41051507
-73.68861098 -797.23872439 142.83272746
-75.59550335 -797.87176761 144.19299287
-80.83954504 -789.83763058 145.99837774
-80.00403571 -789.88143571 145.22502171
-78.52106078 -795.24670858 144.07952137
-76.54780513 -800.18030256 146.11750908
-131.76523778 -833.09256222 148.66402933
-83.47271700 -792.85107600 147.94555200
-81.43605656 -798.27662140 146.40919288
-83.72883020 -795.19632422 147.80476307
-85.30364958 -795.35676329 148.54647503
-42.63660000 -748.81433333 59.42168600
-79.24912619 -802.54774048 148.27259552
-79.61336211 -803.18042526 148.58422863
-81.44243529 -802.54833922 148.27778371
-81.51241711 -803.95023370 148.85783327
-85.21589447 -798.01083805 148.52329994
-83.76806725 -800.76109620 147.79886085
-87.62848395 -798.29351275 149.33440904
-85.05422938 -801.62654479 148.52810121
-82.57835667 -806.28987167 149.37284933
-90.58390740 -801.21262885 150.41104735
-87.59923382 -807.21378167 150.12633659
-85.65266250 -809.16658500 149.57306350
-90.12305173 -804.11722626 150.74199182
-90.30430442 -807.29966206 150.70958117
-93.87662632 -802.89978289 151.08515311
-93.61960917 -804.32040813 151.75662316
-91.73066395 -806.47021047 151.40430693
-88.73188966 -811.97522759 149.79142221
-93.70232061 -807.19350102 152.18022883
-90.78271281 -812.91513888 150.50185263
-95.37058947 -803.16846842 151.10683600
-96.22352252 -804.81791553 152.07109920
-92.07894615 -808.24166923 151.14207446
-93.50966883 -810.27190165 151.82646599
-96.57263982 -807.17162459 153.07117615
-43.85284000 -751.58810000 73.87155600
-91.79473784 -812.22907027 151.26797384
-93.67735448 -813.10369007 151.88706493
-112.44110631 -830.24796577 150.96122969
-96.37713078 -810.16360281 153.08805825
-91.92636667 -814.86351667 150.63878600
-92.68917475 -815.35305152 150.96398549
-98.68640425 -807.24694646 153.55480002
-93.95485931 -815.77960221 151.72364515
-96.70893161 -816.25872653 152.81175030
-94.96942500 -817.86495000 152.23851100
-96.76804000 -818.66608059 152.91081443
-101.06950000 -808.61690000 154.79393600
-101.98335988 -810.54926717 155.69211229
-99.50091286 -816.25404741 153.25195270
-102.60880078 -813.23821059 155.79279940
-101.00380000 -814.88610000 154.18848600
-99.84305964 -821.36738554 153.34043841
-105.16996923 -813.96963736 157.36154369
-105.53699308 -819.75440678 153.42713323
-105.59279007 -822.22348055 152.76876103
-103.53005104 -824.06613958 152.10766100
-108.01718447 -817.01344749 157.61148121
-107.47642535 -817.40571127 156.85149656
-108.46030024 -819.08337038 155.57052425
-105.51163148 -824.45268835 151.81500991
-107.60545232 -820.31246358 153.78971812
-109.31173857 -817.96339571 157.37443743
-108.33581758 -822.21360363 152.97050587
-43.54161875 -755.47966875 90.05302767
-106.21288592 -825.65647746 151.00912614
-110.23535455 -818.27640909 157.24589055
-111.29522375 -819.70684375 156.05438450
-109.64036471 -820.91779412 154.30065953
-107.77850758 -826.33573485 150.98042842
-111.35462169 -822.79569437 153.42843093
-109.18962524 -827.59037573 150.84858988
-111.61532465 -825.35236486 152.18694453
-111.65520911 -827.62793333 151.51482379
-114.13870676 -823.36666957 153.93779011
-114.57093604 -828.20725381 151.47177293
-117.82470059 -823.98321059 154.30784600
-117.14298963 -825.31276074 153.38239579
-114.83937273 -829.60525455 151.16064055
-114.34255809 -830.79135021 150.98607915
-114.06240741 -829.80818148 151.20241748
-117.29797862 -827.76356674 151.73887272
-119.92044103 -824.74161026 154.29484369
-120.33595850 -825.97079932 153.76915913
-117.46600777 -829.23069466 151.05910250
-120.62366461 -828.11488506 152.35380158
-117.69888397 -833.34714093 150.11279592
-119.82690000 -829.51048519 150.97354711
-122.20787500 -826.64105000 153.96286100
-123.18977896 -828.59665706 152.92878211
-121.63884000 -829.82614000 151.23225600
-123.81692636 -830.15291163 151.68931119
-123.55044682 -833.78305929 148.72369656
-126.52828750 -830.78451118 151.97860771
-123.83445843 -836.20878876 146.88166128
-126.32701900 -833.37398500 148.67974950
-128.43052308 -831.32540000 151.40815908
-126.51950804 -836.77215938 146.45126546
-129.35029697 -833.26127475 148.71564610
-129.66698418 -834.73878980 147.34759671
-129.65989708 -837.15108734 145.89127983
-127.12747368 -838.36318947 144.96966232
-132.84156141 -834.65407014 146.79338896
-130.02411522 -838.54909565 145.08957948
-127.78298000 -838.90714000 144.63619600
-132.30741323 -836.49101323 145.58202627
-134.95419662 -834.82539324 146.07732634
-132.42282190 -840.13538364 143.92845764
-134.49560000 -835.90566842 145.32522021
-135.66903901 -837.24175461 144.05681945
-136.52018571 -835.56973810 145.04905505
-135.43907806 -840.11261709 142.89393372
-133.25286000 -842.10400000 143.03100100
-137.28362500 -835.61225000 144.82978600
-138.41929517 -837.27244349 142.96122361
-137.26827647 -839.01565294 142.26090071
-136.79168472 -840.99022778 142.01746378
-139.11595090 -838.26336024 141.77891552
-138.59997196 -840.25506634 141.00756260
-136.50820187 -842.96312336 141.84666092
-140.64113400 -838.25888400 141.23167300
-141.88832236 -840.77302795 138.35768165
-140.56176053 -845.22530921 139.47401100
-142.15885267 -845.45994504 138.30435699
-143.29930970 -843.05891045 136.50441884
-144.70920105 -843.36165756 134.94537095
-143.67850172 -845.88082103 136.94153471
-145.15753175 -845.91049000 134.77591500
-147.64731629 -846.17618033 131.57610741
-148.88390000 -848.04972174 129.99612296
-150.38427575 -848.59725717 128.62794042
-149.35198333 -849.18783056 130.78487628
-140.07190000 -837.44580000 142.22213600
-116.13130000 -823.66890000 154.17313600
-104.08400000 -817.66325000 154.11073600
-92.07540000 -808.74460000 151.16093600
-56.08460000 -772.83935000 115.10093600
-47.08030000 -757.61870000 100.44873600
-44.45140000 -763.81430000 114.93603600
-54.41546571 -750.17071801 39.02407010
-42.65417059 -745.86298235 45.58263012
-55.82775400 -750.67743400 40.40304800
-42.90482687 -746.08922388 47.80199421
-53.27830000 -754.80810000 39.94091600
-43.06784848 -749.15665455 62.95433903
-43.20800000 -751.80620000 72.50343600
-43.70298333 -753.53122917 80.75774017
-43.70987436 -754.03886923 83.37875651
-43.49510000 -754.86460000 84.30323600
-43.51249444 -755.04158889 87.27033044
-43.81010000 -754.37165385 86.53461292
-43.40988750 -756.60794632 95.71370879
-42.64693298 -758.02246702 99.28049770
-42.62762039 -758.33452697 101.77078468
-43.53271268 -757.03792488 101.77471015
-43.51432312 -757.22910376 104.53870912
-42.52308686 -758.70119958 104.60676651
-41.46430000 -760.79265000 109.05053600
-41.50803036 -761.05906786 111.16675207
-40.93069211 -760.52360000 119.97765705
-40.84780172 -760.53792241 128.97546359
-37.96696000 -763.44948000 135.69643600
-34.93930000 -771.30830000 141.94313600
-8.11880000 -811.83660000 195.69063600
-77.05980000 -784.01220000 139.06613600
-29.13646667 -784.72203333 166.32940267
-20.24840000 -793.68440000 181.22948600
-80.05240000 -792.84520000 145.17793600
-92.14660000 -799.70880000 149.94043600
-111.88100000 -830.12050000 151.24303600
-92.96980000 -802.63980000 151.18613600
-23.07750000 -755.82580000 94.23293600
