-46.41409091 -740.25280909 18.90463030
-46.27108133 -746.14147733 31.92768400
-47.97250671 -741.45255654 26.66825425
-45.29003543 -738.14183607 17.52732406
-43.36520000 -743.74203333 28.22720000
-44.69887681 -738.85259176 23.48608488
-43.78257176 -739.62442582 26.71544689
-45.62902638 -742.10904056 20.52461113
-47.98822393 -741.40738069 29.82942765
-47.12400183 -741.85347537 23.67577987
-44.00181393 -740.35220738 29.86952240
-47.49808282 -744.41160692 29.75820055
-47.51418000 -745.33368000 34.16482667
-46.49533520 -739.07814358 18.72585102
-44.13960566 -740.23303962 31.29551572
-45.60142578 -743.70459945 24.01756584
-45.09735353 -738.32046799 20.69024043
-42.82757131 -743.70564095 26.39360399
-47.76503694 -744.71128026 32.74521787
-43.08180000 -740.94406364 27.10016212
-43.81827297 -739.79857872 29.06462055
-42.20544259 -742.67386597 23.37133403
-42.81959437 -743.46583974 23.95667461
-43.13716250 -743.18711250 21.69087500
-43.95477000 -739.93318600 31.35583867
-46.95741749 -738.86943702 20.91628900
-42.78083849 -738.86778913 17.37806538
-42.93431667 -740.17621667 13.04641667
-47.70176791 -742.17957248 31.99129557
-46.73841264 -741.07855741 21.07104216
-47.24313475 -738.76224647 23.75246190
-47.40437071 -739.16758550 26.42274949
-47.05273322 -743.70880144 26.79185690
-45.56843971 -744.54038015 26.40690874
-47.08666386 -739.71663461 28.69110847
-46.76028571 -746.15844286 32.64452381
-46.59179389 -743.27464056 24.73079333
-44.79520836 -744.96625965 29.65703962
-45.98681530 -742.75241721 22.87629208
-45.67146964 -745.20649976 32.48826083
-44.29397710 -737.03730382 17.58383384
-45.37794554 -741.03552833 17.57607473
-45.75492000 -737.09082000 22.27026667
-44.98316736 -738.12974516 14.93615635
-44.96823039 -737.01237451 20.09951667
-44.95405175 -740.54940794 15.23124265
-44.25377731 -743.29235042 21.50856919
-44.64981111 -740.18575556 12.65734444
-44.00933772 -740.19167632 26.64409298
-44.13388462 -737.07314038 14.94473205
-43.25866803 -739.52811872 26.11224549
-43.17558511 -739.15579957 23.53321922
-43.14878032 -738.73091986 20.19314770
-42.40320197 -739.25175148 14.47550954
-43.28665263 -739.80677368 28.76387193
-42.10397118 -741.88189037 20.57811300
-42.38863813 -740.44752809 15.31580018
-42.00885490 -740.77796878 17.56029432
