-43.81596671 -741.50321491 26.30704751
-58.82121994 -740.30786386 82.67528367
-34.03577599 -750.05492862 176.35996658
-66.24205839 -743.76217069 74.00532313
-39.41070124 -748.85412539 161.23254235
-31.28879486 -748.56547120 185.22751708
-42.83204081 -746.93509377 71.14938025
-58.82007666 -743.25145714 73.33585659
-31.04993064 -743.39253660 226.58345342
-45.88154419 -749.80921288 197.01187261
-42.44373533 -747.36415848 92.21761586
-41.02693826 -745.18163360 68.24483549
-36.73087580 -754.49109137 116.31638137
-44.40791882 -753.07426063 187.38626565
-41.41704433 -753.43996870 164.25671274
-45.59807159 -746.53308864 54.15974460
-31.99065157 -739.16620664 236.45423140
-41.75988343 -748.40298895 115.90085772
-45.50405747 -743.72828222 35.42154030
-39.46972721 -748.42671179 176.32300409
-55.71747901 -747.06952716 67.43133407
-33.13604023 -751.42490338 121.90185148
-41.20648065 -745.87554113 88.98110534
-1.45095075 -783.46337294 173.84936525
-41.96314419 -749.44513643 110.47889271
-40.19717139 -753.51275000 143.47108938
-38.37566818 -749.85856970 119.24275862
-45.35294382 -743.12584270 23.79495600
-6.82006757 -788.66705270 174.37376613
-40.16709594 -747.33174427 188.19231535
-36.89599249 -750.26308297 143.32676839
-18.46634939 -777.56785375 166.97580789
-31.13947714 -734.62775029 247.45981480
-12.89899701 -779.30285689 165.43807674
-34.61416364 -748.78896747 182.53808963
-46.66015927 -741.56460403 20.34311031
0.50328750 -781.80121250 174.62862187
-45.01663546 -751.09367742 191.48314782
-28.35612617 -716.92202906 265.76424764
-45.37081000 -743.07821000 217.04428937
-63.13742609 -746.29227500 70.82318764
-43.91543469 -739.77805904 20.04071288
-50.87514082 -739.82856939 69.45419815
16.60240205 -804.81623389 182.06737735
-43.15883973 -742.24910982 47.25830755
-38.46065000 -752.11011667 129.24249271
-23.68670000 -774.88850000 159.79125938
-38.41633934 -748.93528361 137.05341675
-40.91513702 -745.63779319 83.16248065
-30.60688615 -749.08820615 195.00698861
-36.34674334 -743.66989794 215.09816557
-37.37910923 -755.11290000 146.84992399
-44.18582401 -741.37586213 14.20444820
-39.42546038 -748.50099835 173.44163815
-7.83163762 -793.52511386 177.95881878
-56.80386000 -748.62841000 66.69585437
-38.91073171 -731.29583659 244.08430572
-43.01632983 -747.68738573 194.25925512
-33.65888330 -731.63530394 244.48447007
-36.59814589 -753.60893255 146.43191759
26.05280739 -819.55550249 176.72803798
-32.99047869 -749.30174645 212.17680036
-32.68009872 -754.16301154 124.01141963
-44.02192500 -743.07156250 20.52109688
-14.37153143 -773.42114286 159.60328795
-71.88975612 -739.01135255 83.68671907
-33.94680491 -741.16524152 227.15531966
-31.48820168 -741.75519930 230.20633963
-40.21056512 -734.22430349 238.22495356
-45.45358475 -739.94290621 22.77790570
-41.74971616 -753.88276220 167.71797431
-43.71739357 -743.58262329 32.40515817
-43.51577878 -744.42138475 65.34267061
-45.42723161 -744.29935643 50.42495670
-30.58960909 -767.15665227 144.61872756
-38.00042724 -750.17038065 125.31567335
-53.35663401 -740.24794315 73.25204821
-41.18062484 -750.64433082 128.20853956
-29.08629441 -728.84350206 253.64267643
-70.01353636 -739.68712540 80.80208824
2.66556072 -789.35512346 178.30255629
-32.18895470 -751.75838674 173.98691186
-27.87256244 -725.52854131 256.22764529
-40.26705990 -748.18366054 119.22620850
-41.71188000 -755.35856462 168.10592399
-32.85208654 -749.29643173 209.45695409
-31.75227621 -744.23393359 224.37717782
-41.43242484 -744.63101624 56.48313676
-42.90148089 -747.28860810 80.19334520
-42.73697926 -753.52389041 176.28540702
-41.97098696 -736.88067826 231.51182459
-15.14317073 -766.44460610 157.42365816
-39.55035891 -748.88614079 152.48447508
-61.19073620 -739.68744692 86.14719001
-66.80571598 -742.56166026 75.36978896
-40.57852102 -750.42297966 161.22216653
-67.26420189 -740.28647372 79.37252478
-41.80651263 -751.37457424 125.32228160
-31.27714521 -740.49824554 235.81251416
-21.63458750 -776.07435000 162.47004688
-59.05486000 -739.62409667 85.34986826
-38.70890000 -756.48970000 121.03325938
-17.28260616 -765.16413288 153.23181600
-70.14313201 -738.26463872 86.05913488
-40.78844498 -750.32471279 146.26310549
9.76182131 -799.51852295 180.54574626
-41.82834299 -751.60819321 173.43830100
14.63753193 -803.75477861 181.30549974
-41.75191786 -751.77234286 127.37144509
-42.84933754 -746.15452650 59.78388682
-36.91568750 -737.72878504 230.05658860
-43.91819146 -743.23345366 214.49624352
-41.83857563 -749.35386807 98.12612660
-40.26351109 -750.38755525 104.55972314
-42.61181046 -744.56634551 59.16337967
-35.53993333 -748.99660000 177.60425938
-35.55736000 -751.10702000 146.81345938
-41.09853691 -745.17186081 65.28566500
-41.41747867 -753.37817733 166.97378304
-41.47307176 -744.14846353 53.46478761
-45.00578500 -742.82019000 216.15512938
-9.13798273 -778.45903813 166.09924355
-45.46915858 -750.52457939 194.22152384
-29.37475000 -754.88243600 133.32958138
-37.97500000 -752.19740000 108.73635937
-32.44676000 -730.84243500 246.52944437
-40.06208687 -736.11199522 233.17290296
-21.60052045 -762.66298767 145.82455795
-29.69365000 -766.90220000 144.80050938
-35.78308261 -746.19874161 205.89647552
-43.03135763 -741.59009609 218.27192810
4.94289225 -792.58446720 179.48575454
-42.66855557 -744.60453835 50.15484059
-34.11117067 -748.17535047 191.16280797
-31.09238575 -756.36071659 128.29806800
-41.07554860 -753.58982966 155.36964090
-64.18117756 -739.40235998 86.11438446
-42.18800000 -749.06350000 90.36695937
16.64670619 -807.78803497 179.98614019
-36.36786569 -757.68203725 124.53858781
-31.69549299 -742.48143856 227.61526399
-28.19692069 -717.94154179 263.36196529
-37.34465235 -752.52135412 110.69535761
-41.49740000 -743.49010000 48.67085937
-44.04562985 -741.53003831 55.80164843
-54.39120999 -739.31473156 77.54007895
-32.36439912 -739.76056140 234.01637078
-33.49013084 -749.22087850 181.84954367
-44.61040000 -746.15970000 53.50035937
-5.79998571 -797.18921429 178.94112366
-47.73559444 -743.46858333 57.60133160
-35.26575465 -753.90855541 152.28289950
-40.93034227 -750.41381691 170.19994603
-50.82439873 -744.41069554 63.44401861
-41.70234000 -745.98512000 197.96233937
-58.21253339 -740.73306899 80.28681699
-43.95503077 -755.16625385 184.37408245
-45.57458174 -745.05668413 209.25975249
-54.88385970 -748.21606772 66.22464524
-35.48338507 -745.83689403 209.81785191
-45.99554885 -746.51606158 205.84202528
-45.41855861 -743.63396630 32.39707293
-42.56446387 -750.62558647 182.36657910
-28.75749130 -726.69098418 254.83113944
-37.07064932 -731.95578561 242.20576602
-40.44757520 -746.36300225 194.23389316
-26.48223939 -757.51481818 138.64718968
-16.25468664 -777.83686167 164.25886699
-41.38336429 -746.11220000 199.20150223
-34.17991298 -748.04359833 200.21178245
-38.07539238 -756.72141525 158.28434233
-36.97157353 -746.82240680 194.41628098
-37.80203375 -750.35057445 128.30715622
-15.46401598 -779.64515636 167.59391573
-36.41950531 -740.56068039 223.86546050
-46.34001270 -749.23723016 199.30018636
-57.87288405 -745.66055043 69.46221800
-43.45189063 -741.76794098 31.95803448
-26.70687500 -756.93733750 138.86068438
-42.03749852 -749.83875630 116.07424283
-27.75178224 -769.41474056 148.55255863
-40.50488823 -753.94395837 149.01740432
-37.41035943 -745.23145647 203.29562185
-61.01044366 -739.97231690 84.41602557
-11.10071852 -769.63429630 162.15326586
-55.70758167 -740.60130164 77.16677743
-40.01486854 -746.72998448 191.21026129
-39.87341549 -756.10658144 158.30051137
-16.12212059 -776.55411405 162.04165055
-34.25409941 -747.97555778 203.26787719
-31.05567315 -760.81449463 133.26149696
-44.73635750 -751.71603000 189.35845187
-24.24447022 -762.55420857 142.70869407
-45.55006888 -743.80757902 38.13060833
-64.29842247 -739.59499301 83.53967729
-32.72311765 -752.10052941 172.04470055
-18.88440000 -773.01476667 156.86825938
-41.41167660 -749.22966879 181.75710618
-46.08614118 -741.11486284 29.14954890
-4.84377619 -775.79164048 165.92981652
-45.50484664 -742.53838940 50.22143429
-40.92950036 -756.76044768 170.26711312
-37.00280537 -734.90286866 236.25608409
-29.04711140 -719.34407150 262.73724383
-40.15803126 -749.44126989 98.13875738
-45.64855250 -742.36334031 47.24091375
-35.48791176 -742.92220588 219.34105349
-16.91630000 -764.00750000 153.91675937
-42.06702000 -752.15450500 105.28898937
-20.41198000 -760.94180000 145.82347938
-62.95211865 -740.13033420 82.90310704
-51.53135000 -749.06510000 63.66455937
13.75065180 -801.57806609 182.09649067
-56.42085094 -739.03928491 82.14010843
8.57859720 -795.38960398 181.35133209
-40.92218630 -750.29801507 110.24408335
-69.20202743 -740.77919514 77.85198420
-40.11156127 -745.34276165 200.18907296
-33.26525600 -740.60559365 229.88753279
-40.11014519 -747.78706635 185.22987871
-45.37840000 -743.07355000 21.47575937
-52.45517915 -747.44610954 64.89860884
-41.69646250 -751.73213333 170.73789479
-36.39997778 -754.97156944 117.93621215
-43.11811633 -755.86542269 179.25002672
6.26542857 -790.15160000 180.84758795
-42.99221094 -744.30095924 44.39744141
-31.38073333 -763.62602917 139.57585672
-72.07554045 -738.37075146 85.88648785
-36.83540208 -738.93270776 227.36237156
-70.04326995 -738.87389317 83.33085545
-32.45283896 -747.57026818 219.08323145
-42.25280753 -747.65151922 101.26099340
-22.03440332 -768.33821035 149.30968739
-44.31828235 -739.96511765 22.40733585
-51.49860678 -739.22831563 71.50059675
-37.72165909 -733.99347727 237.54479119
-42.20008568 -748.07522785 107.16584399
-45.12649432 -745.67412538 206.36417831
-69.60018337 -740.20563081 79.38136304
-68.72136667 -738.29945000 88.14255937
-67.07091188 -738.56833711 86.25851484
-40.20049348 -747.63269575 89.41299970
-35.10562279 -742.54664456 221.59083420
-66.92611284 -739.63241324 80.74441334
-40.04605953 -743.62795752 208.89587007
-16.75490000 -773.08860000 156.75085938
-67.18876703 -739.00352593 83.21602434
-56.91041020 -742.71150000 72.55845121
-41.89260415 -755.73063564 170.43713688
-67.16189826 -741.41114913 77.21395495
-66.86518776 -738.50485918 88.79232791
-26.54367143 -721.42808571 259.74788795
-37.40682047 -755.22058661 149.77882630
-38.29696917 -750.04364879 104.78168136
-46.26392581 -741.51879675 32.20620490
-41.83474286 -749.21481169 95.40727106
-60.42625042 -747.06883109 69.23284761
-34.32428043 -727.95721087 249.38662242
-30.32098275 -721.10778522 260.64382488
-44.70761389 -744.49956389 64.80381771
-39.59293904 -747.73293782 98.41104103
-47.40990762 -747.22314714 58.56276461
-61.22950213 -743.36412753 73.54947218
-39.95778789 -748.05084252 116.18887339
-40.91321329 -750.31349637 143.36007841
-65.01499950 -739.85437649 80.89615814
-64.11880263 -742.63238509 75.18214183
-64.08433188 -741.28622295 77.36286400
-64.14803043 -743.73957132 73.75155802
-64.33627543 -739.06465962 88.71942509
-37.11120905 -753.55278167 143.38991797
-46.02660794 -741.84500159 38.17273171
-63.90197045 -740.39118113 79.93947209
-40.03655626 -734.89885904 236.27832398
-63.66632263 -745.17531346 72.00920632
-14.39251915 -766.82371489 158.60646789
-62.17222917 -739.26152500 88.13488854
-38.46277895 -748.94558947 140.18823569
-43.93436923 -743.16403385 26.62775476
-62.63930000 -740.04130000 84.88395938
-36.91903758 -741.25996939 221.29921856
-45.50342900 -743.95449333 41.35562371
-61.11574980 -740.84994006 80.33046736
-39.35628790 -748.59009946 170.23274083
-42.79725206 -738.66682349 227.21688795
-36.66575993 -756.79962169 122.30621857
28.56493315 -821.57724987 175.61198309
-61.17740140 -740.31073891 83.32818453
-61.04324755 -744.84925380 71.53664435
-61.63981490 -746.39421923 70.25076178
-61.00279270 -742.55526122 74.94504463
-45.34382841 -743.29647330 26.34820881
-61.16966224 -741.59014927 77.28478704
-38.86761143 -756.00599143 119.33378509
-42.06682604 -756.15966287 173.34326323
-55.96222522 -743.70194715 70.67581179
-39.56490656 -733.37618235 239.55372589
-44.68125000 -754.25445000 186.50183437
-44.09418000 -743.08568000 23.31538938
-61.28402987 -740.06909610 85.02230613
-10.27494125 -777.36902376 164.76429253
-30.54406680 -729.39864248 251.13622041
-42.04280000 -746.07707000 56.92990937
-31.57136650 -758.68652312 128.40995870
-42.43232864 -744.60470088 53.28531189
-29.70917857 -718.77873571 263.85168080
-30.95363437 -752.13583125 175.11062500
-43.16929137 -747.06462536 197.49328428
-34.09773093 -755.12792990 157.94165216
-58.04925443 -742.42141484 74.35267920
-41.86425224 -748.76954701 185.72256311
-42.34935919 -753.53215323 173.23140565
-58.10115963 -741.47664644 77.33258753
-16.55986166 -768.41264198 155.37558176
-42.29367157 -750.98163283 179.26536946
12.98426957 -799.34147246 182.92935140
-58.14901459 -744.29802965 71.26087237
19.90076284 -813.48342244 178.64136898
-57.97182169 -747.17476674 68.29871475
-40.50658664 -747.15283128 80.38787274
-45.71175816 -742.10908759 44.21820098
-58.01483402 -739.63782038 83.62450116
-19.17961760 -763.19944542 149.03030604
-17.80148889 -778.07134444 168.92160382
-28.24927583 -768.00444835 146.49908062
-34.20627712 -760.17334557 131.27968004
-36.44684460 -748.27195909 110.15216364
-54.72480218 -744.49715117 68.59976933
-31.37846429 -737.21307857 243.99989509
-41.03137333 -752.57443091 107.71917331
-56.87466505 -739.85501553 81.22101860
-45.43824959 -744.03660203 212.34277198
-39.25994419 -732.32350731 241.98233678
-55.08141682 -741.35180518 74.01971242
-56.31950460 -740.20019080 79.40667432
-27.06790856 -771.64385642 151.75055081
-54.82106000 -742.27443177 71.50940007
-55.65848867 -739.23587659 80.18975028
-40.94457022 -749.71887411 176.37010185
-31.06053697 -749.20060601 197.56270793
-54.71886667 -749.15304933 65.55761138
-39.82575694 -745.65339583 197.39875889
-43.65845689 -743.32296711 29.61299582
-4.10686162 -786.60935984 173.27602636
-35.53255155 -751.70766804 149.42092845
-54.05288641 -742.80722621 69.23020404
-39.28570833 -755.19004167 116.83286771
-53.81532833 -739.84227167 75.33756104
-53.71790000 -745.90371429 66.71287366
-31.53847368 -740.88849091 233.24407676
-37.62371675 -752.74954010 137.34312587
-26.52190789 -761.72103684 138.66417253
-37.17201339 -747.08913428 191.15391533
-53.32300602 -738.59199639 76.42650215
-38.83071429 -755.05244286 147.36565938
-33.85456122 -756.38082552 122.46754313
-41.84994375 -735.49345625 235.48870312
-52.79612875 -740.85416986 70.95489182
-38.11612565 -745.65885785 197.42398343
-53.22014518 -743.73704718 67.32886768
-39.84811487 -747.36786707 104.08656560
-45.93712750 -744.29230917 58.97577854
-36.87665319 -750.32418799 110.39319467
0.04613378 -803.36909459 179.29263775
-52.59825407 -739.15385735 73.95764922
-40.35079019 -748.44303132 125.14241504
-41.68377143 -748.95015714 183.12184509
-41.10992761 -750.42505067 134.33442640
24.80450000 -820.37039565 177.95329416
20.44344088 -818.52846604 178.72105120
-52.06180467 -741.70528812 68.45355589
-45.91834161 -739.80020394 20.27638763
-3.75027451 -794.75134930 177.52057534
-45.08071542 -742.37915607 218.26997994
-37.78692500 -755.07207500 144.24780938
-51.91094540 -744.20611164 65.19018308
-34.13890797 -748.33935619 188.36627768
-52.85330923 -749.17736462 64.54699322
-51.21126485 -742.52710173 65.80236284
-11.15170000 -784.85821143 172.01449652
-17.99310588 -763.62847255 151.27300513
-43.62136930 -755.51552374 181.86037161
-50.95282288 -747.65181569 63.43658160
-49.86158370 -744.10918577 62.00144612
-49.50183414 -741.58936514 65.13049375
-50.56957500 -743.08262500 63.88200937
-49.57524160 -739.55303040 68.71015777
-40.55858424 -750.37221760 155.23370464
-49.67807857 -740.47720526 67.47813945
-49.71255086 -747.36757174 62.20215004
-50.39211250 -738.86064773 70.26461960
-41.32432488 -746.29800697 65.57863549
-41.07626638 -750.81540733 125.10060162
-33.85773401 -757.45215255 125.00527282
-44.85523913 -753.07273533 188.74632296
-39.59544078 -753.90476019 113.01157394
-36.15143404 -748.65162447 112.59386682
-43.79141381 -741.56763051 23.32278209
25.71880560 -815.61739976 178.05291096
-25.04241226 -769.02951516 149.12274053
-36.68023989 -746.66951887 197.30317870
-39.90051941 -749.66083613 101.04790991
-34.02301040 -747.50356990 212.36520447
-41.68862424 -748.36782727 118.96960483
-40.12120236 -742.73442601 212.93324586
-28.20565000 -764.42214098 141.03181539
-32.72509474 -740.16087895 232.20941727
-48.88082750 -742.28931850 62.48906061
-41.18149155 -749.47039101 179.11727709
-48.39293956 -744.15063165 59.38987206
-48.06764500 -742.71721346 59.90661514
-47.99387500 -746.87732440 59.70018889
-39.70841027 -748.86949240 146.19691755
-44.76118333 -745.90527500 204.48511771
-47.66736471 -740.41753824 13.52330349
-47.66536667 -739.91529444 13.44587049
-47.66626667 -740.47953333 17.69345937
-46.23502017 -742.05130745 17.25227115
-46.67425254 -741.07359203 62.01411735
-46.39682594 -741.94025713 14.46210724
-37.95047308 -742.84442019 213.03642764
-46.36923614 -741.61393100 59.07189380
-22.32829086 -765.33291836 146.45458801
18.49253333 -805.91746667 182.84579271
-41.90422585 -749.56525170 101.34359203
-27.23534122 -759.48159096 137.20860844
-30.22510326 -754.39397349 130.91719054
-46.69054318 -744.49741477 56.12997527
-45.93027855 -739.23191119 14.15275788
-31.31288167 -748.39361704 188.38305637
-41.02068878 -746.20706304 196.90662637
-32.18795223 -746.58853239 220.87337597
-41.01168412 -750.48413827 140.28075432
-40.53235268 -749.29261451 95.36261266
-45.60371357 -741.97284963 56.51513038
-22.10611579 -772.27019286 154.97488156
-46.73760948 -746.76154969 56.43538061
25.88206548 -816.95708502 177.35708448
-41.31998796 -753.49330365 161.36034970
-47.01299302 -740.69466124 64.92678883
-10.05838736 -780.73450724 167.31104770
-42.84428265 -746.33149591 62.30993744
-46.42264051 -741.11478832 23.21605466
-44.37663667 -739.45461467 14.35159284
-46.14681704 -739.60065670 17.25443172
-46.14900591 -740.90894554 26.23070739
-45.65976589 -748.03352101 200.16982622
-46.20287024 -741.75013956 35.35066028
-37.00733902 -749.41423761 164.35083600
-45.70335373 -747.04146560 203.38659271
-45.66270736 -744.39568231 53.46258661
-12.91000719 -782.80796910 170.58493176
-32.77904217 -749.12506506 203.90159311
-45.89158163 -741.95711129 41.26098116
-45.40333091 -743.44959152 29.26552119
-45.36774921 -743.44211990 214.92592953
-40.87837982 -745.53535780 80.32244378
-45.09210233 -748.47730512 197.61371984
-46.18415882 -746.17416471 208.11439467
-45.46952747 -744.08173920 44.39629084
-38.60713333 -749.42085000 102.35369271
-28.62538779 -759.43099186 134.28362260
-45.26101849 -742.59066438 53.16597444
-31.15171806 -761.53652445 134.76781092
-45.46975911 -744.14769533 47.24318849
-45.26144247 -752.50954597 191.06039808
-44.74309091 -740.42294545 223.56721392
-45.57659583 -752.16008750 193.03709271
-44.86912044 -741.36670657 220.89610244
-37.79088107 -756.13186445 155.17081206
-45.24053077 -739.95343846 25.51645938
-33.00158431 -724.78105490 255.29785153
-4.37360620 -777.45190676 167.36573119
-44.79891563 -748.83679375 195.32655000
4.82833910 -798.32538045 178.90509756
-44.73646885 -744.57259754 62.97447905
-44.66297143 -744.83102857 67.86213080
-43.25097479 -744.70660033 71.20936188
-29.67201818 -754.66167273 132.97851392
-44.13779434 -746.30014403 202.63301849
-43.13200270 -744.12015645 41.30117672
-43.20433570 -740.62597058 221.02415524
-12.70523997 -785.76089281 173.99301069
-44.15251252 -749.87915477 190.97412917
-39.86303821 -748.79319668 137.15856336
-42.84894355 -744.49132823 47.29554866
-18.32322349 -765.64348896 151.81397002
1.94685203 -801.55421059 179.09679786
-25.92998816 -770.23748947 150.51507122
-23.43781333 -764.39138222 144.55935715
10.93296407 -807.58842278 179.26747882
-43.60977407 -750.28648930 188.29816802
-44.37676964 -749.28564643 193.30808259
-43.23521511 -744.45448832 62.42359598
-40.04378930 -740.45931337 221.13069057
-43.25636851 -743.44934952 212.28363630
-43.19504767 -741.96828073 41.23958716
-43.46583265 -743.71969979 35.39425568
-43.59531726 -742.27766675 53.42786750
-40.09921547 -742.27624042 215.23041210
-43.34726805 -741.81715254 35.46394895
-40.27875960 -752.14994238 125.36225077
1.03273582 -783.84083989 176.47844231
-40.07295867 -736.76271400 231.37957138
-43.16212292 -742.10184423 44.24161691
-40.10824151 -744.12450920 206.36731323
12.61231765 -802.67040882 180.67145349
-42.42671859 -744.61280966 56.25291078
-24.98785572 -766.57845075 145.40987181
-40.80851991 -745.47566823 77.07281553
-10.10286823 -783.54626116 170.23472855
-43.26687958 -742.36341720 50.21283764
-44.02088948 -753.43935946 185.25960870
-43.71242864 -741.53773593 20.28589744
-43.53510857 -744.65617222 68.26947000
-43.05783561 -744.85570607 206.18502710
-40.99434869 -745.23386288 71.28210457
-42.38319580 -747.22759049 95.16208150
-43.96632745 -741.70099697 17.21416041
-41.03335192 -745.74035096 86.17052380
-33.22470213 -737.79971260 235.89082527
-37.34037629 -753.10697888 140.42927705
-34.45129657 -744.60262292 218.34285051
-40.25188235 -748.29235539 122.18847231
-42.44742527 -745.73558571 86.17952421
-36.35936083 -754.71745637 151.66489281
-43.29118035 -746.56362150 199.91021105
-42.88667680 -745.42371587 203.43967831
-42.92491622 -742.48027342 215.39568325
-44.03731667 -740.27103333 223.60380243
-43.26598117 -741.86551829 38.22144978
-43.31688176 -743.89659916 38.22664533
-42.57103457 -747.40197320 89.38926899
-31.02691869 -723.42980669 257.23153035
-43.15480613 -744.15496989 209.28934655
-43.72811733 -741.51809505 29.28384848
-44.20676119 -739.53641592 16.91822878
-43.13505000 -742.78390833 59.16239271
-42.85400698 -739.50406442 224.33212472
-32.46904615 -733.72538462 243.41571322
-43.04924782 -745.39871528 80.24056493
-34.08969672 -728.97778896 248.16042758
-44.50720000 -746.02460000 205.19955938
-43.05590851 -744.86820954 74.35704340
-44.04887500 -743.06682500 17.14883437
-43.11957661 -745.17229421 77.31232483
-43.00293884 -750.49719322 185.24904318
-42.69085137 -748.10253464 191.46097022
-32.52285000 -752.21970833 123.64372604
-43.60725352 -753.49052902 182.11364752
-42.66331061 -747.19781114 74.42618855
-31.28821956 -722.61162800 259.60529849
-42.84772320 -746.72945420 68.10173298
-42.73209851 -747.31738955 77.52383218
-42.54083235 -742.82796569 213.30741722
-42.76548907 -747.50485732 83.15355885
-42.74064132 -746.57170208 65.35791768
-42.48080537 -737.69471488 230.18384987
-15.59169406 -780.39873982 170.26139397
-42.78132761 -745.54227873 83.12072132
-42.19450550 -745.80087938 200.67737862
-32.47720000 -749.05050000 183.82405938
-42.69234200 -747.57182452 86.18090394
-43.20009442 -753.50544458 179.49401719
-42.21743380 -748.49417706 188.44709913
-42.33061622 -739.91335946 222.09192154
-42.58942284 -756.11051830 176.33468774
-42.09529062 -745.93269896 88.96315000
-42.10340159 -736.44870582 233.12056890
-34.11108626 -748.09830533 194.33893548
-12.51330565 -787.23981129 175.16190575
-42.47134000 -737.11092000 231.98597937
-42.33750610 -747.50210531 98.28182091
-42.07818167 -751.25718748 176.56548551
-41.99778690 -750.77509432 104.17297117
-41.85787961 -749.29506408 107.29799141
-42.20008470 -747.85392112 104.34053157
-31.96568096 -749.42296816 203.29462130
-41.93489789 -748.27717544 113.48768569
-42.12613452 -748.18644342 110.30303873
-42.03485421 -749.58084393 113.68647152
-42.05670923 -753.60541352 170.45234289
-25.16908264 -771.23866047 152.28214672
-41.99516772 -750.31939895 119.24546464
-35.33129660 -755.18190113 152.79987409
-41.86978710 -749.09628710 92.95017228
-41.91891327 -750.78899668 122.08449966
-40.09926825 -753.05949339 137.16560435
-41.77219268 -752.42723902 106.42325450
1.05657012 -794.69143506 177.63938041
-41.73436000 -752.09300000 128.47727937
-40.00912688 -756.36621230 161.52707156
-41.68074000 -751.91190000 168.16411938
-41.64932381 -748.34793810 121.83928318
-40.13053333 -752.09533333 123.43862604
-35.55694000 -748.08664000 111.33389938
-41.65874286 -753.15988571 164.73791652
-33.62998357 -747.48398585 215.16012601
-41.67235000 -752.98275000 162.15380938
-41.61895000 -748.30015000 123.98355937
-37.59184260 -742.57943333 215.44961743
-5.23185641 -775.28580940 165.46683288
-41.53270000 -743.73038800 50.70554737
-40.66462737 -747.00217352 77.40703748
-40.81259076 -750.85040099 115.87040591
-40.02873319 -747.91627565 113.39496627
-41.07492860 -756.61292118 172.90538361
-41.18402727 -745.91013182 91.84584574
-38.32987818 -748.83547364 128.26808119
-40.41331899 -747.35930442 83.26641395
-32.97141519 -724.41617975 256.53381887
-41.34945764 -744.94442771 59.42264695
-40.60909722 -756.56103915 167.17330655
-14.79034545 -782.27416364 171.58702301
-40.30498850 -747.56914029 86.20266057
-40.77667396 -750.88128194 119.43221076
-40.09490734 -737.45648785 229.89717026
-40.79404137 -750.94743739 122.31637309
-40.09954460 -743.17184507 211.73256454
-41.01174566 -749.15547514 92.72240446
-40.14510590 -739.42980556 224.34477187
-40.78311040 -750.46953075 167.27942088
-40.24778686 -747.69114933 110.36320415
-39.56925391 -747.73530739 101.00842901
-41.13848513 -746.45693671 68.38296412
-41.47355417 -746.19310625 62.82861354
-40.07048040 -738.38893313 227.35945614
-40.92384338 -750.15323465 173.22003591
-37.07287764 -736.28316429 233.30644324
-38.19891154 -747.22412885 105.04052394
-40.12660281 -741.39340551 218.16570302
-37.10054473 -747.48222859 188.32681034
-40.61842746 -747.41746352 107.07058151
-36.97954559 -749.79652986 152.39016034
-7.99138608 -776.50402342 165.55694672
-40.79542736 -746.85572117 74.61809261
-40.04006916 -747.65261291 92.19495436
-41.32083898 -753.85358983 169.75128310
-41.22969151 -745.14903501 62.31014447
-39.79576559 -747.54831372 95.24369021
-32.70590000 -764.14620000 140.53525938
-40.09220293 -744.74028362 203.31458833
-40.86566134 -745.35553428 74.40004572
-28.84512897 -761.47569206 134.92797088
-31.50742436 -748.71431610 194.18330835
-36.09214031 -750.54770570 113.14938288
-40.54100605 -750.70353772 113.60683197
-25.70558886 -762.48035172 140.38820970
-40.67627025 -750.75445158 107.03273469
-32.99715854 -749.18854390 214.46714230
-38.93367895 -745.86527895 103.60616990
-40.39953641 -752.38735340 128.36747879
-40.93587514 -746.61991554 71.28914892
-37.57661596 -750.30472074 131.37820140
-40.00085015 -748.15256824 182.18332505
-40.77957800 -739.93547000 222.29701538
-31.36288622 -748.52688460 191.25434312
-40.61067733 -750.39250711 164.30170509
-38.37394651 -748.80785349 125.31754775
-40.18407033 -756.56051925 164.29351712
-32.73570455 -746.32107727 220.11291392
-40.88107309 -756.32951004 176.37645094
-41.15407932 -750.54266806 131.36125283
-40.10869920 -748.52027675 128.23180968
-41.12526223 -753.49911708 158.24832621
-41.02512500 -754.96797500 171.94283437
-33.80030684 -753.60127536 161.29637063
-40.07708164 -748.63508359 131.47178853
-33.68937970 -744.31550507 221.16957310
-40.49017101 -750.24960861 158.29317059
-40.57812878 -750.10194700 149.38123557
-40.82730476 -749.11980000 89.81254985
-40.27188791 -752.66511116 131.37120682
-41.04028215 -750.56352808 137.11664468
-40.44361984 -750.06181676 152.50058743
-40.93557073 -753.63483220 152.25972377
-40.05033964 -753.08038639 110.28689369
-35.76070476 -740.13095238 226.05778795
-40.23969550 -753.81941982 146.40850802
-39.88034325 -748.69461311 133.93790957
-39.72034541 -748.30438389 179.52578854
-38.34563476 -748.89166417 133.91982408
-40.98667692 -756.50263846 178.52553438
-40.05683905 -753.32134248 140.33265621
-39.78795022 -748.84438414 140.11357523
-41.03685000 -746.01185000 94.44930937
-40.13717852 -752.84685222 134.35898641
-38.40575000 -745.96785000 192.56615938
-39.71092251 -748.85010738 143.17729111
-38.23556452 -748.94215484 158.14997873
-36.55284043 -734.15277021 238.07407001
-39.74387402 -755.83339457 155.58763374
-39.28573827 -745.86124490 195.00334509
-39.67778762 -748.86579059 149.32617720
-39.39799332 -755.48457442 152.30449025
-39.53045777 -748.88043343 155.35260278
-40.24100000 -758.03810000 169.17775938
-39.48891167 -748.87307098 158.16729187
15.73677176 -802.51639765 182.90333702
-40.13170000 -758.02590000 168.70505938
-39.36080987 -748.72307733 167.29440738
-39.35473938 -748.83128470 164.44781971
-39.17528406 -755.18673768 149.38183667
-39.43763718 -754.80756282 115.74386579
-39.21621724 -740.12008621 223.09744213
-38.74130000 -730.81865000 245.10383437
6.35007500 -791.48755000 180.81373437
-38.74620000 -734.01790000 237.38655938
-13.06852037 -774.45204049 161.23835567
-37.46570997 -739.67011773 224.80496547
-37.10142370 -750.22002551 140.26937540
-38.37736897 -757.14011207 161.00886886
-37.48910618 -755.47087992 152.48617159
-37.76385342 -736.82090959 231.51189499
-38.42780411 -748.81431507 119.11952650
-37.10096396 -749.54797744 158.24820889
-37.76705792 -750.61519503 107.30828562
-37.22595074 -748.53748487 176.42680448
-38.28597547 -748.95204906 164.54006881
-37.14513847 -733.23223472 239.50838049
-37.48212466 -748.66168291 173.69787044
-36.79928571 -744.01269203 212.20474897
-38.39271622 -748.80460811 122.12309721
-36.91172559 -730.48319024 245.32743076
-37.26231547 -731.18865414 244.12626324
-38.44107143 -748.77761429 116.52860938
-36.96044468 -748.15861035 182.15581149
-31.43379139 -737.66972172 242.07943806
-36.73237971 -750.34739644 146.27093974
-30.04165000 -721.91450000 258.68145382
0.59240000 -782.00565000 174.91790937
-37.05857589 -747.84074938 185.33256046
-3.24056154 -778.76128022 169.09485937
-36.73994716 -755.50806392 119.05835653
-37.77870548 -745.41547440 200.34636854
-38.10840474 -748.90577211 167.53014043
-38.34612872 -745.82472021 194.97596310
-38.31543333 -748.86644595 131.33553415
-37.21206222 -750.11524444 115.86054493
-37.01576805 -744.53172075 209.09738264
-37.84619017 -748.80092110 170.45049550
-37.17157265 -744.87338945 206.40494257
-34.97089852 -733.57682841 239.96374498
-38.17489000 -749.98815952 122.37984985
-36.34550377 -746.55335278 200.12542783
-37.08968928 -742.09709272 218.21402260
-36.77121164 -750.13980096 149.24441249
-27.60654720 -713.99409580 268.68412756
-37.05023704 -749.46998673 161.29011709
-38.43429600 -748.94806000 145.91551938
-37.04491144 -749.65910614 155.35713009
-37.94350783 -752.48465723 134.26812504
-16.12064044 -774.13604399 158.83964787
-23.00755246 -762.23670435 144.13917937
-37.03412595 -748.39151512 179.36402688
-30.64403257 -765.87855336 143.06749087
-28.21025589 -723.61456520 257.42002171
-38.40123500 -748.90173000 149.84056438
-38.29104118 -748.93456765 155.25829761
-38.44589400 -748.94942400 143.18419137
-32.01835361 -732.85656535 245.52031652
-38.29280345 -748.94540345 152.20401800
-38.07988148 -745.82925926 104.31928900
-38.34399000 -748.97892667 161.54564937
-32.47740000 -756.63345556 123.69305938
-36.69457846 -753.24632733 113.40436709
-37.94681765 -755.14388235 117.38008290
-31.46463442 -727.19895471 251.80604090
-38.25047183 -752.33952535 131.82737628
-36.42405017 -754.25645262 149.34764622
-31.15789002 -762.61069002 137.28384715
-38.54385000 -757.41840000 163.07405938
-37.43675324 -747.69356404 107.11070073
-37.22885364 -750.29047701 137.25904022
-34.17061395 -732.69812130 242.29593797
-36.68513326 -749.37848503 167.16773193
-37.41474419 -750.27226055 134.15009410
-36.46571390 -729.03257462 248.05231255
-36.44950480 -758.41076753 126.10263797
-32.96805815 -752.42093046 169.88886122
-36.37778366 -749.34308338 170.15245106
-36.62401000 -731.00866000 243.75042938
-36.06738857 -737.14249143 232.13634509
-36.13582500 -759.15612458 128.04836446
-36.06301765 -749.24417014 173.32735033
-36.06578571 -746.41584563 202.98464529
-35.93655500 -728.28421000 250.09956438
-35.32914494 -748.91335169 179.72607960
-35.94026364 -743.28861697 217.44458362
-35.81695672 -760.17937910 130.48216087
-35.87837222 -727.69154167 250.59050104
-35.81503684 -749.13025088 175.56554709
-35.76038000 -727.97678000 249.42127938
-35.65966250 -746.06928750 208.11452188
-35.47317363 -752.86806084 149.82480559
-35.04979796 -750.61554367 116.44118845
-4.07442519 -790.09056279 175.28352598
-35.39459273 -751.46190182 152.22281634
-35.22889136 -745.48895125 212.53544461
-34.64577788 -755.51582235 119.39113681
-35.26206256 -751.32656167 155.20420827
8.46945224 -809.85028518 180.28129726
-34.89354653 -751.12255529 161.31968324
-34.53548321 -735.97569341 236.49126199
-34.12651132 -748.59707799 185.22238032
-34.38557209 -742.00061609 224.44050828
-34.63247418 -739.04369149 230.39751271
-34.92199428 -745.07767017 215.35063588
-33.95937460 -738.34443390 233.26312789
-35.40844382 -748.68036067 113.67965600
-34.26198521 -750.98278710 170.36191475
-33.70316844 -735.29534831 239.13517970
-33.97414640 -750.73808784 173.35495170
-8.93635116 -792.69220930 177.90008263
-34.40684336 -747.66423159 206.14242384
-34.39185157 -730.47137623 245.72184278
-35.46397838 -753.01580135 114.31469181
-35.47767705 -749.35355738 114.38267085
-35.02861285 -753.53428746 116.55537207
-35.12986774 -751.17683669 158.24521865
-34.16363211 -748.05355217 197.37799961
-34.79804368 -750.95790553 164.34145148
-34.00022371 -727.15840711 251.26157011
-20.02840000 -773.13860455 156.69861847
-35.21439415 -739.67877368 227.99117283
-35.17703425 -736.69664309 234.04145993
-34.57155996 -750.92327591 167.42418456
-34.09426194 -758.83570418 128.11599624
-34.16879747 -758.19268586 126.45278968
-35.58200000 -752.34050000 147.76875938
-35.23255500 -755.14670500 117.43080938
1.95988793 -784.70430862 178.10132662
-27.72995283 -770.53188428 149.89335026
-34.29062658 -747.55153207 209.17460406
-34.25035455 -728.13289091 249.96248968
-20.25986045 -767.72734818 150.35035438
-34.15851728 -753.27193621 119.33644476
-33.93169936 -749.52751679 179.32848823
-33.68079766 -725.80765885 253.84715052
-34.78194484 -755.17468386 155.06924503
-35.13809091 -748.93245455 115.63159574
-33.79283510 -761.46121111 134.50406645
-34.77017309 -753.95701728 155.26742497
-33.76566984 -760.86084921 133.38776652
-35.03496667 -761.11036667 132.60985938
-34.25946501 -753.94388170 158.19917848
-34.09096846 -750.99759777 119.19385055
-33.27827746 -762.34486230 137.06598929
-33.34763035 -753.38872102 164.29959709
-33.12560354 -746.92389194 218.17046489
-33.12935673 -743.48098545 223.65246192
-33.16477968 -752.80202584 167.33395622
-33.18422143 -753.42343571 122.33229763
-33.61582000 -755.09070000 160.16279937
-33.44420000 -757.95812500 126.91425937
-33.13196667 -749.04382500 183.98497604
-32.95018947 -734.57005673 241.44247575
6.29133333 -809.04116667 180.64669271
-32.86240769 -763.33665000 139.30521899
-19.33035011 -775.53635308 161.18331564
-32.84016265 -749.18561265 206.11154853
-32.74837667 -737.22080000 238.12925604
-32.64860000 -749.03220000 201.66335937
-31.55367006 -751.19940585 176.41336791
-32.61340000 -748.58940000 216.75905938
-32.33749915 -753.74043447 167.60228874
-32.06884360 -753.57557551 125.41089098
25.16962525 -814.16610885 179.16245216
-32.27967864 -748.88426712 199.83004683
-30.82742684 -726.06099426 253.76981785
-32.40067834 -736.66094395 239.93008294
-32.18907964 -749.57896505 205.91844387
-32.10255030 -753.13519779 170.31525153
-31.31212782 -749.32729489 181.84149707
-32.02842913 -735.69517314 242.48847459
-32.46543043 -748.94532174 202.46508111
-32.09281610 -756.32934264 125.51425370
-32.44114959 -749.65473577 208.89645206
-32.23489824 -745.55009000 222.12687820
-32.53291852 -751.66329630 123.37830752
-24.13664680 -774.35766480 158.22787977
-19.07621762 -776.76089087 164.39977148
-31.35841364 -750.13103120 179.38688438
-32.50763514 -754.28782703 165.28208370
-31.72618984 -752.48622052 172.99496754
-4.14189620 -792.48994772 176.55592261
-32.25945876 -758.20165464 126.54837484
-31.97318260 -748.79884780 197.27802510
-31.12144318 -732.42728437 248.28049190
-31.67993070 -738.28311924 239.28015592
-31.74606297 -729.88730813 248.67725453
-20.12896432 -762.21755072 147.02517698
-13.54957109 -783.98683215 172.87398317
-32.40329310 -742.90387931 225.56744213
-30.73979687 -759.57319048 131.16021614
-7.16520577 -774.64962026 164.94613876
-14.06506821 -768.42765080 158.96129081
-31.19965492 -748.87323083 183.15249927
-31.09942939 -724.60275305 255.24007884
-32.28761087 -751.82511087 124.41771590
-31.10910876 -764.52260361 141.10413309
-32.56210000 -749.77690000 211.17925938
-31.52841803 -749.27293790 200.12635182
-32.29750000 -727.97890000 249.76425938
-31.51443439 -735.21937409 245.22980892
-19.00866288 -768.48207432 152.29572320
-31.07980506 -753.94578315 128.27123870
-31.39465000 -746.10555000 222.87135938
-30.07289352 -720.10106758 262.38692661
-30.88490000 -740.11796667 238.07332604
-30.01864302 -767.86484525 145.65167613
-30.30278451 -731.74635960 250.68740079
-9.31790893 -791.62128884 177.28183036
-30.11127600 -756.24848800 130.97186088
-29.68940400 -728.95637600 252.87160338
-29.63006667 -755.11976667 132.86142604
-29.49894539 -756.76045987 132.46256398
-28.16906011 -765.74612632 143.29477616
-25.93022437 -764.34793277 141.18644929
-29.56717333 -729.86180333 252.65507937
28.23251938 -819.76314728 176.09630493
-28.09171085 -720.48737246 260.34299872
-27.93809392 -763.56689605 139.48198825
-27.79550653 -762.24141862 137.38532965
-16.81750995 -778.49163944 167.14347997
-29.42846114 -759.22625314 132.34846509
-29.53559000 -754.64424000 132.61885937
-28.83939883 -756.43925199 134.19963916
-29.37090417 -724.90757917 255.62352187
-19.10560220 -774.20419610 158.56136310
-29.55370000 -731.04610000 252.63095938
-22.48947273 -773.22132121 156.42954725
-27.49783143 -718.86108000 261.61422509
-27.65144348 -766.80718137 145.06861652
-28.67251250 -721.93485000 258.67454688
-27.34349833 -722.19294667 258.92984271
-27.43047012 -757.08101517 137.23948910
-27.71681734 -715.09211811 266.86608726
-27.68148000 -712.91173556 269.76734604
-24.03019201 -759.82732920 142.30786075
-24.84257672 -772.56436552 154.58674989
-27.24646667 -715.95065000 264.61930938
17.67316536 -806.75816863 181.35672735
-26.60210000 -722.30220000 259.16705938
-26.49273692 -759.34917923 138.55291630
-21.03374211 -776.24175714 163.76627141
-24.95621218 -765.15551654 143.42670787
-24.24110000 -769.97965000 150.85420938
-15.30131961 -781.59242157 172.12072016
-25.23815723 -767.60227086 146.92262017
-25.87201446 -757.61328976 139.70885576
22.54342016 -816.10596473 177.95876248
-26.58470000 -717.88535000 263.17960937
-15.09627741 -768.47374854 157.46022820
-19.74749109 -765.25320152 149.57500317
-25.34891863 -759.44959148 140.41442702
-24.94263472 -773.36689698 155.86961296
-15.47119840 -771.68327089 157.74407364
-22.16117168 -774.23276912 158.54563250
-22.73651563 -760.17962433 143.72866684
-22.23417607 -770.77850031 152.62584557
-22.90124481 -767.37249091 147.19967366
-21.92579907 -775.37107728 161.24745975
-3.49399013 -783.78561788 172.37195826
-10.44890000 -769.98470000 162.78305938
-21.81476300 -769.72395850 151.20491887
-21.07757479 -766.01912378 148.38216023
-21.22181636 -775.88238000 163.15808301
-14.06086807 -771.39300953 159.13192257
-21.26280074 -760.73103778 145.18940456
-20.67780000 -763.98360000 147.85905938
-19.60705480 -770.53673251 153.00448693
-18.91382423 -771.68590793 155.00205512
13.89793394 -810.52628542 179.07181051
-20.13170370 -775.89461481 163.22630752
-1.91224933 -779.82485580 170.93202083
-20.55580000 -764.03560000 147.68955938
-18.48935563 -776.23691268 162.23848191
-17.87124630 -769.32112037 154.07467141
-16.91169841 -771.24217517 156.02315983
-17.52655652 -767.38176957 153.66135503
-16.04628694 -775.45086082 160.51425162
-17.33136548 -763.76308810 152.32064985
-17.05380370 -778.70926741 169.30887271
-16.38394016 -765.91219102 155.11815012
-15.04601290 -779.20770323 165.55764647
-14.87663526 -782.64172789 172.67803780
-12.87329833 -777.88160669 163.86827122
-14.02430453 -781.55843031 169.78465484
-13.10231425 -780.64912409 167.35618528
-13.49928318 -776.57541909 162.22688847
-7.03537331 -792.25433285 176.87869126
-12.76582296 -768.80161609 160.61323856
-12.54821283 -771.61382363 160.85028954
20.77611337 -809.49533198 181.32723961
-11.93823636 -788.54932273 175.87033324
3.86557435 -787.31655447 179.21303113
-11.74160833 -775.74902500 162.89034271
-11.70785000 -782.02930000 168.65300938
-10.07281892 -786.54393390 173.34772393
22.23515708 -810.72653288 181.23697170
-10.00733311 -789.70514615 176.10821960
-10.92892387 -771.17719467 162.29159113
-11.03586216 -779.30905405 165.51737829
-11.28631875 -773.88577589 162.47026027
-11.20432292 -787.75592500 175.01723854
-9.92520804 -774.71525965 163.75893190
-10.06752093 -782.14392791 168.68439775
-9.58333257 -771.64740688 163.25830158
-9.17752063 -788.28848095 174.54004033
-9.06811667 -785.09566667 171.58719271
-6.94871210 -777.61213937 166.61708109
-7.95440331 -772.43711722 164.09071500
-7.06298364 -785.19429727 171.62690210
-7.30077730 -790.02205958 175.45479468
-7.12995091 -786.76428430 172.95191861
-7.42311229 -780.25953170 168.10585383
-7.11412562 -783.53803943 170.32957081
-8.44601667 -782.30711667 168.74582604
-6.59288828 -795.25360207 178.38800144
22.88661254 -813.53570456 179.06420784
-6.40272811 -781.16263343 169.20789399
-5.96863636 -794.24632273 177.64009119
-6.04526522 -775.83410435 165.86942894
-4.18915879 -788.61339537 174.40211704
-4.26732020 -796.10706479 178.27743672
-4.06997751 -780.47853180 170.12713751
-4.73960414 -783.07797350 171.23793513
-5.21545636 -779.30387818 168.59583210
6.57301538 -790.44830769 180.65245745
-3.72811692 -798.35104386 178.81144400
-5.45202500 -785.08042500 171.70893438
-2.97299091 -800.32022182 178.89050301
-2.80217297 -781.71177027 171.97852424
-0.91377712 -792.51627117 176.79359609
-1.97360000 -786.25852917 174.34346470
-2.37610000 -788.28131194 174.63430415
-0.96854853 -795.17018071 177.53396994
-0.99423863 -789.45562759 175.81427859
-2.20493922 -778.62963922 169.49352898
-0.85463658 -801.22873602 178.99617830
-1.10886792 -796.35095121 177.95310008
-1.13590428 -798.58719460 178.47922476
-1.10423580 -781.21253338 172.85447364
-2.46012857 -777.93492857 168.57828795
-0.55215964 -786.68442535 175.54311979
-0.15966436 -784.05802716 175.34943394
0.27068333 -781.78488333 174.95160938
1.19043653 -792.50454022 177.41087182
2.10353676 -795.55503801 178.12103340
1.89761224 -798.41097206 178.48007255
1.11887365 -786.65267333 177.06679176
1.23780818 -789.48735780 177.20757280
19.80354535 -810.71451767 179.62581754
2.11275719 -804.25016692 179.68857019
2.66861240 -792.51501653 178.14576414
2.52540069 -786.65860589 178.43373965
3.09580690 -806.28931379 180.15075248
4.74177887 -789.58821669 179.65284731
5.18727308 -807.03084560 180.24793245
4.87107178 -795.38818438 179.10617543
4.93125658 -804.56523776 179.67246275
4.88599681 -801.63677857 179.15125484
6.01776250 -808.36701250 180.83893437
6.67101120 -792.85400000 180.58792738
7.72609376 -798.32337434 179.91819211
7.14746558 -795.78172899 180.28943441
7.88536488 -804.42556131 179.44943703
7.83713530 -801.57648040 179.33871750
7.92686511 -807.56356641 179.89104345
6.79821011 -790.59652921 181.01070320
7.74989207 -792.77836240 181.35703219
6.64662500 -808.80302500 180.86315938
7.54546800 -809.53190800 180.88195937
9.04213372 -797.55007558 180.98039891
10.85116476 -810.31392173 179.53710917
10.16107430 -795.97236853 182.25558892
10.66596973 -801.81116725 180.10349362
10.87741608 -798.36923035 181.87294162
10.88829960 -804.45767001 179.53912333
9.44030000 -793.96040000 182.18855938
11.59471333 -812.60620103 179.81490194
11.81391687 -800.75983855 181.22903166
13.91514259 -807.56925313 179.36756160
13.59541311 -804.75200146 180.18974560
14.02146552 -813.13392994 179.52929433
15.00924419 -815.31220698 180.09216635
17.26082778 -816.06923079 179.40945104
16.93037644 -810.61819455 179.10050958
15.71613261 -805.77710000 180.62327894
16.87106620 -813.43411684 178.98027277
19.34849148 -807.87986610 181.76950028
18.79387184 -808.66559320 180.45379141
19.91358037 -816.61495327 178.52263453
22.58963843 -819.44705658 178.19225155
21.99065211 -811.39183000 180.29024516
23.25562329 -816.89664781 177.59171156
23.53413492 -818.90316095 177.39419271
23.76380000 -812.29995000 180.80790937
26.46744699 -821.26086928 176.62276540
27.76734071 -817.30108000 177.13660580
27.44720000 -816.04320000 177.79935938
