-46.29472319 -754.67175525 95.64060186
-51.36925509 -747.33441754 72.90807561
-48.58466391 -762.29133491 103.00686243
-48.54301521 -742.94369244 56.86752239
-54.45198672 -754.59562744 92.71887142
-57.42871426 -743.25998337 57.64899475
-47.73665714 -742.44851429 59.05629762
-67.41212394 -736.60339294 80.32787654
-54.26936091 -753.53275476 90.66255278
-59.45597941 -741.42492294 61.56984941
-44.69605652 -762.68096087 104.41871957
-56.27260172 -738.67121438 62.23658419
-72.77840913 -735.27896575 77.55124513
-61.10509919 -740.67492042 63.64514395
-49.38459951 -740.85524286 71.60886640
-57.50923906 -740.54687580 60.06259259
-67.31163502 -736.84227682 77.71048313
-65.23361774 -737.06165019 79.66218962
-51.12317379 -741.00342589 63.04689272
-61.20712276 -739.07298900 68.61234795
-46.94579462 -751.52390677 89.79619102
-73.67015044 -735.04587376 78.10448520
-47.91564275 -739.86910983 27.04432862
-53.61294828 -750.08913448 82.39179483
-49.15825030 -740.07174542 47.94599554
-49.24764219 -759.74455335 99.53514573
-47.13398840 -740.51421379 41.60838917
-50.81415000 -762.22185833 104.36477500
-49.38503636 -740.07103836 53.77044745
-72.47786159 -737.61362174 69.32497754
-49.24105265 -744.87687588 62.91493527
-47.50028971 -739.57074074 47.21106235
-51.89326184 -739.46746280 59.45545580
-44.69635000 -758.55398636 101.97061818
-47.14041704 -756.89614536 96.43690514
-55.20884254 -746.06786628 77.54412587
-53.48405714 -756.07475714 97.38849286
-44.41458564 -739.98801172 20.46570701
-61.17944849 -737.68147512 74.53146682
-45.25227574 -741.29151006 23.34935769
-71.87738621 -735.31810690 79.66250172
-69.01649394 -741.87036515 64.07416818
-48.17943143 -742.38101136 74.70067097
-55.13099524 -753.03715238 91.38781667
-51.98558714 -747.79375646 75.12728752
-58.41832977 -738.96333043 65.54019232
-47.24600622 -759.49743556 99.86693089
-55.86282928 -736.98005538 65.62061452
-52.00736328 -740.57101689 50.75496308
-49.24425220 -745.24480915 65.69779161
-63.53096688 -738.24972399 73.68973450
-50.00068413 -750.37922897 81.56553105
-47.51545234 -742.19915451 48.05476040
-48.59271199 -740.22698351 35.89527330
-57.97523290 -737.51256438 69.00800390
-52.15180105 -757.00384256 95.80132313
-48.09624426 -740.09175549 29.95319788
-52.34687915 -748.54691066 77.75017278
-65.95200000 -741.09527500 64.01718750
-60.96075033 -743.28941901 60.12985720
-46.32151523 -763.76623054 105.07626467
-53.30432105 -752.96664089 88.51843583
-48.14536661 -749.67282799 83.17713380
-63.98349144 -738.43987809 71.80536928
-47.59481623 -743.34063748 77.92785579
-47.71859708 -742.46040730 56.41855730
-70.22273569 -736.07870483 74.90970244
-55.83563825 -749.92810164 85.73785765
-72.26360136 -738.48674000 68.02075000
-53.80970000 -741.06950000 52.15365000
-47.85107500 -739.82858269 24.86168077
-64.00590449 -743.62912555 60.84590918
-49.30695154 -751.08743615 83.98288745
-47.62350651 -742.31030640 50.53995000
-62.23953371 -737.50789570 76.87439615
-59.11178571 -738.51067479 68.32766181
-46.89809020 -740.36487509 38.55381954
-52.19824968 -742.34447128 65.84288008
-45.11659470 -741.31553922 20.35774099
-54.64231954 -743.59951885 74.50685115
-67.29424940 -737.00253562 74.93228717
-51.36616683 -742.53768346 59.96211725
-75.03010747 -735.77568754 75.02807527
-47.87463947 -741.23377368 30.17298684
-46.24424856 -739.97302982 29.48273733
-67.30412761 -737.49399954 71.82711650
-52.52558136 -742.32954958 53.54112203
-48.45934893 -742.01251334 38.77827945
-47.74113333 -747.20503333 79.09025000
-46.94716392 -766.21260051 107.70665041
-47.37243172 -767.48720000 109.37330241
-66.89082540 -742.50647905 62.89012270
-48.29380000 -741.70979526 36.07539313
-46.76313878 -740.14436924 35.70221880
-51.37486528 -753.28016373 87.93952409
-50.78933333 -741.29323333 46.18291667
-72.97842535 -736.72127225 71.70822072
-75.25557842 -735.31573630 77.00702158
-59.43945053 -744.44693053 58.47257737
-75.17096917 -735.00527820 77.90640990
-66.93299000 -744.23864000 62.17343000
-74.77830000 -736.12330000 73.21385000
-47.76100000 -742.92690000 62.18255000
-47.43076017 -750.74524922 87.02448485
-73.27446842 -735.77006252 74.69247188
-70.12977749 -738.68835655 68.07635014
-49.50227982 -743.16380490 47.56121914
-61.58621959 -738.47621582 71.71499361
-64.32475920 -739.01436516 68.50212541
-47.93443187 -742.34222412 77.00598574
-49.25065721 -748.32460469 77.81219552
-47.40663538 -762.25299385 103.10843923
-54.32718088 -745.56517496 74.92113506
-64.27585435 -740.08691047 65.87171842
-69.94724888 -740.00030112 66.23234970
-72.70801429 -734.92457857 79.32192857
-48.68399943 -742.25802718 41.69133112
-71.87296154 -738.89201538 67.10933462
-56.71310000 -738.19113333 64.37625000
-70.18029116 -736.92876219 71.63886825
-46.65159115 -746.61176662 86.24300007
-46.89638367 -741.98434431 38.71767128
-47.71328333 -743.88951250 72.41783333
-70.28742526 -735.71596926 77.91584437
-69.29725408 -741.39413878 64.69593673
-69.89652254 -735.83259970 80.46822687
-52.40911065 -758.73761598 100.74852797
-61.30404055 -739.81395354 65.79275728
-70.38621274 -737.82757156 69.57359530
-61.57630953 -744.75527432 59.10531106
-71.44306667 -735.14320000 79.71641667
-67.83500751 -737.90620100 69.64608356
-56.00861928 -746.84660359 80.00028498
-58.61450062 -742.45467866 59.47893920
-49.20243329 -740.49325394 44.86312574
-67.06147422 -738.65919551 68.36550570
-52.55812709 -749.58309973 80.33682932
-67.13674748 -740.04265909 66.05652589
-48.96913339 -764.48624064 106.68641844
-52.82128197 -737.53912516 60.01266258
-64.34204321 -742.21052741 62.44784370
-67.59844952 -741.33695952 64.40700333
-63.68943896 -744.75020409 59.77141922
-66.04388750 -738.22330625 70.54690208
-49.19320947 -757.45458853 95.84593946
-65.97200820 -743.95259672 61.10401230
-65.80345000 -744.17340000 60.91180000
-47.55555455 -753.42235035 90.80303951
-64.40710943 -737.86420660 74.96867061
-52.37154446 -755.53643975 92.45517119
-65.31551466 -738.02552449 72.38266169
-46.87803781 -748.64559043 86.80616340
-64.33532601 -737.44381288 77.48057776
-48.07854818 -741.43549818 33.01418182
-49.50221240 -740.54851498 56.68407128
-63.71783600 -740.99508306 63.87969612
-54.27516305 -747.69158270 78.09222537
-62.28667132 -738.24725472 73.65536019
-61.36488770 -741.78120838 62.10323534
-51.26014000 -742.53106222 48.43034685
-48.93704754 -740.38349812 41.80790652
-48.21257173 -765.84381673 107.68375778
-50.01829531 -740.88151682 66.00962803
-46.27989091 -765.01960040 106.46318656
-50.97783980 -744.28997245 60.67156633
-58.07333849 -739.82762664 62.53768605
-60.43605411 -745.74150435 57.78656715
-44.28505510 -739.83722438 18.07532802
-60.30397899 -737.90910144 72.48920422
-59.02912052 -737.31598515 71.71297304
-58.30279005 -745.63913220 56.93837290
-59.59523516 -737.10303187 73.59775659
-52.29952978 -738.96888274 56.84369425
-59.63304000 -738.22362000 70.44830500
-48.37570198 -742.53965683 71.73320954
-57.16232231 -737.91588462 66.16868827
-56.91027500 -740.80805000 57.97037500
-54.24176424 -750.53731311 84.37093997
-53.50554858 -742.56412642 71.04176725
-49.86908682 -740.98486217 62.80660133
-56.76870000 -738.15820000 64.19185000
-55.61103934 -739.50487429 59.59843654
-56.33697946 -745.53583452 55.60877202
-54.98661707 -740.31572031 56.90435280
-55.98189792 -742.24266252 56.53781386
-56.44976768 -736.56616162 67.79372929
-49.29708397 -761.10338899 101.57206567
-54.97223899 -737.30581717 62.81061378
-50.24562564 -744.60174231 47.24747308
-49.70563893 -747.74591479 74.97054286
-46.88696667 -744.05173333 82.37451667
-54.97495973 -745.76187148 54.27844412
-54.99485306 -748.33870269 80.83538830
-55.30496110 -749.34238320 83.47953295
-54.88916798 -751.16436827 86.92508071
-54.84075965 -752.30657982 89.50310610
-54.47623622 -742.28544317 54.22147951
-54.28713879 -740.81723585 54.39303217
-54.50499495 -737.86522671 60.84833051
-54.10155210 -755.54857113 95.16297493
-53.95793369 -743.25078634 72.15330296
-53.91973392 -744.77362638 72.46429548
-53.80993636 -747.24431818 75.98924091
-53.79269000 -756.41744000 97.74408000
-53.79863333 -756.19650000 97.06678333
-52.21088260 -754.11230348 89.77695715
-53.52567648 -755.96607319 95.18748780
-52.46722123 -746.09123883 71.70238791
-52.41946200 -752.32025723 86.61127514
-52.68732684 -746.63227772 74.07010994
-51.81469691 -742.47877829 62.82586430
-51.72913001 -750.39147497 81.50901467
-52.44427426 -758.00472669 98.64092884
-53.30903681 -745.59404668 52.83929307
-51.58604276 -756.40650803 93.79134284
-52.64283982 -740.09927674 53.58709216
-52.31046544 -751.19242920 83.96103528
-44.42876364 -741.31538636 20.64077955
-53.56993553 -736.69683816 61.88630197
-45.13411818 -741.17719091 12.36654091
-50.98309930 -744.75871162 48.83943873
-52.84546789 -742.50669557 68.71426116
-52.01230186 -745.57774939 68.98409138
-52.45388779 -742.51202618 50.71902896
-51.72854924 -744.97444840 50.54033122
-51.70801273 -745.11555673 65.85870155
-51.54342285 -760.16006429 101.64512800
-47.73664615 -743.41402308 69.57877308
-51.24784592 -740.78032367 48.30928495
-51.28035096 -744.66449912 62.89247469
-49.29613951 -744.52462011 59.91727836
-51.32509389 -759.41584944 99.84290583
-51.03458182 -741.04454545 67.44356818
-51.14370889 -761.53513867 103.85832689
-51.10063951 -742.58358319 56.83739055
-50.96851031 -740.84633471 65.85275859
-50.83030000 -741.01353333 46.03921667
-49.29301302 -745.65419803 68.91567633
-48.93839458 -746.02920241 71.82799373
-49.07942162 -755.48103197 92.44035876
-49.30379389 -763.38309918 105.03349087
-50.55484219 -762.03148438 104.18431641
-50.08037168 -747.27618176 72.87332776
-48.02699607 -746.82621288 77.13810240
-49.81653374 -756.44656444 93.84022838
-49.23647819 -758.75075847 97.99457750
-48.99451418 -752.13478558 86.50916031
-48.29229496 -742.44276496 59.58961248
-49.68623907 -741.01938665 59.77620242
-48.32089292 -740.10478175 32.72661890
-49.27243367 -754.05793046 89.81661777
-48.91699118 -749.13186766 80.54955012
-48.55650078 -742.98522978 53.70234316
-49.17827146 -739.59879072 50.56049613
-50.00805685 -740.76196835 68.71162197
-50.01758794 -753.29077510 87.90030175
-49.25486961 -742.60907234 44.92207019
-48.36290919 -742.51714688 68.78669369
-48.54224425 -742.94200043 50.79135328
-48.75659354 -744.31737929 57.24972795
-49.31885773 -744.42824948 45.76249845
-46.25464454 -740.02501890 26.51996188
-48.77268668 -740.28678379 38.72689025
-48.32712499 -742.47682710 65.69431408
-48.35453191 -746.34200918 74.48294789
-48.22421461 -742.68022944 62.77639541
-47.24167643 -745.66799732 81.01694946
-48.86927477 -741.04123551 73.64228178
-48.03971218 -752.80388329 88.91407068
-48.26775000 -744.22882500 54.57048750
-47.84200417 -756.09066250 94.41171667
-47.92960000 -741.22916667 27.89005000
-47.78240000 -747.15750000 79.37045000
-47.69266000 -743.89608826 74.98628783
-46.14644134 -760.39773824 101.95646007
-47.56989704 -747.61804717 81.16722925
-47.65521984 -744.87639321 75.05866644
-47.68325282 -742.43494777 53.39663311
-47.33470762 -740.43447460 44.77475889
-46.26699797 -751.81170765 92.55674188
-46.15945171 -757.44240281 98.88643347
-47.05367142 -754.12374672 92.97299882
-47.31928334 -748.33440944 84.05105082
-46.60929220 -741.46377827 29.57583236
-47.74065000 -744.36697143 72.91717143
-47.51772063 -745.42599085 77.84756851
-47.07023055 -742.05626844 41.59335231
-46.54057005 -741.65941015 32.82388713
-46.34446203 -739.99891349 23.79202022
-44.44298000 -741.30558333 22.66595500
-47.30391767 -742.12067226 44.80443792
-46.31620372 -741.30149183 27.15470244
-46.54434339 -739.97620395 32.77169678
-47.72951429 -750.23007143 85.15957857
-46.79457217 -741.88692523 35.97404526
-47.26683368 -743.69197507 80.54489634
-46.26460702 -739.90298873 20.89792497
-46.94074670 -745.90256838 83.66840877
-46.03784427 -739.67252538 17.78252936
-46.27234927 -749.18846577 89.52013263
-45.23466226 -761.67671206 103.54724300
-45.81189548 -739.68246422 14.71176430
-45.30830381 -758.30545206 101.08142741
-45.51843757 -755.40596030 98.19136421
-45.88689006 -752.60513464 95.08733514
-45.86027203 -749.89578811 91.54593252
-45.23917638 -741.28341155 18.27663871
-45.30105818 -741.23211455 14.97528909
-44.67840000 -761.49240816 103.59262347
-44.64005085 -741.28124915 18.17170254
-44.06711853 -739.45031906 14.51921700
-44.52315181 -740.25112468 23.19292700
-44.66557835 -760.25300928 102.89863041
-44.55320000 -738.13260000 13.57105000
