-45.16045013 -740.66990254 14.91111094
-52.26746009 -744.20454264 51.06860733
-59.53282843 -739.68150878 59.74490838
-55.06048550 -737.31204466 51.23646781
-68.28512340 -746.56626491 52.59278063
-47.91361681 -747.38733541 68.97904099
-48.93854542 -739.78213899 26.70373587
-48.49424444 -743.48185556 33.98265556
-49.48518539 -739.87481753 29.94916991
-48.49289145 -743.16517785 62.77388443
-49.85870982 -743.66872866 45.31928931
-47.15233556 -739.57687699 26.65161918
-49.94841439 -745.03084898 53.90361107
-45.89658861 -740.60212911 12.17741920
-70.04330064 -740.85860705 67.70159167
-59.25237371 -744.75797628 47.83766531
-56.74207888 -741.44003010 47.68802691
-48.51837778 -746.55419841 63.87580952
-48.35290663 -743.00005548 65.96613453
-50.31268566 -742.26607693 35.73984808
-72.17353297 -743.49016484 58.63110293
-47.10025002 -739.52008409 23.81180436
-55.39772793 -739.46813903 47.98612346
-53.57595864 -746.09407356 62.54642548
-45.08018724 -739.11033273 17.75326466
-48.58488363 -742.20313606 44.59959808
-48.73300000 -743.48613333 34.24666667
-46.48906688 -739.10725725 14.90523577
-46.05410401 -740.67620247 14.87487438
-48.87824286 -746.25351048 61.80126476
-50.33447913 -739.58693263 39.29330776
-62.53356742 -740.76985081 62.74069851
-52.26017204 -741.05816943 50.92589415
-53.17769115 -745.22444794 56.85565551
-63.30060247 -740.54570185 64.69681728
-49.21920087 -742.14897756 62.49926123
-47.32695946 -747.89329691 71.91079571
-50.32404273 -739.81777928 35.79985242
-48.53483665 -742.72215000 50.86144506
-53.91154031 -737.33514806 48.67033643
-56.73710640 -738.65673976 53.65468722
-54.70572000 -745.20688000 58.78416667
-67.24402726 -746.86479632 51.90410479
-67.98878235 -740.33900000 68.46967255
-51.85941882 -743.77088471 48.52669490
-52.89955197 -741.81017545 38.84655819
-52.25051458 -746.56553750 40.14900208
-65.13690762 -741.62957231 59.77621564
-57.71931579 -740.30578684 52.09463246
-70.97781271 -741.02620271 65.71456533
-46.87799820 -739.23052124 17.99596068
-46.30168777 -740.85408297 18.12177312
-52.08393019 -739.98971006 39.44499886
-56.40321239 -745.13277152 44.67101993
-58.23357106 -742.62439217 48.44671908
-51.78606979 -749.08588958 70.73428333
-67.97990384 -742.64129140 57.16917708
-46.37924949 -748.32709039 74.67245568
-60.32109698 -739.91346302 61.82472365
-53.33646508 -739.17151339 45.01188615
-53.24743486 -741.10487890 44.59598012
-68.17914510 -740.75865864 67.95377899
-48.15814983 -744.71520282 62.84113400
-47.03475846 -739.31474358 20.94898786
-49.53614280 -741.89335440 59.96449421
-46.51075364 -740.86080308 20.92781359
-49.80013940 -745.64779849 56.72068628
-48.32098318 -744.53159113 60.24297314
-52.49899624 -747.55666723 65.74814353
-73.18276133 -743.50785580 58.94822026
-48.56829024 -743.58612195 51.14850976
-51.07620931 -744.85929214 38.42213891
-55.04965973 -745.22496108 42.95962381
-61.17104944 -743.03540111 51.90781556
-50.10512768 -739.59691583 41.55355046
-48.14045494 -741.49944785 35.67010454
-50.04654956 -743.87380599 36.36352880
-48.61350000 -743.47577143 48.95843810
-71.14695535 -743.96775684 56.78610508
-45.40561771 -739.37160783 20.91273487
-47.00433331 -740.84603595 23.87692631
-46.78489688 -745.56357817 71.29854058
-51.76143750 -740.35011250 36.95419167
-52.76316710 -741.86838990 53.95061211
-49.50817243 -742.32370716 38.89249877
-56.68000274 -747.52791624 44.13052400
-50.13134471 -749.26000259 70.92043843
-48.75672286 -739.76090000 24.79722524
-49.35485246 -741.42695069 47.78270796
-47.36214581 -741.08877492 26.71452602
-62.07353768 -742.57328802 53.87766008
-48.88587860 -740.72070406 27.18434157
-47.92554881 -739.76445330 33.05476561
-47.94957355 -741.66983266 33.08975232
-59.32231316 -741.33698100 53.71122084
-48.34377687 -749.64662517 72.84312653
-49.85311095 -741.34614497 53.90749398
-47.54412607 -744.91763988 68.69827310
-47.66337134 -741.30331238 29.77856167
-49.43849809 -750.30065227 74.63800494
-49.35727969 -741.09405573 30.20258164
-44.83739073 -739.05612690 14.88985246
-68.10630329 -741.74297050 59.80200619
-50.05319746 -739.91280736 33.16909103
-49.94484767 -741.79092737 33.00557682
-53.72566033 -745.21271780 41.39889460
-62.25570945 -744.51215724 50.64620047
-52.03105218 -741.49161549 36.37229749
-52.28452650 -744.61711397 39.36577683
-47.06796109 -750.81497386 77.60789752
-53.94840326 -741.56824105 41.50543480
-53.75975037 -747.01505093 41.68036294
-52.56494538 -739.74956778 41.83306000
-54.97164714 -742.25418130 42.70577258
-55.25130043 -747.45802935 42.96686880
-55.79107008 -741.86966788 45.02786828
-58.69753313 -747.78495182 45.46616321
-54.51632727 -737.59510909 49.68320505
-52.10543601 -748.48664129 68.68023917
-58.03908688 -745.88881866 45.98784655
-54.87651111 -740.08773366 45.84283072
-57.41289078 -743.83801348 46.67546738
-53.86077598 -738.18892714 47.42731328
-58.95488887 -741.99525315 50.94165894
-60.11279742 -743.76456151 49.93606052
-57.32089140 -740.82827167 50.33424491
-56.09841007 -738.95823975 50.85849085
-54.42229032 -737.31047957 49.82018817
-58.00191030 -739.99950423 54.14322708
-50.06029157 -744.42091026 50.70753289
-55.75585593 -737.34477458 52.79099040
-51.91858194 -746.49899722 57.99878333
-52.73341894 -744.59212856 54.07368538
-58.47045067 -739.43976173 57.12973569
-57.34993528 -738.43958177 56.02559777
-62.19265182 -741.22504234 59.79954431
-68.12069210 -741.13420726 62.85682857
-65.16534054 -741.20040370 62.77740185
-53.10140159 -742.40585714 55.78860794
-62.11143181 -741.78474577 56.84425835
-49.84296983 -741.51799006 56.84783459
-53.61495613 -745.95634234 59.81091074
-51.28251643 -746.56233857 57.93581738
-61.44471390 -740.24213096 62.99611737
-52.38445730 -746.73350453 60.20880867
-50.69593517 -746.80203479 59.98936543
-48.46900231 -743.09186655 59.90005190
-52.56993970 -747.03843127 63.04805076
-50.25816171 -747.15233978 62.89318788
-53.37590000 -746.30850000 64.44336667
-50.35623986 -747.90450589 65.77392122
-48.83670984 -742.37049057 65.16814740
-47.90389376 -744.81363345 65.87884760
-50.20668985 -748.77325767 68.86782146
-48.06529419 -743.22960116 67.74751957
-50.97222500 -749.47149375 70.19990417
-50.19541381 -749.76516915 72.07288860
-47.58183987 -750.02312390 75.14139191
-46.12124722 -749.16227639 76.58430833
-48.25502025 -746.92984930 66.20844325
-73.73774297 -741.69449755 65.19591880
-73.69349673 -742.33874196 62.99959124
-71.08032920 -742.46529975 59.83357187
-71.11059538 -741.50216945 62.90749868
-73.27352503 -743.06656055 60.21435437
-72.85674031 -743.68245426 57.89549690
-70.26128420 -745.11003666 54.64691957
-64.79338927 -745.48959722 51.38040658
-65.23586854 -747.13102928 50.42173188
-63.96937979 -747.82410603 49.09602553
-61.48479003 -745.58286574 48.72788873
-62.06437091 -747.59248762 47.90818617
-45.42835667 -740.86935508 21.04165159
-47.43426074 -739.75947241 29.65461229
-45.42628030 -740.74232424 22.67065379
-49.15811729 -746.02030034 59.76961787
-60.79390154 -740.32081692 60.96886359
-66.96125775 -746.22415634 52.21303286
-45.42578881 -739.89983507 23.08031070
-64.15303836 -740.31673774 65.90229182
-65.40045081 -744.22959131 53.25947432
-49.51209158 -742.35196881 41.91170193
-48.32275268 -741.57792812 39.13814836
-48.55055882 -740.34134706 38.08633137
-68.17081478 -740.90412548 65.85681029
-48.45639596 -741.78548795 41.50180252
-60.30717426 -740.60331598 59.33539004
-50.23161667 -739.96405919 44.55675892
-49.25461605 -741.64303303 44.81329864
-50.38720736 -740.36235455 47.10798398
-52.16919801 -741.20462587 47.98286716
-48.59707591 -742.53497773 48.21600167
-49.81598361 -741.11546158 50.89194271
-48.60100000 -743.64130000 34.71586667
-48.53389369 -742.90344837 53.84824296
-63.04113622 -743.57182372 52.77284904
-59.92991228 -740.94008917 56.75150700
-64.87914173 -743.07134245 54.63273710
-48.48488093 -742.93475551 56.80822723
-68.04193706 -745.10856774 53.90943703
-65.12798110 -742.30558695 56.84846443
-66.90820476 -743.26036190 55.14933571
-48.46935395 -744.19581039 56.94897442
-68.80834677 -743.84753680 55.94630248
-70.37420918 -743.11404395 57.91693268
-63.00350811 -740.24398147 64.84188520
-65.29691980 -740.79933489 65.75846285
-66.35876495 -740.67163093 67.52751100
-48.73962500 -750.79872500 76.48356667
-48.30036345 -739.70749197 35.40827068
-49.90041778 -743.97235143 48.04202007
-51.67645000 -741.13705000 34.27671667
-45.28940599 -740.80414678 17.89185203
-49.56617647 -743.49053529 43.04766667
-60.08582993 -747.29157911 46.70497126
-48.53746690 -743.85866881 54.04180119
-48.74651667 -740.51060000 25.04895000
-63.46235000 -746.56562692 49.51533590
-65.86984000 -740.37402000 67.51054667
-51.77960000 -749.41860000 71.78466667
-57.63250000 -740.42440000 52.43226667
