-70.21551634 -747.66185743 75.40099158
-45.60649532 -746.56063727 47.50353259
-50.84250466 -777.88488705 200.58728135
-42.76327641 -746.81854405 44.65614969
-55.99383080 -794.23777939 230.57255922
-10.43886577 -785.17301956 162.07622189
-91.21084981 -782.80037795 329.36729559
-79.24587310 -794.38957310 281.54401519
-42.81504897 -749.60336510 59.11423226
-70.52938540 -797.33435860 260.48070388
-83.10576535 -789.89559939 308.54206505
-70.05752929 -743.65354645 83.51736568
-26.23856275 -787.54295980 225.40914510
-59.77817500 -787.03990000 265.21500000
-4.15580600 -788.75039920 167.33170104
-34.02382348 -776.63723485 200.41052064
-35.78840702 -774.61141754 196.57530526
-46.44426284 -771.16018735 200.44596361
-18.99835971 -782.64305767 155.27543320
-45.37749238 -775.79064476 173.74784190
-35.71016667 -782.76466667 202.15143333
4.93676433 -797.96096765 175.49471300
-38.53099591 -766.64322690 146.80739649
-43.42143114 -774.65894012 167.24808982
-80.25904533 -793.37292133 286.67570267
-49.97530056 -777.83113202 227.23586910
-44.14331867 -768.21773233 149.47114933
-41.52485185 -746.01427407 44.95441852
-60.97988859 -788.61675775 242.51853915
-48.20124684 -774.27987431 191.56139447
-83.86874706 -795.67312353 288.44262941
-64.05156387 -751.87570129 71.04699161
-43.69015705 -784.95414000 194.56904016
-43.22373217 -753.00931512 89.39265078
-43.84452278 -763.98455267 140.46665374
1.53962417 -791.56911431 171.27343243
-47.12044034 -740.36367726 14.60291620
-45.78485373 -738.93320597 14.14900000
-45.60269071 -746.39745000 44.56672000
-21.89308824 -770.58281379 146.45352849
-40.76422222 -769.28423111 147.31344889
-33.06717596 -771.35985628 133.84593497
-38.35705667 -765.01594333 152.45348444
-42.05368154 -762.96031923 142.91738462
-44.77895833 -763.04036667 130.79766667
-48.08946016 -774.50110186 206.41093457
-19.24499341 -771.07248593 149.37083084
-47.73691176 -740.91561765 16.68130000
-38.39702750 -759.50919375 111.09861500
-60.05217037 -786.56190202 239.58452323
-7.16146500 -786.01939065 164.11966451
-48.53044796 -775.89137449 182.65280918
-34.76735833 -759.92422500 124.42613750
-23.95977826 -793.47510311 242.13990124
-19.12397273 -776.82655358 149.64287602
-35.34017515 -774.76017456 194.46833905
-88.67602811 -790.72958432 308.15193423
-49.41890033 -776.23832141 188.52522092
-43.13905281 -755.17716888 89.49325842
-13.82334625 -781.44258187 156.55407375
-74.56264286 -796.32016429 268.18884286
-58.76279876 -788.64509398 236.50915664
-24.03168889 -777.94370556 148.09556667
-48.24388456 -774.29433885 194.48207395
-13.19177001 -782.84471989 158.56351848
-43.27482205 -755.45977136 92.48032682
-45.26957223 -767.44456342 149.47400107
-52.23361127 -779.56533657 212.49361976
-47.00867545 -772.80820488 191.49633545
-36.78299336 -780.76654845 194.15804248
-46.30768178 -742.55092804 14.48251682
-42.04654000 -754.06608000 97.19760000
-34.92130590 -761.69092132 122.47505737
-44.81510000 -745.13410000 52.50840000
-40.06466125 -777.59494438 182.45445094
-37.59562168 -771.09370198 176.38310290
-53.89406040 -781.65367023 213.03715925
-45.02484746 -744.95253729 49.80280678
-40.93593882 -767.87236655 173.32779913
-27.88846316 -775.61828793 144.01001703
-47.73062389 -740.66744444 13.99208167
-43.27101030 -752.72443089 77.15915406
-45.36239326 -744.76230259 47.26680415
-75.12164867 -795.59807700 270.06301367
-77.90193900 -796.92740900 273.38475300
-53.79662000 -784.92266526 216.47097579
-57.19919191 -783.08768157 242.65635685
-38.36801728 -768.67670370 161.74529938
-42.32300639 -768.68355150 182.40406579
8.24453675 -791.43744103 175.81627286
-45.87447733 -776.38480533 176.62262800
-56.09623782 -788.68291347 227.28383525
-53.36262318 -778.65550258 235.78816781
-1.10786510 -782.81463960 167.64409501
-16.46683631 -781.99607423 156.04922548
-38.43210482 -767.43947143 149.54322978
-54.97629787 -749.39344593 68.55611550
-42.68800539 -762.38422666 137.32475054
-43.16265436 -768.52677479 170.58904723
-70.79990276 -794.50651519 290.19786469
-47.03067331 -788.88094025 206.16848517
-48.30616603 -773.94056945 179.49507438
6.00795294 -786.86590588 172.18648235
5.20996987 -788.81186694 172.73921678
18.98645313 -798.33062969 181.50886094
-4.87652829 -785.61642441 165.42328315
-62.34680000 -745.19686667 82.08786667
-50.87513472 -777.80614392 206.55401009
-78.82429925 -795.16014540 278.58282795
-45.58275677 -746.13724010 41.41796771
-75.05120000 -744.92356190 81.34303333
-68.59334286 -793.29524286 259.10970000
-46.08861802 -770.60935281 170.49050445
-78.91710672 -792.50514106 287.45864649
-15.93602936 -786.02561966 161.07846366
-77.82734000 -792.98655333 282.44923333
-60.93861036 -747.64942292 74.55579969
-44.29697143 -748.23952857 48.38118571
-62.30063458 -790.44332710 272.51713178
-47.32595778 -772.81604319 200.54738735
19.85515000 -806.64302179 178.55603077
-57.80792000 -754.19594000 67.56764000
-45.17697529 -781.55386353 189.16547294
-62.56384400 -791.40830400 247.16703600
-80.62850000 -796.21070000 280.17110000
-46.25824609 -743.11140413 20.39062894
-64.28846392 -788.67990241 254.60635051
-42.94500599 -751.44514055 68.51887373
-82.16584855 -791.84356609 296.43214258
-51.73417135 -782.43840673 206.67159708
-44.71340000 -769.08464000 169.37986000
-53.52176000 -782.55480467 214.74466800
-43.77522855 -740.08892436 17.40635527
37.50146923 -813.36064359 178.73666154
-60.05619118 -788.48069320 239.96946826
-56.36944144 -781.76062387 241.94547703
-45.18841111 -772.69101333 164.73180222
-45.85090135 -744.08251435 41.44153386
-3.91863351 -795.40741277 175.28394681
-50.18101521 -778.43877026 224.21284308
-34.92056847 -763.53274955 120.15871532
-62.69593333 -790.69232222 246.90206667
-38.55280588 -766.00995294 160.74494706
-53.79980000 -750.66676250 66.90613750
-85.13819075 -792.05591223 299.48672680
-43.18528194 -742.91050894 20.60518790
-22.81381429 -773.55992419 143.83256120
-43.16999334 -755.38582455 98.33372087
-40.10631228 -757.68866617 113.22596942
-40.74228710 -775.30604516 168.57872097
-1.29427273 -794.96660062 173.55003137
-45.27120000 -766.83674649 146.66916432
-68.63130000 -790.16270000 267.96490000
-40.62927795 -759.31785958 122.59053806
-43.37420063 -755.38236646 95.67605870
-50.14286309 -778.45394940 221.54944148
-29.51428000 -780.95839500 212.91118500
-45.97942446 -743.75367593 38.56919472
-59.54592857 -792.80075238 241.19114762
-45.39909108 -768.46549324 158.65975068
-57.06733078 -788.49280584 230.73996982
-33.95816041 -779.80899510 197.69883584
-57.76434153 -794.66827268 239.52039185
-54.92132911 -779.76605000 239.15499422
-37.38706097 -758.41795359 116.48448660
-60.52742100 -786.45784816 257.48033392
-44.33159286 -778.02071429 178.30246429
-58.54291781 -783.66334521 256.98754703
-74.96201333 -745.29478000 81.00576667
10.60559726 -804.59548288 178.08270479
-43.54878584 -761.10910021 119.56451588
-68.77935000 -793.22011667 282.82231667
-50.09185926 -789.53136296 211.97889206
-42.51485088 -759.57415214 122.33292771
-6.51247853 -782.71002618 163.80849147
-55.99895751 -779.99974862 242.28537253
-43.69650338 -769.64418428 179.34273748
-11.35206438 -777.11256781 159.50598767
-48.23570349 -774.30784847 188.46847205
-41.87286667 -761.10759444 109.52034444
-63.94135495 -747.78168929 74.84120879
-95.02700721 -778.81283607 337.76943607
-4.94020394 -792.78709921 172.63410984
-43.06184206 -755.68235670 101.43205778
-27.52562395 -770.66397583 137.17087229
3.42644000 -790.37648000 171.91766000
-67.18316574 -744.21703944 83.43281394
1.82291688 -794.61044115 173.17855897
-57.14929143 -796.36615810 239.93402857
-22.27804898 -776.19271695 146.75069058
-43.33645652 -768.92279174 188.39549783
-18.98656860 -773.71448293 149.43056052
-45.86113251 -773.11139015 167.55732069
-81.38316507 -796.38718288 281.40893356
-37.09141955 -776.03945949 179.49883484
-25.21770702 -772.90029589 140.92781661
-37.35540494 -756.88410247 115.75309630
-86.56587742 -787.00329677 323.32712581
-43.38054623 -767.14396186 161.35585471
-59.31814286 -748.27181429 73.10892857
-44.48901818 -769.06883182 193.27613182
-12.09446126 -783.91880270 160.23893063
-72.52521022 -797.27680353 263.46673104
-50.48889417 -778.24516893 216.12806311
-10.00262414 -786.46880813 163.73266277
-91.16865172 -781.53567900 331.74788683
-43.30532115 -741.21704021 23.48002010
-46.42107799 -740.16216304 17.23086281
-46.12638903 -742.87949808 17.48832922
-13.22426389 -785.37020667 161.41407438
-56.52907273 -795.95615909 238.37075455
-88.12472496 -789.21490709 311.51404515
-66.13674319 -791.83958754 254.79659000
-46.03013130 -783.23653866 194.35552878
28.82578284 -809.41734970 179.05178580
16.75825470 -809.73594732 178.55387752
-37.76448227 -761.02724182 113.87392864
16.73063333 -796.00783333 181.01580000
-42.66088537 -754.40091463 83.78673252
-43.23332287 -751.86415802 71.51150273
-47.67955000 -741.44365000 19.29300000
-24.50597034 -779.46492759 149.23710023
-45.53378813 -745.93342929 38.78194444
-40.67578635 -753.13080000 89.42512921
-47.86083514 -745.02403243 63.51188378
-42.23335714 -765.93923818 158.02115766
-85.11567554 -789.57502409 308.49662787
-52.19074583 -777.95121667 233.28795208
-53.85764215 -790.80992810 219.39531983
-31.85320611 -769.62603278 132.36945722
-75.60743773 -792.39124769 278.69539282
-87.92560952 -793.26934762 301.56413333
-87.56753944 -792.24680431 302.66128470
-47.17147904 -772.74673235 182.52823554
-13.90486642 -776.51194926 155.86609244
-43.38701758 -749.96255953 74.44630869
-50.40775657 -778.31680457 226.78131543
-46.33736152 -741.03153768 23.35763086
-46.16646282 -770.40584262 167.48859512
-36.72414547 -773.73310700 176.55559383
-52.16693471 -779.61504345 215.51018136
-43.47874841 -752.19761161 83.46155489
-81.65288592 -790.85865162 311.48553706
-80.46626098 -792.05449512 313.29048293
-40.77523787 -758.21538824 116.49253824
-39.02270921 -756.40779833 112.52379205
-84.00794359 -792.93917179 294.34336282
-56.28635758 -748.69472727 70.38152424
-44.07536114 -766.69384657 155.56545086
-33.08769571 -768.87374429 130.37663857
-43.24962708 -768.11029072 167.48741381
-45.20853750 -738.94294375 16.44278750
-28.77342626 -787.45445475 221.99475177
-90.24152628 -790.50111667 311.14701026
-43.09849933 -743.85466141 41.40109362
16.77016848 -803.57584239 178.60902500
-52.86399375 -791.71145469 218.18675313
-40.69871403 -754.66412482 86.53857158
-43.49005749 -752.25493297 74.60875749
-89.36658704 -784.01163148 327.34706296
-42.99197478 -782.45771292 188.48964920
-43.39485064 -749.47604735 71.32257934
-43.61784612 -761.35201537 122.51873597
-56.83037611 -784.02116106 227.45545487
-41.32490000 -754.04137500 97.50102500
-43.84545685 -771.64058151 158.40561781
-47.70645455 -772.07451818 170.73086364
-45.00995000 -778.32925417 180.26622500
-38.54828214 -769.04595000 166.69541786
-46.59863380 -740.78361016 20.37463882
-44.06584437 -769.02848874 191.44815298
-48.70372061 -782.47526515 197.96525576
-56.71567857 -787.60438571 228.75661429
-54.60772157 -744.08604930 74.59297871
-25.01819609 -774.27118251 142.99660741
-28.26313872 -769.81658836 134.87506128
-43.16576263 -758.91418693 116.46217495
-43.13802508 -748.60042080 53.47269083
-44.93710000 -748.21310000 48.88060000
-13.26351208 -787.57282157 165.01021859
-69.43632275 -793.58734731 284.84983443
-44.49868493 -769.22900822 171.21605753
-17.70090000 -774.15187500 151.02177500
8.06600564 -794.75142206 175.62101054
-49.60430052 -776.29128940 206.56070074
-42.93685233 -759.29417534 119.38169158
-86.62138333 -787.06866667 325.34441667
-55.84874172 -785.69399889 224.39200764
-60.73320691 -752.84758723 69.32154840
-25.78201179 -788.38670690 227.50562714
-36.39122511 -759.01903219 119.52682768
-36.70786453 -773.00343793 185.48004175
-6.99051197 -790.75426718 170.64841962
-46.04054933 -743.27043603 35.50021380
-28.10545936 -774.75631598 142.58882374
-85.01892356 -794.15450953 293.48149137
-33.20913472 -784.44478333 209.34012882
-47.58536000 -790.23842000 208.74232000
-49.66110909 -752.46063357 62.86497902
-50.22140435 -786.63895217 208.74886087
-85.51276836 -788.67169956 320.50399376
-47.88060909 -751.56569545 60.28359091
-3.31871472 -782.75193849 166.50218528
-43.52379149 -740.50514227 20.53760412
-55.88470837 -791.54510934 227.59975000
8.01046877 -802.90161761 177.71569302
-55.27035065 -782.47361495 230.52263819
-50.15930000 -783.25709381 203.11466289
-43.28711064 -752.50307091 86.36364363
-47.28659295 -776.71890477 218.37586477
-0.28921967 -788.88321633 169.38649633
-75.40053015 -744.08825441 83.12212279
-43.18759529 -744.06460366 29.59762757
-42.77635779 -747.09632228 47.57081975
-44.25731185 -769.35629605 173.73604134
-71.88436667 -793.28377255 288.53983137
-53.20755693 -782.79702336 212.33850803
-2.75105000 -793.20847500 171.81965000
-45.21626296 -787.47483401 201.03584040
-41.49994222 -768.27589556 181.52910000
-46.21412639 -743.46160107 23.55509034
-27.11322958 -776.92960000 145.79582324
-64.68421667 -744.99870556 81.40626778
-39.58250000 -766.12340000 163.04640000
-68.03896313 -791.14764229 260.33441375
-53.69726279 -781.09905116 218.60749535
-42.77785607 -747.96597016 64.94323836
-40.00656728 -766.92578821 140.32413374
-70.07949091 -744.54405675 80.49938485
-50.90846704 -777.83220615 209.43388324
-49.62558478 -790.90331685 212.74276848
-45.91006890 -741.73675244 29.18758659
34.48029683 -813.30500635 177.36740476
-26.22178309 -770.91386558 138.14752641
-3.39742925 -785.62250951 166.58835101
-35.05634399 -778.77343314 191.70028504
-62.00052111 -789.96507444 271.42275111
-53.40277901 -745.53091605 70.41436543
-53.51328750 -793.59862500 220.14197500
-38.80650000 -772.22096923 186.20998462
13.59245782 -794.89273507 179.66666635
-44.01984512 -741.88613415 32.29644390
-47.20497932 -772.67944079 179.51708754
-45.69425718 -782.26101906 191.68734935
-56.33591333 -796.25845333 237.06874000
-38.46448734 -765.69512025 158.28449494
-50.52285313 -777.78190625 229.38991250
4.38091693 -785.99320253 170.58046978
42.79511034 -816.60712414 175.30183448
-53.19899143 -785.70934163 215.29119104
2.16782500 -801.62020556 178.23279630
-90.50048277 -789.16591790 314.41760179
-44.94205907 -768.80664663 164.43277979
-2.01524000 -790.20336667 168.92008667
-42.59231518 -756.54781317 107.38264978
-76.18143578 -791.84554749 284.48186988
-40.90666000 -781.21158000 183.91084000
-87.87646598 -785.49977172 326.54619399
-58.14088187 -752.64447775 68.53570082
-44.83427857 -751.74615714 75.08615000
-94.39311579 -781.49541228 334.46456316
-67.26931070 -743.61535521 86.22627493
-61.69496437 -789.32512771 269.42157866
-43.70495970 -764.12879612 131.54192925
-88.12079526 -787.49012460 317.09846907
-46.07298776 -741.41788343 26.57473823
-4.02077753 -794.22861694 173.99006407
-46.04011642 -743.82642114 26.43377496
-47.10270937 -775.91988984 215.47308307
-42.97171775 -772.98763254 161.26504822
-45.23909597 -749.19146779 53.98657651
-20.95413689 -783.31001748 154.53087282
-70.41823040 -790.74231255 269.39822885
-45.62844475 -744.41780375 44.33230000
-91.04058008 -783.80338467 327.10882203
-43.70552154 -752.54511125 80.58168441
19.39380897 -801.17505000 180.52973846
-73.20722530 -791.49406303 281.51598348
25.00177619 -815.85509762 178.21414286
-43.21240866 -750.41293134 77.38975031
-42.15983026 -756.90281447 109.96781974
-45.52431291 -768.11299702 155.49515232
-76.12036368 -792.15312607 281.68399585
-39.91473721 -762.01588140 115.97980058
-43.34663854 -758.34206119 110.55996630
-42.91617395 -756.14742267 104.42234180
-42.71445919 -769.70928186 149.88399379
-8.88211579 -777.36567632 163.25250263
-50.98764505 -747.73327473 63.63620000
-41.28602137 -750.89727265 80.02272393
-46.35646306 -771.90998919 205.70034955
-44.77469000 -772.29732000 162.50565000
-41.38360531 -768.17355894 179.41763430
-66.05590625 -751.33791250 71.98344375
-46.28490285 -743.41695438 32.51070468
-86.57730000 -787.07655000 321.66170000
-42.76339148 -768.65782091 173.35431814
-55.10212005 -746.39517602 71.81506303
-49.76445164 -776.35284937 200.47176720
-49.15621846 -777.73699293 224.28033992
-72.04363729 -743.12581525 85.58410847
-90.26943333 -787.02183333 318.74474242
-54.56024013 -753.27385478 66.52799363
-47.22237647 -780.74443824 190.87122941
-43.99950000 -739.11410000 16.31570000
-45.58432229 -746.47435396 53.41291730
10.26289901 -794.75295468 177.13049655
-48.09276214 -778.83910194 188.73706699
-13.80604091 -779.77489416 155.97691347
39.53502500 -821.33847500 174.67622500
-61.31068548 -751.64050484 70.36457016
9.58220455 -789.85212273 176.60133636
-46.21630153 -743.72221407 29.29196831
-5.21251429 -780.18652738 165.59921071
14.95313143 -811.54566000 178.68947429
-46.45747845 -773.52290862 170.53275474
-40.92740857 -780.40683429 182.50912317
-16.49110190 -776.84137633 152.56546177
-52.26160664 -779.61120846 209.52418233
-43.16326798 -775.82791011 170.55411798
13.77873848 -806.58094382 178.24874635
-20.86709600 -769.79136000 148.13648400
3.48606667 -802.04940000 178.09291667
-43.16534169 -743.30747230 35.39703732
-38.55473077 -775.41884615 171.02617692
-93.20308182 -784.39564205 328.77932045
-45.97060881 -769.97725683 158.76349207
-45.02058333 -745.19305000 30.33556667
-40.94948767 -750.31552600 74.34275567
-49.68342213 -776.29648779 194.44557213
-42.20522000 -757.23168000 96.62344000
-48.38498643 -774.36144182 185.37311859
-44.16128679 -786.10975526 197.16160270
-47.53432364 -777.01936182 220.41832364
-47.01930260 -773.71769072 209.44844431
-43.07673579 -754.74191158 86.59196877
-20.21244099 -775.84472671 147.50564348
-48.81801914 -777.52900875 218.55472078
-36.80729196 -765.48751217 122.07086826
-53.05100312 -793.37224687 219.24970625
-50.84692122 -777.96014245 212.24503429
-61.34958505 -787.77521523 263.56087772
-49.04475036 -776.13646390 185.64347838
-45.44048052 -741.96888961 31.95761429
-45.12277283 -745.39463370 32.60823696
-69.36906281 -748.63615057 74.28107619
-8.16842937 -784.82711587 162.45068095
-60.23065305 -794.27434509 243.16232228
-32.74483500 -777.71767000 205.29877500
-24.04661429 -790.04982857 235.27890000
-3.08186630 -796.67942500 175.91998261
-48.27934214 -774.27142232 197.53891116
15.93973562 -795.71001918 180.63937260
-44.70005000 -751.08905000 76.40520000
-62.20614072 -787.70950258 248.16676959
-18.02830698 -780.95807907 154.13940465
-40.12021314 -765.30443557 155.56371894
27.65260000 -805.08250000 182.04610000
-82.20554822 -794.62983150 287.34764261
-44.31119918 -766.52097860 152.67896584
-67.23801619 -744.77171108 80.77303864
-52.15975836 -779.85178637 221.43764724
-39.71784637 -761.87050615 113.23492110
-45.05477424 -765.60452652 143.35962992
13.82242431 -809.68426566 178.55057393
-83.19043431 -789.85086025 311.46926987
-41.81833333 -760.02323333 127.55152778
-45.37509748 -745.64844528 35.54759182
-43.36222277 -783.41447878 191.22171074
-95.44355000 -776.44264286 340.29830714
32.14836071 -811.56082857 178.25459643
-44.90328000 -742.06726000 34.70030000
-81.67479025 -795.33417940 284.68468349
-43.16357300 -761.78459954 131.45284114
-44.13623244 -769.76244619 188.34831300
-43.10772612 -743.50875429 38.40636367
-38.36780000 -760.26577857 111.62587857
-42.94582511 -746.48530149 41.48534702
-32.27570000 -765.32452720 126.02625120
-45.56356298 -746.49906446 50.51432578
-70.23323255 -746.34961376 77.41930570
-44.78637419 -748.27675484 51.00790323
-31.88430611 -782.36426112 206.64797789
4.89469216 -791.63499796 173.27184749
-19.77561556 -784.39221222 156.42889889
-43.56145882 -748.31511000 51.05154529
-93.15429375 -783.42300417 329.88426756
-67.01912409 -746.10651399 77.48621736
-67.16024933 -748.87520838 74.16948667
-66.60538198 -745.31486396 79.61704054
-41.25099392 -747.69341989 59.38492099
-47.52263158 -789.75612105 208.35962105
-38.32458571 -778.18362857 183.84978571
-66.68833021 -750.60813229 72.57325312
-41.05390482 -749.01876232 59.29725127
-54.01234750 -788.44874854 219.09975646
-20.40358000 -771.99920000 147.92608000
-72.54428316 -746.33197602 77.66162551
-73.46903431 -745.42251176 79.47362843
-55.66030561 -752.28847551 67.63451071
-56.53960000 -754.23340000 67.01216667
-54.91925263 -754.30271842 66.30762368
-64.25510649 -746.41964161 77.34140537
-46.96096250 -751.23430000 57.08041250
-64.10562378 -745.48675014 80.07106074
-43.21530424 -758.09895088 104.63290247
-70.03086272 -743.19749012 86.46534543
-69.03631417 -797.37046850 258.48934173
-43.40216590 -749.14834104 68.50236397
-44.81855963 -749.82226789 68.38261284
-82.87351705 -793.72077672 290.14495213
-44.82521395 -750.29307209 71.08862558
-42.79008868 -750.80363908 80.23505741
28.35318261 -807.58630870 180.39354783
-42.80740000 -754.23157500 81.06771250
-42.35887714 -751.04116857 82.38536857
-74.25846875 -793.55866771 271.92552708
-40.55828407 -772.42601504 158.93696372
-42.80070488 -784.35637642 192.48707561
-42.98635280 -753.45943227 92.31019973
-46.42983760 -776.86255496 179.37506322
-42.48095676 -753.87063398 95.37264247
-42.32308802 -757.36651116 98.47156405
-66.89087648 -789.96268420 269.02010790
-42.87804603 -757.76700529 101.58627249
-43.44527597 -758.22405652 107.56860435
-19.91938701 -781.51443701 153.65488961
-40.44448092 -756.04683203 104.42378688
-40.61288643 -756.40604810 107.34150310
-40.22875071 -756.29352518 110.80990780
-11.63400000 -775.12350000 160.13690000
-56.94768658 -783.77244329 236.55015738
-46.45567922 -771.55886097 203.30462058
-43.95421040 -769.52494993 176.68759958
-39.66155811 -758.37717554 110.41438741
-40.63102696 -761.36644975 110.87756029
12.08123000 -796.51388000 178.07014000
-44.99778000 -775.29781333 171.51690000
-43.10321461 -758.46695742 113.45453613
-17.58338571 -772.93391429 150.92755714
7.10761537 -788.59378532 174.00950757
-41.74950000 -757.04940000 112.57570000
-42.74979717 -760.34959151 114.16931415
-60.51414045 -786.46891990 245.59421688
-45.54734531 -769.66030078 155.54520859
24.25630000 -812.56755000 177.96560000
-55.27929039 -791.61928605 224.42421829
-40.83206667 -763.20403333 111.74900000
-73.20655725 -792.35008337 287.50982400
-40.29507093 -763.45573488 113.85455233
-38.18629118 -756.39965196 113.79734673
1.95116258 -800.23565980 177.22509608
-43.18984477 -760.75018889 116.61723987
-38.17808987 -758.59114430 113.95162753
-47.12504283 -772.83340529 194.46615546
-74.22015449 -792.96531667 296.68572692
-39.25266903 -763.84165265 116.56091239
-46.78818300 -745.97868000 61.62343600
-40.69928203 -758.75029477 119.45350719
-37.15403270 -761.92179540 116.52117254
-43.34435180 -745.70126532 35.57306081
-27.62728618 -786.13145583 221.17329575
-38.28736292 -763.47291348 117.52236742
-46.94562364 -783.68813697 196.87378424
-30.34755414 -786.52731601 218.28054838
-37.51327320 -764.39277246 119.63108881
-76.17325464 -791.74279595 287.41619810
-61.09547917 -749.83776190 71.90271012
-53.70487576 -781.07941515 224.35453030
-57.55538135 -785.20079368 230.61026984
-64.33470101 -791.47298560 275.40197221
-38.86885625 -764.94689375 118.93746750
-21.76121087 -777.53014823 148.69489669
-43.56034344 -761.58817043 125.43283595
-42.14715114 -759.84031370 125.29913014
-40.72172735 -759.73382235 125.44206412
-27.66992982 -765.95045614 139.50782456
-37.28243495 -766.43290485 123.16033786
-21.92929000 -795.33186364 248.38790932
-42.52610278 -763.29144444 126.32929861
-43.31913880 -761.41153730 128.53054406
-25.59817678 -775.50063697 144.41052512
-39.26362263 -771.46393169 182.40915309
-43.19216645 -763.67089226 128.43440032
-38.57203571 -766.41014286 144.23986429
22.96360129 -806.65091677 179.09595226
-34.26880614 -764.34126750 122.68199705
-63.73690740 -788.69844584 251.60439078
-38.79357727 -774.93301364 169.62158636
-40.87167404 -749.91235822 68.53012110
-36.36337768 -767.30162655 125.35659605
-43.44172848 -764.10601083 143.56214572
-55.50744744 -782.46145487 233.42991617
-33.51557247 -764.69304260 125.11682494
-30.93370342 -772.78902334 137.64444175
-34.65626141 -766.84843746 126.05339211
-39.77887583 -761.55738900 131.53089558
-35.95068902 -768.51579756 127.58826463
-50.26657500 -778.36635634 218.69877257
-35.19089246 -762.35222563 119.77912261
-8.20203071 -780.07924571 162.47807357
-45.15875761 -768.62099475 161.17326975
-42.92866255 -762.09452295 134.45004027
-43.77513596 -764.51869660 134.46439535
-56.50628000 -796.27063000 238.61316000
-34.18220097 -768.11241442 128.37311750
-44.81528079 -764.12489735 134.65740265
-54.20395991 -785.60922665 218.43009151
-60.66013193 -786.34753071 254.53384402
-34.99929286 -769.35200714 129.50544571
-43.99793289 -764.42069357 137.41399401
-82.05485426 -791.14766152 314.45080045
-43.41665385 -777.69247418 176.19825165
-44.89585591 -764.76126599 137.58876888
-67.99230899 -797.41973869 257.12849891
-31.36978111 -767.11797000 128.88734444
-33.74054922 -770.01079102 131.46148594
-50.53571667 -784.02523333 205.37496667
-47.23420021 -772.81271037 197.41377178
-42.34939481 -766.50489740 137.89513961
-41.00230625 -754.41439896 83.96772500
-44.97603079 -765.22267348 140.46735976
-30.70275516 -767.82205797 131.15786717
-84.33649533 -790.48247290 319.75360748
-39.97395766 -773.74855255 164.41155864
-42.98353192 -766.94286901 140.51725352
-58.96366328 -791.77703711 239.34346367
-40.12612627 -762.18056567 137.37868336
-42.37666183 -762.70382419 140.38699032
-59.55470000 -787.18965000 264.87180000
-54.30995714 -793.69444709 221.71859735
-44.84090714 -766.32609286 141.33591786
-40.33567880 -762.56315283 140.35744876
-29.66690000 -764.26170000 136.03800000
-31.31840671 -770.82256826 134.50207794
-32.45220000 -777.94595541 205.61099595
-45.08426535 -766.62548740 143.63563622
-12.39631386 -788.35084182 167.02132636
-43.08670043 -767.72061034 143.53496983
-32.36987742 -772.29926774 135.66119355
-40.06277140 -764.88171190 152.36287240
-60.75175574 -786.35236064 251.58484426
-72.32110526 -792.36916218 269.56643821
-50.95143041 -777.84208249 197.54170092
-44.89864965 -765.90498298 146.07088794
-84.59966930 -789.98460000 306.31772512
-30.52875213 -771.81770798 136.51088723
-48.69555281 -777.62589018 221.36114798
-43.27252264 -764.48785760 146.51404187
-28.63453362 -767.77604231 134.79026829
-47.80219254 -775.00200448 211.39157761
-43.19143016 -768.44759365 146.31742804
-28.86187308 -772.52186099 138.52545824
1.69380588 -793.26084706 171.91433529
-44.34502353 -774.99539412 169.42672353
-43.21292644 -764.92339633 149.45373620
-42.17028000 -769.34256000 147.44164286
16.36902566 -797.78116151 180.19348415
-8.14750558 -789.92659116 169.71124558
-30.17191751 -773.93525724 140.11996195
-28.26055176 -773.60755842 140.58855321
-27.66122270 -767.66358013 137.56833870
-47.02910718 -773.03907733 206.60991298
-39.74067155 -776.75585356 173.43636862
-45.41279985 -767.75889536 152.53572627
-17.48028261 -771.44049130 150.86806957
-25.16585610 -770.84190136 140.42973712
-26.77615000 -772.08680000 139.09510000
5.02513003 -803.60419347 178.46782742
-42.96831903 -765.27259700 152.40617597
-43.02331517 -770.24452848 152.23656099
-50.91762564 -784.50960513 207.21517949
-51.43192134 -778.89759582 200.71671025
-45.13583137 -769.34838431 153.33199412
-42.63516401 -765.62528556 155.44273707
-61.36572038 -794.61999140 245.34162150
-39.75864296 -761.26344314 128.62367843
-50.76518235 -778.37694118 195.14884706
-43.24246386 -771.08028515 155.44789257
-43.60294508 -766.82392087 158.72916983
-25.04709666 -776.80358632 146.33460942
-46.18140321 -770.00199437 161.40232687
-42.72837130 -772.43947778 159.01462870
-21.42601444 -773.74798323 146.03004565
-56.20388847 -794.57251929 233.44513902
-25.93126308 -778.42381385 147.68413385
-44.42671579 -771.91903158 160.52786316
-11.00897039 -782.44143766 159.26092857
-46.21414739 -770.31123107 164.53664138
-53.68540000 -781.09985714 216.14560000
-20.38436250 -774.01395938 147.57791000
-43.21565495 -767.57920548 164.37169183
-5.82102885 -793.37036538 174.34739423
-56.34303420 -795.33916983 236.15132586
-22.24382680 -779.10014940 150.03082530
-43.15449713 -773.84977885 164.39955484
-44.80753232 -768.96153333 167.20192121
-19.87751689 -778.43527095 150.61920270
-16.02585294 -787.20204706 162.78720000
5.42516893 -802.49884466 177.81143495
-16.38220000 -784.86523939 159.26551002
-21.66417833 -780.36834909 151.61282637
2.19684826 -785.80612649 169.52259241
-21.93116068 -781.96437568 152.75648864
-67.06618224 -747.65788618 75.42411908
-16.29042878 -773.54206211 152.51389945
-17.86210714 -777.36400952 151.15375000
-19.08572040 -779.70279704 152.32876051
-16.59976775 -779.04990163 153.01652056
-45.93445479 -770.75818597 173.50122170
-47.15961343 -773.11840400 173.70564514
-47.86235351 -772.83162915 173.93274502
-40.65712275 -767.74911887 170.49254021
-15.82107231 -780.24704598 154.75973970
-72.08300417 -795.33527500 264.11205455
-69.76369565 -791.72694537 263.59787369
-74.14803105 -792.84378211 293.26453421
-58.75574590 -785.14397148 242.37297197
-50.71300000 -781.24060000 201.58866000
-43.26069465 -776.83989037 173.56320053
-58.00046644 -785.31043842 233.39891323
-15.01170082 -776.79186420 154.41139012
-45.79577557 -770.86567503 176.47478979
28.85490000 -818.44330000 177.99450000
-10.36985930 -776.80244774 161.21370603
-47.26511307 -772.82207111 176.34746231
-48.06852794 -773.44421375 176.51907761
-24.31982500 -793.20346875 240.74630000
-18.02127308 -783.87134038 157.22315000
-91.72352158 -784.59498091 326.02290519
-18.33878537 -785.17976114 158.47262293
-43.12059050 -743.14260396 23.39852693
-87.22834167 -793.56156198 299.24530104
31.83996087 -815.60363106 176.69519503
-42.42892094 -768.71772700 176.42698361
-15.78566921 -783.37112195 157.88050518
-41.16545570 -768.04563367 176.43748203
-35.31578324 -774.67421568 191.55315297
-12.31308428 -779.57668299 157.74673737
-45.69193096 -770.99438685 179.42338978
-83.55276000 -790.04983000 316.64835000
-48.10088000 -775.42911091 179.97300727
-42.25564081 -768.72355403 179.49504610
-42.46334227 -778.41061753 177.38739278
-48.41673130 -774.18583362 182.53295319
-30.04991316 -787.06315263 220.18784737
-42.81147571 -779.03320252 179.56953912
-11.04120857 -779.80240464 159.21680500
-43.78753414 -769.85071782 182.49435667
-45.67488723 -771.22666040 182.46941644
-67.92174485 -794.54532525 257.29027111
-47.03265891 -777.38749767 182.22575504
-9.55698798 -779.54823343 161.05061378
-9.98273274 -783.16218485 160.72297068
-47.05745040 -772.70564522 185.55468147
-43.75236685 -741.44441742 26.56435843
-45.65999040 -778.76833200 182.67985680
-70.38850000 -790.07150000 270.99590000
-42.73976667 -780.15112886 182.50907463
-1.73575889 -788.48654214 168.34604542
-14.99362778 -786.99648056 163.19438333
-59.99895000 -786.89119242 263.11824798
-44.77640000 -750.73157059 74.33737647
-15.11492222 -787.45476235 163.80865556
-61.96372115 -788.45758066 245.49071870
-43.95659642 -769.94027737 185.45754261
-45.56252225 -771.32260613 185.47735312
-79.09834291 -792.02818416 290.44135101
-47.42932222 -777.90316667 184.52769444
-46.14176541 -779.47450514 185.58669589
-29.66875000 -787.98685000 223.14790000
-60.58848494 -791.61620124 242.58856770
-35.86972420 -759.27737389 121.41965096
-8.01885616 -782.68697029 162.35863116
-12.91725416 -786.79027776 163.68417466
31.94960769 -818.42682168 177.00253217
-42.74399300 -768.78919244 185.36486499
-45.43187330 -771.22388102 188.49930534
-47.03583725 -772.80254474 188.56169430
-6.89710935 -779.55126630 164.28570370
-46.49645667 -780.27157375 188.30554250
-43.25848178 -780.85088089 184.81855244
-62.26467168 -787.41481195 251.53508717
38.74518462 -818.80470769 174.84430769
-12.33391398 -776.46955032 158.21251312
-49.70190167 -776.43046287 191.52231711
-56.82295091 -783.97652848 230.73806061
-42.65915116 -781.58043519 185.98890440
-55.66561227 -794.13192669 227.50796166
-45.48112829 -770.86640115 191.59948232
-4.85514571 -782.75810204 165.28687061
-48.52219740 -779.48732552 191.59072969
-44.37396106 -769.42595446 191.22894059
-39.60756186 -766.03455349 160.74136465
23.32970000 -802.93742979 181.65907447
-10.17932042 -788.61784850 167.50903856
-7.11917260 -789.05581926 167.32047474
-49.45870314 -779.45815919 194.37949641
-28.50688115 -785.46308226 218.63650962
-9.69324794 -789.53088303 169.88794003
-44.55535625 -769.19786875 193.39116250
-45.72783201 -770.64239383 194.23626571
-50.84459905 -777.56813429 194.83812095
42.94116250 -817.02205000 174.85446250
-48.10314783 -781.62600000 194.87437101
22.75079489 -815.02941095 178.83622555
-1.18966180 -785.41892615 167.96808540
-49.69767494 -776.30099977 197.61753570
-64.65186778 -791.63429939 251.37024863
-32.54442609 -777.91620000 204.18437826
-58.47171730 -785.11458404 239.41533404
-32.11637097 -766.42830000 126.66776774
-51.10899039 -778.62781179 197.55024236
-50.08083712 -779.88133258 197.18538182
-46.18282727 -770.79730271 197.43831169
-48.20961799 -774.37734409 203.42213316
1.30774019 -784.69329125 168.75187470
-6.70367948 -791.78810888 172.89162527
-4.11300709 -791.66181473 170.36236873
-76.10355448 -792.12508262 293.45737025
-52.41159181 -785.51351185 212.72929564
-44.29306812 -783.93049130 193.39768551
1.84769020 -788.54937952 170.52812525
-48.27313087 -774.30985704 200.50783685
-58.41409011 -785.36971056 236.48244911
-50.40709118 -780.66956471 199.65581176
-45.09946692 -784.46756462 195.44812385
-49.13217647 -782.94668784 200.09061725
-45.61420314 -785.20397642 197.61445503
-91.84651550 -787.50280775 319.90170465
4.01378627 -788.03132235 171.56949647
6.76017870 -794.53599231 174.75269231
-38.29936638 -764.64150568 149.19820000
-49.73379500 -776.33007060 203.54042113
-50.82804670 -777.86581320 203.56334721
-51.72027764 -779.20118234 203.57086021
-46.31938289 -785.99457939 200.16894889
-48.05579176 -784.69831647 200.85838353
-47.23190498 -772.81438351 203.59645008
-51.04061915 -782.05666596 203.89465319
-4.50743813 -790.37373125 168.73437938
-47.13021318 -786.71883101 202.73566899
-48.62425842 -785.66971203 203.71208351
-60.38435344 -786.56913397 242.56835297
-44.47875172 -786.97907241 199.29062414
6.60990476 -786.94053810 172.60388095
-52.00133861 -779.45240196 206.52673718
6.80806522 -791.62993768 174.61215314
-49.40084444 -786.08801247 206.12994363
-46.29199048 -787.96146799 203.46024074
4.80157705 -794.68558699 173.86979927
8.43619462 -789.50137175 175.56009013
-52.58525291 -782.46050749 209.54404801
-49.42404775 -776.37036787 209.51553871
-48.31935662 -787.86628162 206.81972868
-59.85175446 -790.83934653 240.60513564
-81.12975368 -795.69245844 281.99765455
-2.07458000 -780.86359714 167.26966000
7.81699415 -797.95026538 176.00634457
-66.09535800 -789.48629167 257.58383500
-47.96838621 -774.73301632 209.19031632
-49.12625133 -746.47019336 62.50648075
-52.12709451 -779.72005140 227.45696630
-51.44510444 -785.21798044 209.80498356
-49.16178907 -788.73636646 209.42742094
-47.35670219 -775.36354699 213.34769781
-49.16375286 -776.59115626 212.50340252
-46.96183694 -774.60858567 212.24427570
-23.21625546 -770.95090262 144.18692052
-50.81504000 -787.48789500 210.71548000
-51.26078404 -788.35507653 212.76752488
-48.36254940 -790.42147349 210.23305904
-54.17121935 -782.20436237 215.54905476
-49.05767844 -777.13842970 215.36380502
-46.67605714 -775.02447143 214.29007857
-52.60085903 -788.54111542 215.73122775
-56.98460000 -794.08726106 236.85951903
-52.19451874 -779.79009354 218.61310782
-53.61829286 -781.17117143 218.22152857
-54.56880935 -782.30998564 218.66705237
-54.29133998 -779.86909897 236.68054639
-51.44657308 -791.41865934 215.86175769
-86.45625417 -793.30245417 298.32690417
-50.35161081 -791.61997748 214.52557297
-38.39622444 -765.33907556 155.25739778
-53.58586087 -786.79665652 217.26143043
-53.37148333 -788.90541699 217.63257244
-54.84769022 -782.37856182 221.36906939
-44.69242000 -752.15831000 80.08205000
-53.61851333 -781.16579333 221.28408000
-47.57470000 -784.10495000 198.98955000
-54.96519456 -785.73781367 221.34404873
-53.79775000 -778.11185000 237.50485000
-54.74272378 -788.54220317 221.64507133
-54.54396627 -791.52030912 221.54924561
-52.14476831 -779.88904867 224.39535766
-53.59482000 -781.17258667 224.68320000
-22.76253675 -768.76179060 146.17329487
-55.05270689 -782.46520191 224.46275817
-55.40550201 -788.64542894 224.29729126
-55.19655673 -782.56178467 227.49380451
-57.05868014 -784.88230248 227.93809368
-56.38412745 -786.25750686 226.91556520
-55.17724747 -793.94084635 224.56126039
-59.53462500 -787.31040000 265.41333750
-33.71360000 -784.14783636 207.79558182
-53.58356250 -781.20156250 226.87271250
-52.44360308 -779.50160931 230.42649534
-56.52434592 -789.35368980 229.47924184
-51.13262895 -777.89522061 230.50924298
-56.33353558 -791.75592021 230.34747705
-53.82554046 -780.96823237 230.91668266
-56.87974018 -783.92184554 233.51325268
-62.41178667 -795.02231222 247.29223222
-52.97612776 -779.22478842 233.25877342
-30.07667962 -764.47429885 134.09168654
-53.99748813 -780.60238311 233.68242955
-57.77234376 -788.63480079 233.33602370
-56.77319890 -790.83706813 231.45825824
-57.11087355 -791.33590301 233.44520559
-56.51512444 -792.60922111 232.64741778
-53.08485000 -778.04780667 235.68836667
-55.72128035 -782.29450982 236.38759400
-72.95932525 -792.03240574 272.49604131
-57.84831734 -791.65092491 236.43636181
-59.40697877 -789.04923799 238.67348436
-56.03295569 -782.14838242 239.23274195
-57.08898272 -783.56736933 239.47086911
25.82291242 -812.55519006 177.68467391
-59.03043152 -795.06009918 241.98726141
-58.62651667 -796.68259435 242.65220565
-56.50506170 -780.02408298 244.14418511
-56.62302500 -781.31136250 244.10996250
-57.48616468 -782.68809099 245.43744772
-58.89604014 -784.99229042 245.47997432
14.10514355 -797.35498952 179.04499597
-61.85043026 -791.62455950 245.29955336
-57.09724802 -780.33480718 245.59235446
-60.62149968 -796.93300064 245.55916038
-59.52674483 -797.06118276 244.25758621
-60.60799637 -786.34568352 248.45855154
-63.08648428 -788.86891627 248.75311682
-57.79601212 -780.63491591 248.34628939
-91.31081152 -780.61051348 333.20890983
-86.84221875 -794.05583594 297.39643438
-58.10796626 -782.65125708 248.47165122
-59.05223702 -784.89305097 248.35869012
-63.39000870 -791.60403259 248.62670886
-40.23024191 -765.75764023 158.39887193
-63.44588486 -794.57055565 248.82661684
-62.11774293 -797.35448796 247.79724974
-63.21489823 -797.15178142 249.22339823
-58.12220750 -780.96644000 250.64439000
-82.19130556 -791.12970245 299.55573912
-58.46081748 -782.63774622 251.40085422
-59.19942910 -784.88062090 251.44717831
-64.89966644 -794.59326201 251.46956644
-64.72552268 -797.46132287 251.60012439
-62.22381111 -787.40103602 254.60560000
-65.42902016 -791.00291744 253.71597984
-66.42444260 -794.58990625 254.40437181
-65.64373333 -794.20643333 253.14560000
-65.59430952 -797.49767143 253.10441905
-58.58293790 -783.12681143 254.40683505
-59.26054101 -784.83007995 254.59410507
-22.92597778 -792.81464545 241.72896818
-23.99798667 -793.06866667 241.07529333
-66.50243807 -797.34972308 254.54689329
-62.03493085 -787.46613803 257.60650532
-64.10399121 -788.44715868 257.36572169
-67.16983023 -791.58548868 257.51638854
-59.09773723 -784.89900931 257.58720584
-64.12735734 -788.56428845 260.52007296
-95.85420110 -777.54726593 339.53271319
-66.69732806 -789.45295251 260.53813888
-69.06893231 -792.31144692 261.04115077
-69.81660668 -794.68907966 260.51092888
-30.88765000 -763.10295000 133.15745000
-59.08736474 -785.46885696 260.32361682
-60.27648758 -786.60590532 260.27332882
-61.74264784 -787.57265303 260.57498398
-71.01711109 -794.30582329 263.07597227
-71.51091290 -796.67872903 262.19231290
-64.13695956 -788.75912254 263.43214754
39.48305000 -814.49060000 178.36120000
-67.09493056 -789.53884261 263.49823027
-68.41640918 -790.42567959 262.71890918
-70.50531759 -791.42724621 266.40538391
-65.70959200 -796.96372000 252.87469600
17.02111102 -812.03956220 178.83936417
35.01079231 -812.05624615 179.12526308
-71.49301429 -793.37337714 265.29801714
-41.30645936 -747.36635777 53.38919124
-45.13146600 -744.54218300 57.00812200
-72.84679701 -794.66041198 266.62058984
-73.98370182 -797.07936012 266.27088158
-59.33787721 -786.38784837 263.16644419
-67.18365129 -789.74046253 266.62944057
-29.77156000 -774.80772000 142.05800000
-69.05165673 -789.97397347 266.67026122
-64.14518159 -789.16716813 266.53573462
-71.88860685 -792.70009384 267.28499110
-73.74844401 -794.32815359 269.26294071
-75.76462031 -796.93830110 269.44527528
-39.12933616 -769.39778757 170.81248390
-61.18386886 -788.28781473 266.41112558
-69.48672055 -790.07747260 268.62199315
-64.09170731 -789.73408341 269.37973028
-75.79688080 -794.93219330 272.54791375
-32.08846486 -784.40734054 210.19055450
-77.06608400 -796.67307754 272.12382092
-70.24828748 -790.57815868 272.46958497
-76.52248333 -794.37002486 275.25459686
-78.61276266 -796.66079643 275.37654838
-63.37439268 -790.03787561 271.19140244
-64.17225270 -790.54258417 272.46960444
-70.18711982 -790.96939097 275.55104177
-73.18059961 -791.48802375 275.49019294
-75.07960651 -792.74447219 275.90991834
-98.10593333 -775.02553333 343.85456667
-31.29704737 -784.81907048 212.64320767
-78.08945072 -795.62558454 276.06013671
-79.91194722 -796.52207731 278.22076296
-73.18774235 -791.28404590 278.44012210
-40.13784795 -769.70528391 149.82041642
-77.03547480 -793.68548740 278.26681951
-77.46236061 -793.30380909 280.53259697
-82.35878034 -796.29696410 284.13126496
-79.66093794 -793.81691790 284.33160331
-78.27141524 -792.73474635 284.82705143
-80.91079200 -793.02241600 288.56748800
-84.33505643 -794.85167047 290.64514298
-81.54178926 -792.74109430 290.66444195
-64.27354003 -748.67999655 73.86797430
-76.16505791 -791.83641860 290.41422936
-82.15968103 -792.43236796 293.57034991
-83.42527727 -793.25592727 292.38006818
-79.12242613 -791.64821185 293.54451132
-86.02283088 -793.82447304 296.22618687
-84.64636932 -792.62240028 296.78300568
-79.16829554 -791.46434511 296.42785403
-87.00918072 -792.82527229 300.25054458
-85.20616088 -791.16361282 302.48347013
-87.95273333 -791.41260516 305.47151313
-85.41117924 -790.49747585 305.09580499
-87.47743497 -789.80626258 308.91720736
-40.31910588 -755.72468809 101.50403989
-89.88442952 -791.20014762 308.95204571
-44.72973000 -762.73653667 128.67438667
-76.64458950 -792.41906539 305.28451742
-89.40046923 -790.27246154 310.29477308
-79.21483110 -791.92570068 308.50225607
-79.16569578 -791.56936012 305.51648632
-85.06151185 -789.09918786 311.46133829
-63.27212000 -745.17612000 82.17760000
-77.37062394 -792.65410423 307.50255775
-2.43440000 -796.08534286 175.15810000
-90.09403874 -789.81072072 312.27427838
-88.18800042 -788.30705167 314.39844819
-79.82752717 -791.99959191 311.22055048
-90.86351184 -788.03407633 317.37488657
-27.09336852 -766.90471508 139.86759656
-88.24295705 -786.98641538 318.36568333
-83.08225150 -791.01915858 317.06571172
-90.91845910 -786.50722809 320.72784045
14.08468977 -803.90357907 178.12138791
-85.11176266 -788.80985556 317.54918477
-88.20694253 -786.46768318 320.47551342
-83.85636047 -790.50459070 318.27811550
-91.28468778 -785.50412392 323.49966954
-32.26102632 -779.78650424 203.50789713
-88.03668361 -785.87835691 323.62765120
-86.09571853 -788.08857088 323.26804471
-92.92862176 -784.99322037 326.86674028
-86.50691200 -787.46662800 325.34040400
-47.29125385 -751.37060385 58.69118846
-86.85119211 -787.44870000 325.57267895
-87.75315255 -784.74891837 328.58512653
-93.61053508 -782.12430470 332.51143039
-23.82573600 -768.30152000 145.17250400
-50.78254286 -790.29287143 213.78884286
-88.83241270 -783.36551134 329.57163696
-95.89923239 -778.65371268 339.00811127
-0.49923250 -796.45265562 174.69965156
-93.18219908 -780.72612064 333.45917661
-38.94349706 -771.83318039 184.84533431
-93.88010529 -779.70995449 335.48103110
-36.38666919 -773.36576352 179.44126584
28.76968837 -806.57035116 181.55007907
-91.92697387 -779.29549550 334.96411419
-93.19088333 -777.97834167 336.73462083
36.54430000 -814.04300000 177.08770000
-94.60107264 -777.36775591 338.41314916
-96.47250584 -776.48320181 341.43898350
-95.77870000 -778.18215000 340.00840000
-97.66695867 -775.72598733 343.62870200
-85.07565482 -788.81231344 314.48810785
-38.18939341 -773.21676791 167.65445759
-83.36274156 -789.91633182 314.35509805
-86.65910000 -790.10250000 306.38150000
-58.24570158 -747.19053355 73.94462574
-74.95258992 -797.51630084 267.50453109
-68.74398462 -790.03346923 264.55507692
-65.73201053 -789.86458947 255.73735789
-59.76493889 -786.38714444 237.51137778
-53.71365143 -781.07721429 227.78405714
-56.81938000 -783.87869750 225.34546250
-56.75185000 -784.39236000 225.79289000
-50.73005500 -778.07816000 214.53665500
-53.71931600 -781.08763600 211.91291600
-47.71890000 -787.18400000 204.66783333
6.54278667 -796.31692000 174.88246000
-7.29291268 -787.59729202 165.50429652
-47.80835714 -778.33965714 186.63774286
1.72785994 -796.73256451 174.64606088
-14.06852301 -784.35448938 159.75820265
-40.20380549 -767.69427595 167.57173386
-42.46661373 -775.31173137 168.44889412
-20.80200000 -784.20200000 155.49600000
-40.13408138 -767.18662000 164.55284069
-40.24872414 -766.65494276 161.78137603
-40.03220440 -764.57172100 149.40483382
-32.74440000 -772.28925000 135.32300000
20.34579626 -800.21144019 181.54587944
-31.84590727 -764.85044675 128.57291870
-41.43867295 -747.07397049 50.55156844
-35.72045000 -769.23360000 128.61645000
-40.93992593 -760.00953241 127.67558333
-64.61252206 -743.73373456 85.55615735
-68.81091446 -795.11012289 258.60395542
-64.13198584 -744.44495447 83.51720370
-61.40927414 -744.22605981 83.10873396
-42.92025238 -751.27135714 66.40130476
1.93803534 -797.96412804 175.56643276
-37.80503397 -770.47251675 170.66461043
-61.34634229 -745.47952545 79.97888710
-34.35331786 -776.56907857 194.47410417
-43.23665294 -749.28309784 65.72150353
-44.93110224 -749.09678582 65.38013433
-61.05688942 -746.30826323 77.47147493
-42.76129101 -743.97219393 32.42228382
-73.01977609 -743.58921180 83.44874596
-44.74811429 -763.27654286 129.40257143
-61.32592257 -748.38496649 73.61413507
-70.61834375 -745.30765000 79.08406250
-63.98737543 -750.27567429 72.31177943
-46.19836377 -749.57423188 58.87746667
-46.19468303 -749.61659846 56.56411183
29.08399889 -817.84371444 177.57626333
-29.48103175 -782.52319722 213.39525714
-42.57454045 -746.43269364 50.39722341
-43.11349332 -746.16220243 38.93777045
24.58806667 -804.96518333 180.84991667
35.43212308 -820.44031923 176.49809231
-43.69943670 -742.60033761 14.68845872
-50.69874286 -778.07872857 228.79331429
6.07840000 -805.23235000 179.08134286
-26.89767200 -786.82973700 223.38575600
-28.82784213 -765.37914928 137.05999980
-59.54410000 -786.96840000 265.22730000
-32.76946866 -779.41326418 202.38800299
-26.12671175 -786.53781404 224.21788395
-41.55380000 -745.00050000 41.40200000
-22.74060000 -775.20870000 144.97100000
-43.51034134 -742.75618267 17.55972419
-30.89765391 -779.96003672 209.33239258
-26.72690000 -778.38233333 147.32740000
-41.40511471 -747.93223922 62.10269020
1.30179144 -783.44172597 168.32269171
24.39250000 -813.85390000 178.00910000
-32.34232308 -781.59510118 204.18621834
-39.91497041 -764.11541077 146.47384036
-23.68887500 -794.13607500 244.26845000
-92.70520000 -787.30090000 321.28160000
-30.04469577 -780.63795915 211.91971362
37.49116864 -818.40220254 175.31317373
22.67932048 -804.21997952 180.44589036
-41.63320000 -746.02040000 42.72290000
3.04239149 -802.49120213 178.51993191
7.82062729 -800.62534270 176.92400754
-8.08245405 -777.79554730 163.94321351
37.41831290 -820.82311290 175.60554839
-89.22132536 -782.01426522 331.66446449
-41.08705551 -753.82367753 95.36939207
-27.20127313 -789.83901970 230.02222866
25.63474565 -809.39040145 178.38229130
-44.73821364 -751.68880455 77.30972273
-41.07120508 -750.62088305 77.25132415
-40.61319634 -752.58262742 83.39525558
-40.57300835 -752.85348312 86.36313878
-40.80692361 -753.47492146 92.30960687
-40.30209545 -755.59428554 98.34137779
-44.69444444 -762.01993333 125.55715556
-36.10269568 -761.13476187 119.48547314
25.73729505 -806.78901813 179.93731923
-35.32311068 -759.67655049 122.78437573
-35.78779412 -760.51336471 121.24430588
-44.79505000 -763.55974483 131.96915690
-54.26717743 -747.54148327 69.14290078
22.75998216 -812.67046703 178.32688919
-33.95991547 -761.70522453 125.43766623
-39.98258968 -761.79335226 134.24007858
-33.02206412 -761.97114941 127.81083941
-32.34163367 -762.36996735 129.29614694
-32.73527250 -763.58565250 127.51743750
-6.15424655 -790.28715690 168.80001034
-31.61558527 -762.66792171 131.10176667
-30.96422864 -764.62706420 131.48662610
-40.75703091 -762.90061055 142.95360800
-39.28282928 -764.20849743 143.63093459
-38.33812468 -764.24422596 143.39902681
-44.68745000 -766.09195000 148.51725000
-29.75144286 -766.31607857 133.41712143
-38.36060759 -764.70066257 146.53673770
-29.37195699 -765.37788638 135.36322151
-29.31053817 -768.09543817 132.18531756
-29.19735714 -769.22825714 132.92802857
-26.08754232 -768.06224348 140.90836319
-26.57397778 -768.92840000 138.90071111
-39.26547913 -767.43282261 158.41887391
-24.96047413 -768.10246783 143.32226119
-11.67370000 -775.20570000 160.03530000
-24.16618590 -770.36896211 142.82033524
-47.79246471 -772.38258235 171.18805000
-23.60620000 -769.02748000 144.84830000
-16.63566250 -771.73501917 151.79786667
-37.67130343 -771.43609357 179.41481961
-15.00784513 -773.96879956 154.74448142
-30.04266585 -783.00360683 212.07484065
-37.88227913 -771.75665115 182.41070738
-50.72351250 -777.27155000 192.41900000
-13.97801422 -774.10532556 155.84720422
-38.19308804 -771.98932153 185.13403014
-36.32641171 -773.30376452 182.45932377
-12.78916639 -774.56027815 157.89271765
7.67073091 -804.30956940 178.31764227
-36.93652314 -773.01643717 188.33220477
-11.51456667 -775.01646667 159.50183333
-36.56301113 -773.50217452 191.40993576
-36.15028333 -774.05234762 194.27131803
-35.09996354 -776.72788859 188.50486375
-34.64678815 -776.77367841 191.45242338
-53.71072500 -781.03344167 210.46935000
-53.81720000 -781.20298571 210.45974286
-35.38157254 -774.88480000 197.18777042
-53.29897349 -743.21403735 73.48253855
-34.58154772 -779.32253777 194.53697124
-10.16430096 -787.54383746 165.28200788
-34.29126349 -776.40422404 197.53142862
-31.08249872 -782.94564698 209.43979973
-3.92046209 -780.21015882 166.48720588
-35.13075455 -781.44561531 198.33590526
-33.22300000 -779.94505724 200.29530111
-34.61527831 -781.86245854 200.48717534
-5.13866000 -787.41977778 165.70046000
-33.27725211 -777.22191887 203.21143493
-53.69737097 -781.09736452 221.61541290
-32.59090882 -779.63277353 201.72272353
-33.92143164 -782.52553586 203.41106019
-8.86325312 -790.25721875 171.46780000
-31.62796534 -779.66263009 206.58652065
-33.51489944 -783.47616667 206.26747567
-1.21228471 -791.64214447 170.44285000
3.44595000 -784.19045000 168.90780000
-33.04159250 -784.04764500 208.25723250
-1.15886635 -793.27847019 171.80269038
2.67451795 -792.30499744 172.18698205
-32.82280000 -785.01885455 211.57542727
-1.11570862 -797.65465537 176.03820787
-30.67461037 -785.50331934 215.33666616
-73.17915172 -793.32130345 298.59427586
-28.91848858 -783.01447729 215.39250804
4.41638507 -796.68313358 174.76335187
19.76603537 -812.76718424 178.81857428
-0.16922124 -799.61685575 177.34600619
-29.20304341 -784.73237775 215.99810367
4.82200694 -800.62564306 176.97607153
-27.92236258 -783.58150065 218.07570419
9.96617191 -791.50553404 177.33255660
-30.52413333 -787.23456667 219.66323333
11.30177483 -792.27933147 178.70247063
10.37215212 -798.03289006 176.94024843
-29.93608961 -787.38371234 221.19890455
11.86514359 -794.22282821 178.68957885
10.60922467 -800.59731057 177.27310947
18.38925000 -799.03645000 180.92710000
-26.48541400 -785.51297700 222.24876200
12.40990000 -792.94300000 179.72112000
10.77646126 -803.27629451 177.76560989
8.11212521 -806.12610305 178.94343657
-91.19200000 -790.20850000 313.26735000
-27.95334684 -788.10607945 224.48561159
12.50101429 -798.52370000 177.85863571
12.97656939 -800.85350612 177.80560612
-70.12270566 -792.21322945 281.46341537
14.40021083 -800.49277389 178.39186815
10.78286938 -806.68452112 178.46308043
12.87174706 -803.39485647 177.91049059
-27.56201566 -789.09696024 227.33911446
11.34268214 -808.84284388 178.53489286
16.90990906 -800.53492075 179.49628755
-53.94572436 -744.84627115 72.13684872
17.51659216 -796.97539804 181.17719706
16.66196930 -806.70683023 178.33106372
19.85991732 -803.65060391 179.56868436
-44.49600000 -781.08670000 187.11665000
-25.38885357 -789.50856278 230.43191136
19.79364785 -809.72689387 178.42132883
-26.07256954 -790.28830287 231.48272816
-26.94150256 -790.30284487 231.42667692
-25.32405959 -790.75593678 233.61234307
-26.83570192 -790.69779615 232.57764038
22.38500519 -801.36030000 182.08287013
22.90623018 -809.68265030 178.26246095
-24.30280815 -789.93573476 233.10494464
20.49684333 -814.53040333 179.07587000
-24.64144062 -791.36462574 236.35760597
-23.54502857 -790.90555000 237.46526429
25.39377805 -804.11010650 182.01132683
25.94733077 -810.84873846 177.90924231
26.60346552 -805.50904138 181.44929310
26.32794444 -815.39043838 177.60046768
27.93855455 -810.94758182 177.89104545
28.83634519 -812.71240593 177.37001407
28.88793750 -815.66251750 177.05538562
-24.21819712 -792.43576888 239.10698633
-23.36098658 -791.99477752 239.80599060
29.94990000 -811.16096667 178.07933333
-38.35666514 -772.73828400 164.64736343
26.84514444 -817.36580000 177.78585556
31.73025963 -812.93561743 177.33842752
31.73720429 -809.98941429 179.75905714
30.72480000 -807.78787143 181.36757143
-39.01884475 -766.92485691 152.28917956
31.84382812 -808.98956562 181.26739687
34.90242464 -815.64989855 176.30435507
-23.02418007 -793.49553716 243.06585338
33.85733889 -810.79545000 180.29711667
34.84366940 -818.80781803 176.15545246
37.64292778 -815.83702407 176.09719352
-22.60441741 -794.24874776 245.40203932
38.80385000 -820.48748333 174.84830000
40.75580870 -818.40272609 174.50282174
0.17283333 -786.75375556 169.07898889
-42.94582033 -747.59570047 62.33463050
-39.48568602 -778.76593905 185.53969842
-67.13074581 -790.59458082 272.47174432
-43.40805111 -743.80296014 26.29695741
-83.27119091 -796.26711818 286.56839091
-92.66315000 -784.07405000 327.87415000
-43.89180054 -741.70948757 29.45372703
-39.74279364 -771.06083004 155.51120106
-39.20259477 -765.07085189 137.45066955
-38.27615000 -772.06432500 187.20435000
-41.49208000 -751.28889000 66.23879000
-43.25876192 -744.23331863 44.46828164
-40.00650160 -772.92023078 161.43384466
-43.38652424 -744.61876296 47.39046633
-41.50806034 -746.70223966 47.98035862
-43.67133600 -744.94903533 50.06365867
-43.04172055 -745.90029885 53.49022194
-43.06229133 -746.62553310 56.59981628
-41.22895203 -747.43559187 56.56789715
-46.12123367 -746.38942196 56.60825886
-46.14443874 -744.56544730 59.65704730
-46.59530251 -746.22643547 59.20822584
-43.11189794 -747.12806517 59.52216086
-47.82476000 -746.96240000 57.65024000
-46.90812870 -744.73156243 62.44544349
-48.37369111 -746.90445994 59.90578191
-38.69860000 -772.43850000 187.14620000
-40.99558470 -749.46217461 62.40734052
-45.02482143 -748.98126349 62.30811429
-47.31712530 -744.66264940 64.69458193
-48.67276765 -744.83374043 65.86460108
-41.00453205 -749.44196632 65.41178907
-49.93878194 -745.82770503 65.21044010
-42.96683082 -750.20445799 62.31056667
-49.72237075 -744.29680967 67.97848679
-51.53042273 -747.15532706 65.57641732
-52.43818158 -743.88423298 71.12644578
-40.84774488 -750.08420056 71.08470354
-55.87700476 -743.77392468 77.12023160
-55.96531916 -745.95821299 73.78116948
-57.33180602 -747.52309960 72.59011807
-40.70902208 -752.49453333 77.11285318
-57.41121514 -744.52202339 78.19414220
-58.53257947 -745.78112105 77.18929079
-58.41172909 -744.07468504 80.06764072
-40.61517899 -752.53468349 80.46819137
-59.42050625 -745.28594375 79.31112500
-60.65924743 -744.80322686 81.17118914
-59.55092500 -743.80898750 82.07662500
-69.21850000 -745.12574286 78.87145714
-72.92025635 -744.61191574 80.72392234
-40.49297941 -755.07313505 89.55006225
-40.36655000 -755.48440923 92.45252230
-40.24350288 -755.66164234 95.63154659
-39.90123756 -758.11314665 104.60856794
-39.76425193 -758.45714170 107.50145097
-40.42234112 -762.12952430 122.73868551
-39.69461414 -761.61489571 125.51488485
-38.52490714 -762.58897143 129.28991429
-38.53624160 -762.93084560 131.66998560
-38.39296476 -763.30952000 134.48136762
-38.49352078 -763.00163117 134.25963377
-38.32861713 -763.44252707 137.62786685
-38.34700766 -763.81573427 140.53901331
-38.91292410 -764.77968547 140.38965453
-23.79107500 -781.30852500 151.13700000
-39.86309037 -770.89479490 179.05569802
-38.12373430 -770.86742232 161.50433230
-37.93042571 -770.55562759 164.38799340
-38.43971290 -768.87216194 164.33204774
-17.77046875 -786.14952500 160.17979375
-37.83740550 -770.46412981 167.52875307
-38.73351111 -769.18311111 168.36177778
-37.69840564 -770.70647023 173.40962731
-39.45243389 -769.79720889 173.48129581
-39.84837626 -770.34048413 176.55311923
43.12615000 -817.61230588 174.31734118
40.83220545 -815.88263636 176.33016545
41.51420000 -817.08580000 174.94935000
-39.65800586 -777.02912613 176.20299369
39.21765000 -814.24860000 178.44715000
-40.30447860 -776.60343581 179.72532372
-35.54830000 -774.10410000 183.49142500
33.53800000 -810.40770000 181.02695000
-40.70173186 -779.27896504 179.40016372
-35.50442578 -774.55365078 185.69971562
-35.33620362 -774.61697602 188.41899819
-40.18724615 -778.06977692 184.07192308
-37.56411818 -778.56223773 185.97940182
-41.13475387 -781.69950880 185.44067676
-37.27385799 -779.21052556 188.53785016
-39.05418544 -779.41940583 188.18600388
-37.13410031 -780.10484448 191.46951633
-41.42519712 -782.68156635 187.95933365
-38.75317000 -780.00775000 190.49568000
-36.84510132 -781.26124079 195.63183947
-36.31760932 -781.67588729 197.48121045
-36.02668179 -782.18433750 199.81067143
-44.52398125 -787.29535625 199.76138125
-21.51910882 -795.84343824 250.26590294
-21.51450000 -796.23162857 250.59137143
-62.70700000 -787.73550000 246.71490000
-67.62348491 -790.22642689 270.13496934
-64.83003556 -790.18175556 270.60385556
-62.53902500 -791.02757500 274.17715000
-67.17570618 -791.35438710 275.49203304
-64.92166293 -792.48563537 278.20218503
-67.19743333 -792.24636942 278.48978101
-70.13024067 -791.49806697 278.47367890
-65.17600000 -793.17660000 279.70742500
-65.48358421 -793.29337895 280.31289474
-66.97526991 -793.46068319 281.88157994
-65.88570000 -793.14545000 279.95730000
-67.58825954 -792.87223397 280.79592176
-67.93644336 -794.12067817 284.29696431
-70.73080466 -792.68830539 284.12525784
-73.16609910 -791.91071156 284.46311246
-35.82102500 -781.09287500 196.27695000
-68.52033810 -794.77778571 286.40735238
-70.19670161 -794.12520528 287.52510513
-71.39681852 -792.97311852 286.49992407
-72.23008170 -793.54836078 290.63722745
-73.61647832 -792.60109159 290.27074735
-71.29406172 -794.71789844 292.90652578
-72.67611459 -793.82106941 293.53420800
-72.95520755 -793.66852500 296.24539844
-76.16427310 -792.28845510 296.38455213
-73.96361410 -792.79486453 299.45112564
-76.17590062 -792.25879179 299.49218624
-79.15879513 -791.37180419 299.61374715
-74.35742747 -792.60823956 301.60334396
-76.13350475 -792.27530074 302.50759659
-79.17161634 -791.41454077 302.42367628
-82.07454389 -790.60829276 302.46525641
-81.84784772 -790.48942896 305.41929781
-83.04194459 -790.03080382 305.95929618
-81.65505905 -790.60277170 308.50877346
-86.40051667 -790.17405000 307.09966667
-86.80130227 -787.25822500 320.04981591
-86.73434138 -787.30535517 323.56877241
-71.60510000 -794.49650000 295.29290000
-29.69790000 -784.11860000 214.08390000
-35.77490000 -775.14240000 198.29770000
-8.70970000 -790.36960000 171.98530000
-38.58743333 -763.04828889 136.65162222
-35.57106667 -762.16103333 117.74316667
-39.56417084 -767.44021921 143.60648628
-71.89618333 -747.00531667 75.85595000
-52.49592833 -746.34696945 68.23041843
-40.91508136 -751.69863458 71.55952746
-51.33742431 -744.42550833 69.06307951
-38.26653673 -770.32219204 158.61951770
-39.81282617 -764.97499077 134.45307617
-44.40480000 -787.14675000 198.66345000
-43.79709522 -740.34561071 14.36540888
-44.24362522 -738.88356957 13.55481043
-36.17784327 -777.25295760 185.20002865
-43.63549524 -745.35508988 32.57599226
-38.34781359 -768.16443031 152.22756272
-40.97248182 -766.18585455 135.88350909
-50.57476667 -743.16666667 70.00293333
-43.79910000 -745.21104286 30.52298571
-44.17200000 -742.11483333 34.55820000
-41.63810000 -748.23440000 51.97610000
-41.44609885 -748.39110575 53.93975287
-43.82288000 -744.91106400 54.36617200
-44.33679107 -744.44322143 55.66460714
-41.17282511 -748.70129648 56.75246123
-43.26649521 -749.11714509 56.85322469
-41.60678000 -748.09482000 64.35694000
-42.73272500 -748.06657500 67.31138750
-41.17837638 -751.45798040 68.95440653
-50.53912857 -745.24412857 67.11245714
-52.43275099 -749.29258841 65.63215795
-40.68523031 -752.09237035 74.79714204
-53.33221667 -754.20845000 65.54480000
-53.49542750 -748.70838750 67.19092750
-58.30900691 -749.34156782 71.28627021
-41.16255714 -754.24190000 81.34430000
-40.63852500 -757.25152500 96.22935000
-40.89004290 -757.36711683 98.53326799
-40.18980742 -757.75136401 101.68200797
-40.42265512 -763.93070424 128.60211943
-39.73856168 -764.16013725 131.53585294
-38.55833457 -763.25898395 131.78306790
-40.52630302 -766.53943414 137.69402568
-17.59373333 -777.77211111 150.70227778
-48.68768049 -748.72232439 60.19203415
-40.91736667 -763.08500000 145.14740000
-39.35315879 -768.03228770 146.31723984
-11.65590000 -775.08880000 160.11970000
-38.93035380 -768.21645211 149.55453481
-39.98839322 -770.23786376 152.15269089
-38.48805526 -769.36536842 153.32245789
-38.34868898 -768.51952797 155.23734068
-39.23370081 -767.04139106 155.46422602
-38.32812624 -769.71380709 155.73185390
-38.44179239 -768.61278587 158.34021522
-39.40544695 -771.63348902 158.15118476
-38.80958889 -772.00247407 160.52477407
-38.44592222 -772.31156389 162.51277222
-39.70874936 -774.60520644 167.40277296
-35.46740714 -778.36502619 189.47103571
-37.74856953 -773.41011459 170.48071352
-39.86602500 -775.77028255 170.58936604
-37.26867308 -773.66022075 173.49800262
-38.31046842 -775.51885263 173.78366316
-37.72101045 -775.60484727 176.65974909
-40.27478043 -778.42371413 177.22022935
-36.64773243 -776.61345983 182.55774331
-40.85166049 -761.68771235 119.46480370
-35.44178361 -776.05219202 185.86443403
-35.79387576 -777.93481818 187.47286970
-44.77614286 -769.08990000 193.91748571
-27.34985000 -784.11715000 220.03750000
-56.72116000 -793.41088000 234.25722000
-56.69083333 -780.54096667 243.82760000
-65.69912500 -795.07641000 252.84623750
-71.68503333 -798.29683333 261.95523333
-80.74023571 -796.59934286 279.69592143
-92.58825714 -778.02422857 336.12662857
-58.79300000 -784.13290000 259.19100000
-59.76722500 -796.26002500 243.83840000
-56.56940000 -745.19125000 76.09485000
-57.51356667 -750.64315057 69.58075862
-41.53545000 -751.07440000 82.34890000
-52.10610951 -753.05353152 65.02403533
-50.76400000 -753.03700714 63.88726429
-50.91206429 -748.98357381 63.54673571
-49.82614837 -749.17201250 62.04795761
-35.59597500 -775.33170000 182.95362500
-50.59070000 -752.43050000 64.00240000
-62.79620000 -752.93400000 69.86723333
-44.80380000 -751.27530000 72.49716667
-68.48070000 -745.11960000 78.85366667
-35.75720000 -766.06645000 124.01500000
-40.79265794 -763.38485140 125.96018037
-41.72800000 -766.16180000 135.91705000
-23.56800000 -773.15000000 141.58440000
-38.81439091 -774.93477273 172.77068182
-65.46537143 -793.05595714 280.22027143
-92.82756364 -786.24333636 323.97308636
-47.66290000 -742.32340000 16.30300000
