-22.03059858 -774.96197863 146.54193395
-45.07757770 -748.67367082 77.70445552
-44.39707500 -742.74899531 32.61848229
-35.38712544 -762.17226760 117.38369280
-21.40197187 -797.62389375 166.00504792
-25.37738017 -783.72218558 152.77588373
-28.58359923 -741.61916494 209.90658958
-43.93448693 -745.48458889 56.68996275
-7.43030504 -816.79404227 169.95856472
-35.67971429 -752.20655476 174.24126429
-46.29767435 -742.94913271 41.74582726
-61.29442207 -743.72163492 74.10613357
-43.55525462 -747.24942372 68.97249654
-44.16331230 -744.81342910 41.90264085
-36.97945096 -761.64893558 114.46405321
1.75003454 -831.84262634 169.92247506
-38.53298577 -753.22017191 102.27851311
-44.68673784 -742.98579189 41.56097207
-44.75728864 -743.11045455 44.63326894
-44.12435467 -744.93074356 44.66389467
-36.20749241 -757.71564897 112.69059977
-34.29404934 -768.33508628 128.90114266
-45.86387313 -743.17468899 44.73063891
-43.83306000 -750.24248240 77.89529947
-25.55558604 -781.62534660 149.27234855
-34.68463676 -757.66707500 116.72557328
-10.28497338 -798.96703697 167.19305894
-29.73736842 -755.52648421 175.65991930
-45.57713659 -743.30656341 46.66905691
-47.94850000 -743.18052857 34.71579524
-24.50294103 -785.95314283 156.08473348
-46.98646739 -744.71568439 44.72425353
-33.25224800 -752.49362400 178.94196427
-44.07451975 -744.56643951 47.77225432
-28.68810000 -746.42266667 205.31920000
-46.67916051 -744.52923226 47.87243029
-46.63710561 -741.24975578 23.67642673
-29.88540000 -743.33470000 205.15526667
-36.95762889 -762.50206611 116.78992556
-44.07726307 -744.58533175 50.87259237
-10.39920030 -804.85900935 168.16743323
-23.34234770 -774.59913016 144.37786994
-43.95213836 -745.08554030 53.56204705
-22.11267818 -792.33969195 162.12597686
-43.94307977 -745.81112874 59.77714027
-36.51382530 -756.97426379 111.17729500
-43.60796185 -747.61261272 60.17005800
1.23816315 -820.22571911 171.22275136
-36.19780802 -759.70299465 146.18013619
-44.10479002 -746.02523248 62.44359358
-72.57204389 -738.62851908 86.02163079
-43.38042130 -747.57155556 62.84426420
-47.05622500 -743.40073750 16.17577917
-26.23760989 -768.30947199 135.56146393
-38.39294555 -756.77503559 105.20133240
-30.14643153 -766.76121532 130.60490180
-43.41885170 -747.74555791 65.60211942
-43.17355679 -747.85438380 71.59895439
-29.23306154 -747.06887692 203.12332331
-43.47953019 -747.79358374 75.08353019
-69.38529702 -742.25129464 75.63637381
-50.14790951 -741.21084525 68.00851077
-46.61813305 -741.57872792 26.86183305
-38.63950123 -751.14059877 99.28455679
-41.86481429 -748.40934286 75.39289524
-31.46133979 -751.78374447 182.94188103
-39.57982198 -758.71273077 107.76258755
-13.67062297 -800.76313816 165.96825253
6.41315040 -826.57696488 171.27843690
-40.68210164 -753.52883279 95.88181708
-67.32465948 -741.42970391 77.85767663
-28.75996363 -765.94504986 131.92190763
-39.88161441 -753.88794294 98.72352628
-37.46557380 -759.62492620 110.92632709
-14.51400000 -782.28950000 154.27966667
-38.11291286 -752.01021643 101.57449238
-9.76386093 -795.91635278 167.07457796
-67.51093040 -739.37811514 86.74457125
-7.07803992 -810.91818301 169.59076700
-39.35476444 -754.06482756 101.23182178
1.58023035 -825.69382628 169.59598192
-40.51679850 -755.63176015 99.41922531
-1.39865235 -822.66637746 169.71931840
-31.38988069 -778.76207425 146.01171946
-39.84771290 -756.19837460 101.77436707
-51.88036089 -744.84407241 63.05794819
-38.76999459 -756.11237297 102.84920450
-19.26360288 -788.79624940 156.79440336
-56.75971250 -743.38518750 73.36851667
-46.81258835 -742.10215199 32.62647036
-37.48940000 -752.33295000 103.48961667
-49.03552982 -742.91203465 63.05513553
-45.78948997 -745.71993236 59.68290874
-37.92462286 -753.97965325 104.73841186
-16.58956829 -796.84735000 163.62054675
-40.08289856 -757.47559308 104.72548194
-36.88517132 -764.90883015 122.49444387
-37.14517145 -754.43578831 107.34086489
-37.75399895 -756.62224226 107.45589719
-39.93421429 -758.19344000 106.82566095
-37.46722676 -752.05901671 173.60060732
-36.24393247 -754.96095065 110.05370693
-38.23264753 -758.89381839 108.17880523
-35.75398750 -755.18207187 111.50466042
-40.51841611 -753.11133993 164.98897484
-2.53658770 -808.64480082 172.86316585
-36.31526667 -764.48344167 121.12370000
-8.39551886 -801.68813861 168.83714051
-10.16788307 -801.89463636 167.76968046
-43.46513252 -749.78285798 71.65661207
-35.82007255 -755.75001176 111.89621471
-47.96763333 -743.40003333 35.38643333
-35.48006467 -756.81252036 113.76557924
-21.44127600 -788.56689400 156.98069067
-36.67620186 -760.14629386 113.17870867
-55.47220025 -748.29864587 65.71893556
-37.04718174 -763.68413978 119.60167623
-40.95299603 -757.86651111 128.95224127
-15.19202041 -811.86736633 169.37287789
-43.66470905 -751.01179860 92.65703477
-34.43339333 -746.27929333 195.68862667
-24.95016816 -778.80345791 145.69103248
-35.79942667 -759.26931867 114.77223600
-35.11885897 -759.87461362 117.04335022
-34.55822724 -762.82926961 119.96265928
-35.02085154 -764.52596344 120.64512658
-45.85635257 -747.31741897 62.71706113
-32.68853333 -740.59934259 212.23045000
-33.17753134 -741.18570000 211.66421294
-34.42742282 -765.16570061 122.74873190
-34.16286071 -766.43295828 125.37041060
-4.64111561 -808.00709968 171.36865963
-41.84265714 -754.16547143 104.99059524
-46.44623109 -744.36974016 50.59292416
-13.45493781 -802.14617179 166.71587405
-61.54451614 -742.42918528 77.66582258
-33.60950877 -767.55098246 126.84467895
-50.11799935 -747.94714839 59.82000925
4.97293247 -825.99400196 170.59452641
-40.51703867 -752.79520200 116.61054800
-31.78676824 -768.29916176 129.12370373
-19.07792646 -798.54103535 165.45105253
-37.70868087 -753.67192701 158.87372020
-34.31108489 -769.72198067 131.46411667
-61.37155440 -744.92654071 71.78184932
-1.97415879 -814.06918836 171.58334958
-29.36624330 -768.39351890 132.58428720
-30.74460490 -769.18063039 131.47360627
-32.98770000 -764.07280000 124.34059524
-27.32833047 -766.75090581 133.73738667
-8.42084167 -796.25468542 168.45824219
-26.52816323 -766.81363711 134.35437869
-28.24085289 -768.99128304 134.24363356
-33.08171905 -778.55429048 145.49566667
-21.97623487 -781.13221218 149.54515514
-42.82923969 -754.66153677 155.96205137
-31.16679378 -770.75889145 132.67481097
-33.92198198 -770.62233694 132.80002838
-16.50381798 -802.23794123 166.83859942
-16.07833800 -793.25477559 161.08786847
-31.36704401 -771.89850947 134.75288793
-64.05453237 -740.61729521 86.59832162
-29.79661304 -746.07878696 201.97302319
-43.18658260 -754.50602400 164.93311020
-10.36633367 -807.94849680 168.65216330
-40.34834211 -751.15184330 182.89803329
-29.09264669 -771.40951525 135.06392746
-46.86688694 -745.01586834 41.75902564
-36.21235366 -755.80516829 155.42074959
-34.43324893 -771.82631884 134.77810908
-25.37576669 -769.41974054 137.36432554
-58.18405330 -742.99880500 75.14884167
-31.29196534 -776.61792590 141.98387304
-14.29789347 -795.19074623 162.91884908
-27.06617273 -770.19424091 136.37508485
-48.04914872 -741.93227179 23.64233077
-27.76345259 -772.27734635 137.31140662
-40.53588880 -753.68544933 140.87210831
-26.16231515 -771.35716236 138.27890431
-26.12246179 -784.70728019 157.94441667
-59.19018122 -741.18907580 83.50144859
-53.10466698 -741.12310340 71.54681204
-31.53915742 -773.08583589 136.65571164
-29.55310000 -752.29820000 181.10427917
-1.84271704 -810.95142503 172.91478930
-34.24184500 -773.08548875 136.65367354
-0.06972500 -830.47291667 170.64463333
-23.82912500 -769.42292500 139.07594167
-28.48676022 -774.02242330 138.12454447
-44.45804667 -742.99832444 38.66318889
-21.11986786 -800.79400357 167.73488095
-23.65221531 -770.08105204 140.24250544
-28.59155556 -732.17151049 224.51573519
-46.30435620 -740.08569708 14.94081192
-12.30582517 -793.66780397 163.56164349
-24.19583175 -770.10159365 139.60756349
-57.34329756 -743.29092439 73.03920325
-31.32743620 -774.08301830 138.15517245
-24.83865556 -772.16476559 140.64366736
-60.21745577 -749.06037692 67.08661090
-40.47141361 -753.69596557 143.93107988
-21.00326296 -775.77071111 148.41036667
-23.54217196 -771.24814522 141.67578536
-49.49738657 -742.33436523 65.54651745
-25.84498687 -774.66943111 141.35488761
-43.97147203 -747.14282657 54.10745128
-43.14557641 -753.18210205 108.02050410
-17.75024286 -788.53783810 157.17793810
-28.26696415 -775.45282673 140.46441887
-26.56062000 -776.71637143 141.92764476
-31.13243698 -775.61706347 140.60483987
-23.06402045 -772.39373337 143.51658572
-24.03791000 -773.08191600 142.47801067
-25.26535000 -779.44210000 145.11867667
-24.04684444 -788.50663333 159.89551111
-42.91234703 -751.79300486 108.17419009
-31.40869706 -751.22896857 185.67593369
-24.70952693 -775.07072146 142.95141162
-28.43717810 -776.63312409 141.93379404
-15.78306064 -810.27185330 169.03050065
-44.93030000 -749.29400000 82.35416667
-25.51454979 -777.58328550 143.88968662
-28.49087133 -777.70471199 143.81984152
-46.42800288 -740.92987932 21.08485410
-31.31832693 -777.54624520 143.73561911
-12.96951122 -790.64701064 161.11008040
-40.30178679 -753.77459070 137.65787031
-22.04024247 -773.02438699 145.72462009
-23.70391754 -776.74186842 145.05317193
-22.73326080 -777.81531885 146.83249640
-45.92063250 -740.22237125 17.17535417
-28.46829060 -778.91992156 145.77760451
-47.05481322 -742.57421410 59.77756138
-20.87942857 -774.49301429 148.18869524
-43.58011554 -750.54301905 80.78117769
-20.41811760 -775.63180685 149.14467009
-45.84419608 -745.16589118 35.92778824
-25.25250181 -780.12352385 146.93213668
-48.00465000 -742.28105000 26.66569333
-17.50793750 -778.82075385 152.35480128
-28.16969067 -779.80489474 147.24955518
-21.31620072 -778.24863949 148.66838514
-23.36169677 -780.06801355 147.63322731
-40.40757727 -760.67849636 112.96095621
-20.05530038 -777.86106731 149.96840753
-56.44726142 -746.72568661 67.66001627
-37.57885455 -764.28691818 121.41640303
-28.57123795 -781.93481446 152.44461185
-5.81603333 -800.18215000 170.25508333
-28.30947706 -780.89512275 149.43852942
-20.34227396 -780.67113687 150.60563837
-18.47412335 -778.38995154 151.64643407
-37.79384925 -746.69684627 199.84553682
-18.88621851 -781.10284194 152.04828333
-40.71470789 -756.73285263 122.22587193
-22.41061247 -782.92807400 150.46020176
-24.90040758 -782.69495076 150.59281742
-16.75385435 -781.05459826 153.25586238
-42.99356600 -756.56706150 122.76901717
-25.90021850 -784.44559124 155.88106582
-42.39606111 -758.74132778 108.15833333
-10.39134437 -810.53466301 169.05857868
-19.47537627 -783.65139678 152.91539614
-52.09410165 -740.11659174 71.96430964
-22.13852098 -784.31405363 152.23165828
-3.02416757 -809.58550811 172.35075586
-42.55120159 -751.79147778 110.39521706
-63.25430000 -746.28025000 70.16486667
-26.81235000 -782.27037500 151.46484167
-27.48324240 -782.70321920 153.36184107
-66.55609321 -745.03511462 72.60992907
1.70439969 -822.79207726 170.34210633
-21.03060000 -791.67120000 159.73356667
-16.72093772 -783.02026079 153.95875378
-14.78990000 -782.11375556 154.07035000
-31.57099508 -756.39937277 170.61899203
-46.42354162 -744.22799830 53.42885005
-14.16078433 -784.39935018 155.07928938
-13.76267927 -789.38047965 159.46485266
-19.25486519 -791.76929259 159.79763333
-14.67685672 -782.67834776 154.18671592
-16.22198067 -784.38781516 154.84386056
-60.04420000 -749.40820000 66.86266667
-20.27556823 -785.81897187 153.89274375
-22.11733626 -785.78116923 153.80848791
-36.02349167 -755.55836667 157.87393333
-54.45858644 -745.22469237 66.61676412
-10.36605035 -816.80217530 170.46692033
-18.36339022 -785.08461087 154.46277862
-51.11402895 -745.28281579 60.89273772
-19.23836648 -787.09677529 155.47293444
-41.82530885 -750.06265664 80.98817552
-24.00980000 -785.41170000 154.24936667
-33.38071645 -749.67115325 187.91687532
-22.42709852 -787.05949941 155.63555625
-36.94182000 -769.39683750 131.64542467
-16.52591491 -786.71651969 156.28441623
-13.69951751 -786.31006798 156.59627828
-27.49405993 -783.31218537 155.96207468
-8.37536645 -810.19335323 169.19356892
-48.12091190 -741.11848810 17.77719524
-13.58224884 -811.77575618 169.39928964
-27.03486667 -783.97776667 157.43560000
-43.05379612 -756.76988676 137.77698333
-13.34810908 -787.59867130 157.94014050
-11.69928667 -787.80907111 158.63728778
-58.31923999 -742.43882251 77.70684259
-15.66505795 -788.00056769 157.59139744
-24.78483470 -786.72309512 158.65810651
-39.79454455 -751.30747525 98.30503003
-16.46302843 -789.67308141 158.48286277
-45.76922742 -743.56121452 17.20216667
-5.41731095 -802.23546083 170.91005085
-23.34906100 -787.86738700 157.72658967
-38.03586136 -755.96882955 135.16748485
-29.18237931 -752.52244770 182.15990057
-19.22605477 -790.09662455 158.13998008
-45.31072250 -743.04069667 54.40717167
-22.19824891 -789.35760985 158.69920608
-11.47461200 -788.90295600 159.99884800
-11.07931681 -790.43691858 162.02611056
3.11570000 -821.34700000 172.24301667
-16.66980586 -791.97143264 159.90700851
-31.15180517 -739.09607649 212.71336419
-40.15507273 -759.35824838 134.89561667
-24.92533548 -787.64362097 160.88514247
-13.55802061 -792.64195925 162.07717153
-23.25219556 -790.62405444 161.53441578
-29.17350318 -750.15085011 194.86977601
-24.29382769 -789.88459570 162.13937527
-19.49848127 -793.17865774 161.32094329
-29.46371439 -742.76835366 207.43329764
-41.13717760 -750.87790757 92.58229411
-11.50199417 -791.68992524 162.97912686
-16.56451689 -804.76691888 167.91688841
-10.20479744 -791.18197436 163.46499744
-65.18234338 -740.18789982 87.11466777
-63.92170556 -740.40595000 88.40936111
-10.51402437 -793.00872851 164.73521506
-37.43347868 -749.85397226 185.66071553
-16.27999706 -795.30504990 162.45660776
-18.95872959 -795.09357806 162.76863146
-56.67953086 -740.62084691 80.41300247
-45.21235000 -746.29438056 65.14055556
3.87202308 -833.70523750 169.40047724
-24.05233333 -791.46263333 163.19958333
-19.29774399 -801.83906985 167.43790505
-24.25346019 -792.37066602 163.96222006
1.32596358 -828.58398531 169.52375017
-10.39167378 -813.87237736 169.74131867
-59.76747143 -740.89844286 85.34872381
-13.04681382 -796.12874607 164.18960216
-72.40342144 -739.15798729 83.73204143
-1.41260998 -819.89827668 170.05049376
-23.14177243 -793.42497683 163.97576285
-45.16266066 -757.03678852 161.81802623
-53.05258730 -749.96264865 63.10824153
-19.57265012 -796.42499027 164.12507737
-56.07136458 -741.38311488 77.31666220
-43.19117679 -756.67680765 140.78758988
-22.22604934 -795.60001463 165.01169178
-44.37522441 -756.16653799 158.68460781
-4.37853818 -819.80600742 169.69792591
-6.97706647 -804.86670880 169.95698734
-11.16709702 -795.74534492 165.49968278
-36.51391088 -756.54953197 149.64786395
-4.03861152 -825.43329493 170.69528763
-13.30780230 -798.79800674 165.20911069
-46.29016636 -741.10930922 17.65598602
-18.68797461 -804.67793709 168.58353775
-44.33870091 -756.66616319 155.70954539
-44.45912091 -744.08829909 32.60417667
-16.30869625 -798.91661635 164.98809652
-46.55662371 -740.62977113 15.42057904
-9.33821122 -793.91959388 166.64123810
-8.85848000 -794.18210000 167.26860667
-11.58105148 -798.16003148 165.89945704
-15.91900364 -800.80037418 165.99299358
-21.58932837 -798.85445319 167.00182128
-8.07369326 -798.92758333 168.86512865
-17.99897500 -800.50380000 166.23876667
-45.64055172 -744.64217471 30.06416437
-44.79754380 -742.22300146 17.41369002
-50.81805000 -749.24445000 61.36101667
-19.99184765 -799.76914362 166.63829217
-51.49337859 -742.81298680 66.26891564
-6.90634880 -799.44519707 169.56705413
-4.45719267 -810.68388331 170.95351124
-42.35657552 -752.07741608 114.04731002
-24.42460000 -791.22214500 163.39396667
-32.13718611 -762.89555181 125.62674322
-40.43002675 -753.30933280 161.73616683
-15.19410000 -791.26856000 160.32202667
-30.22955294 -781.34448235 151.72646667
-20.68265000 -782.46635000 151.25339167
3.80578819 -823.22200110 171.49599407
-30.83563074 -780.26281449 149.21035501
-31.14714731 -779.64144409 147.78316882
-3.06081000 -827.55413000 171.11506667
-33.45732983 -777.53475924 143.58095616
-52.81496951 -744.10130436 65.77189849
-33.85449759 -776.70754819 141.85001727
-34.03449709 -775.67541673 140.35539648
-34.54268288 -774.12450345 137.97686036
-36.09348333 -773.22183333 136.49916667
-36.38453387 -771.80754113 134.69349368
-40.60452534 -753.22431989 125.91667402
-2.61021012 -811.68856012 172.01933214
-37.04006667 -767.93581061 129.33063788
-37.44461667 -767.00202333 128.09298667
-36.88902564 -766.23278034 125.67391026
-40.31276864 -759.84416356 110.96000311
-6.83536130 -822.46514909 170.60782121
5.22060634 -827.96295728 169.55092089
-22.60262000 -797.08452000 166.39550667
-32.98790000 -758.66506667 163.70040952
-37.33401281 -753.34395209 164.69372906
-41.52552381 -755.62125429 113.62782000
-0.10832759 -815.61136897 172.45145977
-31.94295023 -752.14459296 180.53653615
-32.85020000 -755.32706667 169.12040000
-32.04368295 -748.86235227 192.10763985
4.50932132 -829.35272914 168.99162586
-42.53185263 -754.65162477 140.87279917
-42.19002727 -758.56610000 128.88072121
-46.63713569 -742.65816077 38.59573199
-37.47486365 -747.58458107 194.87510888
-39.31589537 -748.68619815 194.63055648
-64.38941879 -743.83705161 73.97794556
-44.73605000 -743.21430000 46.46446667
-55.23411982 -742.79809732 71.97188992
-44.99443333 -749.37806667 77.98846667
-65.04569181 -739.98998285 88.80577122
-50.85106000 -749.83172000 61.38770667
-46.41320074 -741.74519185 29.98925333
-13.28694466 -813.60733433 169.85517303
-44.31561094 -759.17688845 152.67995724
-4.94166172 -804.91578226 171.42203511
-42.19369281 -752.08487842 183.14770192
-42.23525714 -749.13341429 92.50735952
-45.05294884 -757.93586744 156.43607481
-6.85653293 -801.87824692 169.95384101
-37.70959811 -752.18347516 170.79439646
-28.26630213 -737.66447745 214.54043816
-41.47538824 -755.40058824 111.95479020
-48.28102157 -743.11247059 60.49887843
-41.37467554 -750.88727065 89.91694438
-43.86632197 -756.58670758 149.84093068
-61.44583624 -741.88016278 80.77277479
-1.03876921 -828.55863822 170.50803113
-42.53698188 -754.53797082 146.86279702
-44.42489667 -746.88283333 50.76351000
-32.38700548 -765.49227128 126.10843507
-30.14204615 -743.61876923 205.53255897
-43.11330924 -759.65743978 146.78493725
-55.73620114 -742.18904847 74.53335879
-45.57032627 -746.03924096 62.40285932
2.80049766 -831.00102944 169.12953115
-40.72090533 -753.29202309 128.45267040
-8.42267319 -804.87177319 169.03003235
-29.20323498 -750.97952477 191.64954283
-44.71261111 -743.47477778 20.37948889
-37.58802883 -746.93389401 197.34681386
-29.59055352 -734.77398592 221.10083991
-39.78387500 -764.21376250 121.50786042
-42.94562470 -754.46021826 161.69283179
-26.75896000 -734.68252000 217.44338667
-39.31512500 -764.69416250 122.67387604
-43.91408861 -749.57106835 69.17558565
-45.83451910 -747.31019246 59.66861441
-64.40985778 -746.56812148 70.60005519
-43.84294556 -747.41156278 56.27452833
-44.33358182 -749.43760000 66.38001212
-39.04914000 -758.49590000 106.08891667
-36.72822000 -770.51033750 133.03549667
-18.19888987 -806.79563797 168.99034135
-12.06499286 -800.18807143 166.35885952
-13.24226307 -804.93385822 167.64355947
-35.26276131 -754.69706213 165.12003233
-16.32322000 -807.89418433 168.71296317
-27.68591935 -731.24764839 223.01380538
-45.67453913 -743.93008261 24.16224275
-13.39284879 -807.85506732 168.40562336
-13.22994466 -810.43688042 169.04650984
-15.08166316 -812.58835263 169.45957193
-32.62811905 -767.60657143 126.87143333
-38.34617302 -754.42431111 144.03785952
-8.48445984 -807.86476819 169.07250494
-6.98414433 -807.81987125 169.84021501
-36.30340270 -744.69907658 203.44063423
-10.37507059 -811.99709118 169.33292423
-12.43246306 -815.98367261 170.48037813
-42.52030032 -754.66170032 137.69405016
-7.39678615 -813.81099834 169.61955817
-34.26620367 -746.51431835 196.69388685
-41.69066667 -752.35343333 118.33840000
-3.49835192 -805.98943654 172.40157821
-45.49543738 -747.38220656 68.81228237
-3.23217118 -807.68695833 172.46850903
-4.40117566 -813.74234928 170.24413291
-31.90195619 -754.72803995 174.10820919
-26.82225000 -740.90695000 211.04821667
-58.31423620 -745.89930273 69.45580794
-52.31904730 -742.11473259 68.60636760
-9.68862624 -819.15666742 171.02444811
-4.33153039 -816.88092704 169.87220435
-53.59410586 -743.68516444 67.96983696
-7.34397107 -819.80819560 170.37400213
-0.69503542 -813.64727886 172.79507075
-1.47123724 -816.80669096 170.92907880
0.41990618 -814.59928427 173.25176554
-34.37674635 -744.73686438 200.86777077
-44.37500593 -746.26561949 65.37930819
-51.09316000 -747.00602000 61.15960000
-4.24499215 -822.87891344 169.90879258
1.06664382 -816.80487603 172.96307828
0.46280440 -817.64941321 171.89282013
-45.13176757 -757.52173784 158.79612207
3.28977333 -833.24652667 169.69520000
2.35470852 -819.52528896 172.80326761
-42.84591404 -754.51834806 158.83417950
-1.18451911 -825.90371270 169.83198356
-28.14415402 -730.13524100 227.42087221
3.32261818 -820.92369909 172.89773848
-29.20227229 -751.51091713 188.51039788
4.20235200 -822.48383491 172.59821648
2.67126091 -829.08348545 169.17111894
4.66420245 -831.55857454 168.61514345
-39.92819679 -763.45573716 119.56579924
5.41167778 -824.42110000 172.32785556
-37.92127551 -754.48430503 149.63103005
-26.74401408 -736.48996479 215.68983427
-21.07543333 -794.50083333 163.17736667
-36.04280000 -773.59470000 136.84960000
-39.15370000 -765.72606250 125.38571667
-36.48745298 -746.04968496 198.05302228
-40.23126055 -762.20608165 116.65870887
-53.36610625 -739.99583839 74.72526756
-40.35593182 -761.49750455 114.96327576
-43.79454575 -750.02819198 74.72752657
-43.59085857 -748.12562807 77.93609413
-34.50140787 -751.61958769 179.48015120
-41.20990957 -753.11575053 92.64184167
-38.54430000 -758.43855000 106.00159167
-43.04381214 -754.05114249 116.60647230
-41.59176429 -760.15302321 143.25238810
-26.76310000 -773.46870000 139.23365000
-46.66538081 -739.83359798 12.39870909
-48.25991364 -740.56755909 12.27707576
-48.16893390 -740.80390339 14.79459887
-44.82915000 -740.10085000 17.94796667
-44.61887714 -741.55086000 20.94008762
-36.34373075 -756.17778478 152.54275502
-48.09002692 -741.50692885 20.93117436
-67.34434503 -742.80423189 75.47630493
-44.54698222 -742.14377556 23.50992667
-29.59413810 -749.11235952 196.06725714
-44.57104677 -742.31308710 26.80364570
-44.45706711 -742.61803816 29.94924167
-56.11838151 -743.69928396 71.35788252
-72.13349027 -739.67094336 81.51141357
-43.39592901 -756.47639594 143.77455490
-47.97072222 -742.50265556 29.80045556
-41.62888346 -750.31243577 84.29764359
-47.98774634 -742.88676829 32.16858130
-41.56809023 -750.67129648 86.40854909
-44.47406633 -742.72449796 36.03060544
-46.60455245 -742.39233315 35.73084982
-44.26766326 -744.66660166 38.76104457
-45.62852703 -747.17388469 65.95114083
-46.58703695 -745.06611350 39.15146246
-44.76089783 -742.91801087 53.94672319
-37.66007924 -753.42240348 161.86886835
-37.44228167 -751.59987753 176.95736310
-50.94085000 -743.30485000 64.15686667
-46.27713391 -742.69736087 56.89687667
-48.14524054 -744.75933514 54.68319099
-61.63591164 -740.81147949 86.24811045
-46.43162967 -744.42503496 56.67025488
-34.54699028 -757.38022847 158.92853514
-48.76805724 -744.89433357 56.92365536
-49.79922825 -744.55112521 59.85788827
-47.41886231 -742.57779881 62.67404026
9.34248970 -832.31093422 168.12618461
-50.28659231 -743.75452769 62.42985795
-47.76053684 -742.41118158 64.68614298
-50.75720000 -740.33730000 69.64674667
-43.35001898 -751.10045376 98.72462343
-51.09208571 -740.28130000 69.82225238
-55.37113021 -744.48055231 68.84116613
-34.43756220 -750.69855632 182.83491141
-30.27216835 -749.63586547 194.02447242
-54.27932520 -743.12037154 69.84933496
-44.61058049 -755.50289024 170.34033008
-58.71455228 -747.29508369 68.16208230
-58.24044575 -748.85100013 66.67669582
-53.61634340 -740.65078302 73.98956478
-32.71644027 -760.59972215 123.78643110
-58.58970173 -744.43812220 71.78016620
-60.85174098 -746.06304508 69.91776749
-44.62021346 -746.69800000 47.88334359
-61.39319623 -747.53245987 68.78892971
-64.30545776 -745.26751653 71.95872363
-63.42222318 -747.30520157 69.61930596
-54.05334286 -740.16871429 75.73264167
-35.17460132 -759.37771647 149.88920608
-58.75836934 -743.58823504 73.88930389
-45.38777059 -747.88168080 71.70281032
7.10800917 -829.91147500 169.03873583
-66.95997203 -743.89650256 74.01587965
-54.84115765 -740.11854941 77.61275137
-61.37921357 -743.03412971 75.50702467
-43.62883721 -755.76750279 99.53117922
-64.45230493 -742.84770818 75.42958113
-42.93008808 -753.11208997 179.36885122
-64.58608108 -741.77516478 77.73603912
-69.92197725 -740.99789723 78.04015612
-71.17105238 -740.28528095 79.06742857
-70.56770666 -739.88498929 80.99559385
8.49879037 -836.69167185 167.24164296
-29.38429485 -747.87409368 200.87063388
-45.23011291 -748.31065215 74.92941426
-37.01311397 -752.48089944 172.98957505
-38.79756667 -755.91843333 129.16610000
-56.23031591 -740.25212955 80.20082576
-41.77674444 -748.66612222 77.88968333
-35.65465201 -758.04686520 149.95426960
-64.46297885 -741.05021334 80.78615215
-67.00896870 -740.54735328 80.07728358
-42.95388834 -757.44346714 104.81303062
-67.55428740 -740.03552423 81.23079662
-40.28874177 -751.54591452 179.72127823
-58.68997474 -741.70864646 80.74992760
-44.71456000 -743.58302000 26.93280667
-65.58866667 -740.30030556 81.97102963
-70.40423261 -739.13816696 83.67098567
-45.05931667 -755.52606667 170.17555000
-67.46998755 -739.65324882 83.64570936
-65.53646265 -740.17402892 83.90370442
-64.02921782 -740.88845833 83.69604554
-42.65421891 -754.56744806 149.71649104
-61.27055377 -741.33276136 83.94554587
-70.15245720 -738.79247488 86.43564251
-43.72784133 -748.55735983 80.87002950
-40.46429452 -753.43164930 149.80665418
-44.98767895 -749.00224632 80.32897614
-38.53922258 -754.56352903 132.33484409
-41.74446053 -749.13434079 81.23347193
-67.02667531 -739.46897928 88.98889210
-43.61389423 -748.85995704 83.41346737
-41.78457097 -749.27115484 82.89171183
-43.85458683 -750.84923601 83.83844012
-34.45674545 -743.95098668 203.16429829
-43.81191536 -750.91608810 86.73795655
-43.31613324 -749.13949687 86.38104706
-69.93779547 -740.52072593 79.71699877
-43.76247687 -750.80685709 89.77319291
-43.45175556 -749.30810000 88.71195556
-41.07300000 -748.97966226 93.44225723
-40.22958108 -749.14915405 94.73091261
-37.87167959 -757.02885714 137.52605442
-62.46490000 -740.29517273 87.54955758
-45.11294000 -752.16584000 92.49796167
-40.33688645 -750.73879054 95.64353419
-37.41938085 -752.32871702 168.96190496
-43.30213831 -752.87961542 92.98347823
-43.43012869 -750.92442471 95.67352056
-45.19672727 -752.77031299 93.37111082
-43.49329391 -753.48304887 95.88627675
-45.04565172 -753.58638966 95.16843908
-43.23921670 -753.62962243 98.52182136
-43.26172332 -751.32239865 101.74083528
-31.80515085 -742.86999915 204.54412090
-33.94667453 -742.97035393 204.67691161
-41.31593725 -751.41083333 102.77879706
-43.12361130 -751.49899674 104.75188275
-41.23548473 -751.62792061 104.61101247
-43.24222885 -756.33918029 101.54967628
-33.01733333 -755.51461111 169.76446667
-41.13444438 -751.89882904 108.24398502
-40.57224232 -752.77996209 170.44970747
-37.39267283 -751.10471869 179.46371763
-43.21048932 -753.22496159 104.61169008
-40.72145102 -753.13744898 107.88118503
-36.62705852 -745.51308437 200.96398871
-41.28218063 -751.96883351 110.46867609
-40.45591165 -752.95107255 167.90578302
-43.20723169 -753.40346162 110.83923638
-40.75958736 -753.57458966 110.93031954
-40.39029875 -752.71678625 114.18102479
-41.42276875 -752.15247578 113.94127135
-43.11367487 -753.93310175 114.02515532
-41.63464219 -752.23843437 116.37969323
-31.51748876 -748.33932475 194.78259497
-28.46195000 -752.38400000 184.59736667
-42.23316024 -752.21248916 116.12986908
-40.67325087 -752.92698844 119.87294008
-34.07211076 -758.10015696 118.93235211
-42.15621500 -752.19802667 180.10874500
-42.67212840 -753.77674520 119.77323067
-44.16415000 -746.34610000 67.64851667
-43.14802568 -755.88420219 119.99701749
-40.64898237 -753.08859840 122.80101859
-42.52096406 -753.77821388 122.76184958
-34.20548157 -759.89890283 119.51606649
-42.55037697 -754.17438659 126.04229028
-35.79227368 -755.16829474 159.54393509
-33.28964078 -760.27596083 122.17188971
-33.51089839 -763.01151863 122.55337793
-42.70687695 -757.05739959 125.61433251
-42.46664433 -754.33095739 128.59848557
-33.90175206 -752.81802229 176.57450789
-32.75271975 -762.18893758 123.85990106
-32.26566309 -760.90969866 125.09825190
-40.57869169 -753.52696390 131.93317617
-42.52456699 -754.57651818 131.79180877
-41.46702517 -758.18878776 131.39041088
-32.51215963 -755.02608852 171.26959667
-42.63543517 -757.11077897 132.04384253
-30.67752065 -763.32494620 128.44041857
-40.22362040 -753.71853721 134.83667371
-45.09780180 -756.39083288 164.69740225
-30.96443603 -765.96055633 128.88616629
-42.57282677 -754.67973150 134.99679304
-42.88013152 -756.91612609 134.77928514
-29.68857244 -763.72548189 129.95321785
-28.80048188 -735.09686154 218.31893573
-43.12197679 -753.86956779 173.76345796
-38.47681838 -754.66092721 135.29609314
-40.69336518 -752.64456675 173.51412251
-45.77023821 -747.50633089 57.34283902
-29.14181429 -764.01784643 130.76102470
-29.81510000 -764.80910444 130.10755556
-38.43354575 -754.64940686 137.87025719
-38.25383333 -754.72291859 140.66985769
-42.53071461 -754.61963303 143.88938824
-40.46505827 -753.62552184 146.56348473
-38.17011985 -754.48185918 146.84530375
-30.20749724 -736.46265172 218.59443356
-43.70814599 -756.76304751 146.87063153
-37.98153713 -754.06284092 152.98974390
-40.42887525 -753.42901381 152.90726634
-32.18353403 -745.86174302 198.27600357
-42.69460816 -754.65933748 152.76630674
-44.05159125 -756.57682143 152.75499611
-37.81223837 -753.92640302 155.79322155
-35.04823078 -757.43348123 155.69371261
-40.45303118 -753.45832374 155.78400264
-40.54403675 -753.37579132 158.87552734
-44.43416190 -755.94330680 161.65087007
-44.56556295 -755.71364277 164.92801908
-37.60794007 -752.74583005 167.82534062
-43.44755329 -754.33424703 168.08216848
-44.78567980 -755.65666919 167.51195808
-45.03897899 -755.83627174 167.51294783
-37.12001110 -752.60556407 170.69070397
-43.18064190 -754.06430801 170.52520004
-34.67491275 -754.50308098 167.91947405
-34.48720268 -753.72048807 170.74340811
-39.35364929 -752.27845071 171.12665213
-34.41450242 -753.28330451 173.55408019
-39.79692616 -752.17038492 173.76626999
-32.20949952 -757.00555943 168.15068648
-30.70349773 -755.81706330 173.63548955
-29.82403913 -755.82045652 174.85577101
-34.98416385 -751.94449426 177.40212393
-40.30315796 -751.89322920 177.03403923
-38.14175651 -749.55569668 188.02021930
-29.62785223 -754.47577548 177.27412813
-31.32382422 -753.88044806 176.91922703
-42.93757025 -753.29950889 176.84420136
-42.01888800 -752.28860400 177.72433467
-31.28298328 -752.83386186 179.54612296
-29.40812912 -753.20618350 179.81907020
-37.41504881 -750.44225685 182.85922609
-29.24724932 -752.09650374 183.20758673
-34.28406055 -749.93958289 185.75609366
-29.17449413 -751.87084396 185.74963949
-35.09650781 -749.19649583 186.64409375
-36.66977800 -749.21860200 186.74365267
-31.31384829 -750.44351387 188.60844464
-34.53198809 -748.67455462 189.03190684
-39.11921948 -749.26640909 189.31869134
-44.75078333 -758.82120530 155.15699848
-37.26498570 -748.88785564 188.85818664
-32.63317348 -749.16917727 189.58651439
-41.29341026 -759.76134487 140.47994872
-30.81779432 -749.96178848 191.56847284
-34.35538670 -748.01157864 191.80130061
-27.98286802 -730.70951977 224.78068178
-29.45065291 -745.28973139 204.16118685
-31.28408026 -744.19118410 203.13053193
-31.62916952 -745.07592143 200.97957010
-30.37149409 -746.93785271 200.20338440
-29.53118006 -748.78425897 197.85534330
-29.03888349 -749.70511835 197.37039144
-30.99537949 -747.37819023 197.51392096
-34.43998275 -745.66632686 197.92932473
-31.35004171 -742.05206841 206.81795957
-33.87188674 -742.41366829 206.80771880
-28.93036667 -744.22568005 206.90262388
-35.45098810 -743.64949524 205.82755476
-31.40876536 -740.82141335 209.47154100
-33.57600502 -741.57954608 209.61779582
-55.54042504 -749.90679968 64.79598373
-31.04826625 -740.00682581 210.48143664
-29.22027958 -740.00645986 210.78982934
-28.46728666 -738.86264694 212.77720788
-26.73476774 -738.98582258 213.10984839
-28.37852428 -736.52627701 215.88019584
-31.05451337 -738.26309069 215.38419531
-30.24015906 -737.00458523 216.38752438
-26.80210000 -734.09189000 218.22537667
-27.96157692 -733.78698432 219.26401430
-28.49593241 -732.76559076 221.68741180
-34.36793426 -747.10930475 194.53814388
-37.42046889 -748.34482607 191.85013585
-39.37535395 -749.04962895 191.96443311
-40.20716512 -749.90273274 191.05995457
-40.13739211 -750.17312007 188.48956779
-40.47189915 -750.85037834 185.82181405
-42.04830625 -751.94153125 184.97580104
-42.51087611 -752.70900556 182.19292722
-41.53461328 -752.54492266 176.19346901
-33.43896742 -755.81361388 167.57373239
-32.70309333 -757.92907333 165.57609333
-33.75572318 -756.55823482 164.60414396
-33.40917113 -758.96501113 161.29026997
-34.09550810 -757.20740655 161.72629724
-35.56588788 -754.92455455 161.74999470
-33.69189726 -759.07837896 158.82885122
-35.43336378 -757.50357934 153.00485697
-38.70247576 -754.53699697 129.32843636
-38.71247500 -754.43993750 126.24599167
-38.80846667 -754.34170000 122.56953333
-44.67030000 -740.25960000 19.41806667
-44.98734359 -749.62952308 80.42695641
-54.38542646 -750.20018988 63.96354488
-36.81043926 -760.23501644 143.67618647
-58.07988534 -749.68823510 65.94236955
-57.18390000 -740.33260000 81.92316667
-47.99990000 -743.42130000 33.52436667
-41.38383846 -758.58320000 129.50715897
-32.58348242 -758.68451978 164.82654799
-34.40273437 -759.38578714 152.84666717
-40.06950428 -759.83223463 137.27680480
-38.89420000 -749.41790000 190.29816667
-45.85331190 -743.74862143 20.78439762
-40.91410571 -758.73325143 132.20720095
-35.74122000 -759.76453161 147.67357247
-38.50015225 -759.91485045 137.90878919
-40.73130000 -758.25840000 134.39783333
-41.71806667 -758.26761667 136.73785000
-42.48711250 -758.48516250 130.91249167
-42.66676635 -756.74641659 128.91292212
-42.30062500 -758.45582500 125.74254167
9.54703617 -837.04747376 166.80142553
-42.61374825 -755.69316404 116.45712105
-41.28567647 -756.22581765 117.18428137
-42.56627143 -757.96305714 106.53565238
-42.77401245 -753.48674799 102.13611941
-42.65586742 -752.58034977 89.91805943
-27.40124853 -740.77568529 211.60482843
-44.94867857 -749.42437857 74.43646667
-42.59625000 -752.50187500 87.76900595
-41.67096000 -752.60475000 90.50837667
-47.13536256 -747.46275419 54.25367947
-49.85507273 -749.49934545 60.04894848
-46.02969575 -746.77044811 50.23377987
-48.99290000 -749.39077500 57.95384167
-48.65908428 -748.02788113 56.64847799
-50.77433333 -743.40326667 64.41970000
-45.75962684 -746.70387443 47.77282236
-44.75647647 -746.49514706 45.63779020
-45.44766328 -746.52610395 45.18036441
-52.73649232 -747.69955130 63.22768038
-54.02613043 -749.02265652 64.19438406
-62.67861111 -746.40366667 70.32322222
-66.19075000 -740.37660000 82.36686667
-53.66585156 -747.39719219 64.51000885
-48.16253929 -748.54805357 55.05660774
-42.27584455 -755.53216238 114.28331221
-42.24130000 -752.31330000 118.92636667
-30.60942791 -752.43982558 181.79000853
-41.51121579 -756.63962632 119.83461930
-41.41886889 -757.84018889 126.12602444
-42.10633571 -758.56100714 135.38379524
-42.32446829 -758.78353902 137.91027236
-42.57232169 -759.04376205 140.67777028
-42.70728167 -759.53777928 143.82397264
-43.75319470 -759.62452953 149.84752145
-37.70284036 -760.39170673 140.66808236
-45.03712787 -758.60433115 156.30892568
-33.83263852 -759.34261953 155.78357697
-32.87261111 -759.29737222 162.70494444
-31.99933333 -758.46694444 166.60343333
-30.05956207 -755.44581379 175.46430460
7.11532624 -828.53945069 169.96018974
2.89982857 -833.41292857 169.50898095
7.70326106 -831.85829611 168.27346142
5.35540186 -834.47192379 168.82776518
7.82107711 -834.67407496 167.64415939
9.52054504 -834.82953244 167.20120235
-44.81072600 -741.81622800 16.06844467
-36.54094444 -757.20744201 146.91276111
-38.81717333 -759.27218000 135.91097333
-42.20454615 -759.69823846 110.59773590
-37.50873663 -756.00372624 140.90464934
-37.14370355 -756.43854548 143.67522957
-35.86842000 -758.29671000 148.11884667
-45.16902500 -758.42380000 157.47599167
-41.82199000 -752.43933000 179.19353667
-39.68660000 -749.40992500 193.51001667
-39.08068000 -748.15584000 196.45791667
-28.98522000 -749.49378000 199.32508667
-28.26716000 -743.84789750 208.68084583
-26.77867500 -737.79949167 214.56559583
-30.57978070 -737.76777719 217.69187368
-26.87042500 -740.60805000 212.04864167
-36.01280000 -743.94305000 205.60076667
-32.93570000 -740.33450000 212.69806667
-30.04387500 -735.40496875 220.60767292
-28.05280000 -731.40560000 226.39716667
-44.82772857 -743.45611429 18.46085238
-44.75392500 -743.45510000 23.62095417
-45.74611000 -744.23192667 26.92460000
-44.53950769 -743.86248846 30.17315385
-45.63047609 -744.93350435 32.45916667
-44.34529509 -744.38143313 36.04799182
-46.19265000 -746.41945000 43.07486667
-50.96190000 -749.43170000 61.26026667
-42.01419412 -760.56135882 112.56520784
-35.76832500 -761.53845000 115.23029167
-44.93230000 -755.34320000 171.33151667
-44.93430000 -759.42440000 153.51796667
