-49.90898649 -770.28092162 39.72011829
-45.53441750 -751.61149586 52.08763911
-45.41211935 -712.21226746 57.59066880
-4.99268428 -745.54873207 36.40672164
-46.67863506 -741.61771429 22.78133914
-16.64933387 -755.42822097 42.69156955
-45.07508944 -730.27944589 14.21177291
-44.74618472 -775.03522882 38.33746680
-55.58164595 -758.73010000 50.12991829
-27.62875556 -746.26829206 45.52841969
-18.08949659 -747.46077395 46.24344323
-40.92867401 -751.15047568 48.00157316
-37.49048619 -756.42282799 49.14141462
-33.52638333 -745.80505000 42.11958676
-51.03078851 -721.08440053 56.53541338
-8.01063217 -750.48719975 39.43018328
-43.41006000 -759.32034000 39.27137342
-1.21874110 -736.19538082 36.91132466
-23.76079227 -739.92031580 51.53471167
-37.13491549 -747.56836056 51.96682807
-43.78304096 -756.93257320 47.67220528
-30.86338519 -743.45623704 48.41025342
-47.88230624 -727.04907435 55.97768199
-27.60769389 -747.11841337 45.42711564
-16.92304412 -734.18622500 53.87394509
-29.19833040 -746.34849687 45.03863524
1.44942806 -737.17619496 33.63026206
-11.64133370 -742.15892366 44.71779689
2.19155045 -737.08492140 33.18209882
-52.45077500 -722.80157500 55.92817009
-39.73360000 -734.60270000 54.80075342
-45.88996048 -712.63674394 57.91746386
-34.95120036 -744.80515055 50.83199521
-43.18520000 -726.31755000 12.73902842
-48.09288479 -708.86141118 57.47937709
-43.80660622 -771.17786185 39.93139399
-28.10608197 -753.66277295 48.47436528
-19.70822543 -757.93257629 42.40923074
-41.96755419 -777.87093384 37.98726971
-45.87400000 -791.51430000 27.65270342
-40.53577727 -726.38609114 57.90033706
-17.18153380 -742.83783738 47.24007271
-47.80869447 -784.04951389 32.68004393
-7.25917381 -736.47135714 43.18156950
-20.89048805 -748.00395127 46.88337365
-45.47971234 -715.08312087 57.83946448
-47.92313551 -718.07583541 57.42246233
-4.10462609 -744.76794348 37.42783169
-45.68390132 -789.84440926 29.24125551
-44.33261560 -715.01081443 57.62514958
-47.17963667 -717.30257167 57.86464384
-30.97219576 -744.91017277 48.02855929
-45.08665882 -739.91402353 22.22632793
-47.41441844 -792.01760727 27.41552583
-42.62110551 -762.86209412 40.44352181
-33.57437928 -747.32849015 42.30590183
-38.40930061 -753.55459650 47.90540453
-47.74924294 -790.00608246 28.92950445
-48.82814489 -791.25055227 27.61032274
-49.68889974 -769.85812698 40.05757856
-40.29128000 -740.81820000 46.07234342
-46.95923689 -791.66863525 27.87658293
-37.33590000 -749.84640000 39.73955342
-32.53905524 -747.31348163 43.99319669
-38.90078788 -746.44351970 53.23644585
-32.10792014 -750.75026806 49.03737426
-46.21711373 -791.90993333 27.57331029
-34.21932500 -744.46780000 51.83892842
-46.12806857 -791.68505143 27.92945914
-43.31700000 -787.51780000 30.65475342
-15.93903392 -759.32722631 40.34152250
-49.75665966 -789.50022822 28.90003538
-47.66147600 -757.26767141 50.97433238
-18.62911177 -756.04741861 43.33422077
-52.61633977 -709.99068523 57.04843127
-53.90604697 -758.92389921 50.77674736
-46.94166151 -739.52711194 14.40158095
-50.42797360 -787.31041111 30.07111393
-21.10055000 -744.79861000 51.97454009
-42.33823393 -775.25371028 39.11816409
-48.41136753 -758.90794026 50.28053914
-44.73693400 -754.14989797 51.04455628
-48.06121898 -787.83359792 30.29759078
-38.22418000 -748.28189160 41.26793262
-47.58966950 -726.61216515 16.94130696
-30.73766538 -748.78473462 48.92647266
-47.75789000 -770.33143818 39.71357615
-0.03441573 -736.81998655 35.13172617
-39.71344392 -747.70615312 35.80313295
-50.36157598 -785.94218789 31.01291154
-50.83387830 -784.00150133 32.10477684
-42.34244360 -782.88492927 34.03476135
-17.91616446 -754.10576925 44.09217322
-45.42493056 -737.17189444 13.49000342
-44.83749459 -781.05089197 34.97509588
-50.45870039 -726.96077415 56.18250353
-47.68906252 -786.35317338 31.30475141
-10.24180000 -746.77441667 43.78092009
-37.84454464 -756.15304286 48.40821771
-12.87016061 -745.95038788 46.19280494
-52.37275000 -728.69320000 12.80010342
-51.53636000 -785.41428000 30.70203342
-44.99560740 -772.18137099 39.30082183
-40.14408944 -743.04304720 41.81683945
-43.00828858 -773.09160000 39.60490131
-21.19580612 -753.02549499 46.07670148
-45.05122504 -787.96593998 30.44799522
-25.66798453 -744.26355135 49.57389558
-44.77581568 -717.97961394 57.51941483
-8.00538845 -748.08437373 39.25799889
-44.89431241 -786.50727032 31.39725630
-44.69316782 -769.03816205 40.15489901
-44.65432199 -731.01999279 54.50584372
-37.64578431 -754.81377255 49.09076127
-50.94178884 -781.95642958 33.37616968
-20.68318261 -754.21118486 45.17836889
-21.31451250 -749.59631250 49.01827842
-29.38489802 -754.15389379 49.07093030
-34.70678257 -746.37407706 48.35923416
-50.60794391 -780.51019134 34.39333341
-44.89985896 -784.16851298 32.91063508
-46.94790780 -739.70136583 16.99427963
-48.22893248 -782.31917136 33.65244115
-37.11992216 -748.04235727 50.22805154
-42.98952715 -786.10266985 31.81449387
-39.13819141 -749.83597031 49.33202452
-50.96139588 -778.34820362 35.78253887
-47.84733314 -781.00400255 34.54735138
-18.66684965 -750.61722390 46.10664323
-22.64077314 -753.38704876 46.23373648
-42.46633125 -749.15356250 51.96780342
-42.70581347 -784.38189864 32.96845708
-39.87687756 -735.50188178 53.60909766
-45.97138333 -782.51995000 33.75955342
-50.09308177 -714.13473646 57.87098105
-44.54328074 -782.72819426 33.90518484
-41.11887975 -732.21373175 55.30972734
-38.87907647 -747.30574777 38.34670689
-42.63720590 -756.38023038 47.77829705
-47.89463220 -778.37496264 36.11270729
-1.68765962 -742.14146731 33.68250150
-41.14530834 -754.21781643 38.21915426
-36.99860000 -758.62320000 49.05195342
-42.83765000 -765.93388125 39.66222842
-50.67214594 -775.08809400 37.76105354
-47.57960638 -775.05743567 37.85868217
-50.77072260 -776.71431233 36.90429315
-0.58921382 -738.76423489 34.58085094
-24.70324737 -746.34311930 45.63786395
-42.31313683 -781.02719675 35.55454274
-45.26759024 -739.40681569 17.33220973
-5.75427857 -746.65990306 36.59634628
-4.55232692 -743.12011346 36.64765823
-49.52342083 -790.79809167 27.66025342
-44.96608885 -778.79076846 36.37409278
-47.54638337 -776.86836446 36.96280422
-21.01931756 -756.30285728 44.02030747
-38.95419238 -750.84401913 47.22250590
-50.15799131 -772.14994003 39.11220317
-44.75226992 -726.58777941 13.92478377
-44.52362547 -777.41000823 37.27184001
-9.46193693 -750.37430109 40.27479158
-46.76558966 -710.99321724 57.68940860
-41.98290918 -721.12592995 57.38998685
-22.86682222 -744.32022222 52.06993120
-42.94887230 -779.28170576 36.57437537
-51.00413562 -715.09530844 57.40672343
-47.96275843 -769.06575937 40.14397569
-51.77922222 -758.64232222 52.02788676
-48.46640442 -756.25046122 52.11407298
-47.71238509 -772.09567088 39.10406292
-41.44126162 -779.89279155 37.06439814
-38.35471364 -749.79087727 41.29265797
-42.50841143 -760.27685231 40.16655025
-19.88254181 -741.23606810 52.09334739
-36.28187805 -748.41518867 47.78051830
-7.44016774 -737.31194839 42.70712439
-50.01710785 -729.75555561 55.90301157
-6.62149198 -748.19043960 38.16316297
-13.12944189 -741.14072943 45.96824965
-43.53662135 -762.88257528 39.61985792
-47.28800352 -766.43981600 40.79966829
-51.04545760 -756.63886093 52.50041037
-50.94518311 -754.05349216 52.88418046
-41.12105643 -774.64387610 40.23043691
-40.22384729 -769.67712353 40.87018261
-45.25255160 -770.31379440 39.71552662
-41.76355344 -757.76179771 39.87940991
-10.49805333 -737.48306000 45.05402009
-19.61706475 -758.91760328 41.92550015
-41.76059418 -771.98152684 40.52787079
-12.57194563 -747.82573126 43.34494388
-41.60048157 -756.99311402 39.14209527
-36.15849464 -753.96440556 47.84092685
-41.82642453 -769.12021633 40.62164484
-34.53083714 -743.31787857 51.66571200
-44.14013296 -763.21942788 40.64191390
-46.46932000 -736.44603000 51.69741342
-50.17873429 -707.46151143 57.87109200
-44.70311600 -727.00619339 56.00215441
-15.75630844 -741.61206133 51.47838098
-31.91506592 -750.60803094 48.27272327
-44.95446009 -766.01555310 40.67690868
-40.22384039 -771.43336059 41.13080909
-11.07055855 -739.38363145 45.10086173
-35.21985652 -746.36669348 41.24190777
-46.52386222 -731.31392667 54.72519342
-41.95262994 -766.36046585 40.70661075
-54.47402425 -757.56964436 51.43674061
-46.22125462 -725.10284308 16.39919112
-43.55784953 -761.13975981 40.18791885
-10.55040327 -746.16564510 42.61837761
-5.53133573 -737.06034922 40.92748014
-6.64794158 -741.85308034 40.63158185
-18.09728686 -742.76359737 51.42072739
-22.75339281 -750.75931894 46.85307824
-47.21518462 -722.48077436 12.88281368
-53.47979022 -756.68515109 52.47557472
-50.48908387 -758.03986006 51.33423275
-51.17382185 -758.89233522 50.80243646
-36.36618538 -751.33090819 46.49466402
-32.77289719 -747.49409149 47.19349408
-14.29141315 -745.43451504 45.30721655
-53.06829633 -754.46199323 52.46258948
-52.57147208 -720.74666458 56.21179773
-54.62851560 -755.14743262 51.56588108
-44.57148349 -742.61690889 25.85490533
-20.61968100 -744.22867972 49.94022289
-44.85254803 -721.13543488 57.16185864
-36.53871041 -756.75018959 49.08783299
-30.10552575 -748.51287826 47.11645142
-42.73629323 -753.95760006 49.80330144
-9.45485813 -747.85017880 40.61475972
-15.40808699 -747.00764932 46.10924384
-44.85610907 -729.69526305 55.19767118
-12.82218722 -740.04311679 46.05057899
-32.58480494 -746.27566920 44.97929069
2.17770539 -738.53682921 32.48162156
-42.21401743 -759.71667852 39.36126386
-40.13253333 -743.49331429 39.10800581
-44.60771460 -724.07408435 56.74894895
-52.42442500 -752.41542500 52.02725342
-50.56451041 -752.00293243 52.32046888
-47.91995499 -753.90242761 52.48440660
-45.35780865 -756.27452472 50.66203446
-52.79181963 -715.11111482 56.85306848
-46.72198100 -754.85354733 51.66358342
-49.48877227 -731.81148739 55.29211729
-49.88169652 -751.28035478 51.68749777
-47.66653742 -751.70952676 52.41730541
-36.02502510 -747.69270520 41.31341804
-47.68360486 -750.42825196 51.54295230
-45.55026959 -753.38161725 52.11275869
-43.79066441 -738.04229248 50.39830681
-44.77672537 -743.99960299 25.79909820
-40.74383973 -724.57211751 57.87953736
-41.61212754 -754.10361214 48.42543644
-40.26979333 -756.10731333 38.48721342
-44.50363853 -736.89473718 51.33766190
-7.16956842 -739.08033684 43.53140606
-29.77977461 -747.22795277 45.00682326
-44.47911585 -751.09780938 51.16170048
-40.19207395 -753.60602185 38.00679628
-36.26875366 -750.05063598 44.06971196
-47.75346773 -748.19838493 51.98637890
-37.04311901 -755.32843310 48.89679004
-47.32308318 -748.76941041 51.64495583
-41.18212814 -741.73144970 44.44069621
-42.03437084 -748.60648450 50.30350766
-44.44133718 -723.59721786 12.01811141
-35.86876969 -756.93596510 48.49133127
-36.76138545 -758.68417273 48.52006070
-51.02188495 -723.93878500 56.24156470
-42.35059803 -750.79612603 50.00630650
-43.93560189 -743.30814811 28.19997324
-44.57285520 -748.51102708 51.09177574
-48.52143897 -732.10457268 55.05172322
-41.70988687 -735.56988983 52.66715994
-41.16930000 -776.68750000 39.83273914
-42.06866002 -738.37775079 49.82875338
-15.85786284 -754.07013291 43.61182541
-49.84894655 -770.76626034 39.81812067
-46.83440506 -740.14402152 19.96546988
-32.46783284 -745.59938321 47.94962492
-45.02438839 -740.18613764 19.82525680
-44.97087438 -741.97725056 22.99833986
-38.97626015 -750.10651538 44.85365847
-45.49583681 -741.59476468 20.58355173
-38.51928441 -748.66583134 50.27028398
-46.52306667 -737.08413333 13.38035342
-38.35757694 -749.06589286 47.58626955
-45.38875879 -739.31605769 14.17880164
-31.78702963 -753.08142593 48.02176454
-39.96900505 -728.09728726 57.69426520
-38.60276425 -747.44291315 52.66712732
-30.00942055 -753.73922777 48.61466383
-20.75354469 -751.07478256 46.47351067
-29.29091587 -755.97673486 48.55624591
-51.64465887 -726.38518122 12.22790782
-40.99432985 -742.89320076 41.79031287
-50.46584988 -727.17410557 13.82497573
-51.06146827 -728.86238558 13.24399165
-7.64633392 -746.01014988 39.50122849
-29.95942742 -750.92791988 48.18269083
-28.16898387 -753.87091935 48.94719213
-40.19233522 -742.17555377 43.88785280
-22.65171095 -754.73030597 45.30793369
-15.68094439 -757.10343185 41.66005316
-17.58851645 -741.45334142 52.12715922
-41.73525455 -739.78502475 47.50941832
-41.53728143 -740.93407209 46.48423202
-14.34861563 -750.17035174 43.82280331
-48.70991081 -727.64574717 15.19827023
-47.23461675 -735.35162874 53.04380936
-45.54931443 -727.08658983 16.78135615
-27.97824840 -750.69962407 48.01522443
-1.46200000 -744.31532000 33.68642009
-44.68033892 -733.07630657 53.79479292
-47.62265510 -733.26800325 54.26337762
-15.56454775 -755.41335506 42.63150062
-44.77877774 -735.52222461 52.55493648
-33.20616568 -744.72750523 49.67449398
-17.72087476 -757.23072671 41.96615397
-17.61328269 -759.64066236 40.64580696
-16.78846373 -761.11721710 39.64224721
-16.09103444 -760.50454503 39.62983819
-42.78522308 -743.20226308 28.88898573
-40.33885000 -773.87875000 40.65045342
-45.35708851 -748.31319732 52.01128178
-1.91192135 -739.32620644 35.87271434
-42.17033956 -736.84353796 51.08455523
-35.59277472 -743.86028390 52.12796017
-35.48187275 -742.43023810 52.67577592
-43.52111818 -744.68266818 31.19312615
-26.60043038 -747.02761998 46.43983202
-47.82156303 -730.04061031 55.42637660
-23.93658542 -744.32070243 49.53281945
-12.37212058 -735.90039983 53.87390440
-33.24442840 -742.95390625 50.54827515
-34.16987131 -742.57370380 51.94113823
-42.14193666 -733.38204560 54.02789835
-41.08467042 -745.51289465 35.45361202
-14.77821595 -748.13952195 44.61742797
-23.37311943 -747.73397221 47.07053107
-19.61366916 -752.16518084 45.63371557
-17.71789338 -751.85311265 45.34151170
-39.80620874 -734.32665191 54.57991517
-42.96429231 -731.38063462 54.67981881
-41.65658000 -729.99551898 56.15210476
-48.02428770 -724.01233289 56.50022194
-39.65303767 -732.85616554 55.70665520
-26.16252350 -746.16784816 46.49640872
-23.93351915 -745.56405412 47.48524302
-53.09453417 -722.95313909 13.17896108
-39.90021508 -730.11894604 57.16442615
-20.72328724 -745.47650535 47.34184166
-41.81920646 -727.11354466 57.04362711
-25.58182443 -742.68823529 50.18245642
-52.60879462 -717.98537029 56.62744115
-48.03646400 -721.06306304 57.00497609
-24.00624921 -742.19083674 50.61952046
-51.02387936 -717.98676740 57.04312794
-37.10146667 -746.46211667 39.40928676
-47.13068947 -783.03366316 34.03557448
-13.24705000 -740.58447500 52.65512842
-14.27344138 -738.85344138 54.95551894
-43.18951406 -742.38350938 26.41220186
-16.75858599 -748.23112850 45.58282620
-18.03074946 -745.36496080 46.66710278
-41.96301376 -724.04345899 57.36486393
-25.67656667 -740.52340000 51.17558676
-20.79215009 -742.15298081 51.10428049
-12.83407918 -750.21235303 43.07175669
-11.37337011 -750.30080692 41.81642467
-40.07410466 -726.95936284 57.94307990
-21.11323414 -736.73044630 53.01552916
-18.60580274 -744.03334610 50.60651580
-23.32163838 -738.54593028 52.08879180
-15.33959549 -744.82680146 46.12437768
-11.30194988 -748.23329619 42.12926781
-52.83877437 -712.28426348 57.06802790
-40.19278013 -724.91161954 57.97751466
-51.53503589 -712.36585115 57.60506409
-48.50282389 -715.60953161 57.65347666
-21.92397430 -740.21624916 51.69877521
-6.54358462 -750.40098194 38.51389952
-40.27341279 -723.85855698 57.64859645
-20.74422513 -738.84769108 52.33816474
0.70602213 -739.33073487 33.13834533
-11.75439657 -745.04674485 43.99749583
-14.75174728 -742.10368369 46.49166830
-47.69014835 -714.73328008 57.95414513
-22.77888962 -736.59513201 53.10944460
-50.35915867 -711.80829302 57.91508505
-42.46549452 -718.30218596 57.30059825
-17.89069499 -739.20361918 52.93209104
-45.21005650 -717.14586217 57.84885224
-53.07609740 -722.17974335 12.97515906
-51.50961993 -709.20613977 57.46795770
-47.82636811 -712.02708980 58.11600820
-8.79689050 -745.07204201 41.43080593
-15.56361192 -741.24205577 52.35507486
-13.55700904 -743.15079681 45.67723587
-50.31968500 -709.13818451 58.01731940
-6.98784883 -744.15212819 40.27145109
-9.97254715 -744.33252314 43.10628177
-14.73707522 -739.13438383 53.37571813
-6.18892117 -745.07247376 38.19078327
-43.20986906 -716.20998993 57.29315558
-55.65866000 -756.63510000 51.94049342
-17.63244527 -736.31087348 53.64729323
-42.54977045 -751.61207955 52.39615342
-13.63321615 -740.23968944 46.32859442
-48.35172514 -709.66021150 58.08276511
-14.68966748 -736.06881318 54.43590083
-9.45164516 -742.04480997 43.33193942
-8.09920612 -742.24458183 42.10233620
-7.80639714 -739.33495898 42.38349514
-3.10568866 -744.59615027 35.18267700
-43.93658552 -744.08594706 29.31491994
-12.93510821 -738.13651247 53.39108603
-52.40657500 -728.19485000 12.85486592
-9.26629953 -738.85936342 43.81463586
-5.36149180 -742.17836279 38.66960466
-2.64925338 -742.15917433 35.31134546
-3.93336038 -741.37065193 37.37585770
-6.13423166 -739.03453956 40.92190936
-1.21700870 -743.98192174 33.87893024
-1.06238626 -743.83550604 33.60392705
-8.47007796 -736.67593192 44.11573445
-14.61164528 -733.91524625 54.15536855
-4.81795367 -739.49654997 39.38934245
-1.15547915 -741.48666681 34.01371555
-0.29109013 -741.71339037 33.21608427
-3.41574929 -738.81401955 37.96038964
-12.49192644 -734.06645985 53.74298730
-4.47814727 -737.38425455 39.69831524
-2.85941819 -736.72947859 38.30634129
-4.21267778 -736.61842393 39.91520300
-1.55404674 -737.07875892 36.52731235
-46.74630145 -741.24829673 14.47243452
1.74115806 -736.62556452 33.89768891
-46.21720000 -722.55080000 12.88845342
-40.81330943 -751.84697132 37.43653707
-1.20231429 -737.98522857 36.85391057
-45.69488487 -729.22490959 17.91319844
-49.39480000 -726.19730000 15.87155342
-31.85781200 -743.41313600 48.70899342
-14.88561304 -740.45953913 51.64212734
-47.91076452 -728.77149355 14.01202762
-40.93659689 -744.02841483 40.63613668
-36.64034640 -748.80337026 43.79971465
-40.03838913 -750.03328261 36.59747082
-39.99125018 -751.01733381 37.32578528
-55.71303567 -757.36773054 50.56922528
-45.72240000 -755.88309885 52.30919136
-46.60642652 -741.27548403 17.23310199
-30.30942202 -751.86500743 49.07493008
-45.74241783 -724.68055720 13.85447524
-50.23101044 -707.34949241 57.08892922
-41.26195897 -740.37605897 45.46045086
-22.62416026 -755.97025513 44.70050001
-46.28156667 -710.43987143 57.53505819
-51.36140755 -721.95899623 12.11099399
-51.95674364 -722.16816082 13.10662043
-50.83108284 -724.01663156 13.98894319
-46.60065417 -728.66369583 16.78479092
-46.88330000 -743.74012857 20.21288200
-43.14437059 -755.71731176 49.72190637
-46.64419167 -741.22062276 19.96979189
-44.66580913 -741.05165865 15.06165871
-44.92986562 -741.49099775 17.24441559
-45.88582414 -743.90043448 21.49882239
-45.35417067 -743.78992548 23.18103900
-40.84986896 -744.41732332 38.88600596
-40.05440857 -743.85485286 40.48340700
-42.71645714 -743.97243214 27.11907128
-13.06177059 -735.84591838 54.91249276
-17.02070000 -761.62417333 39.37150676
-39.90380000 -744.73423524 38.62831061
-38.50494381 -749.05775266 44.11215253
-39.98840333 -745.89308571 35.88595485
-42.24945758 -745.02393455 32.26201019
-42.61620533 -744.21855233 29.59744876
-46.00622697 -729.62059751 19.41292562
-46.53788639 -729.23998225 19.34848834
-48.93159816 -722.73415300 12.24104052
-47.99646111 -723.65037741 14.08377041
-47.48159924 -724.99364488 16.31830614
-46.08697826 -728.35496957 18.98348603
-45.58960000 -743.63580000 18.18002009
-40.76007098 -748.12003601 35.54656986
-40.82109931 -750.44713586 36.26748170
-40.70495000 -743.44973571 39.24606771
-42.87478921 -762.41148489 39.59135990
-36.89645625 -747.29410451 39.00189023
-40.96687000 -750.63267000 45.57997342
-43.95633000 -719.61805000 57.81873342
-41.76137931 -752.78268966 52.02364653
-33.76149706 -746.85836029 49.40099754
-39.68319200 -728.85396000 57.85714142
-29.75430078 -755.83700584 49.18499000
-28.12602727 -751.48292273 48.95817842
-13.32850000 -746.61810000 47.22405342
-10.34490000 -737.85610000 45.83585342
-14.42908769 -735.96806231 54.89230753
-13.72440000 -733.79660000 54.80815342
-42.45580000 -767.67120000 39.58185342
-49.50025000 -782.62020000 33.89290342
-46.45050000 -743.56100000 17.97195342
-44.45113333 -731.58073333 14.26562009
-46.47525500 -728.36873500 19.06075342
-43.26601429 -741.80058571 16.78665342
-43.33390000 -742.46860000 22.91195342
-40.15832857 -746.45231429 33.69923914
-40.47632800 -746.94845600 37.78991742
-24.64583333 -746.78646667 45.14563120
-40.68498750 -748.65115000 44.67580342
-31.23766667 -744.61423333 48.79432009
-44.34535000 -734.53295000 51.77230342
-21.48505789 -749.49127895 48.99197974
-41.49547500 -748.87897500 48.47727842
-40.29520000 -776.62120000 39.74015342
-49.34700000 -707.52795000 57.30920342
-40.37650000 -746.90280000 42.27865342
-40.08245000 -746.63097500 33.60172842
-42.56210000 -743.88535000 21.20726592
-43.14800667 -740.75242667 14.17552676
-43.10435000 -740.52185000 14.16650342
-43.08242578 -727.05280547 13.15247686
-43.62015714 -726.13918571 12.73895342
-15.86250000 -755.61300000 42.81825342
-36.99356486 -749.73118919 41.46603721
-43.46128333 -758.25910000 38.99468676
-36.72540000 -749.62106667 48.91082009
-42.76381429 -719.13008571 57.87726771
-52.79970000 -758.63370000 51.88265342
-24.27350000 -746.60190000 48.79515342
