-32.23910000 -748.30442222 42.45927245
-21.64634228 -747.08870568 42.07133141
-27.29904074 -745.26120688 45.78086187
-27.21875537 -740.66321214 48.93585717
-13.57334115 -737.81806577 42.78955886
-27.64045832 -746.46787630 43.14945284
-43.63491523 -755.08428706 46.29261656
-12.79709692 -743.76568744 38.33398147
-41.24509167 -732.95915556 54.45501134
-45.71357859 -729.16773127 18.98451545
-45.70776568 -737.90969646 51.12661069
-44.07176724 -741.35217759 12.93482187
-40.74045806 -743.85004605 41.12515603
-52.72949373 -726.71399518 54.42059405
-42.91242213 -776.56823498 35.20797728
-37.48733489 -749.77254310 41.61050889
-46.87850370 -725.87482222 14.86802060
-54.19540040 -719.71484386 55.99093969
-39.80762500 -770.57486215 38.58463722
-40.86882275 -731.73518473 55.17102207
-51.79957658 -722.58619974 55.71031887
-47.43720000 -741.05740000 21.61693911
-33.65679857 -749.82093821 43.04961672
-45.57767559 -740.72171367 17.14044334
-37.90633790 -762.74368535 40.35754007
-40.90504118 -754.53447059 43.76806264
-43.93513765 -723.30160598 55.36106023
-14.69702000 -744.87629926 39.19769763
-18.94200214 -746.63079502 41.10416392
-42.72818571 -745.19930000 27.24572483
-45.87555569 -725.64470552 55.03630099
-21.76071295 -743.58259009 43.93387934
-22.24304181 -738.16895165 50.33869864
-25.21229145 -743.59261100 47.73729123
-40.61531104 -739.58842792 49.17073754
-42.06451862 -730.80268076 54.93235136
-45.66441628 -729.06106082 54.25846941
-7.83894490 -741.15658571 36.48975748
-24.91598191 -746.36841593 42.91180373
-22.42035183 -740.32926951 49.91349672
-46.32271297 -757.59696303 46.62506072
-48.97946396 -722.64735678 55.85924058
-50.28270000 -715.08280000 56.78948911
-22.66452539 -754.75260890 39.94828126
-42.04111429 -753.97151429 42.24721054
-42.74297001 -782.02277051 31.27290924
-44.42846667 -747.93503333 45.74050578
-44.26672000 -747.97452000 45.71735911
-40.09273761 -736.76459579 52.34705187
-44.76611713 -749.46386705 45.69208169
-16.60963170 -745.90650267 40.07122721
-42.73405795 -728.56661634 55.15134673
-37.79301135 -748.56565035 44.16147564
-44.67562963 -742.64815556 14.98353171
-11.65325758 -741.92071818 39.21526235
-38.62395000 -775.13650000 36.55423911
-41.79507228 -754.50834752 41.96650743
-40.30432000 -745.90231500 39.92677911
-41.49029583 -745.39294167 33.93750995
-13.90514466 -748.44287691 37.72617528
-40.62500323 -744.64170959 38.12951767
-42.08261920 -785.03437625 29.17750297
-44.73796450 -730.55562328 13.67398701
-47.69314892 -738.60448290 51.23577136
-44.48220282 -765.57380845 39.98557151
-46.14829395 -722.63810449 55.65680507
-24.12150191 -756.43378395 39.08683926
-37.45431468 -764.81915799 40.40262591
-47.63374500 -738.49125500 13.36566911
-48.19350109 -756.07662620 47.46453725
-40.32787783 -768.40412360 39.31244938
-18.26654192 -744.59729141 42.19685140
-14.63698148 -741.24294523 42.27872287
-37.19590716 -767.58356934 40.32876403
-39.99975691 -759.49802776 39.69499292
-37.59984314 -785.28151816 29.26062285
-24.76803644 -738.34197337 50.24058952
-40.86891323 -745.93891868 32.30806985
-29.68612835 -739.99027835 48.63952829
-35.18321724 -773.63151724 38.54351425
-40.34050000 -748.27424000 33.22721911
-50.94592535 -727.87795607 12.79339948
-47.57102000 -739.54386000 16.60325911
-30.97576759 -744.74083149 45.20328394
-39.79795092 -780.17487411 32.93433328
-8.94925333 -742.36601333 36.49656578
-23.30543182 -742.87182727 48.13630275
-10.67833281 -739.78771854 40.26261501
-49.12419626 -725.62902311 55.09193483
-45.76598324 -755.71323123 47.27757429
-29.68559032 -745.17640000 45.63721653
-38.30268571 -769.02868571 39.53206769
-39.68846052 -767.08578471 39.74638282
-43.95841548 -743.05935461 23.07226993
-43.92256617 -735.89922368 51.45219062
-24.17436207 -744.27264361 43.94579759
-39.60038114 -764.70392311 40.05465191
-46.87126785 -719.92434441 56.14508795
-10.40568119 -742.81779024 37.35126456
-45.48384832 -728.41195873 13.64351911
-44.16336573 -728.11020559 13.77860205
-16.57091229 -742.62433499 42.85989914
-49.35891301 -727.77125347 13.81006485
-25.11381375 -749.85517636 42.30184307
-9.61280490 -735.83565541 41.02808499
-9.95183768 -737.47942834 40.79721979
-44.79976045 -776.55717656 35.11315267
-39.76363588 -760.87509597 39.06714060
-46.59841058 -726.04437406 16.72054662
-43.68774744 -726.25240000 12.77406091
-50.91031617 -726.15440299 13.05638762
-40.85420513 -747.72980256 43.41770578
-45.60906612 -728.32430304 16.95731012
-40.16464887 -746.05365180 35.45220315
-44.29703000 -727.98197000 15.93915911
-38.19510000 -748.22200000 38.25948911
-44.69925764 -740.53579444 48.37315231
-8.11736432 -736.42743116 39.75619741
-45.51250889 -740.05759215 13.96871243
-48.08336087 -737.27818257 52.20304189
-47.48823023 -739.18334186 50.77053911
-37.30369873 -745.92865529 46.25303294
-47.42986667 -740.46219167 18.90250578
-30.31578573 -745.70792672 44.14512191
-42.52160482 -783.51935984 30.19890096
-44.66808148 -778.36990278 33.74865115
-51.86199892 -716.45876734 56.95190370
-15.93757144 -740.47217160 43.24018434
-45.16189097 -749.00767609 45.40802072
-42.41846293 -740.83239914 47.68317929
-26.67884000 -742.14591750 48.57035411
-44.18597639 -741.87022083 20.11933356
-50.80748288 -727.45200495 54.65045983
-44.67030000 -751.15550000 45.49103911
-12.91151184 -740.56848828 41.47380162
-8.36910000 -742.09950000 36.70373911
-40.42564103 -749.54957509 43.72000784
-13.69930485 -742.77102372 40.38812591
-43.94722640 -730.76464320 12.82939271
-37.59685021 -771.00263856 39.02062714
-50.71062198 -733.57614246 53.73202036
-43.03968947 -747.91604211 44.98531017
-43.59568877 -743.81998303 26.22962964
-41.91737215 -745.35941090 31.91783112
-42.90610514 -773.44470102 37.14751192
-21.31270707 -741.61270460 44.52332483
-15.92624472 -748.73930880 38.49825522
-44.46465556 -735.96792222 51.51441689
-42.48519032 -755.19950506 44.89212943
-51.71689610 -725.27284092 55.06108983
-44.13307857 -741.81242143 25.72454626
-51.86211510 -719.65168287 56.39856105
-42.57292053 -744.89553841 31.20173050
-43.62891165 -750.22519718 45.81300877
-8.71682098 -738.57807295 39.09784518
-28.78253780 -747.05333898 42.47535604
-24.42544949 -747.75843603 42.44259147
-42.89821035 -774.80165161 36.36585000
-25.98233105 -749.52353362 42.61674567
-41.56768861 -743.43262583 41.94863661
-44.85349227 -768.74623000 39.38339002
-36.93856373 -782.12135496 31.36822293
-22.29056814 -757.56573480 37.86838985
-40.82564375 -787.02535625 27.42259536
-45.48190000 -757.47140000 45.42188911
-30.27894757 -743.52604044 46.51925342
-35.28242941 -772.03309412 39.52611558
-26.65369350 -738.78328455 49.65353098
-43.08099430 -739.65166468 49.12693363
-40.90431076 -740.89403252 47.28484513
-30.78757694 -746.80171468 41.90054266
-36.31825640 -770.38353958 40.03117525
-9.56021887 -740.80241652 38.27542448
-43.99022586 -742.75367306 20.27536823
-50.11622941 -723.76140588 12.13749205
-51.49560671 -722.56206510 12.91806730
-49.07395208 -725.51648796 14.31496416
-41.22640547 -729.36974015 55.57775262
-49.24649174 -723.72376608 14.22330549
-47.77656538 -725.80559691 15.87417741
-44.87797500 -773.59687831 37.15092902
-46.89556186 -723.56800515 15.28994427
-48.76679648 -731.50615216 53.84384275
-46.37623636 -723.87371818 15.62549366
-36.74125660 -780.21289226 32.84831852
-49.25837083 -717.19483192 56.78224355
-26.88771860 -754.55330814 40.35722400
-39.78412434 -752.89067310 37.37235398
-27.79858428 -743.57769731 47.25496408
-21.77346452 -748.61532409 41.40718169
-44.14480000 -741.29695714 22.44568197
-32.97398851 -751.65483344 43.49789667
-12.18040719 -737.81455564 42.13966927
-11.58003333 -736.04403333 42.05933911
-46.10487500 -725.97485000 18.57241411
-15.40278699 -746.63607580 38.85440281
-45.56428889 -730.16133333 19.45748356
-40.61861786 -754.38767143 42.16369269
-39.72918928 -782.29774782 31.40888584
-51.25203257 -731.30794825 53.93439686
-39.69325750 -778.71920964 33.96665784
-28.51678866 -741.28630496 48.29426055
-40.82580588 -744.86199593 35.87980699
-44.04117500 -742.21538750 14.26326411
-27.73074852 -749.19045617 42.77072073
-53.97616165 -722.38348459 55.34206234
-40.20348991 -745.82515964 37.36337385
-35.27918378 -771.42826216 39.92449114
-13.85800149 -746.93353346 38.05944110
-22.90144422 -753.10446337 40.75408024
-44.91611240 -742.68963537 23.13472077
-37.40030769 -745.00295385 46.39806988
-43.96984231 -742.52680538 17.29402758
-39.73948621 -761.68517720 40.01810692
-49.22631972 -726.55070141 54.40359545
-42.22258809 -762.47328507 40.36095287
-39.95351340 -758.20403044 39.02351540
-39.95807567 -755.69586602 38.29541701
-40.00087243 -752.12919973 36.29755155
-37.29819216 -754.17956667 43.23348813
-37.26477398 -752.66884835 43.20197914
-39.85820744 -749.89751983 35.56432011
-37.20586748 -751.41043252 42.35501703
-39.57671074 -751.85810847 42.18741639
-38.19694722 -748.29651667 45.66043634
-39.46549584 -749.96709502 42.06658176
-43.77680000 -757.15900000 44.28893911
-37.34434769 -746.96561779 37.55041812
-36.09270303 -747.29370202 41.52954753
-33.98783866 -747.17836304 41.51229494
-38.69736087 -748.31354783 45.71830759
-36.36462988 -746.82749232 44.18310374
-38.69330250 -747.94450500 45.79511161
-41.60111379 -742.93875930 44.00916752
-40.88197590 -742.92639790 43.77273900
-43.15447010 -744.33658394 28.88528719
-46.17730000 -738.89784583 16.58989050
-45.23056743 -741.68818360 22.47939152
-45.41096292 -741.24668467 20.00293036
-44.54126818 -741.79332273 25.36822093
-44.76422526 -743.03832753 25.65880159
-39.21716364 -749.10451299 37.98880275
-40.71304407 -752.20954256 43.87396377
-47.45660000 -742.72623333 17.85490578
-47.49815000 -740.02878333 13.58110578
-44.93925103 -742.53652710 20.10929646
-46.54013920 -738.73198146 13.57239569
-44.84180000 -742.23191216 17.38167695
-41.42440000 -744.52513158 38.92001280
-41.37230000 -745.05940000 35.35133911
-47.89962857 -738.93252857 16.19918197
-44.10998252 -741.68686505 16.11720902
-44.45950667 -744.08133333 28.68587911
-41.98349801 -745.39413781 29.11032568
-37.98069423 -787.76277949 27.19023078
-39.59616465 -787.84487643 26.98243307
-40.44599610 -734.87126593 53.74023515
-39.31213894 -787.26904472 27.69217806
-54.18865303 -716.60940067 56.55582413
-37.89804036 -787.25855120 27.75306080
-39.79523697 -785.54217036 29.13129161
-39.65644519 -783.77758086 30.34402290
-37.09190332 -783.62017598 30.30081923
-24.59245704 -754.99213966 40.15483929
-35.23869892 -781.46961828 31.83592514
-44.42840000 -781.29441429 31.59439626
-44.58018760 -779.75229733 32.66843014
-42.91846956 -780.06331262 32.71313931
-48.83922148 -729.14511578 54.30037860
-35.14471000 -780.01922472 32.94322384
-42.74040940 -778.53558077 33.84844277
-36.72864785 -778.71016323 34.01279144
-35.09323202 -778.67236759 34.07345097
-39.72971928 -776.59831768 35.43072970
-36.72461415 -776.69170290 35.67132173
-35.09677984 -777.14821936 35.56855421
-35.11287564 -775.62329312 37.09787703
-36.46973125 -775.40045252 36.79804015
-44.86280702 -774.82412193 36.37539613
-40.07911076 -774.91536798 36.44539161
-39.55251179 -773.37349413 37.34977144
-37.01349144 -773.70375818 37.77185741
-44.84969361 -770.62073227 38.59222172
-42.83175401 -770.65521912 38.45367227
-35.16266111 -772.20663333 39.62060022
-35.50586667 -772.12826667 39.55239467
-27.68441000 -752.89991405 41.33564458
-42.43336807 -768.29728540 39.32157862
-44.79597683 -767.38077849 39.83204739
-42.37207741 -766.83942754 39.73998824
-42.74782945 -764.71078585 40.22092088
-41.42190000 -787.14890000 27.69593911
-41.86793824 -742.19678333 45.74156755
-40.62181818 -741.97552727 45.44760275
-45.77954077 -739.66845009 49.93592209
-43.03754283 -737.56482531 50.60104005
-40.33765024 -738.46742497 50.58761048
-46.64892506 -737.04686819 51.87548540
-41.79167775 -736.47654767 51.73236263
-43.17898418 -734.48155962 52.56089625
-45.98781978 -734.43941870 52.55011563
-48.66430695 -734.49123288 53.29502386
-40.44661121 -733.38030345 54.70963193
-49.12578210 -727.68487876 54.69297721
-43.39227417 -731.83447502 53.85243371
-45.55387417 -731.46833986 53.49773970
-44.03772569 -729.61818125 54.40663425
-45.56577058 -727.61104670 54.65558959
-51.82529886 -728.63704582 54.18623843
-43.26463788 -725.94060720 55.26868839
-53.44625556 -727.37848148 54.02009467
-53.58550379 -726.24084697 54.36247017
-53.66100053 -724.82219474 54.86851736
-48.93283056 -719.51818671 56.51359873
-52.47201963 -714.53699777 57.05761726
-54.00026400 -714.57462504 56.82422781
-41.29171818 -742.15591818 45.61381184
-22.17973349 -756.13450505 38.84260684
-24.78772993 -752.68436034 41.47838152
-19.27436562 -748.87296555 40.16582763
-17.92033102 -749.08870578 39.27124085
-27.72845489 -750.57075263 42.44187144
-17.45942273 -747.89830909 39.47832093
-32.17389783 -750.33035870 43.34031085
-22.37388165 -745.88118047 42.89345433
-15.68285473 -743.78070703 41.26382192
-19.98897895 -745.29406140 42.69062508
-19.23385520 -743.44381186 43.26945027
-7.73721701 -740.06632997 37.10280626
-28.20945446 -744.97250268 45.11447304
-25.68584583 -745.22185227 46.13782586
-6.84019073 -737.60885405 37.93440089
-18.73075959 -740.74256040 44.23752496
-5.02168930 -736.77636955 37.11209261
-14.16400412 -739.56533608 42.63434633
-24.58199483 -742.47530265 48.83605039
-23.15430333 -742.28888500 48.81369578
-30.14846595 -741.08750259 48.03129417
-15.88639149 -738.33144470 43.71583983
-4.96848868 -735.78070503 37.67498314
-24.86637151 -740.73907959 49.74773336
-6.51908819 -735.70183627 38.82994502
-18.10838487 -738.23159830 44.71395777
-7.85425513 -735.73087821 39.83499040
-27.59933750 -751.25842083 42.63793495
-23.58956181 -757.34638264 38.34391481
-8.41243333 -741.72170000 36.49720578
-32.12768725 -751.70568247 43.63279489
-33.81615953 -748.59176946 42.22442020
-34.64708517 -746.29710544 42.96847832
-48.90586935 -757.86285523 46.44198089
-41.88765854 -752.68409223 44.99715046
-43.45671031 -752.56733548 46.43940356
-47.55309243 -753.65339351 47.00132830
-45.55247863 -752.94128830 47.19301377
-42.58466606 -749.34928883 44.96101667
