29.91666687 -763.86330836 80.58667332
-105.61671324 -793.58545927 59.33568616
20.68400977 -772.63105075 80.07023021
55.11692016 -758.52077168 53.76036065
28.15368462 -771.18237692 78.47252338
-38.16136154 -748.77998462 58.56365928
-47.13660412 -725.56414235 16.14338922
-20.64930656 -754.37728054 70.28188084
-40.59070000 -744.82365000 33.11371569
29.87765656 -751.73018016 88.41862677
29.90090944 -754.94204107 86.79740450
24.37732447 -783.64124595 75.94856322
-98.87982239 -796.82127281 62.22276700
-42.10870000 -756.36921250 72.55484069
-104.18165000 -795.69710000 63.63911569
42.78692325 -770.07462435 68.98766824
-61.31109351 -791.50344622 70.17976906
-31.63962500 -725.61695000 69.32321569
-46.63860000 -762.01965000 45.87761569
-30.28912055 -763.80754117 77.52569386
-57.63051481 -765.97250198 79.25584378
-53.45021067 -767.38407079 80.84480661
-54.91271240 -752.59766384 87.19801569
-77.33301357 -788.45569641 77.59185704
-37.33632229 -753.49353072 59.59444460
-5.87526573 -769.58423260 79.21858074
-44.95433951 -782.77657878 75.04424807
34.26213333 -756.13726667 80.86564902
-33.16624876 -763.78784050 77.43476073
-41.65899031 -716.81595388 72.37119359
26.71678319 -751.78495780 88.49418734
-94.83408065 -769.37837097 78.62011569
-41.36229420 -751.24190145 46.63765482
-36.66963841 -760.57999474 74.40917103
-64.42513333 -771.24526667 81.27078235
-15.77476667 -756.28804444 72.19688235
-78.21860140 -789.64553925 77.17855961
-51.25674888 -796.61843651 46.21183631
-53.55012969 -779.08945178 51.14041814
-35.77246657 -757.63255184 77.06189800
6.22804719 -786.98086479 66.99828135
32.14633679 -777.43553774 75.65067040
-40.86536667 -753.96000000 56.08144902
29.48098143 -771.11034857 78.43631997
47.47475941 -752.57547398 73.34971820
-37.92810000 -745.72140000 54.22296569
-45.43607500 -759.27247500 69.35649069
-2.68001968 -782.20390320 68.97609298
-62.79732483 -765.50761034 84.90132431
-32.86395378 -716.78745498 72.36539776
-9.11674721 -770.45548114 77.90676181
-66.04317364 -791.23088029 71.31406891
-38.61589465 -752.74457736 61.77731223
-56.97150744 -805.51000549 47.96113612
-41.25141255 -755.22184907 64.76785916
-33.14178080 -712.79678177 74.10521813
29.06634288 -781.71469821 76.19048225
-51.79227253 -774.99063077 81.61896294
-40.44071932 -779.76663913 76.63798718
-52.33020989 -773.71106813 51.68978162
33.16845420 -767.04160152 77.64038441
24.14344444 -758.99516889 83.79177902
-89.54097535 -796.22537771 70.44430967
-7.08534920 -736.89757685 84.60221665
-79.71970000 -788.16620000 81.67076569
-36.79456250 -752.43942500 70.01511569
39.51461887 -760.73298344 78.08059126
-45.17218837 -781.35820219 76.59657611
-6.51516938 -770.85765625 78.25822011
-33.69046667 -750.12573333 57.85911569
-43.52745974 -753.60203377 39.11115335
-0.05544269 -739.77425552 84.13093827
32.50197730 -748.79586361 89.11701795
-72.20271169 -787.62121152 76.62131180
41.29761094 -748.47789448 85.90863152
52.59212038 -760.72846712 64.06075210
-59.82390000 -744.76684000 87.57391569
-9.74505650 -774.42721220 75.65859983
-95.15114152 -792.44512455 72.79878533
-102.35664579 -797.52193686 58.83287070
32.21610589 -781.71813170 73.35804869
-39.09690248 -724.68712519 68.48249614
29.22375245 -760.25098656 81.83997563
-59.94665618 -784.85220841 83.33112689
-32.79691667 -753.36243333 61.59539902
-6.17497097 -739.62958490 84.38130407
52.58028986 -754.84436047 63.77627244
-51.25004117 -778.75265717 50.32525984
-37.20726613 -753.86198353 62.19264538
48.27601125 -760.78191356 71.18873510
-45.49033292 -728.07016157 13.30912476
-52.17819286 -780.74129074 78.77955034
-41.91941896 -756.80828330 65.40355760
23.87355588 -748.84476348 89.79549092
-57.04940236 -760.49717982 82.78986034
-43.67420000 -748.96110000 42.68261569
28.97332099 -770.44269781 79.07477590
-21.61259525 -766.97202399 79.29467199
-9.16571767 -772.64882638 76.65503699
-63.91615385 -795.07098077 66.29622509
-53.04208245 -762.57221702 82.14192101
-93.89229500 -797.33358222 65.64573060
-42.40674643 -741.50897857 45.76397640
48.83289107 -767.26138849 63.02187085
-43.75225000 -750.42075000 44.04831569
46.14124661 -757.18560407 72.23562790
30.58240805 -777.06518736 75.43985247
-37.44106396 -748.98971802 47.50736298
-40.96387500 -708.03186250 75.42411569
-47.27320552 -764.30019513 46.19482250
27.23465743 -746.88198831 90.32591786
-63.20951727 -791.13061325 70.92146865
-34.87855000 -729.30656429 66.57255854
-107.45748974 -781.73366729 71.21714475
-76.08035342 -786.53735753 78.76186603
-61.25829904 -743.72719282 86.56326258
-98.91170742 -781.10877162 76.16299633
-88.42649375 -756.12819375 80.86303756
31.49012000 -773.94224000 77.21048169
25.65951667 -747.29229167 90.56229069
-59.97367977 -772.31579929 82.03489433
-36.68851246 -758.14670147 74.50067842
-54.84009257 -805.46608944 47.14068054
2.95646913 -786.56300152 66.64327829
-55.81422437 -761.44485546 81.30976443
32.31075580 -765.76755975 78.96312266
-100.37037541 -795.13952787 66.36839601
-58.98796000 -786.93723000 51.57998069
-74.90383173 -796.64550519 65.26437152
-45.65948049 -759.47902439 42.41654252
20.78047143 -759.07681648 84.43694316
11.78836310 -760.69253984 82.93716932
-50.00530978 -770.94187609 49.70440482
-11.60784269 -774.54327843 75.77331185
-27.86838783 -752.65428870 62.71982786
-41.93691889 -725.06786481 68.77599100
-21.18505504 -770.17450738 78.25666877
-47.26159585 -727.02969938 17.04924556
-28.94128889 -757.74286491 81.73428177
-81.05382788 -769.71521320 83.77058659
50.14242072 -757.84728904 67.92164929
-69.13553040 -797.21967156 62.49798400
-46.01866399 -726.61660175 16.28608072
-87.70347695 -757.74213727 81.01943762
-45.90124463 -725.60938990 15.84358865
39.89898972 -755.74647766 78.27377987
-43.10362000 -747.47393000 32.12877569
-35.87611538 -702.15040769 76.71125415
-59.70608465 -796.76962350 49.39330039
-36.88100000 -755.18280000 54.47011569
-96.42119142 -776.66191230 80.99573735
-39.37137643 -754.81549278 64.81697503
-79.41623402 -764.76805738 84.42024437
45.94424296 -770.23004901 66.12621329
48.82519725 -752.52228892 71.91938416
-27.13733429 -752.48117549 65.31659253
-66.93467700 -774.16264400 84.74138769
-48.34901978 -769.38940016 47.82615971
-47.77611111 -744.66615556 30.24472680
-27.02948575 -753.84314883 65.02164477
-5.06756667 -762.23010000 83.82068235
-25.01540625 -754.01688194 65.53980839
-17.21748000 -757.72206000 74.74279569
2.61915680 -745.79610652 83.93517210
-43.84290811 -746.17336757 33.99589136
-36.16792985 -715.60942678 73.13490139
-56.54844429 -763.95342308 80.17533177
-8.95515937 -765.45966298 81.70561433
-12.45641726 -742.87499711 85.25149833
-6.17261180 -751.65894683 82.27594900
-43.05972162 -749.96926824 79.34206366
2.69380491 -748.75529663 83.81892524
41.75143433 -757.68078020 76.51686940
-72.11852804 -781.83793469 80.70322712
-42.19970000 -741.08082500 42.01101569
24.72246757 -747.38450000 90.58629136
-66.19922727 -785.19393232 77.53304621
24.40532269 -766.96745064 81.18577001
-44.70810108 -744.43268602 23.67616730
-29.41930106 -768.84970903 77.76688485
24.85862029 -743.89347343 90.92988767
-54.02601181 -793.76205001 47.42729067
-61.49442857 -765.16614286 84.55617283
20.96377262 -757.74116581 85.39132776
-81.14076538 -781.73178182 80.79590696
-39.70202637 -748.35978242 41.11125305
-21.86875978 -752.88512259 68.90755866
-31.52606000 -708.07290000 75.37497569
-36.07893704 -752.40198333 67.67044161
45.20665858 -771.68835021 66.09735000
-39.09193906 -706.80731866 76.12634855
-38.87491255 -757.97227413 71.36152815
17.98368271 -757.60231139 85.38731322
-69.89961293 -803.39049672 57.19462959
-46.00845187 -781.95591903 48.90448495
-54.01510691 -790.86594027 47.96504191
-28.35282914 -764.26612148 78.32871593
42.69151945 -767.55727222 71.42248251
-36.51613429 -733.04514347 62.64651606
-59.66416134 -799.62426953 49.10984738
-45.22863901 -757.36969379 41.83218878
-36.73201023 -757.15343618 68.15968637
-40.77270000 -708.23990000 75.53491569
16.07170111 -755.36209933 86.96780105
-63.04469816 -758.25069581 84.38659023
32.48690780 -742.71347031 89.13444153
-39.81686261 -733.95830758 59.44919593
-39.98163623 -756.43449058 65.93165192
-54.19845855 -796.72303566 47.16004212
41.84198075 -739.61490912 85.74843551
-5.74695622 -765.75278229 81.80000554
-42.40403008 -742.68678898 26.02750908
-51.04834668 -775.91215612 50.49352342
-0.35568230 -779.11179325 71.28319838
-69.13475497 -793.58840485 68.22921235
-40.56058839 -746.24923548 36.03958665
-90.12535355 -776.17341825 82.85013163
-95.18920680 -776.19141586 81.79611654
-44.43209891 -744.66923396 26.14436553
29.10936250 -771.72190294 78.75219559
15.92990227 -759.05925000 84.24735432
-61.78248276 -771.45915345 81.88889500
1.48727333 -720.06306000 81.03208235
28.91064823 -786.63988172 73.81151231
-36.21958359 -710.14670663 75.24010447
-44.85079042 -758.13300442 70.78499255
28.15980000 -739.97980000 90.49741569
-98.11323255 -762.84863529 76.18509490
-38.96221717 -730.24717020 64.49014466
0.17217527 -771.80785028 79.01700532
-36.06878031 -763.88438381 76.68949535
45.12530390 -755.04120603 74.22081722
24.16089948 -786.55457513 71.01947475
-64.69900000 -792.21300000 69.50761569
-42.14896935 -748.52735071 37.76049642
-13.81794235 -742.32104723 85.85612546
-39.74276786 -750.91948214 44.22415140
-8.39314076 -781.09700809 70.73234367
-46.38840000 -759.26555000 76.06861569
-43.86930000 -768.36210000 85.77241569
31.15686875 -753.13957500 87.45748444
-60.13284418 -766.85941887 79.95300852
-39.45834101 -754.90871439 67.65350651
-12.05439123 -748.83208784 83.50058295
24.17194440 -763.44702277 82.16483203
-43.11572598 -740.38532736 19.73679600
-94.02101232 -766.11547162 78.26809855
-93.81152681 -755.36878060 77.97573815
-60.93865860 -768.81366910 80.89193843
-41.79382727 -738.50992727 51.93619750
46.19747797 -755.87061356 72.30502925
-84.36041686 -788.02500287 77.86777993
18.25105268 -759.05520893 84.40883176
-29.06001528 -753.70619236 64.42047541
-75.16879996 -766.54926113 85.55280344
49.82172085 -753.85103563 69.87507480
-44.21230000 -741.11481111 24.79003791
-36.09410842 -727.58409645 67.02658689
-44.26595351 -743.49956053 29.07005253
36.77253956 -741.91214222 87.28344146
-0.10088889 -720.02924444 81.59461569
-44.13954161 -752.25252909 38.56303055
31.76835098 -756.40354314 85.25147843
-72.93030055 -780.87221776 81.74405339
-97.89640000 -776.63130000 81.59181569
47.86518351 -763.61006296 71.04074753
-66.17090746 -788.32546187 74.56551569
-6.21872722 -777.79798688 73.12850074
-18.97370116 -753.05479651 70.57861801
-36.88694115 -749.44536927 50.19177871
38.12940863 -760.96173613 78.86128721
36.66244509 -740.11219189 87.22431506
-49.56544068 -795.62662881 45.79942077
-106.88420833 -792.74300500 57.79182402
26.44089292 -757.23497317 85.60567988
46.68711758 -761.06678071 73.10147700
16.07832778 -762.34386667 83.02952124
-104.25491095 -795.80938574 61.67666295
-93.32496521 -792.50834847 72.91135431
35.09761635 -750.68776890 87.74001837
-72.69615467 -760.71019299 87.58690891
36.10983315 -755.99458207 80.48085264
51.60238838 -755.16112777 65.58558900
-62.94092000 -764.31451333 84.12611569
51.57851344 -757.67596142 65.62771731
-96.17268182 -778.66776869 79.79900894
43.22801667 -765.09774167 75.40309069
55.37782000 -758.67648000 52.55621569
-39.24173409 -712.75082686 74.15126378
-42.94043941 -740.78117627 22.87570170
-33.49752208 -757.55416494 71.31540919
2.59028791 -751.64109179 83.22801690
-57.80400533 -784.67260917 51.78031984
-74.78878825 -782.32786709 81.09519768
-29.27302576 -752.62917642 64.00291525
-32.16193750 -756.30746250 81.62546569
-102.30048399 -796.33876818 62.32361133
-88.18785866 -771.86649537 81.25286509
26.58111375 -778.79922680 78.98559308
-18.72257669 -769.14766962 78.71009448
-75.14950552 -784.83441125 79.63191733
-81.11553108 -774.99641351 85.30562650
-39.70283333 -746.18497717 41.17457909
-18.40881929 -754.85807716 71.56828958
38.89874694 -763.64998859 77.79422533
-104.31160162 -786.90370266 67.30166759
-36.04943719 -721.59698633 70.22460814
26.67384753 -785.52069168 75.10286828
-58.76970000 -786.11333333 51.66364902
-58.36126068 -799.24404929 48.64310287
-72.30786662 -766.60852197 86.49494834
-44.32240000 -741.19890000 41.56516569
-68.94721294 -788.43096848 74.85006704
-88.08529903 -800.49333495 69.39197734
-34.52955000 -732.74565000 63.49256569
35.87943896 -745.72147666 88.54712480
30.25993319 -745.84877427 89.77899785
54.89461257 -760.75961332 53.34751296
-31.41167949 -754.44922949 82.74987102
45.33954996 -763.77501453 74.24168751
-9.26649350 -753.61146463 82.27481760
-46.74255000 -761.95590000 45.84041569
-38.92982571 -753.74671714 56.58967854
23.65602175 -781.77007966 77.08013674
30.04786311 -766.16955926 79.62432555
41.92396929 -760.74788017 76.81581762
38.11592535 -737.44816632 87.92094937
-50.22690404 -779.99360538 78.34738923
-3.20687112 -758.06666311 79.91883916
-65.13788618 -748.40201971 85.47012951
-64.96148000 -751.07556600 85.25370219
-35.36863666 -760.55740042 76.59798864
-31.40213333 -768.33757778 79.81231569
-40.44725455 -737.17764545 53.80993387
-55.29414352 -790.13798154 48.66668602
-53.01466000 -776.58607829 51.36160940
-40.50720750 -734.57149250 56.49657319
-77.55962228 -791.04849585 73.80246220
-45.88599597 -759.70827229 71.40123156
39.16211105 -748.95278073 86.56999338
2.20548986 -722.02155507 81.31344432
-8.99601970 -774.12478182 75.44656266
5.17376768 -728.12747737 82.11208862
-41.64720625 -738.04228125 15.37500944
-75.88953462 -789.33713974 75.64817081
-39.84327295 -754.68761282 71.21066017
-36.04969986 -755.81865739 77.25284453
-41.18641333 -746.83531429 43.28767473
-103.82560909 -790.21442727 66.89537023
-33.38648808 -766.69898733 79.16331873
-41.65035758 -751.21121818 50.12627023
-84.11145888 -784.79179990 79.32974660
5.16295701 -742.50296591 83.49389542
49.07864463 -755.70941498 69.27347432
20.66109199 -751.76897172 88.73761180
-77.60716320 -766.27585864 84.77562119
29.76646058 -775.82425421 76.49406120
32.49537685 -751.50367844 88.18726176
-86.91322244 -799.51335696 70.37925703
45.94005351 -752.99099561 74.35111920
-100.22813261 -785.53174342 72.19293140
-45.09463595 -742.90613777 20.11465567
-58.06276355 -796.45270636 48.74184413
-0.33589576 -769.91315684 79.90273529
-47.56814167 -722.99233333 13.89461152
-47.77327419 -725.10392401 14.71625207
-50.20933492 -725.60544286 14.03493632
-36.46978815 -728.74213173 66.17459544
-31.56690678 -709.99150508 74.75669535
-50.26403229 -726.88383437 13.15267923
-2.07883001 -783.88859809 67.95058462
-51.10847593 -775.80705513 80.71067580
-45.26034782 -777.97470804 79.13433515
-62.60328313 -777.94688222 84.84346637
-92.60472851 -766.65708112 79.02497301
-77.92562869 -793.81189449 71.39832065
-41.42391822 -752.78908327 74.91020565
-59.60885259 -793.87617092 49.67819380
-41.19107000 -751.83587429 52.86315569
40.59542424 -750.35780909 85.79931872
26.61139251 -755.00780676 86.89470625
-78.38005669 -758.28688025 85.96173385
-36.13461773 -706.89100812 76.36369781
-44.28078344 -753.81359554 38.97766728
-47.74768518 -726.83270375 14.06458376
-96.10255756 -781.71031073 77.15785003
27.61026206 -763.96734354 81.23390586
-48.36470205 -787.61819009 47.38570462
-4.56637500 -731.03278750 84.64702819
-56.07027129 -779.56879062 52.56619674
-44.09233492 -727.73980139 67.53303950
-40.80975476 -707.49242619 75.63344188
-42.52345756 -768.59262479 84.65163165
43.84426121 -761.11330762 75.74010894
-38.38187427 -704.40716130 76.68392594
-39.88566000 -783.15036000 72.36871569
31.41043667 -783.34314000 72.72877235
-64.59810000 -779.39440000 79.90521569
-24.14926071 -755.72567857 69.86038354
-62.62564459 -792.17128784 69.44914001
-45.83489098 -725.21883895 14.33367193
43.19996406 -768.17671250 69.18589537
-98.13466508 -789.55577222 72.90634902
-45.62622821 -729.55212051 13.15919902
55.36073333 -758.82935000 56.07958235
-29.71685140 -763.98224206 79.08286615
-58.70270000 -765.07680000 79.09061569
-81.00744994 -755.25911521 84.73415901
-74.65409591 -799.27006588 61.89071469
-75.66031739 -798.34605652 63.72540264
-15.08949274 -755.23967938 73.86971662
-61.54980000 -785.93396324 76.41049216
-53.32769896 -788.60427164 48.23559589
-60.23500947 -770.15374129 82.10964801
-90.32899106 -787.92589492 76.76219392
-62.38357442 -795.30370930 66.58205290
-36.09571741 -759.67755848 71.92454470
-52.21845625 -765.66220625 77.84836569
52.80556392 -765.77347916 56.86369401
43.41111324 -758.43756912 75.57959510
28.74935102 -784.33994654 76.03901447
-81.20969950 -790.74645465 80.36432848
-40.49830000 -744.04130000 40.65781569
-45.69945590 -767.47513500 83.87866812
-33.22256667 -756.05399167 72.45362402
-41.33985459 -755.26450876 71.53800767
16.20232500 -752.96603125 88.23494694
-39.22452522 -721.66698069 70.23292135
-45.59767843 -741.74940962 14.35188881
-39.91584748 -716.79867122 72.40962072
-53.52980575 -752.29146814 88.03317881
-89.00086133 -798.74794309 69.63011513
-51.20257009 -766.84178193 80.04254847
16.09701688 -753.96326017 87.82792521
-46.87932874 -761.58519521 44.27148874
-44.61286946 -743.48196649 25.72730677
-101.44182333 -779.14652135 76.02053749
49.93011783 -763.33087157 67.92875955
-38.43281279 -749.74667442 52.46556652
53.56012700 -763.88285423 59.06981207
-39.27890177 -748.97340970 44.32790818
-88.24429204 -794.76606469 72.31775487
-86.71950109 -769.82041931 82.02005067
-3.06051072 -769.92247269 79.43362728
5.93905248 -760.05476673 82.06910571
-33.18721377 -718.76779752 71.57748256
-93.95180709 -788.53637873 75.19424463
-99.12207156 -784.57400058 73.49394092
-99.39422797 -790.89026218 70.72820057
-69.31676671 -775.87687009 82.66211243
-81.23134919 -766.68790201 83.60771475
-36.06877040 -730.33736994 65.06897678
-43.02437089 -751.55981538 38.13819139
-46.16223768 -783.64496105 48.64746832
21.19428725 -775.60021056 79.04110294
-41.38928063 -734.35013979 58.89495860
-37.17918920 -731.94062841 63.25611682
-41.84903024 -732.79343213 61.22188781
-92.87453966 -780.91312170 79.10621752
26.61447693 -766.47691202 80.87282282
-42.79968015 -750.80670093 78.94008711
-50.38340000 -762.67366875 74.86306569
-41.88117190 -743.14079580 29.11293361
-41.10302671 -734.94151986 56.74167596
-46.11506848 -776.06036544 48.75168017
16.14436456 -757.17226893 85.67474724
44.73221126 -757.70267854 74.08844449
3.11007873 -723.77218657 81.39665524
-43.98056667 -741.78900833 41.35511569
-38.64375366 -752.26159512 68.09993764
43.48157684 -765.41495895 75.65071358
-81.28576456 -772.88478355 83.65499376
-62.82540938 -770.06663221 81.79022269
54.96031250 -756.12805000 57.05539069
-42.83585021 -777.72494192 78.98213964
-40.22494545 -754.33383636 53.71437932
-44.16169474 -748.81326316 41.23418937
30.03862843 -784.68024522 74.17416583
44.74501231 -766.55874273 70.73284253
38.91150378 -768.95214460 74.12798685
-0.13839367 -736.63131855 84.11989348
-42.30693558 -731.72106574 62.60961364
-98.28547173 -787.39969953 72.98349291
5.33259919 -772.49306594 80.01591796
52.59858247 -757.79916078 63.94041123
-11.06515370 -767.15364889 80.23347087
-100.76846875 -759.41983750 75.37891569
-57.23251824 -751.91959402 86.89639193
-56.09072271 -782.40492564 51.30095525
-51.63766455 -772.93080741 81.70241754
-47.11386317 -772.84847388 81.69541783
18.32673364 -763.09926943 82.78044146
20.42073649 -767.98801185 81.43308109
-106.76992308 -780.32957692 72.63873492
-42.13779672 -740.00808910 47.39724711
-41.22586294 -748.72897191 43.94177973
-34.10434958 -704.32515720 77.04525806
38.68852393 -766.23099473 76.43408907
-72.14704801 -788.95851047 75.20644986
20.92613877 -768.55977199 81.60919353
-40.21320793 -752.76598138 74.51481879
-52.44874933 -753.47901867 87.73610102
-77.54139528 -770.20556142 85.26710860
-55.48511238 -807.41058000 47.35236997
-33.18103315 -751.96809785 59.28564480
-33.24937129 -715.37558600 73.05779643
43.76374694 -742.43514235 85.81707257
-46.91000000 -743.69730000 29.27263569
-31.63840000 -753.35680000 60.47071569
-54.14317243 -799.70284454 47.00873866
32.89284842 -763.69544015 79.64531152
14.98507185 -760.85505704 83.31393470
38.98428114 -739.55674411 86.32825454
-101.74654120 -755.10413092 75.84185907
-48.52947782 -783.80655819 48.68384309
-42.47011307 -757.45891941 70.96702361
-0.38886231 -764.79512000 81.46166030
20.90577407 -753.91031863 87.78816338
-62.47887668 -767.78649938 80.50983377
3.54363753 -759.61944632 81.75947958
-46.21178667 -758.95361333 72.90167902
-57.38084201 -756.95561589 84.96537694
-98.00232719 -798.42492105 60.90036569
-81.01963253 -792.53420258 80.74297335
-47.20362689 -740.76054091 13.10153273
-0.30577452 -722.13579802 81.73359197
-16.98040000 -756.30510000 71.48081569
-42.39857852 -740.79974444 44.72478495
-54.23139527 -775.17378409 81.80566558
-27.06937038 -769.53831405 78.09668584
-43.82170000 -746.17920000 37.06396569
-99.30324849 -794.09136001 68.54045473
-12.51812580 -756.66016265 74.87766569
-0.68931928 -766.90646811 80.99937115
-10.58216667 -757.25046667 75.43234902
19.05927937 -766.56477055 82.07336383
-72.77293824 -770.90810049 84.03932328
51.72817343 -760.82859208 65.62488085
-71.20299392 -776.47376554 81.37400690
-45.42496667 -782.84430000 48.47568235
27.65844105 -778.81063647 78.00156177
-13.91804421 -750.40245579 83.14709148
-99.24400065 -795.73913669 64.86498515
-28.08442117 -766.38148082 78.38411475
-8.35347063 -738.51070476 84.55593235
35.75325306 -748.73690998 88.25716838
-33.44742400 -729.58862400 66.82775283
-43.87404545 -747.84077273 31.34639750
-26.43088413 -753.59511746 66.84762838
5.43282337 -770.31245721 80.87994759
-46.60407143 -786.40399143 47.62624426
-10.86376806 -753.40765000 82.27904763
-9.25864401 -751.80463167 82.82576297
32.49494206 -745.74212949 89.37365502
-72.16969852 -792.83276575 70.21808409
-37.54202500 -746.32387500 56.12609069
-100.38960408 -758.49065306 75.47646058
22.26590000 -746.08378889 90.55558235
31.07629135 -767.39932885 78.35501953
-103.58587708 -788.96457083 66.37615735
47.66024879 -757.79335557 70.87032593
-58.48348780 -786.85911707 81.36930837
-43.51876410 -754.12716923 39.99270030
-45.31282690 -769.42615436 82.94250472
-99.10712949 -779.03849173 77.40211542
-5.63555122 -753.05548455 81.39355471
-0.27051808 -782.08335407 68.72525703
-63.45312157 -769.42188230 80.89297550
-54.32662840 -768.06795799 81.89109024
-6.33416375 -754.91393539 79.86126623
-72.19021985 -798.92074633 61.22872214
-52.20084636 -786.62565033 48.63251171
-56.98889106 -799.83607264 48.01572331
-42.17313739 -730.18991909 64.76218957
52.92207744 -763.46658244 61.91673658
-49.67985000 -770.39115000 48.38206569
-62.98158984 -751.75563018 85.71192410
-40.25924138 -784.57110862 71.11519127
20.63381064 -749.01567906 89.68045415
-91.13347247 -796.32107387 68.80118332
45.15029034 -760.57021765 74.37869114
-104.84933696 -780.99161172 73.08830888
-47.28828910 -742.03036504 16.76179426
55.48353277 -760.46301176 50.74970896
-10.62546000 -743.94378000 84.54893569
-42.32584742 -748.34482377 35.81474512
-13.04012798 -755.30175318 75.13240164
41.89812748 -766.94564294 74.23450423
7.54113750 -735.13423750 83.45325319
-54.63943097 -769.33659881 82.26608545
23.59881938 -757.52773941 85.60708828
-40.44552051 -785.58492564 69.29227979
-33.56798964 -706.86688029 76.07559319
-100.80660000 -759.56983077 75.61913107
35.80401066 -760.95993269 79.47816845
-43.80480000 -719.17229934 71.88870045
-39.27486655 -728.55352939 65.85871910
-47.01612609 -742.80934783 19.52288090
-66.00727228 -774.88883830 84.82117817
-31.05881136 -716.60620398 72.35262250
-43.61310000 -725.10794286 12.60770140
-41.13424894 -762.79148511 74.77969313
-40.12815380 -746.33698596 37.96738674
-29.67797853 -766.60826384 78.67609252
-40.21628708 -782.10170360 74.21758771
-45.33020000 -737.77973871 14.31796730
43.40476667 -744.39810000 85.60914902
-68.06284848 -772.74553838 81.31539043
-41.89834087 -748.45546863 41.01939326
-63.38627465 -748.82220317 85.99246337
-43.92810000 -750.29960000 46.18351569
-58.81288000 -805.64638000 48.23513569
-78.22042008 -775.98067868 83.57424323
-58.84482884 -805.06179070 48.68051057
46.76870889 -753.95932676 73.22564275
-47.77330000 -727.85660000 18.52591569
-55.79458333 -750.49231667 87.55782124
-40.27916051 -747.71953370 38.46872801
-71.15197940 -763.43818970 87.64232470
-72.04875197 -772.62368031 82.91598269
26.55027521 -772.50928599 79.25189365
-36.58694286 -717.05189160 72.44338039
-3.25663363 -730.66145855 83.71515682
-3.29681598 -739.71615633 84.37011889
-78.06820476 -778.24753946 81.84073381
-42.24631461 -745.78751528 34.91851524
-75.38160180 -778.93151907 82.34425482
23.60857284 -753.97759033 87.88767727
-90.09473346 -791.05542799 74.36049773
-5.94545919 -774.69720773 75.90829761
-75.26365799 -775.74344430 82.92511504
-72.11466596 -775.19499995 82.08064408
-41.86223752 -784.83918051 71.48198872
-75.24619398 -772.60855765 83.97934859
51.02986303 -763.83338608 65.33667947
-72.35824373 -779.22642040 82.08426264
-72.16819617 -794.26438895 68.10319441
-69.19928402 -772.61115947 82.43882907
53.25752178 -760.70638326 62.19729235
-68.30254523 -770.97740530 81.97457894
-66.90113177 -771.68451342 81.99078571
-66.00610417 -771.71652008 81.17634334
-38.85034924 -763.36231242 75.12167407
17.76353693 -753.73917564 87.79430895
-65.98230887 -770.48533670 81.82487490
-65.40609724 -769.92723868 81.08572075
48.79475841 -764.43963569 68.82283058
-56.26417674 -765.92308663 78.10021627
-56.30772361 -764.34643979 77.72899261
-55.25562600 -765.55944933 77.49777035
-100.93018121 -789.88842898 69.67434881
-54.17854891 -763.80162133 77.50140772
-52.29848341 -763.89912844 77.02234744
-46.16447743 -763.27408025 44.91819312
-49.97701600 -761.29701200 74.00043169
-42.98192491 -767.76992000 84.95565288
-48.05873582 -760.40570418 73.29629598
23.72241549 -751.84787957 88.82257772
-47.53567660 -758.93686596 73.16949015
-39.19081779 -754.33357744 62.28843403
-47.10113146 -758.54781011 71.64337074
-78.20843722 -776.15274444 84.95615846
-46.39320526 -759.43290263 73.55514727
28.07438333 -785.97743333 69.66491569
-69.11092650 -783.69131555 78.94824649
-46.97373333 -740.54407778 16.14316013
-44.63860081 -739.72712590 16.89011715
-42.30664099 -745.18760235 29.42946975
-86.85132136 -790.00609158 75.89031267
-44.79015998 -739.93327939 13.82889221
-40.91454083 -761.57906167 74.22783485
27.09503836 -784.44726648 76.24174636
2.76404715 -779.38350444 71.44468812
-44.77797048 -743.51890688 23.09702187
-44.30203873 -740.23119125 19.95362550
44.14942735 -739.56426419 86.29490364
-44.33586247 -745.43080403 29.15031239
-40.79415873 -755.35747778 62.82156489
-44.13820254 -740.68882203 22.28596653
-45.27725500 -737.48828500 16.49323569
-43.90042166 -745.55911244 31.89181320
-44.06007722 -743.90997342 31.64935872
-39.02864830 -733.02076053 61.54125888
-44.24596667 -756.15820000 69.80391569
-51.01661867 -788.09675990 47.81570416
-44.37868200 -757.87143691 68.60552423
-43.90297500 -756.16070000 68.62486569
-42.40210088 -757.28482831 68.09458708
26.64508119 -753.55257319 87.71672242
-41.91713845 -755.78061116 67.58079397
-44.53780000 -738.09500000 19.95086569
-5.71699382 -757.23446093 78.95828531
-28.12752990 -753.56079691 62.99415074
-42.43820667 -740.94244667 24.98995124
-42.50921638 -743.58055874 31.97711211
-59.41146518 -790.76906190 50.30118010
-38.89578440 -760.97922850 74.22838237
-41.99664593 -744.01150581 34.50400348
-38.98849953 -759.76019323 71.76310482
-45.98166000 -745.41954000 19.64336569
28.01077632 -740.72087883 90.80335830
-46.37991017 -773.86155254 48.74950043
0.89373117 -786.80826049 66.33015488
26.96406614 -780.74243942 78.60379770
-42.48499793 -743.59302966 38.28427270
-38.67210975 -753.84842534 59.27943070
-42.45818640 -745.71929027 37.90795930
-40.99378202 -749.28979157 46.22512355
-43.78690000 -750.12940000 46.17008235
-0.71757710 -763.83741189 81.84578652
-39.37380782 -749.00430110 46.94045794
-91.85851429 -795.27308571 69.61054426
-39.43625990 -750.53861218 47.57116780
-38.42363760 -758.18582480 74.03332097
-41.78883789 -754.11748896 73.95305113
-42.63951575 -742.77588018 40.82777055
-42.16934197 -752.22609309 77.02547867
33.10781247 -752.81088621 87.26351678
-42.43176437 -741.81783046 43.73904040
-42.37874906 -753.47963396 75.72638172
-41.96346782 -728.77279992 66.05406303
-38.82539874 -756.85174403 67.96768822
-39.42872180 -754.94035128 74.30657200
-36.49461681 -758.16623520 71.29513460
-38.66810000 -755.19600000 75.55181569
-106.25535000 -793.65489583 57.26319485
-40.50587802 -752.44780879 75.88370030
-63.37041156 -778.64222999 83.69540211
-37.21488900 -755.80040400 74.83896569
-36.93643836 -752.57324834 61.60291620
36.45560107 -768.64825367 74.98038610
-31.50322500 -759.81850000 72.61686569
-36.36323799 -752.11180637 58.69012820
-38.97892353 -752.84407255 70.77438235
-31.25230877 -721.79261404 70.67239393
-41.71622340 -746.49219734 40.57061396
-37.93966667 -748.87048889 61.89984902
-42.88814552 -744.63855583 26.57934439
-36.45759792 -754.20156875 71.08659069
-41.78036356 -737.27759433 53.09957682
-36.94875625 -748.82144375 58.77721569
-41.34269674 -736.00010947 56.03140357
-40.29921621 -735.92895414 56.54536327
2.03518613 -722.49720667 81.70678555
-39.95927692 -735.44831282 57.85212081
-104.03591561 -793.23832985 64.20457887
-24.23709425 -752.73246311 67.56935266
-31.43676105 -724.04874105 70.01561884
54.90063435 -758.10262111 55.76168561
-23.94960369 -754.03101833 67.95876433
-21.98416445 -754.50286497 69.12220498
-20.91260366 -752.95034031 70.01112354
-17.09684345 -754.74233259 72.77662272
-16.23372710 -755.40660839 72.18560536
-37.14991971 -750.71392796 50.46476515
-14.30060237 -756.39529723 73.71263031
-43.97610000 -747.91843000 34.83289569
-3.16577360 -765.81667970 81.74211148
-11.69959342 -755.48403896 76.06910362
-11.40012392 -756.70216196 76.06290113
-9.30775839 -755.65396710 77.25104911
-24.30080708 -764.19288173 79.73656269
-9.15718658 -756.97801931 77.19050319
-44.28070588 -748.82872941 38.86741569
29.42701845 -756.80329951 85.43999675
-7.05612234 -757.33443918 78.18422313
-38.71874227 -708.64646254 75.67181431
-75.07443197 -795.60083924 67.06986479
-36.20606878 -722.98737302 69.40027018
-7.27143897 -755.62123750 78.23777745
-6.21898571 -759.56090000 77.39264426
-6.89405180 -753.46085612 82.15187252
-2.10745513 -759.35939231 79.96700671
-0.09637435 -758.34571117 81.02776946
-0.05693195 -759.86704960 81.08929246
-0.52300057 -761.12117323 81.70526054
-78.08389269 -787.14672995 79.62331252
-3.15911779 -727.68391217 83.17959290
1.80759316 -758.51391474 81.38509990
-94.68790000 -777.23610000 81.55651569
2.87552476 -758.62705121 81.85019918
2.63320123 -759.87011115 81.08647908
-78.27285659 -763.85445581 85.01022344
4.96253432 -760.31644615 81.40768728
1.02189500 -758.26444000 81.61267319
-87.15781259 -777.78866639 81.96057938
5.70206786 -758.80856530 82.39526321
8.87125903 -760.41146961 82.56601601
8.39578879 -758.99425000 82.92777862
-40.93768889 -760.71052222 71.02036013
10.92170385 -759.08624615 83.10373107
17.92394325 -760.89036309 83.50878211
-29.96312070 -758.49905859 80.52885528
-4.78590000 -731.13220000 84.57731569
-7.81821176 -755.62332941 78.71399216
-50.26530749 -785.45862131 48.34492178
-61.14042136 -786.91127636 75.80950205
-41.49508511 -735.33107447 57.85783058
-98.64199592 -793.12722975 70.08305210
-36.71521633 -752.72536327 64.62156058
3.02330952 -736.69409257 83.69964684
32.19021847 -778.76721148 74.69578791
-40.24751250 -759.98505000 69.46331569
20.73121622 -755.25902360 86.96879209
-40.59560000 -750.27670000 39.82111569
-37.66005000 -750.27410000 48.44971569
-55.72660000 -777.37180000 80.80061569
-45.27665998 -742.02961492 16.97762887
-53.35114196 -778.72504316 79.97702857
23.78097328 -772.74103533 80.43160347
-65.50952817 -780.97530423 81.99577202
-53.87475982 -763.03024003 80.65045883
-61.06097802 -766.70838957 83.15419493
-72.01780000 -773.30210000 81.50911569
39.43177072 -745.70493102 86.85128074
-41.98679144 -739.06714838 49.74367170
-49.24364327 -793.57262060 46.10059426
49.46251015 -760.96807843 69.72314640
-38.70422000 -753.11864000 65.18587569
-37.25707778 -756.39199333 66.15146902
-56.70909246 -784.86571915 50.92600735
-59.26518221 -786.52018125 80.85363444
-95.48368464 -784.04600325 76.07306556
-43.36832293 -740.13968064 16.99113768
-36.21598158 -750.10517237 55.15583279
-38.64185789 -762.36766842 71.98764200
-39.06965455 -751.00874767 50.06238526
-51.15749670 -793.71786633 46.56261897
-30.03983860 -753.47450943 62.21457687
-73.00116837 -761.28896512 87.39133964
-30.49509122 -752.26792834 62.03865700
29.28690009 -778.60142303 76.20689040
-40.98554000 -744.82186000 48.12575569
-25.91131215 -752.81488505 66.70994372
-8.04058571 -756.93355714 78.62480140
-19.09690000 -755.21585000 69.47311569
29.67166809 -753.47634283 87.68082489
5.13479542 -789.39588889 65.79963464
-42.30809155 -745.74763493 31.89843857
-36.52549218 -751.38716803 53.30768493
-71.95433179 -800.45477377 59.75812073
-36.22917844 -751.72794277 56.07907776
37.47997692 -738.36643846 87.60693107
-38.77093236 -751.41523766 52.95683806
-34.02349656 -751.71262710 56.71140309
-0.30282162 -780.63551713 69.86846695
-40.14994815 -743.80040556 33.95169717
-45.86296438 -760.45891184 43.79701383
-46.41771462 -764.12221321 46.02848597
-47.70636648 -766.81363489 46.88224488
54.34678905 -763.18338740 53.81576193
-46.55289677 -765.82917097 46.30697859
-48.65527921 -770.12166703 48.92956551
-44.40690526 -767.24292446 84.75120485
-0.21294334 -774.97280302 76.19597273
41.66962570 -769.09856384 73.23521773
-47.16416338 -742.13228451 13.95639245
-67.94590500 -780.37423500 81.64787069
-43.09797288 -739.05352881 14.69370269
-81.03305860 -777.82151847 82.01122939
-42.77758320 -742.81193427 23.34839223
-43.18339600 -750.45725600 36.33532769
-42.99806857 -752.09960143 40.04536283
-33.14438239 -709.77160922 74.91988490
-42.50042586 -776.15305556 80.46170575
48.28134918 -766.74670010 65.35873249
-18.23349274 -770.43965026 78.08090466
-43.87497949 -752.67266154 40.01004774
-44.59635109 -755.02089974 40.76715845
-24.05675000 -756.29135000 69.60311569
-39.73404293 -746.92157973 43.78580662
-45.45535855 -758.39365164 42.97793378
-41.84064382 -737.92050337 50.65086175
-41.60403404 -750.97894255 44.06765186
-47.19574476 -763.55271399 45.05140485
43.28887500 -759.49816667 75.48734902
-38.25310000 -753.39760000 43.57341569
-64.23946885 -782.94896513 80.05902330
-37.24442500 -747.09532500 47.48811569
-39.14045497 -749.21569520 49.94186060
-36.81525608 -749.63247890 52.83954306
-38.36653000 -751.79970053 55.88977642
4.63594028 -777.03184360 74.92480573
-37.83554286 -750.17076429 54.78741569
-34.35834286 -750.14711429 57.04290140
-38.51269929 -752.31338376 58.94181075
-31.12619887 -752.12209585 60.05723342
-32.28393740 -752.03357756 60.91746988
-32.36758936 -753.32559149 60.01572420
-36.72718358 -754.77296672 65.01954099
54.18928287 -755.75271657 59.52672867
-81.29158237 -763.91122602 84.02836368
-36.26461984 -754.82652381 67.25886807
-59.56920204 -766.19807959 78.24790752
-25.16220213 -752.28240213 65.91299654
-5.91348000 -768.58660000 81.65719569
-34.30313000 -754.37247000 68.53046569
-93.06558614 -793.69765006 70.96659006
-47.75003755 -760.54708484 71.89494060
-40.79066000 -755.10208000 53.73039569
-47.46942308 -744.62026154 14.74299261
-60.86946132 -788.40323868 74.93130770
-43.44378598 -741.55751308 17.76891475
-43.12301102 -742.16041150 20.18461569
43.94274210 -763.57725542 75.82750781
-47.16340000 -765.46212857 45.46141569
-37.45508000 -747.50584000 45.44947569
-68.97192219 -765.66622739 87.72470645
-37.65520000 -762.23330000 70.65221569
-34.42605357 -759.49000714 72.37906211
-100.46823628 -791.64581311 69.40018002
-33.37323478 -727.72986693 67.76684320
-33.90193785 -760.70040185 74.85902030
-75.20584878 -763.86059835 86.13791802
-46.16998889 -759.15673333 76.03642680
-40.91486667 -749.74710000 48.83061569
-58.46027307 -805.04515210 48.63787264
-56.62885447 -807.81155181 47.94275114
-59.31967497 -802.34752011 48.83210277
-85.09646655 -797.38329531 72.19485736
-58.24474558 -803.37956654 48.65588934
-56.93406375 -802.69193477 48.00100265
-54.24529862 -802.58080093 46.91136078
-56.63708003 -796.74787320 48.12012800
-62.45854097 -781.79257778 84.74611731
-52.41578439 -801.60695659 46.16161959
54.78180129 -760.70940886 55.60140214
-57.74338597 -793.52236273 48.95329283
-51.89956649 -799.55186449 46.13391178
-47.63176774 -783.03785484 48.49241891
-56.35261245 -793.94738884 48.26220589
-51.12576559 -790.84185962 47.13964115
-54.47016944 -787.57688720 49.01835687
-48.79426646 -790.66400368 46.67556494
-57.12491828 -787.71629722 50.13672284
-43.87780215 -721.81723896 71.07208010
-57.06038977 -790.87731600 49.15705705
-48.00581233 -784.96184964 48.16691453
-51.20011009 -781.61571198 49.73010521
-51.31166471 -784.48953164 48.96886258
22.99601017 -779.44945431 78.07498517
-48.13192285 -781.85758312 48.99699022
-46.28350983 -784.69240619 48.22959639
33.03732232 -760.79648088 80.30124585
-48.32143155 -778.85328099 49.47435347
-48.14335030 -775.97425594 49.43953798
-45.86224703 -778.92269599 48.85367938
-49.85852500 -796.50062500 45.41534069
35.67789311 -742.90952831 88.20434795
44.63702414 -769.61279578 67.65650617
-55.92639595 -791.77748960 48.41472436
-59.06424258 -788.18211114 51.04565128
-34.51126667 -723.15326667 69.50101569
-54.19982963 -784.64961825 49.87470462
-54.09754798 -781.80330285 50.72905883
-56.60715721 -781.64207073 52.16102808
-10.90526547 -770.98433525 77.38627612
-55.35387595 -780.67576920 51.70237645
-54.82064746 -778.55032359 52.09602271
-45.34010000 -777.64338590 48.40831697
-45.59412197 -776.13901894 48.43570811
-53.93436865 -776.11659817 52.12449807
5.75019805 -784.80015533 67.97943651
-50.68715318 -772.85257885 50.29924867
-48.17078578 -773.04649741 49.18306755
-52.49865128 -774.71965897 51.63601825
-53.14003398 -773.82116019 51.82916811
-49.09314286 -771.89381905 48.37006807
-49.89145000 -773.31597500 48.36676569
-8.63330929 -764.64739740 82.27167107
-46.34500000 -773.15454000 48.44139569
-49.33340000 -795.22690000 45.47931569
-52.86655000 -773.13325000 51.46947819
-58.51709333 -786.43561333 51.59046235
-43.88617160 -731.39326790 62.85177001
-44.11593729 -730.17717797 64.88278094
-44.22251596 -728.97665961 66.24964403
-42.22516192 -727.47843231 67.24714641
-39.27816255 -731.73567490 62.92205648
-43.94789147 -725.70453411 69.20148623
2.93164621 -780.78736538 70.05773190
-43.88534806 -724.29433495 70.06470695
-42.86800536 -723.85437628 69.90531084
-42.32949801 -721.90775792 70.58595371
-39.35223584 -727.18679879 66.90595782
-42.15996767 -718.64904016 71.82776282
-6.43479443 -780.88836537 70.49772843
7.49479219 -783.70682083 69.86179902
-40.81855000 -723.21755000 69.49451569
46.58834583 -763.11631338 73.01854231
-35.26445556 -732.50449375 63.73987263
-34.89038962 -766.92111166 79.29924732
-38.58106387 -722.98897647 69.39590224
-42.29053895 -715.55484738 72.92344059
-79.33884762 -774.03960476 85.16502759
-96.22692083 -755.10936250 77.15301283
20.84896973 -763.43930514 82.51994839
-34.04375808 -730.55407352 65.60699217
-75.11456093 -787.82334112 77.01013669
-34.47278400 -732.48703000 63.89507369
-39.21101849 -718.74491019 71.70971714
-48.11880615 -781.48770294 76.94110621
-84.47415451 -752.71407268 83.71759587
-36.18813350 -724.79055212 68.51799484
-41.11803077 -786.34921538 69.83140030
-41.62228615 -712.83752980 73.92907161
-34.46607778 -729.09905556 66.49811569
-38.90933791 -715.59469194 73.03124112
-41.12144707 -709.85621867 74.93712201
-91.22508113 -782.78881462 78.39756852
-36.26654185 -718.75657056 71.64506632
-58.34696000 -746.87888000 87.62919569
-33.56265202 -725.12852541 68.97700587
-39.36563726 -709.90760817 75.10539720
-34.61105000 -755.98862500 76.90114069
-38.16996667 -717.27996667 72.54559902
-33.19005612 -721.83128685 70.36129210
54.22375453 -757.67258016 59.13607620
-32.54277425 -723.96091138 69.76960880
-36.17950269 -712.79594472 74.36024608
-36.13574871 -708.82336322 75.73928010
-88.19184271 -769.86069510 81.28913633
-36.29996313 -703.65665348 77.14959789
-31.11453642 -718.70024552 71.62701538
-34.30718488 -708.62343372 75.65954243
28.81567820 -745.08241211 90.77272053
-31.26749585 -715.27838756 72.79708719
-31.41655000 -712.96828208 73.74118738
-84.10411076 -754.70260844 83.44866341
-32.61770520 -707.92469249 75.44982089
-43.12276667 -717.41243333 72.55794902
18.10886026 -755.18369960 86.87430936
41.53393274 -765.77323232 76.11622694
18.07782280 -751.94183272 88.64871486
18.84829327 -749.70578269 89.36435415
19.21197647 -768.04794706 81.43253922
29.08444806 -742.68412129 90.92474892
19.25312097 -769.26225323 81.08498020
-41.30040000 -780.24320000 78.60801569
-103.29819455 -785.88192323 69.21424296
-106.05214362 -788.81291174 63.07630193
20.40710678 -769.72703415 81.03221777
20.67973920 -766.95655073 81.93157283
20.91062721 -760.85528590 83.41251602
-72.15727692 -802.38351279 58.45272140
20.78332717 -776.58262065 78.36421243
22.03655526 -778.81103222 77.72277996
-104.31219738 -790.58799841 64.77891837
21.95475888 -781.38265567 76.43984767
-30.07579061 -766.72343020 77.97455004
38.10452537 -757.58231805 78.91044048
23.86609153 -785.32375593 69.03871060
23.22552763 -785.92672368 70.15611174
21.95838037 -777.67641121 78.77849559
21.78986786 -746.73362500 90.23558140
-8.76070239 -733.88370890 84.94824149
24.13330012 -760.88319800 82.84942427
-69.27438713 -791.44818265 71.39442177
24.03657650 -778.52346511 79.09070253
40.52924615 -755.41164615 78.58263107
23.17576256 -766.74999893 81.71834527
-106.83384545 -792.69038182 57.26096114
23.97492524 -769.43067150 80.95946726
-80.15111616 -760.57576148 84.70205093
23.56897483 -775.77304950 79.74768383
41.94283480 -742.72640531 85.73078134
22.65366364 -782.89772727 75.43637932
24.72631961 -784.47648880 75.22304902
23.51169950 -755.38447494 87.01137763
-60.42386834 -790.19818295 73.78140229
4.52788286 -768.09507143 82.11530426
23.62082605 -746.76814695 90.43905234
26.20568750 -785.62428750 68.89355319
24.33455230 -745.59078493 90.80602691
-74.08618774 -800.73497387 60.18007440
27.26505487 -786.93507405 73.81098931
27.56530042 -787.21826589 71.43308411
24.87231500 -765.03411500 81.45344469
26.33401427 -775.76806424 79.45216254
26.87265914 -781.77887773 77.78742681
26.77749526 -758.81425148 83.08949896
26.70087345 -760.66696998 82.34181902
26.44379437 -763.08620167 81.82828017
26.97788692 -769.69175602 79.85373552
26.84865480 -748.77432320 89.60567628
-71.98058534 -769.56080336 85.44142729
27.29041681 -742.90792002 91.14050617
35.94606086 -751.89950355 86.79151601
26.93948636 -745.49142491 90.97243338
27.90939042 -772.99203033 78.25909806
27.66825998 -775.57553887 78.01678854
27.98405472 -761.96010000 81.42019116
31.86798308 -775.89165159 76.25569722
29.61734787 -772.91744591 77.71589439
38.58826723 -751.40245487 86.13419727
30.47944721 -781.90206477 74.61725764
30.27814356 -761.11928576 80.99168066
30.54387202 -778.71416320 75.02193949
29.92438005 -758.44889857 82.18641319
29.95385555 -748.82619806 89.34330954
30.33994478 -785.18460373 71.50501328
-47.72090399 -769.32037396 82.02561515
30.07100337 -740.44315663 90.15549641
52.59741946 -765.58513285 58.32868427
28.69865136 -740.43039811 90.72257879
31.91696930 -776.96902895 75.36271920
32.23366867 -782.96117143 72.20743273
31.79002352 -783.65168883 71.80322838
-74.33967778 -789.10787667 75.33704180
31.02265192 -758.81796346 81.20083940
30.72025860 -742.65444738 89.91732778
32.26148301 -757.46503835 81.79260045
33.04896215 -758.11780018 80.81157166
32.57321015 -754.50390137 86.45073119
-27.71912069 -759.57675172 81.71194327
33.06748862 -740.39688215 88.99711957
34.14097143 -765.16641429 78.45929664
36.95901008 -749.79903950 87.37941989
35.67190364 -766.77140806 76.89899550
35.66623437 -768.39557937 75.72180631
-4.47531154 -771.14663077 78.46774261
35.57944142 -757.65551760 80.07542038
35.60797989 -763.27525733 78.95470978
36.46834180 -764.22353124 78.27344292
35.53543269 -753.87778110 85.97203952
36.80369310 -767.89206828 75.29776074
35.62905501 -739.41518759 88.23935451
36.65447284 -737.90876091 88.57299970
37.81952011 -762.77411549 78.71053335
39.07203314 -767.49757591 74.75797015
43.96546866 -737.64213845 86.87768952
38.86114404 -755.70002707 79.13025846
37.54106829 -753.40230488 85.65441081
46.76149685 -765.65694836 70.48367737
39.06814135 -742.68890284 86.54324599
-58.44777021 -746.88040213 87.26052207
37.58288421 -743.92884737 87.62908937
37.73600783 -745.79259367 87.74869069
-42.46369476 -783.75809106 73.13779519
37.73051812 -747.94591750 87.75639819
-75.26822224 -793.01217907 70.71269523
-6.23517693 -776.13873484 74.58945754
39.47739170 -757.70488905 77.89986270
39.55376261 -737.38602983 86.93985300
-97.50692500 -798.80610000 60.46064069
41.91901866 -763.65918394 76.84387702
42.04764477 -755.39243019 77.02592111
-48.12495693 -778.47427326 79.20768701
42.20129189 -769.45383211 70.40822495
41.83655518 -745.60170015 85.85140934
42.80964028 -771.59000616 68.33812232
41.79641596 -737.23983664 86.52648129
44.21587842 -771.78939618 67.16836983
43.08287944 -757.49710111 75.34987846
45.20358225 -767.50301767 68.29997196
43.13431047 -755.83139419 75.37026569
-49.15409496 -767.81819916 81.16507451
5.73825144 -745.83842593 84.77244553
44.33934207 -765.92564028 73.69208828
44.04474712 -754.52901126 75.89140051
46.10728372 -764.98369690 72.16330948
-41.30450000 -777.22110000 78.49531569
47.45977866 -766.30289380 67.91644117
46.56506104 -769.31221797 65.86047088
48.04420446 -754.79669936 71.07928866
-52.02667344 -760.92910965 83.92672897
49.04662079 -757.56360480 69.25138370
49.27309394 -761.08463030 69.46160660
50.33795580 -760.88973239 68.07820013
34.86574754 -765.46457705 78.64617798
49.90689047 -765.86069813 65.02424769
50.62954658 -766.51615321 61.82682589
50.27209082 -752.26302226 70.84001060
50.27200246 -754.80976856 68.31543615
50.41190000 -763.01863636 70.04252478
50.78549216 -753.02485980 69.34371275
51.63938249 -766.53445059 59.29701136
-78.50663959 -767.01483099 84.24523681
1.96055298 -753.74994060 82.54381385
51.86172939 -764.65168656 62.51222384
52.48553595 -762.69677647 63.77990065
-47.98370909 -783.63213636 75.92882478
52.21189615 -765.09095192 60.30779838
-66.66745376 -798.79892552 61.14228289
52.23628229 -766.37031458 57.31571985
53.15456468 -755.33798526 62.35844563
53.07961061 -757.65875824 62.06221067
54.04388846 -763.74003391 55.94170833
54.21766227 -760.67319770 59.13864416
33.81800909 -768.32652727 76.33889750
25.23070370 -786.55519630 73.30942680
28.85214116 -786.61877092 71.68783806
46.37504348 -768.68263913 66.61585916
43.38590000 -769.11370000 71.84931569
55.08297819 -761.06378670 51.15428803
55.43302857 -759.62108095 52.36668711
55.41632500 -759.94402500 55.28816569
-85.97541841 -754.79943146 82.51016266
-106.99120769 -780.18203846 72.40385415
46.44033636 -758.96928182 72.68303690
31.43758750 -753.27700000 87.53300319
49.49744259 -765.43704630 66.74771013
-64.91776471 -743.38431176 85.31746569
21.56445000 -759.27045000 84.52346569
-90.20998729 -757.66254536 79.58719659
22.80144683 -768.55844921 81.58047838
19.29030000 -768.38368889 81.62780458
24.86659455 -780.62808727 78.58361023
27.10284286 -786.34660000 69.22162997
-86.31188064 -758.08998778 81.77695980
-86.30492728 -764.00395894 81.81769636
54.63960000 -762.39970000 51.48321569
29.11190000 -762.31555000 81.52566569
-60.24394860 -752.02919983 86.24957603
-11.44405012 -772.91795666 76.49226600
-11.17049613 -774.89977548 75.42350536
-33.85681894 -769.23069945 80.01528162
-8.41353498 -779.33792472 71.90108370
-8.64362627 -775.77174725 74.54087906
-8.36312239 -777.89468946 73.02992352
-102.38350462 -784.88974679 70.97542624
-6.06822675 -779.28746013 71.64699019
-84.17683872 -790.43123441 76.46051158
-9.18524270 -766.99019070 80.37949729
-8.47787642 -769.00145629 78.89801202
-6.15065728 -772.71024285 77.15309075
-5.93205286 -767.15599588 80.76972102
-3.27307916 -780.89323743 69.98536258
-5.91768036 -764.01971383 82.87618528
-27.94679336 -760.32829646 79.99609622
-3.08492609 -779.15787776 71.39371092
-3.14793282 -777.74264482 73.06202117
-2.74362362 -771.41447524 78.63723328
-3.15846780 -776.31688977 74.53848986
-99.34158618 -782.44281573 74.85383146
-3.04071712 -772.84735288 77.55057563
-69.18504314 -795.81307937 64.56231640
-2.98660263 -774.84007205 76.05019279
-3.00215538 -767.13974417 80.88855344
-0.16292421 -784.58343800 67.34298948
-74.22392333 -786.10048667 78.42130069
-3.17753861 -763.92201775 82.59039817
-0.30975769 -777.70497159 73.11481502
-0.40691053 -776.44517700 74.54447684
0.70276456 -786.40785316 66.59616252
-3.20715500 -762.18426500 83.57566569
-0.48393651 -773.16228781 77.59697537
2.93761363 -787.54370839 66.11632445
0.08635613 -766.38421270 81.86307424
2.87619870 -784.74389153 67.39606833
2.71097156 -782.21832299 68.88060124
2.94687105 -777.93946250 73.51084012
2.81970618 -775.37131689 76.86067650
-69.14785629 -785.17326343 77.73138481
2.72085308 -776.81229259 74.81933429
1.97880000 -773.88672617 77.98261621
2.77439056 -770.04865420 80.78148930
2.88915580 -772.43374735 79.59009799
4.13090000 -789.28715000 65.46341569
2.62016555 -767.64370046 82.22215264
1.57274000 -768.07845714 81.45502997
5.26546408 -788.20997095 66.14780415
5.16312271 -782.64771503 69.17718251
3.20901176 -768.75072215 81.77864935
6.06164869 -781.53495487 70.50714188
5.26369835 -779.60328498 71.66461474
5.60776217 -778.28057997 73.78763873
3.97369697 -774.84394788 79.12982417
4.93249011 -776.53516978 77.15173184
5.00823886 -775.22350046 79.58724678
6.42250313 -777.90396788 76.63987461
-63.98895809 -776.50980800 84.38045673
4.90088581 -768.97011441 81.76528294
6.98040099 -784.07701386 69.79295232
7.49778806 -784.90049369 68.84294226
7.42624773 -786.45337273 67.69770887
6.84136429 -780.44439286 72.63148711
7.48127790 -782.29807682 70.86134938
7.43596635 -778.33336635 76.10843203
-10.22810000 -765.17570000 81.46381569
0.13152857 -786.14857143 66.48801569
-9.14500000 -771.97713333 78.83328235
-47.25338427 -783.73985436 74.53752150
-5.44932857 -771.37916429 78.54328711
1.13562727 -768.45668182 81.62040660
-14.29651425 -748.82814239 83.63027294
-11.73730623 -751.53365514 82.89761396
-12.19283450 -744.71682718 84.71482332
-11.86513310 -746.17656793 84.15000977
-12.73276514 -740.85744062 85.61488347
-13.79995000 -740.97089524 85.87561569
-9.20897561 -748.81238126 83.43979503
-9.20796029 -745.88549947 83.89932099
-10.83550732 -742.57276341 84.44007910
-9.21785205 -742.68087055 84.05930039
-9.27871074 -739.56465778 84.23586381
-69.87209191 -771.62163676 84.93140778
-9.67764743 -737.85845650 84.38835919
-8.88641265 -736.65847796 84.76582252
-6.15538832 -748.71076865 83.20226971
-6.21263075 -745.80473405 83.79384030
-6.21903881 -742.74580613 84.19543708
-5.77916610 -736.74464838 84.35139619
-7.11766417 -738.84065167 84.55836069
-101.60269772 -795.65458510 64.41094005
-7.38954502 -734.00237612 84.59282390
-6.01066560 -733.65868231 84.20887949
-5.36527982 -730.91150952 83.70613419
-3.28043914 -751.69279861 82.66076662
-26.69613333 -771.47470000 78.01563235
-3.09564330 -754.06586217 82.55796240
-3.26859797 -748.66175371 83.24239846
-3.38706398 -745.78677937 83.67950778
-4.85700640 -728.64468960 83.20687249
-3.29256449 -742.72698733 84.09887323
2.91664274 -739.73848088 83.91728899
-3.16717115 -733.70661738 84.10043523
-3.21041102 -736.74816497 84.32881428
-2.71846314 -724.71847824 82.42286140
-2.12649861 -722.55375023 81.84901337
-2.80819500 -738.70621000 84.54201735
-89.45545708 -792.76115659 72.85483430
-3.12064516 -737.25713548 84.60946407
-33.52404613 -755.27683455 80.57116142
0.09053459 -751.75824920 83.17797329
-60.51276915 -760.36499468 84.74030611
0.00629856 -754.13484329 82.49269920
-0.06290286 -742.77335688 84.01192215
-0.08836028 -745.81747539 83.86200569
-0.02916771 -748.79334467 83.56068462
-0.26509170 -724.45018554 82.16133389
-0.37116327 -727.52753696 83.13863002
-0.26558759 -730.73800073 83.75666252
-0.23809589 -733.76424477 83.96037013
-0.05372337 -721.07174267 81.33421866
0.17634827 -719.88091098 81.03959054
2.44750469 -724.71180398 81.92155107
2.74725534 -742.75978348 83.91432252
2.83814183 -727.65571698 82.50083088
2.79850085 -730.77413521 83.07204711
2.90790000 -733.82995289 83.44343014
4.49070426 -725.76708511 81.86556037
4.80722489 -750.70100950 83.46515958
5.31201610 -730.78081743 82.28522959
-38.70081035 -766.75701227 76.53510672
5.34103927 -733.83877525 82.89460970
5.70853207 -736.65234927 83.48451577
5.53794191 -739.63793308 83.62192191
4.86137939 -745.49213184 84.38479467
5.03534724 -748.86331374 83.92953436
5.68531667 -747.28461667 84.57094902
6.36794595 -744.06830541 84.67772920
-78.72459816 -781.84659448 81.28657534
7.88487298 -736.52163115 83.61141930
7.47811111 -738.37286667 83.58140458
7.40193333 -745.07881667 85.08309069
-98.16654633 -776.86255725 79.79621832
4.38125000 -741.01030000 84.53726569
-10.61082000 -744.48700000 84.54995569
-9.27402857 -733.87252857 84.39941569
-2.00928256 -722.00319884 81.36262383
-13.67630000 -744.25950000 85.01591569
-3.86150000 -733.40723750 84.68315319
4.99901667 -726.24426667 81.36918235
4.52201875 -725.44800000 81.41525319
-101.98363908 -797.84270527 56.63517301
-104.40538258 -796.55844366 59.34142781
-107.01174703 -791.07135005 59.49134570
-101.06226195 -798.35692212 56.86772985
-100.54880909 -798.18495455 57.10037932
-106.29041743 -791.76126881 59.64349994
-101.19607674 -798.30184186 57.81458545
-58.44285882 -760.47208824 85.28861569
-100.41571583 -798.44214250 57.27330485
-104.88370350 -793.94634326 62.03074546
-100.02630642 -797.86762412 59.58230460
-99.33510234 -798.57212876 58.94746255
-106.89354375 -789.92307569 61.31064971
-105.62407132 -790.51701040 62.42054936
-106.77762857 -788.87443095 62.24129426
-103.56333750 -795.09725000 63.48920319
-102.53806860 -794.04300258 65.61232529
-96.60869529 -798.49462774 62.00350385
-96.99556640 -797.57415044 62.76470519
-104.89619509 -788.04006781 65.32986779
-103.31279668 -791.03890986 66.08434047
-101.59287994 -793.28421703 67.48266290
-95.90475132 -796.55201297 64.96801424
-94.81811772 -769.23952405 78.39933974
-101.92563568 -790.63768337 68.16528056
-60.91493046 -792.07487513 69.38573345
-98.60892867 -795.37287333 66.89003102
-95.01357679 -798.36945000 63.73343711
-93.90444629 -798.40134934 64.66896285
-102.65710808 -787.88514055 68.55433258
-104.33744517 -785.58883323 68.66269211
-95.76597326 -795.45555022 66.94130164
-96.43822167 -794.79802304 68.32593215
-106.91689242 -783.41076212 69.97094599
-104.82455349 -783.98053122 70.31853681
-92.95427269 -796.19681027 67.62870629
-96.16423657 -793.40255225 71.04530478
-105.34801911 -782.08076359 71.70823238
-101.40197534 -787.42207459 70.20690987
-93.57832546 -794.89424625 69.08486547
-99.69935014 -787.80063912 71.59040336
-61.25665213 -778.89458005 84.82606170
-97.05504412 -791.58123353 72.20781875
-71.20080540 -779.39708204 81.23039822
-106.79716800 -780.15822400 72.71729169
-60.35890000 -773.16340000 81.34341569
-89.04137019 -799.18689808 69.41131376
-94.87378125 -787.17160000 75.78962194
-87.24133871 -801.40669355 69.43398988
-103.31740945 -782.94839528 72.22196096
-86.87124309 -801.40133821 69.66605878
-104.93275787 -779.90242730 73.84980444
-95.87274091 -790.54810170 73.43495241
-90.36747535 -794.02542981 71.49725303
-102.18396012 -781.80539112 73.91608884
-101.28348786 -783.55483536 72.94599176
-87.18096976 -796.85320622 71.64028388
-96.19129349 -787.86214600 74.21729004
-93.23874903 -790.73801769 74.52012691
-81.23413007 -779.53877345 81.22254508
-85.23253411 -799.13144837 71.35251283
-102.71316160 -779.68620154 75.02117867
-96.77006210 -784.91968369 74.93202558
-87.25980248 -793.83844172 73.31883946
-100.87168824 -780.42020941 75.58407333
-86.32089301 -795.56735994 72.71957081
-97.47007988 -783.03154260 75.39339734
-84.90958103 -795.92804868 72.86155857
-87.09335908 -781.68500884 79.94492344
-92.76149407 -787.57430689 76.12814464
-92.08828008 -789.60685577 75.69901359
-90.45561512 -789.67375673 75.83523253
-87.55310519 -791.16849786 74.83549582
-93.28088268 -784.63115038 76.86596748
-84.67083593 -793.83386751 74.03869784
-97.08779959 -779.80243827 78.16807289
-40.16949620 -776.65524240 81.23376920
-93.53196190 -782.30065856 77.80940134
-90.29397743 -784.77920943 78.01793958
-87.13641846 -787.79012731 77.09623626
-84.76436753 -791.83527870 75.25644036
-98.17852750 -777.83106405 79.05026057
-95.09152791 -780.39108992 78.70213584
-93.28603040 -779.04648352 80.46535707
-38.04904121 -757.98793003 76.91962527
-87.46639940 -785.48426692 78.25679437
-90.08657649 -781.60177844 79.43909807
-89.20337775 -783.79856700 78.66260144
-86.95922926 -784.32986582 78.84769083
-93.13099130 -776.31091006 82.30260698
-75.52078269 -770.04403733 83.97885600
-92.76348146 -777.50954963 81.74110691
-90.17722099 -779.25014706 80.88801482
-60.55699008 -795.36968931 66.99338744
-84.25820339 -777.84645824 81.84419051
-85.24056986 -786.04451644 78.44141432
-82.57131562 -789.52373125 78.00684381
-82.67830000 -790.13300000 79.09296569
-82.58624211 -788.96873421 78.37441042
-81.40924472 -787.72153388 79.78231280
-83.29917846 -786.97603036 78.82092916
-90.09122709 -777.64793711 81.98346818
-87.19378793 -779.44842564 81.08869107
-84.30193048 -781.81949759 80.26597817
-81.20089827 -784.91179392 80.25980701
-79.55586494 -790.20930130 81.20493647
-87.12103178 -775.93235840 82.83959943
-84.13505456 -779.49346268 81.18506337
-78.16632675 -784.62526796 80.70810132
-84.16922072 -775.83433602 82.78836416
-81.07024402 -775.74635036 83.10331548
-78.68201102 -779.48918981 81.43256431
-77.36511388 -782.05245812 81.79018227
-83.33125000 -792.28490000 75.57561569
-94.64710000 -777.16740000 81.50506569
-54.29680338 -754.76077396 86.53314609
-104.52962227 -796.78830091 56.72701932
-84.41782000 -798.44928000 72.63557569
-98.10570000 -784.97970000 75.55001569
-106.79712308 -788.56024615 63.62473107
-101.31150000 -792.35708889 69.59876013
-102.37580000 -797.43130000 54.49961569
-79.49245000 -787.53410000 81.58526569
-77.82303077 -783.76574808 81.77057049
-81.96125000 -781.15350000 83.16875319
-71.40481863 -804.46858578 56.92261618
-71.45332817 -803.72290737 57.19651539
-73.86413417 -801.69300667 59.50360819
-70.49452632 -804.37776140 57.06084376
-69.16106533 -802.03118311 58.21874414
-69.28335476 -800.14944698 59.47987262
-74.39889300 -797.90804227 63.13179936
-71.98030508 -797.48883111 62.74952743
-72.27276922 -796.18257591 64.85761225
-69.26023147 -798.60419714 60.89540901
-57.64227958 -770.19529862 82.71950254
-67.47408710 -801.49804301 58.83610923
-78.65194745 -795.41095663 70.30451518
-69.89063366 -779.48669341 81.03444117
-67.09053722 -800.09828202 59.82616868
-74.76133826 -794.57271257 68.36683521
-78.56514141 -792.56707500 72.73117301
-73.30995674 -795.39626685 66.82072018
-66.42117630 -797.27882688 62.63858271
-71.39219012 -795.10976317 66.26605012
-76.98793023 -792.13542326 72.43034127
-74.83362672 -791.90172328 72.07030206
-75.19779311 -790.48446027 73.95534103
-69.08931963 -794.92893223 65.98666862
-66.06588890 -795.88359733 64.68948694
-71.92271003 -791.59956294 71.76037264
-72.22653704 -790.16532937 73.78736081
-66.43526982 -794.94312293 66.00354926
-69.25567668 -792.54331200 69.94824015
-66.17102114 -793.60586664 68.10536112
-63.05008508 -796.12101622 65.60480759
-63.66565285 -776.47993291 84.68572265
-69.12672644 -789.87107227 73.40230056
-66.32891595 -792.48215284 69.87743899
-63.06754316 -793.46796838 68.24875693
-62.76687396 -760.64574339 84.67162160
-60.92026447 -796.29061164 65.70790852
-71.62749609 -785.58992518 78.05495720
-69.35701965 -787.05898184 76.22840004
-66.34201965 -789.71359372 73.12694588
-73.96076944 -759.42883611 87.56994902
-60.88742675 -793.63636879 68.01623355
-101.72043793 -757.57878842 75.38042776
-72.38259776 -784.38295794 79.35235130
-63.22048000 -792.33751616 69.63202171
-75.32832237 -781.04964847 81.92404943
-61.46892090 -792.86950597 70.69095748
-65.97051727 -786.83265392 76.07861734
-62.93398749 -789.56246893 73.01201908
-63.21278922 -788.24464831 74.51196197
-69.14733449 -781.72543940 80.09904793
-63.42016854 -786.73699636 75.92176897
-66.38253586 -783.65532487 78.95976448
-63.50353589 -785.25847444 77.09814817
-66.36667410 -781.98628558 80.35526879
-68.94081058 -778.47814401 82.01322480
-63.44598932 -783.64831441 79.57888737
-66.14859031 -778.43952329 82.69821975
-66.59480930 -780.05649767 81.37289476
-60.48197912 -785.42809845 80.48399455
-63.30548302 -782.00181865 83.33034685
-62.28433643 -783.68068385 82.58015967
-66.36109639 -776.00153591 83.92082197
-58.84729394 -786.41231010 82.04159750
-58.14495331 -786.60210076 82.30989648
-61.35739908 -783.01066972 83.95434504
-58.28725871 -785.94961219 83.17057688
-61.26575391 -779.52724609 84.16473569
-60.23114286 -795.09495714 66.40732283
-68.39182800 -774.40792800 84.63042769
-101.42760099 -757.24720611 75.72378610
-98.78722052 -760.58003345 75.82382754
-102.55935710 -755.65207063 75.43553450
-92.91583046 -769.55475457 79.21994168
-52.45445030 -752.53883576 88.39272963
-99.10435594 -757.70569045 75.91537581
-96.05355418 -763.69091318 76.99326009
-95.36410776 -765.78805638 77.64534344
-94.55575714 -768.99120714 78.47297045
-95.99072944 -760.65563869 76.65840192
-91.99994444 -771.28582222 79.55793791
-99.00057258 -754.91203184 76.37165359
-90.16333027 -769.77381171 80.40988650
-89.67722857 -771.69217629 80.59464823
-93.68420143 -763.57641141 78.08380113
-96.02556691 -757.68067446 76.79340591
-92.34200897 -763.99213832 78.86154972
-79.85789173 -762.71924060 84.62196907
-93.51834410 -760.80081548 77.84514597
-90.38837777 -766.70449510 80.22835875
-90.19454850 -763.75262870 79.89990312
-93.47907731 -757.79189145 77.79158304
-86.50139683 -772.55591405 82.39963147
-91.97387453 -761.36355389 78.70975858
-45.11956777 -775.70864148 80.45443405
-87.61575505 -760.74773014 80.97215025
-88.27674267 -766.58997743 81.28718456
-56.27162635 -749.38497230 87.67020082
-83.94903365 -772.66424425 83.13350767
-89.95165321 -760.69695401 79.71284177
-86.60518229 -766.57683796 82.16101505
-91.92033202 -757.10752193 78.75935582
-84.18250207 -769.74308553 82.97223790
-95.24372500 -753.93000000 78.68666569
-87.66654532 -763.45705456 81.06485397
-92.48674569 -755.14785314 78.85504470
-84.17985952 -766.66419702 82.96210810
-90.29745263 -755.71477891 79.84451341
-84.11369610 -763.67726177 82.80408415
-78.13493179 -772.75503183 84.04870369
-44.83764711 -774.38404298 81.65788263
-86.11848368 -760.56204947 81.86456371
-84.35141285 -760.80140321 82.78000030
-78.30006844 -769.78867864 84.01458055
-39.79218622 -776.09392407 82.19613158
-84.27965116 -757.72211402 82.87637569
-81.59287438 -760.78561958 84.03765605
-76.60150588 -768.14106471 84.48286863
-81.85244750 -757.79961901 84.13884600
-74.94834663 -769.42746417 84.95281436
-85.88074960 -752.73124560 83.11416929
-78.17660997 -760.73781778 85.60573905
-80.38530596 -757.54390926 84.75648574
-82.11882670 -754.94989600 84.32322751
-71.10573939 -771.50039394 84.69187427
-69.65528741 -769.72806898 85.87178486
-82.57735000 -753.17982500 84.33511569
-75.30021053 -760.77194586 86.84140272
-72.34972633 -763.90680819 87.12166210
-69.31399163 -766.82080906 87.11905736
-75.89588391 -758.71893348 87.31377743
-76.92391684 -757.03123474 87.67308411
-75.36365285 -757.91930478 87.71956869
-70.45633750 -765.03425312 87.47110944
-69.62890385 -764.21788745 88.22878173
-73.42428125 -759.11424688 87.76790006
-82.18370000 -753.19600000 84.53971569
-100.09834101 -760.20748989 75.43161512
-75.70116444 -775.12990444 84.91471495
-89.53363462 -766.23786538 81.95242338
-83.65003333 -774.95666667 84.72364902
-75.02217158 -773.03184737 84.87249112
-80.34790690 -773.79306897 85.16003465
-62.36824245 -760.95633742 84.25838571
-65.00067818 -757.31829818 84.45271205
-65.15242606 -756.67680424 84.74898720
-59.87234696 -763.17304720 83.06417396
-65.45184493 -755.12157655 85.42371938
-60.10897100 -760.70632014 83.98666206
-62.89575606 -756.92846286 84.74165294
-57.62301245 -763.40285322 82.32231170
-63.04711370 -754.71067830 85.37440155
-60.35904391 -758.60197684 84.34996155
-59.94697037 -757.08430799 85.13716136
-60.22123692 -754.69532589 85.65702571
-57.13706691 -758.32232535 83.81433759
-54.76494148 -761.45109162 80.80521929
-65.27129234 -746.27552139 85.46302624
-54.06970275 -760.42619015 82.85022339
-57.19418123 -754.70231337 86.07032113
-51.74201262 -764.74701181 81.00324401
-63.19279289 -745.77896597 86.10090381
-54.31479444 -758.91790948 84.21934967
-51.46508547 -763.05617020 82.99502499
-60.14539028 -748.70578229 86.77335317
-54.16036177 -757.46648052 85.33371993
-63.54744618 -743.05722076 85.69074296
-60.31247408 -745.90067569 86.86211607
-51.34106133 -757.88138202 86.18174672
-51.28750241 -759.57375602 84.81847111
-57.82628254 -749.10657884 87.18640838
-52.47989924 -754.33033130 87.11641340
-55.57610909 -749.94499091 87.66615205
-52.99234242 -753.43653333 87.68663791
-55.50770000 -750.05490000 87.51631569
-52.57295000 -759.04405000 84.48666569
-58.06220000 -765.24440000 82.85221569
-53.03249124 -782.10146858 78.14818004
-53.16239189 -781.05780993 78.90843522
-51.24854792 -781.28250534 77.95119156
-55.75623438 -776.46946250 81.04871412
-54.15990697 -775.93122006 81.06299968
-51.19366135 -778.75355603 79.43630396
-47.39857016 -782.99303148 75.29059437
-57.77756944 -772.56828200 82.25086851
-53.69129237 -772.78267066 81.32492753
-45.13435069 -784.12270441 73.63264876
-54.68938901 -772.21900928 81.89675129
-48.06538502 -779.88070772 78.26193631
-44.26267288 -785.11707260 72.14884648
-53.45434739 -769.97373889 81.11554632
-48.17081934 -772.63349091 80.90486287
-51.15691464 -772.67759244 80.96138239
-48.08989042 -775.69271222 80.10708643
-45.03588386 -779.44926248 78.07854025
-40.44288000 -786.30468000 69.72819569
-42.02831595 -782.39597337 74.48873277
-50.92248996 -769.71038914 80.48275302
-42.22028416 -780.92537928 76.20956124
-40.28983805 -783.41940177 72.75099179
-42.10993802 -779.24964059 77.63421482
-48.82515009 -770.25630004 81.00154348
-46.01973267 -772.89146392 81.42915815
-26.82840197 -766.75769739 78.87072927
-40.27611481 -780.88874562 75.85605272
-45.10708350 -772.63622388 81.91350636
-49.89447212 -765.96468269 82.15994069
-48.17521993 -766.69963913 82.54994292
-41.80804258 -775.02786827 82.20762499
-42.62544455 -773.16089231 82.80993985
-48.51617229 -764.87526398 83.03301821
-43.00583259 -769.17654000 84.10713495
-40.51458750 -774.10712500 83.35807819
-40.49520000 -777.38356667 81.28546569
-56.14635000 -771.24275000 81.50736569
-43.53570000 -768.23160000 84.46306569
-51.51701104 -770.20277143 81.85051114
-40.88593600 -785.75960400 69.27638769
-55.78902500 -775.54858000 81.80493069
-59.01956667 -774.35840000 81.85231569
-62.91178111 -766.84198859 83.36587571
-63.19013090 -764.76575061 84.88119059
-61.53462222 -765.29303333 84.54674902
-34.78149011 -768.49178681 79.88790030
-37.33728743 -769.31122927 77.35598209
-36.53669313 -766.31328443 76.79551683
-33.04573333 -764.89404889 78.85390791
-32.38132781 -765.91075219 78.24015475
-33.26274041 -760.88747029 76.87383244
-32.75788151 -759.64894347 79.15083646
-30.41838225 -761.47315080 77.88741675
-33.22570465 -757.66086172 79.64908003
-26.74509614 -768.69649388 78.68172986
-29.93722774 -760.10017358 79.56130612
-24.19268789 -770.24224935 78.21251851
-23.50711315 -771.39572723 77.86836076
-26.94174008 -763.76340280 79.12322176
-23.93704222 -769.00628252 78.75161456
-28.35214286 -761.84094675 78.37468971
-24.14711720 -766.69400833 79.24043329
-21.07109553 -771.61646876 77.79761937
-27.88775612 -758.93998898 81.16903263
-27.60811945 -757.99668617 82.26915413
-21.25997586 -768.85853698 78.66939124
-17.97528579 -771.79045786 77.44904169
-22.26707348 -764.89360455 79.93208046
-19.34636625 -767.96447250 79.05803819
-16.41531355 -771.74129673 77.02672690
-16.58060645 -771.02072258 77.44749633
-34.34039190 -758.41959573 78.02262953
-34.78575000 -765.04035000 78.59691569
-35.06951029 -755.54823612 78.90544535
-34.92077500 -756.43071250 78.71795458
-32.27165474 -754.83456145 82.06238529
-31.62203333 -755.89000000 81.44761569
-38.48228044 -769.72467771 77.37646609
-38.81191339 -761.32333419 75.84352965
-39.07841081 -763.61636680 75.96819947
-37.09923477 -762.87798756 75.13894031
-38.52431818 -771.50673182 77.39935205
-38.55598387 -765.81681935 74.74190601
-34.27553810 -764.01095714 73.96595378
-47.98882857 -759.39717143 78.85762997
