-46.04342817 -728.27283724 19.46286391
-31.32385625 -741.34781250 13.28181618
-42.80439340 -733.06816708 38.13202015
-37.91509077 -732.32283114 37.29921131
-42.11630435 -737.13850435 19.56273683
-46.76450827 -729.97290150 17.36455244
-52.34676504 -725.28096430 14.90531544
-28.99742057 -739.54506212 12.35835196
-37.62128314 -742.47523023 36.20757525
-40.26882571 -737.12092571 23.48437761
-51.49991983 -729.50867031 13.41560045
-26.26637313 -741.56718955 13.82798065
-28.46312228 -742.30129768 12.28098789
-43.57645411 -730.21490588 38.63150064
-38.84651892 -737.20607027 27.86177901
-41.23859333 -737.10306477 20.53808190
-40.00020149 -738.01162836 23.65633371
-27.31898768 -741.74488437 13.31684621
-36.15050435 -737.77185217 13.50222813
-48.27932322 -730.54470217 16.36587090
-48.61727332 -725.53437909 16.45862315
-42.77802231 -738.07695615 14.21448618
-37.06527866 -740.17532861 35.02122501
-36.19612089 -750.25352468 37.31108548
-43.27498571 -720.11077143 36.47072689
-39.28370000 -746.46641579 13.25413591
-31.59906236 -739.25191484 12.17775762
-39.60770847 -737.24685729 26.15788863
-40.43011756 -730.40037205 38.00264637
-31.42265000 -728.60110000 19.10509118
-38.05970000 -747.02536000 37.05999451
-33.93882727 -728.68591818 19.17482299
-46.55951442 -725.27352300 17.33006016
-46.49641667 -722.63834549 14.03614222
-35.09712982 -742.27546125 36.74726646
-41.75063753 -737.10494220 18.15707527
-46.36260000 -731.98270000 20.82114118
-27.49653146 -736.72332417 13.30120724
-45.43307090 -727.55135762 15.16999618
-34.97682090 -742.41653361 12.38300947
-53.57029778 -727.67943919 12.34741380
-31.39855411 -741.90581388 12.15348986
-28.75472267 -736.71740015 12.25148997
-27.77700614 -739.48090967 13.42089659
-24.38685461 -739.82817730 12.78473621
-51.17779677 -733.49485806 14.79943472
-26.14281038 -739.79102825 13.76061530
-38.41596588 -738.30540975 30.22837101
-31.33513446 -739.96350339 13.42659711
-31.71830060 -745.56000194 37.94948804
-47.03396533 -721.76508667 12.43991984
-34.36722132 -739.14516299 12.34933022
-47.92572500 -729.00756250 12.13280368
-48.38171268 -722.76971549 13.32519611
-33.81318677 -742.60928786 37.28087106
-49.24539044 -724.46927701 14.80788279
-46.14162816 -724.14043569 15.30220707
-46.51102891 -727.27174140 17.86191073
-48.77779979 -727.16848581 16.51227869
-46.41597563 -730.21150863 19.73049854
-50.09356627 -727.76383735 14.72751313
-47.00359178 -729.71869859 15.12236653
-52.38421895 -727.28632442 14.20836314
-49.72418404 -730.36181555 14.42324988
-50.09048592 -732.67198230 15.31084167
-49.67377421 -732.68437526 16.28172486
-52.40306667 -729.92993416 12.26487951
-38.90038667 -738.06348667 27.80632784
-34.49836277 -748.43665097 37.70553737
-39.18254800 -742.67008600 35.98676218
-33.63010222 -753.68112986 37.58465816
-36.90207887 -745.95503004 37.22373566
-54.13876667 -729.13380000 12.04038562
-35.98494000 -737.84736000 13.40014118
-29.50186250 -727.97023750 19.16641618
-29.61012500 -728.30710000 19.08046618
-29.61436487 -748.91446667 38.05239542
-45.94415731 -724.40642919 38.14494886
-46.24829175 -721.52168841 37.57448051
-41.66046667 -722.42468529 13.19356961
-41.39313467 -724.20429567 13.29106471
-45.25166053 -729.40489496 38.67939934
-32.63680000 -728.95070000 19.14924118
-42.01906000 -737.39366000 15.99612118
-29.27528720 -751.46757149 38.01994325
-41.50030000 -741.61870000 13.19269832
-43.25476554 -721.69931049 12.23314417
-26.23412957 -737.28051826 12.79468379
-26.65271875 -736.95814375 13.45046930
-27.56576667 -734.85346667 13.26997451
-44.25731613 -726.88321368 14.61453519
-37.86816397 -736.98523463 32.58639763
-34.94870105 -739.49957158 13.29986012
-43.76801824 -722.47467006 13.56839634
-41.60088000 -726.19891333 13.50504784
-43.71806180 -724.27096176 14.16716518
-40.71137503 -727.53997488 38.47157964
-47.52823289 -728.26978947 12.48175565
-30.40164000 -728.39838000 19.07934118
-38.65033735 -737.24236003 30.03949522
-37.76797709 -738.82901997 32.56440424
-41.71601667 -734.95589444 37.15678562
-36.12580000 -738.03557500 13.77669118
-33.94833333 -728.95593333 19.15857451
-37.97537318 -735.84131736 34.78943922
-40.27938961 -735.44987366 35.93129214
-39.43716053 -738.03925263 25.84894644
-42.32613342 -737.07703457 17.04157910
-41.63148767 -738.00969726 18.02550556
-42.77971529 -737.24511839 14.73193465
-42.15597667 -737.99901667 16.46947118
-40.73910278 -738.04012222 21.42906618
-39.14786792 -736.30543396 33.77629023
-42.06835000 -737.94880000 20.31459118
-39.16556774 -737.46981129 29.10231376
-39.18923333 -738.02822222 28.63866340
-35.08887037 -740.31640026 36.01626340
-32.48529052 -742.96017217 37.70079469
-34.66958249 -745.53131790 37.47648436
-31.73227687 -748.48759095 37.96906315
-35.68471762 -744.12339540 37.03612125
-31.69257956 -751.46703761 37.98345777
-37.64065976 -744.92612256 36.92718098
-29.08902434 -754.57556539 38.04384345
-34.22956936 -751.17091809 37.68787111
-31.52439912 -754.32049014 37.85060234
-36.76920419 -748.11990979 37.38681394
-28.99281622 -756.80657459 37.61359194
-30.61089184 -756.49911746 37.57881907
-39.11037273 -744.17175000 36.50862754
-33.31740000 -740.64770000 37.14504118
-28.68080000 -757.71315000 37.06557451
-43.94287149 -721.58541186 37.97258539
-41.56817585 -722.29732755 38.21906285
-44.57946422 -718.90034954 36.88994393
-44.35099561 -719.50364511 37.37435635
-40.91517501 -724.54023074 38.49286080
-46.44460357 -718.89136177 36.79631721
-45.76724798 -719.45303456 37.20483713
-38.89416216 -725.71538108 38.48451145
-38.36392799 -727.92435285 38.46113880
-43.73974664 -724.54349647 38.47318575
-37.89765563 -730.50250422 37.90390368
-47.37351105 -720.49109137 36.95177029
-43.64163426 -727.44120720 38.62775598
-37.76433547 -733.64938685 36.54618505
-40.95506680 -733.06023117 37.46222331
-45.64918916 -727.20243465 38.43703689
-39.95417896 -733.91476821 36.68131149
-42.20290000 -734.87606667 37.08130784
-42.11760000 -734.95986667 36.99990784
-42.15115000 -734.95255000 37.14044118
