-40.71756565 -706.12055535 76.82187047
-38.99076667 -737.96420000 52.97123725
28.87399847 -754.26635458 56.92820396
-43.04241379 -755.33871724 43.10539473
-48.59763916 -724.12785821 16.46321185
-48.65620793 -769.76921795 73.89164914
-47.97728235 -770.86979412 73.08365882
-48.99577985 -771.63069916 73.51116141
-37.93726272 -763.41785064 74.84862872
-46.20259487 -766.36726968 74.82688261
-11.22203194 -733.54926582 69.90500059
-35.73303488 -745.73076512 52.37129384
-13.58544589 -733.08803521 70.63499611
-60.43094183 -799.47212510 39.67859589
32.27588250 -748.11321446 53.79189765
-67.56576505 -766.45841030 77.53143790
-41.81945921 -779.92630263 64.36236533
-61.35778564 -766.07210133 78.58977766
5.26394821 -771.13851890 62.67535586
-18.59022535 -727.52478615 71.30090882
3.78146842 -761.55227368 66.99868638
-45.61627752 -760.41520473 44.61460146
-31.64107561 -748.75554951 53.73198819
-40.82693384 -747.12113686 36.50287029
-66.18510000 -773.56765000 75.96347059
32.70873810 -755.17130667 51.72092202
-44.09010669 -739.99664263 20.68015012
-67.62766417 -769.15658557 77.76938476
-39.81707500 -737.90865000 55.28909559
-38.42778057 -773.20765573 69.87085658
29.57277397 -746.27898619 57.48440868
7.11057348 -759.68399165 67.33523724
-76.92173200 -776.01213200 66.57191459
-54.31017692 -758.56115385 78.96926290
-36.46960722 -748.78559917 50.29436780
-32.83626000 -747.88120000 51.66991059
-37.43457500 -750.34556774 44.71323430
-18.69009965 -746.11737660 69.85684754
-19.42493384 -762.52279779 68.67967401
-29.73593333 -750.35190000 54.46047059
22.34987898 -741.00192407 76.19892313
4.38210975 -745.28846191 74.07095359
-47.90451552 -786.13217759 43.54736886
-46.68955596 -753.85261464 77.31540715
19.52496639 -748.57203824 64.97176154
13.54924694 -745.16743580 73.99977566
-34.66715028 -720.96532413 70.90422105
-10.39483183 -753.53560331 67.33229284
-41.88693409 -753.09140227 42.00578195
-33.33140566 -756.26590566 56.85106115
-40.54958305 -773.18704929 69.68968728
-37.73839059 -727.75050480 66.43631448
-12.90324927 -754.93360317 68.52208083
23.49697148 -762.85835430 57.86708983
4.52559916 -742.23693934 75.20638764
-40.43230709 -724.25176635 68.17810315
-45.98265211 -781.52354778 63.42296010
-13.54111599 -745.06490180 69.57971109
-10.90192735 -736.05255675 69.95017219
11.55100156 -754.79660778 66.87919744
7.58815334 -752.00008225 69.09008544
-58.81233409 -743.17279968 81.91207915
9.95788126 -760.62155145 66.20112031
-72.78076341 -776.76986667 73.22546490
-34.59714550 -750.32637900 61.45034159
-51.88758472 -770.32966856 49.11440552
30.41758395 -753.58794836 55.48778083
-48.31480872 -775.29340181 68.60248506
-43.70369662 -715.34455084 72.41621330
-36.82276667 -752.68650000 50.15193725
35.50531577 -751.20565123 48.08680197
-46.22018621 -737.41583448 15.10781542
-56.13434703 -798.93560703 39.16162133
-43.59269444 -740.31870278 25.67166225
-31.73082672 -765.73022778 69.29784442
-16.69319385 -748.19557632 68.26628761
33.12149606 -747.65288056 52.47439744
-35.25281858 -730.23623728 66.07452122
-41.76451643 -750.25592622 39.16251295
-48.23714444 -767.91540000 45.93797059
-46.62824019 -763.81721049 46.33765641
-55.32621566 -775.86062918 48.73799680
24.33788769 -736.19762181 77.87656760
-46.94206038 -769.77177736 47.06206964
16.34205139 -742.00836137 74.94548859
13.08667730 -766.28464769 62.69317494
-37.80581735 -747.62402808 44.66324818
8.18559255 -774.02724880 61.38197516
-45.45596228 -740.10263413 23.29857837
7.56550791 -769.22642690 64.57117178
-44.97298333 -762.30922500 44.75748725
-58.44314316 -765.98610123 78.07965130
-0.17232258 -746.47455161 73.38455769
-8.62545394 -766.03565576 63.00019089
-36.32378273 -753.18041545 66.62794013
-35.92017143 -751.46570000 45.32057059
-41.74879747 -742.67188687 26.38391746
-43.18983206 -732.18995049 62.05433667
16.53561745 -758.21046127 63.51453435
-43.88766438 -741.40395439 17.71710488
8.22985437 -760.57074272 66.80254168
7.64516230 -748.73206330 72.59544913
-43.00461667 -746.89031667 28.34747059
19.27410039 -754.04712245 64.53925257
-21.43454194 -747.25708226 70.22543027
-48.08770000 -738.23600000 15.94527059
-52.36208675 -781.82013446 45.67243407
-50.73668367 -792.27783393 40.77113028
22.27354353 -759.78199543 59.40905201
-8.47558163 -753.78888367 66.92134814
-55.96778172 -778.15139515 47.96117070
-55.59983200 -784.16631234 45.06907483
-72.66359376 -760.60897656 77.46297126
-42.77344702 -707.25515404 75.84507234
-32.95684659 -723.51753750 70.57641263
-48.23170667 -767.31272000 45.92784392
-43.61833100 -753.83531198 77.45071866
-38.49559449 -745.97466962 41.74170021
23.22322601 -746.23634652 63.16584165
16.31722290 -745.12603721 73.83057678
2.62913996 -759.94387096 67.69848238
15.02620000 -749.73029333 67.09978392
32.29600000 -746.44310380 53.98390363
4.45270878 -752.27957799 69.74771030
-13.05008595 -769.69964667 60.24955575
-46.74228881 -724.03231974 17.18691104
-8.67509196 -762.88100208 67.89709888
-30.52564037 -749.16147764 55.34895568
-37.54417547 -711.93190220 74.74351001
-46.95210261 -727.88485768 12.30379928
-44.68283544 -725.15950506 14.85233894
-60.82085894 -742.84179044 81.85951307
-40.30438582 -708.12821555 76.23926238
-42.54803333 -722.96503333 12.90763725
-13.08460898 -767.12183039 63.31959801
-40.61696636 -732.50886319 61.74029840
20.09120698 -760.45725156 60.88732848
-53.43826205 -757.32790414 79.35550620
-32.95289412 -716.18125294 72.55416667
-67.50957717 -760.16551486 77.95547271
-58.83120078 -783.12990292 46.28467624
-60.81042421 -793.38390795 41.78868711
-75.28890000 -767.61920000 74.77917059
-34.75546247 -727.05191489 68.36270342
-42.97874324 -742.08902703 29.29336034
25.32820723 -745.55822279 61.79514948
-38.26285897 -704.06380650 77.27268841
20.99110000 -761.79380000 61.03357059
-49.93458637 -726.65754405 14.62062450
-34.67205192 -750.59728609 59.31345994
7.89009708 -741.03478679 76.17264750
-45.32820000 -740.93782903 23.20795446
-60.85768400 -796.14285089 40.74614252
-49.65580000 -737.55576667 12.04950392
28.60035927 -759.04397155 53.53729198
14.01700056 -769.90434128 60.48536242
-56.82399333 -788.69784000 43.05507725
-44.14460557 -751.80712276 78.53906544
-16.32861281 -745.23758392 69.50884942
-43.71711775 -718.17927066 71.28188909
-60.18913537 -785.23397805 45.24094986
-44.57799867 -746.18036700 81.72299759
-52.29100361 -788.16713911 42.80453105
16.40670188 -738.20682109 76.21076692
-64.66379128 -760.23250057 78.32607814
-34.32276517 -753.25062360 56.91392789
-52.57871913 -745.15939005 81.21767241
10.38546643 -751.59928641 68.39036930
-71.11122851 -765.85945307 75.70708611
-52.42551271 -786.62556412 43.52811516
-34.38409604 -757.05707489 67.80349867
-18.35430000 -758.28020000 70.01407059
-44.30378783 -756.61240706 42.48782606
-13.55914969 -741.24412172 70.15871727
-45.26022778 -728.91882431 14.29179073
-32.40531700 -751.92677847 60.37410515
7.51520063 -763.31277576 66.34716937
-56.15533333 -743.68708333 82.04825392
-45.22147021 -740.82055532 19.51251740
-18.93740000 -752.68680000 62.88877059
-10.61535596 -739.33831960 69.92159938
-40.29055000 -734.41495769 57.51740520
-37.48439391 -718.07706126 71.75118333
4.22333618 -749.05016198 72.55138865
-54.39017895 -755.24101579 78.98520743
-63.35045373 -758.72595970 79.05834223
-35.76619889 -707.95487111 76.11795337
-42.53801436 -742.94543910 32.19438277
-37.40826699 -733.03773989 62.40917824
-36.15660000 -762.25050000 68.92977059
-59.38613233 -798.02433286 40.16847218
-50.24231470 -753.34945817 79.33596054
-58.70113043 -789.08042577 43.20843415
-46.95170401 -750.41042691 79.36003134
16.45563046 -736.45154642 77.35749672
-42.34857059 -743.38444902 34.31385098
-35.87641652 -707.11443043 76.24024581
-45.00243333 -759.51116667 42.95127059
-45.12498378 -758.49101081 44.01407059
-22.13498674 -745.03692375 71.30165521
-68.09180027 -773.87983973 76.24020445
32.86040500 -749.47458500 51.94750059
-46.09717999 -726.93774159 14.45021092
-38.96740000 -746.66020000 36.97327059
-0.48060491 -748.53172298 72.32549094
-43.41847318 -713.94161816 73.17656724
-47.40493222 -783.74216020 44.70894574
8.41627597 -737.17528661 77.78786091
-30.02885000 -761.42770000 68.99527059
-46.21295656 -726.34918972 17.55451048
-29.24596080 -757.33233017 63.61250045
-47.29199544 -765.66191939 45.70580063
14.29852578 -759.05163281 63.58306824
-37.25053044 -751.98416854 62.13238232
27.18221494 -755.96777987 58.37487448
-42.63289138 -776.53976810 66.93450335
-32.87112664 -717.90559893 71.98826046
-60.83575485 -789.59448814 43.38465898
-37.47992109 -748.30409639 74.51707155
-53.81793500 -770.68763000 76.11297559
-0.85229886 -752.34663826 69.55946263
25.28795273 -762.99430280 57.14347077
-37.37323725 -729.77961585 65.17338997
-45.26418995 -740.84885023 17.06457789
-55.54305202 -793.06973432 40.99449033
-46.60213497 -778.10195358 46.84047707
-25.52456957 -750.49627176 59.07955207
-52.63614804 -753.50917346 79.45524248
-67.50152673 -762.96413307 77.16129157
-70.45421795 -760.19230430 77.69519655
-45.86992290 -739.02604969 14.28025700
33.98965773 -748.40141520 50.66102282
-13.33915000 -773.93209348 56.81804178
-29.87744400 -748.50033000 54.90231059
-54.17086250 -773.25020000 48.86755809
-46.19390940 -780.19459377 64.59282633
-40.21009839 -736.11509757 56.19200840
-53.58612336 -794.78420047 40.10210236
10.06075759 -750.46197993 71.87512250
10.31397295 -774.51467059 60.27635173
24.56990569 -751.14315441 61.62772747
-41.35246744 -751.60145599 79.95708308
-28.27838340 -749.13862536 56.86856719
-38.37692965 -734.16291247 60.52099435
-40.65314065 -709.56426046 75.55463942
-44.88924074 -727.27238519 16.76967800
-44.10328664 -740.29005217 23.22017536
-44.73637509 -759.57466989 44.64365758
-54.01106667 -797.79366667 39.15143725
10.78776871 -769.25667841 63.11972515
-44.41852800 -776.76634240 67.13871139
-41.62745976 -743.94317195 27.03730595
-55.44053362 -790.15371711 42.21084690
-43.78020131 -781.19294250 63.47235645
-45.15247241 -728.34639310 66.52563266
-59.85158397 -770.78171756 76.18036601
-58.32979298 -790.49369059 42.50970024
-8.50423714 -765.38737645 65.29351570
-46.24954175 -762.76749153 45.24453146
-77.13831233 -777.30354231 69.22868387
-35.91448696 -745.95417391 47.90916624
5.69989821 -774.81067143 56.27090809
-34.53855178 -716.03532119 72.77383616
-48.28875000 -725.89052692 16.11490905
-18.55826667 -768.08558333 64.00027059
-40.50446450 -729.33166132 64.71047971
-32.00544571 -757.19229361 68.94521210
-42.25716667 -751.09603602 39.63895285
4.86775603 -769.79080315 63.45700485
-42.59157493 -751.83853203 40.60064413
-27.28854167 -749.18153333 58.25692059
28.03645310 -757.03895855 56.19047437
-15.68128777 -755.43069856 70.67020152
-55.61946621 -748.21440393 80.77720189
30.64770895 -747.88828842 56.07883654
-46.98464663 -726.66875751 19.76204986
-16.64033104 -762.67410281 67.74150907
-38.98788000 -739.04378000 50.62237059
-47.13810714 -725.36795952 19.24017535
-45.47495714 -724.28666988 15.44181692
-49.41991503 -722.31164706 15.17863660
-50.01729346 -723.98405949 14.98559575
-35.88424474 -728.32428684 66.89587585
-39.60548263 -754.71159281 69.43370173
-37.45383850 -714.73641823 73.58341730
-8.64170000 -737.60270000 70.00797059
-37.66071860 -762.70117520 76.55522099
-48.34313746 -767.06094983 46.95947918
-77.77910610 -775.11138205 70.62344725
-8.65549091 -743.34469545 70.84105013
19.09064000 -734.06491000 79.06185059
-35.75198917 -748.05833761 46.95912671
-42.05676667 -707.56345000 75.99367059
-58.39824448 -799.19387455 39.41095665
30.49171498 -751.02809403 55.84119854
-35.31030405 -709.42275206 75.50133129
-43.45229848 -757.62972697 72.66255816
-76.98157333 -777.00426667 66.93275725
-16.10274512 -749.48902805 66.83118400
-16.60951250 -766.24491575 65.37124661
5.47770465 -739.92061581 76.24323524
-10.37760188 -760.16725089 67.98462275
-37.48746059 -724.27863233 68.53251832
-30.94817416 -754.20131524 61.71854289
-10.84101633 -753.40765934 66.62892459
-38.93402727 -746.53220909 36.88570695
-51.90413684 -794.45877895 39.97347585
-27.99498443 -758.94651497 64.13935921
-40.05717566 -741.01171715 47.10542923
-36.77154333 -746.11242333 52.97975892
-21.59264973 -739.09239691 71.99350222
-16.38638509 -768.93209944 62.97738933
-55.23654024 -753.60578705 79.56475743
-71.74403171 -768.04710488 75.76972912
-18.76961240 -764.31699070 66.77521516
-35.68967620 -733.15043102 63.42626125
-72.53638289 -770.07226257 76.17131604
19.28991802 -744.94344585 74.34202311
-41.46517554 -743.29018019 35.09735820
-12.97291901 -752.88946866 66.49112094
6.85563671 -770.38128541 63.88899671
-39.40686429 -724.76512143 66.51692059
-44.34529049 -755.39188179 75.55792956
-45.32981726 -720.94388359 70.55028409
-55.23160733 -782.31254359 45.84421876
-49.83041340 -787.99712706 42.73422355
-42.53818222 -744.01550444 24.16081281
29.84103000 -755.45064000 54.90437059
-43.93971555 -726.67093462 67.59038393
-19.32686225 -766.43684481 65.45492285
9.34554738 -769.00733190 64.46352728
-38.68339153 -746.22470847 38.81105364
-40.51323712 -743.20430595 39.30502014
-36.86948372 -752.97942326 60.43080547
15.41053399 -748.94014494 72.91782705
-53.28205292 -727.53490999 12.19720056
-52.38157172 -784.12857504 44.69176431
-28.40856863 -758.07922804 64.14890048
29.10028678 -757.80486682 54.20369415
6.78428816 -775.01159912 57.15639208
-55.51748548 -796.63283321 39.70319503
-61.62496506 -763.07811196 78.43236062
21.16994536 -759.38007814 61.18091430
-58.85940013 -768.99627315 77.09176504
4.28595989 -763.28496572 66.46108438
7.48049298 -766.24528407 65.74081039
-35.31910000 -753.44770000 51.84558111
-51.65965301 -726.93622083 13.52843355
-58.62022236 -760.87476495 78.67052713
-53.98607143 -773.80038571 49.07705630
-43.74529445 -771.71629012 70.96228416
-58.48701791 -759.33695612 79.30177653
7.99543599 -774.71720444 59.71148330
-4.51432561 -753.57906275 68.36002041
-60.82637856 -741.52652731 82.22161802
-16.35142876 -764.20566573 66.75948605
-43.62963818 -724.33464025 68.73936648
-42.13045000 -707.71830000 76.03577059
24.65714686 -747.92812644 61.71792288
-21.55878966 -737.41426437 72.17948438
-40.88965789 -746.87999474 33.55976533
-51.35782452 -770.13426645 48.90937381
-37.37707576 -706.07372474 76.98998124
13.12652382 -758.82079474 64.41655618
-37.94825334 -747.66545638 41.82047338
19.44270230 -751.17259290 64.80350726
-42.56132349 -733.07781107 60.59318972
-36.31723148 -731.81389630 64.15837429
-69.85932347 -766.16925439 76.50230185
-44.35786833 -729.39600325 13.91990052
-28.13028240 -750.24384924 56.96990570
-4.89352893 -752.47036981 68.56860770
-35.22816254 -749.31231932 72.64916194
-48.53798182 -767.35993636 75.90267968
-35.08698321 -751.96989203 68.60816793
2.76668582 -763.06268238 66.46128132
-36.01887561 -774.47308049 69.73897547
-30.82928177 -756.99551379 62.83642108
-39.86441340 -703.98468531 77.14394056
-58.49852097 -801.59315099 38.84461007
-41.95258750 -742.59181250 20.94914559
-54.26875455 -770.70489091 76.06907968
-39.57713232 -747.41454174 41.71794409
13.93434307 -740.08474017 75.83003510
16.23767095 -739.54177482 75.77786200
9.99891680 -766.05719743 64.57765127
-39.18708947 -761.91271053 76.10279164
-13.76168225 -771.47064764 58.82069256
-45.75237590 -763.59247219 75.57846066
-23.26594000 -749.34727400 60.59212859
18.45370907 -756.19568617 64.25551639
-40.37126154 -740.75203846 49.81357059
-50.65167014 -723.70841187 12.38726699
35.40699831 -748.85587875 48.34102545
-52.00234545 -722.06701818 13.52707968
-42.39990221 -755.99743088 76.33148897
-51.71503415 -723.52800191 14.15529545
-52.21472957 -754.96197166 78.85117983
-38.65625081 -735.08052054 59.05822572
-34.61105000 -746.58560000 55.23127059
-40.77348298 -747.81909394 38.60898679
10.06780397 -754.07307224 67.64435087
34.29530000 -746.62150000 51.01387059
9.05027200 -770.75406800 64.06711859
-50.11939011 -759.96052276 76.57532648
-47.72647778 -722.05668571 15.82000868
-47.45759245 -722.36955283 16.28949606
25.08757176 -756.96746523 59.34953032
-33.77865000 -753.89883451 61.47543608
-44.92008746 -727.19774034 14.79972652
-70.87501943 -777.67750124 72.20865164
10.40691531 -763.22667535 65.13907827
-44.82060000 -728.63370000 16.07057059
-43.59028863 -750.61545749 79.45567493
-70.35346372 -769.24420287 76.91434216
-36.17175000 -752.38537750 66.77425559
-40.58398836 -733.81982688 59.98954213
-37.64299146 -716.14900467 72.71848398
-49.51209829 -781.49907349 45.59348634
-34.82284673 -714.68126227 73.52746732
-42.71323516 -766.95278668 72.76451813
-35.25746913 -747.84431804 50.65253537
-8.88788548 -764.38634839 66.04889478
-36.25351250 -752.77853750 46.67512059
-61.54645371 -759.03427143 79.16429221
-37.51248571 -752.79325714 57.55657059
10.42590464 -772.03380540 62.49852007
-39.91770053 -754.53927037 70.42777747
7.78500568 -739.28952260 76.76801891
-14.53642151 -727.78875697 70.74079468
-41.49495614 -756.90873509 75.54270392
-40.35263209 -740.05645823 47.96765140
-18.18816500 -751.00312000 64.12903559
-36.65386750 -745.51329000 50.58379309
-50.92958000 -722.59830000 12.61883059
-46.67384815 -776.88599086 67.22604792
-60.41506075 -798.07751741 40.16662827
-41.90870732 -742.31236683 23.75114864
-44.83522028 -724.94047358 17.02171870
20.87083333 -748.52970000 63.98887059
-10.93859630 -738.69013938 70.09349622
1.35625899 -748.47475323 72.33107012
-45.36614286 -728.76295714 16.08842773
-32.88531925 -721.05844017 71.18501996
-17.39297590 -744.28704628 70.30301439
-10.62152497 -768.95139316 59.63155695
-44.27386756 -748.25036331 80.49489689
-28.31442366 -759.29596631 63.82056234
-78.14067053 -774.75184737 69.41379690
-37.38344519 -720.53054649 70.51576023
-44.11828019 -741.33150481 15.30453809
10.65410667 -774.78408444 57.55786096
-58.73316823 -795.95999678 40.46692679
-40.11440000 -776.67460000 67.02567059
-58.88238287 -772.28826823 74.82516548
-44.28907912 -757.39580678 43.85401115
-35.24706382 -750.53609483 56.51468497
-40.56169803 -715.67470755 72.54604311
-34.61847733 -717.97789145 72.02533068
-40.31167038 -741.78572735 44.48106678
4.51308391 -765.98589250 65.44362175
-33.92063307 -753.75325568 67.50848559
10.51003240 -742.43392758 75.40039974
-16.60730038 -750.77631839 65.51916400
-36.29686402 -750.12187256 50.81960595
-44.94023953 -775.37202558 46.73774036
7.57101943 -771.81167387 63.09275188
16.25212304 -747.72229632 73.31397192
-46.77101971 -759.76633251 74.82536509
-45.66265591 -757.34984591 74.97318877
-37.47748697 -753.06652074 62.08502671
-43.43820337 -760.36110968 74.00298342
-43.85702063 -756.80700403 74.39170303
-44.13608655 -759.08739181 72.86182030
-35.82059835 -745.08352397 50.26753009
-41.53859870 -756.27465195 70.90060565
-37.44189299 -753.69068635 68.58522819
-38.75432174 -754.01703304 70.36947928
-36.60932925 -751.51878120 59.38690901
-36.26345151 -750.90235698 56.40903047
-32.06231951 -751.53700163 61.63349742
-26.56305814 -750.92028140 57.53687001
-26.84949053 -749.11498842 57.74391585
-25.75700359 -749.24604505 58.86188164
-23.19941688 -751.09615946 60.43484828
-21.89478675 -750.98005052 61.61360351
7.46726522 -754.15884397 68.34128912
-22.83317143 -749.00533333 61.15931106
-19.80547618 -751.43910590 62.77519153
-7.47121977 -753.38744925 67.75243859
-17.51921231 -752.41836308 63.61974443
-17.26180000 -752.71706970 63.53279483
-15.84732045 -752.75506818 64.66435695
-45.04945000 -773.51070000 46.66222059
-17.30753391 -749.96654319 68.01426131
-13.17510247 -752.02470000 66.39794653
-11.03739241 -757.54788947 68.29188679
-55.87601047 -780.97905665 46.66203730
-11.65669452 -752.17492397 66.88107675
-10.45041955 -751.78018059 67.59341584
-7.62617916 -752.35413832 68.02226596
-1.51052183 -753.81012522 68.75626861
1.40526104 -754.09939063 68.96449773
-31.40865422 -750.02444217 53.59000191
-19.03548699 -733.08878132 71.67056261
-21.07620000 -751.72920000 60.96007059
-29.75921244 -754.66287512 62.33653997
-60.21040750 -776.93334000 73.86579434
-38.88577755 -735.91221837 57.21162365
-40.48413776 -727.48359592 66.03340244
-36.59627468 -756.76061983 68.42461194
-33.96714359 -749.05931026 58.68324495
-40.18818209 -737.07705730 54.09199503
-40.09552314 -738.19628839 53.00919381
-46.82108843 -758.85878009 76.77092800
-27.25375962 -750.01851346 58.14110713
-13.45337289 -756.92904527 68.74158953
-38.92390000 -737.22113333 54.52627059
-40.11238366 -739.08091194 50.60457954
-33.01736250 -755.79580000 56.89520809
-38.84185000 -739.80435000 48.61942059
-30.50034211 -750.32083158 56.16630217
28.41946186 -743.53082371 60.47184069
25.87120772 -758.08320317 57.35398675
-32.22979671 -753.15249412 60.29581271
-34.29513349 -754.12242533 59.86216327
-30.12180000 -758.73680000 63.21027059
-43.25623277 -754.22477517 41.79253792
-47.54563675 -765.97215690 46.55883907
-41.50311304 -750.93380062 40.66906251
-35.10280792 -751.63007624 53.64345871
-14.54891977 -755.21943503 70.26411579
-35.69262792 -750.23663776 50.40238203
-42.40890074 -744.44332129 32.33605499
-44.95210000 -736.74288333 17.22800392
-41.07539688 -745.21847518 32.58204506
-34.32894799 -749.23879963 56.20217938
9.93889443 -774.02591000 61.46184645
26.03763057 -748.17057507 60.34561540
-41.44492028 -742.64664510 29.46727898
-43.30297700 -741.62752802 23.52880317
-44.15710756 -739.64902268 17.46702339
-41.22430945 -744.32360253 29.70720077
-44.29799873 -739.39927169 14.33250002
-43.15024029 -741.66481072 26.34623883
-42.06720000 -740.50900000 25.16337059
-43.42489197 -741.54181810 20.67568605
-35.35371547 -748.33457358 52.85214493
-48.85598747 -751.67644648 78.68609872
-37.19487761 -748.04136641 47.25911495
-32.27080000 -753.17593333 54.26543725
-45.28890877 -740.80854211 14.59834427
-45.65171641 -739.37142565 17.16368670
-45.68368384 -736.49556364 17.34158372
-45.56145624 -739.83300184 20.09226220
-43.41018000 -743.70460000 20.88363059
-36.02350000 -746.62750000 76.60237059
-41.91766429 -744.50030000 24.16337059
-42.61927700 -743.99032550 26.82232009
-9.01610328 -768.12831475 60.24956567
-50.26322974 -790.06908356 41.76734873
-42.58339172 -744.29679575 29.25010796
-41.76553810 -742.59326250 32.36546940
-41.21046644 -745.05833439 35.69111224
-40.72909301 -745.05711740 38.61094790
-40.45916286 -742.78548014 41.59949897
-39.86752723 -745.70720476 41.24171235
-38.33301364 -747.01913864 39.10364104
-12.33470000 -739.70958000 70.00827559
-37.27493909 -750.20254364 42.09736059
-35.69395628 -750.58129004 47.94433596
-39.65978721 -746.16937791 43.58344036
-8.59628409 -760.26577529 68.28578728
-39.30671228 -747.11605789 43.52613068
15.51654696 -749.09291943 67.22469245
-58.49429226 -784.50784439 45.40162078
-38.20372674 -746.20891979 44.03228649
-40.43381852 -740.43571111 45.62537244
7.68915011 -742.54894713 75.56708058
-36.72796525 -745.35206017 47.05098669
-35.66759048 -748.46870238 44.93750011
-36.45863480 -750.95223333 47.21665196
-44.81420000 -782.70962000 62.65841059
-36.35616053 -748.92485562 52.79302335
-36.40719300 -750.28154591 53.43041962
-40.11733333 -737.51283333 51.83205392
-41.96360000 -741.99590000 16.45917059
-42.46022298 -744.12278385 34.93298363
-39.24025200 -747.50872400 46.34422659
-40.01922727 -745.43909545 47.66160241
-39.02055000 -741.48275000 45.76927059
-32.85651552 -755.01193966 56.97483438
-34.90261429 -755.95142857 60.93949916
-34.91049118 -755.96389706 61.15484706
-34.85715455 -753.46277197 54.01661832
-37.12330000 -756.15916667 62.03420392
-60.25924096 -801.04347952 39.19651517
-58.55203523 -793.18549279 41.43731561
-50.06095962 -745.74997365 80.96046490
-57.65117490 -797.13179588 39.89068451
-58.22208158 -787.33500734 43.94788316
-56.58922943 -801.02783228 38.59325508
-58.15288717 -781.38604703 46.99384336
-56.03378298 -795.31132741 40.24430041
-57.37942589 -778.54075655 48.12012014
-38.55481765 -703.56927647 75.84738824
-55.48425037 -787.00818162 43.69301493
-54.80990210 -788.40845906 42.92808135
-55.26787630 -774.74885678 49.22871753
-53.28143550 -795.80823502 39.67513031
2.87626923 -764.97449231 65.61638597
-52.88719873 -792.99020477 40.70760501
-52.61790453 -790.20519033 41.88812328
-54.41933073 -772.87839792 49.28679741
-52.55648428 -780.33266577 46.32838038
-55.30092751 -768.90470303 76.35313324
-52.52249174 -778.19337027 47.10730472
-52.53620785 -775.27593801 48.05087818
-53.14169987 -771.72520079 49.23361808
-18.88452582 -730.23171299 71.61339230
-51.98598496 -772.39903258 48.60283282
-49.62337245 -786.52291307 43.41975368
-49.60812165 -784.14690620 44.45032191
-49.72551353 -778.14864527 46.76415078
-16.59759806 -733.08076100 71.33104756
-49.92642393 -780.04910869 46.19788764
-50.04132531 -775.27932373 47.37499857
-49.80903778 -772.11323914 47.63377810
-46.55177537 -772.52330746 47.11364298
-49.39226006 -769.43129972 47.59254415
-47.16140424 -781.68438240 45.69933510
-46.65391117 -780.49733108 46.28806505
-46.74565083 -775.48268854 46.99560496
-60.47467853 -787.17220716 44.42667459
-60.89962232 -790.85337790 42.79167355
-56.99570000 -782.77013333 46.06240392
-44.98432963 -777.53328333 46.99512985
-47.80178889 -768.80256667 45.97785948
-51.31041000 -777.54381000 45.99152059
-40.32540614 -734.96737396 58.58237305
12.35971745 -771.31222248 61.36180868
-61.11203636 -797.29590000 39.93887059
-58.23730000 -782.51740000 46.00307059
-45.16642667 -726.53184222 68.03163725
-43.41965020 -727.98640668 66.43883764
-43.64360139 -729.55887281 65.16685903
-43.31904051 -731.15767946 63.57117172
-45.37998125 -722.39867031 69.92060184
-45.28317533 -724.08914444 69.30752281
-45.29084028 -718.38158476 71.37656498
-43.47415138 -721.95773263 69.69635099
-43.80552609 -720.50230664 70.39603223
-45.17428028 -716.07798451 72.13777341
-40.39834335 -730.91017710 63.31513458
-43.35004582 -711.93553317 73.94696103
-40.50903199 -725.87343098 67.20966379
-43.10555116 -709.21261788 75.15752035
-36.94567560 -746.32378680 76.85125819
-40.38362498 -720.27538932 70.38728170
-40.30846228 -721.79689804 69.54000787
-40.41505154 -718.12897244 71.45966283
-42.29047432 -706.53248093 76.17811689
-40.48375925 -711.90826896 74.44329432
-40.21912381 -714.32011030 73.32091986
-38.11009559 -731.26191005 63.65726618
-37.16866783 -726.39014770 67.51576250
-37.65791529 -722.03231529 69.71112164
-37.42597123 -709.82765372 75.65143443
-35.28272964 -732.13603349 64.49124167
-35.80915758 -722.42286818 69.90952665
14.37655328 -751.73413061 66.85092732
-37.70678528 -708.40511764 76.36671568
-35.06182846 -724.53785389 69.39786022
-34.36214908 -729.19441155 67.42906534
-33.83284226 -723.65473217 70.33767041
-34.90373612 -712.07517289 74.45171649
-45.14840435 -729.18778696 65.67650102
-35.66371389 -707.23464306 75.93074420
-36.14760000 -706.44193333 75.99467059
-44.40880000 -713.53940000 72.97877059
-0.29491818 -750.52007107 70.86342679
-0.27205368 -747.00002737 73.19811164
1.34522370 -750.79248753 70.79817502
1.38828143 -752.24556203 69.74861310
1.45679887 -746.89342266 73.19025841
1.62661420 -745.39655222 73.85369446
7.27560553 -757.03476449 67.80279063
-35.68166186 -763.37754512 76.38701198
2.32887434 -757.10544475 68.43015557
2.70816111 -761.72650000 67.10304837
2.45882203 -743.05358811 74.70104460
4.38941908 -759.99294296 67.66131686
4.95908476 -761.90191571 67.13775964
4.34583108 -754.15967367 68.84383319
4.40665360 -757.25674393 68.27362151
4.42665102 -750.77916231 71.16181680
4.56526858 -747.47340224 73.53006643
5.33646436 -768.61944257 64.39149732
4.89213304 -740.40200174 75.93557928
6.39206842 -761.90652368 67.11858989
-12.37715000 -729.53085000 69.98142059
7.64080308 -745.31683828 74.29440091
7.44224718 -747.25901179 73.44643327
-10.91007971 -736.47145783 70.16360325
7.39976400 -750.53880547 71.49107655
8.54377875 -770.80601125 64.08198059
9.77021480 -756.28574847 67.37968746
10.88226049 -757.27895050 66.38639841
10.17603109 -748.82069802 72.70108539
10.33142236 -747.22502656 73.34538670
11.21576986 -766.57281749 63.55268684
10.27502616 -745.23247938 74.16269384
9.97056052 -741.01271843 76.21290162
10.38861153 -739.15250028 76.73525231
11.72324512 -773.20163780 60.57117669
-40.52357829 -771.60555410 70.72688596
10.15237444 -737.02067372 77.90683546
12.37935479 -773.82371096 59.15559799
33.62620720 -756.90471099 48.15808931
13.07489455 -771.85472161 59.96855088
13.00096656 -768.97943066 61.71212143
12.32160521 -763.06056771 64.38658361
12.88017227 -764.05173567 63.73461097
32.86805476 -749.82996667 51.97817535
13.42864058 -757.26763209 65.47120746
13.54684102 -754.28603263 66.42903774
13.12986647 -750.02756935 72.41741188
13.23245385 -750.95635255 67.46626786
12.26324802 -753.02539774 67.12242426
11.79643000 -740.56723000 75.99586059
13.43527796 -747.27670658 73.24832064
13.50105904 -748.64978990 72.80864753
13.52392311 -742.03861653 75.21399105
13.90406147 -737.04840358 77.52639771
13.33681974 -738.71512390 76.55674474
14.74341515 -758.53107727 63.92702059
16.47302754 -759.39863303 62.40388688
16.16231992 -756.79497542 64.80836081
16.28145004 -754.21951415 65.58463862
16.27243898 -751.16244765 66.28492397
14.30291746 -749.42975794 67.66461186
16.86597351 -749.04739414 66.37438734
19.35742896 -759.75390167 61.48824223
18.29265333 -747.11904549 73.79814941
19.64542048 -757.33114181 63.02735784
19.35143388 -742.00922812 74.94376903
-67.83106658 -777.19898454 72.54761747
17.68795263 -734.53845263 78.75912848
19.18732013 -736.14001069 77.83120096
19.42206867 -738.87871584 76.79893114
18.89837163 -740.30113734 75.82643576
19.45920364 -734.32145719 78.82617205
20.41508942 -754.97137702 63.89090778
20.15722500 -761.74216528 60.91146225
22.27856300 -762.21556010 58.65749240
22.20631397 -756.90724295 62.20243624
21.64083392 -742.05820911 75.65348090
21.22986369 -744.02185924 75.09530944
22.41931749 -754.19852327 62.90347970
22.31881936 -739.05803717 77.26615429
21.02260000 -740.59710000 75.99499559
21.00606505 -751.04118932 64.07489098
22.51736363 -751.17153660 63.07038161
22.49442574 -736.15115753 78.42397478
21.28709626 -747.41987500 64.26182923
23.07808122 -758.18812139 60.01913198
22.18096509 -734.29910592 78.66014544
22.69980400 -748.17015761 63.17196308
21.66948667 -746.54205333 64.17835059
20.87742000 -751.97870000 64.01353059
21.96440000 -734.47140000 79.05427059
23.62230766 -760.34106593 57.75522119
24.14983819 -756.15490452 61.27198918
25.25505656 -759.93821749 56.87869746
33.96569651 -750.98965320 50.71170263
24.16605944 -738.14432378 77.28701779
24.48339303 -753.98611437 61.46346129
25.82083561 -754.29975887 60.16008013
24.10350000 -734.55700000 78.31880059
26.05799397 -751.12162827 60.42076197
-73.06240889 -766.88004526 74.97331229
-66.99063968 -758.35566839 78.41278478
27.33031784 -762.41871992 55.96438511
27.26743279 -759.92846512 55.62659733
26.48954225 -746.02823944 60.73082186
27.47336758 -754.02487792 58.71221376
27.87438802 -751.08122185 58.74200282
27.95297401 -747.95412462 58.76357545
28.36174406 -745.22772308 59.56386732
-70.41259930 -772.05119232 76.85508933
27.11758947 -744.27900263 61.09532848
29.19800623 -751.09348259 57.26393864
29.40298919 -748.01863674 57.39904332
29.84915000 -759.48215000 51.99697059
30.64064239 -756.87152041 52.94114361
30.12673643 -759.05733721 52.24546904
30.91727452 -758.97366643 51.19090433
31.52525265 -754.36552461 53.65689919
31.86171801 -757.41076342 50.81074513
30.60964348 -746.37288827 56.28272368
32.12079026 -750.97447658 53.65032619
32.75422190 -757.93347883 48.79967278
33.13060800 -753.23044800 52.20232782
33.72212614 -754.22189740 50.68512435
33.20134861 -756.26932127 49.70407299
33.07744789 -751.65238409 52.19159524
33.34892368 -746.52914211 52.60632059
35.22559525 -754.13452119 47.53676939
35.63596016 -754.61953984 45.65384947
36.02800508 -753.09132712 46.56924516
36.31369980 -753.47747898 44.70431911
36.16804764 -750.96156743 46.93903634
36.15762918 -749.18163991 46.93568432
-35.75121613 -752.43767161 66.78171704
36.75108869 -751.53765228 44.45763461
37.29812706 -751.96731000 42.76014294
36.55250000 -749.34126000 45.92113059
36.99504118 -752.83936471 42.90597059
24.07335455 -758.70953636 58.15425241
11.81089000 -764.53737000 63.98551059
8.84863333 -757.39436667 66.95703725
5.77130000 -740.77277500 76.05865392
20.64598182 -761.69471818 61.06887968
17.84190000 -760.95200000 60.80827059
20.94135000 -753.05125000 64.06837059
14.97690000 -749.68680000 72.73152059
12.49545714 -773.03580000 57.73155630
35.26010000 -755.76460000 46.02067059
-19.64398050 -767.99115719 64.45745323
-19.07672869 -761.02276484 69.39967436
-18.45316081 -757.42741811 70.85422951
-16.87166400 -767.79648500 64.17929825
-16.66001085 -756.68905343 70.64777097
-15.97715465 -757.69315032 69.72806864
-16.64226452 -760.33109351 68.89342503
-16.66058929 -770.73915714 61.25502059
-15.74920273 -771.63755576 59.83824938
-15.38463514 -770.41671892 60.82027599
-15.09320000 -773.24330000 58.01357059
-13.28539602 -772.85379308 57.48185242
-13.70331562 -768.55157236 62.11559926
-13.64290229 -765.70186082 65.01886989
-14.93210000 -767.67160000 64.09237059
-14.30763165 -762.16513747 67.42111679
-13.25235112 -763.34855376 66.35985271
-13.45327679 -760.24097249 67.89790777
-14.74851423 -755.93690209 70.21215804
-12.74428022 -761.47576593 66.96561674
-11.00934451 -770.84262805 58.19411510
-11.18899084 -771.92648924 57.46014370
-11.78233245 -767.83788411 61.40943615
-10.81014064 -763.61774413 65.99016907
-10.78730837 -765.03346459 64.68180000
-10.54922242 -766.24291509 62.51262416
-10.05908232 -762.28480804 67.42795427
-10.16343906 -767.35896481 60.77428944
-8.89309800 -758.26850600 68.97493659
-8.98000244 -767.39606585 60.76003644
-12.07335000 -773.70525000 56.54887059
-21.14998889 -762.69499444 69.26853725
-46.57975479 -768.77865569 73.54374261
-15.10520000 -767.53760000 64.00937059
-21.46781846 -748.87572000 69.88274854
-21.26694000 -749.75439500 69.61904059
-21.38272243 -741.77708622 71.25209383
-19.27948488 -750.03858597 68.74929920
-19.64260293 -744.94595496 70.48298574
-20.45091717 -746.92909485 70.14935943
-19.48208122 -748.30471505 69.45290864
-19.57608364 -739.30643830 71.56123222
-19.56871505 -742.24684567 71.09287037
-19.24363222 -736.28854505 71.62619311
-16.65449815 -742.01818065 70.60577151
-16.57636140 -736.14902433 71.27079954
-16.63647914 -739.27709474 71.12586010
-16.57149159 -730.17932678 71.32059420
-18.16763636 -725.45124545 71.00037059
-16.96862652 -725.27304337 70.76275303
-16.59500409 -727.26986152 71.09268136
-15.44712791 -742.97995491 69.88048286
-13.49937978 -748.37292287 68.91604973
-13.44659786 -750.00483186 68.48309094
-13.54479151 -742.70945341 69.93004066
-36.72530816 -759.55976361 68.92444712
-13.56166304 -736.12436219 70.59291456
-13.58521549 -739.14162435 70.42403697
-13.70799716 -730.35528050 70.67601686
-11.00776665 -747.96559515 69.50301042
-11.07503522 -742.08054676 69.80136108
-11.27558957 -745.34968457 69.80730723
-10.43411403 -742.76857171 70.28354364
-11.71035000 -733.17964640 70.18232766
-11.75744160 -731.09234960 70.25380579
-10.03725686 -744.78300936 70.32741145
-11.59515000 -731.49605000 69.91403059
-8.82852061 -736.87370606 70.28541665
-9.38820000 -746.73620000 70.03597059
-8.71374943 -744.08241019 70.83934229
-8.92048750 -738.33990000 69.95229559
-8.89754906 -737.94348491 70.13014040
-58.82902412 -777.59752313 73.90918135
-22.04535000 -737.68855000 73.09052059
-76.79384516 -777.11610887 70.39312946
-73.40991166 -777.67611024 71.72077400
-74.84227241 -778.30457586 69.53377059
-72.53980673 -762.01572076 76.99548930
-58.05592556 -748.07856364 80.71161348
-72.59147906 -771.97128660 76.19587814
-73.80899391 -772.53664489 75.54442059
-73.02834258 -774.77810306 75.05323295
-73.22742500 -773.88655000 76.07319559
-70.18305721 -773.93052598 76.19980443
-70.52153977 -775.12834048 75.00347396
-70.45141745 -776.78731275 73.15945247
-70.47157285 -762.84624857 76.84542162
-45.52314135 -755.13496160 75.64889084
-70.94982333 -764.46488667 75.94493059
-68.34353220 -776.76834831 73.15615194
-67.62149760 -775.22340965 74.56418963
-67.62701117 -772.13333407 77.18410268
-69.26628000 -758.50842000 78.01460059
-66.40676857 -776.44581429 72.86836630
-64.59109613 -774.64878985 73.92158629
-64.47086074 -775.64860337 72.78698286
-64.46445875 -771.88582121 77.11373479
-64.00625767 -773.23742816 75.49840360
-64.40154521 -769.00933458 78.14753968
-64.48281638 -766.28549997 78.41786496
-64.60834685 -763.11031001 77.89422309
-65.45678974 -758.25898089 78.84603860
-63.76120269 -757.99088213 79.33213043
-61.31731305 -774.47369183 73.74513474
-62.71244483 -774.97373103 72.81768093
-61.16400879 -772.59923424 74.95926419
-61.47836939 -771.31290989 76.67239422
-61.25022054 -769.09681687 77.84991704
-62.00057453 -760.48203083 78.56679972
-61.81486647 -757.55574914 79.83419848
-58.96984890 -775.20630938 74.10183911
-58.54110295 -763.19285733 78.34442798
-57.70054959 -769.98432752 75.73337277
-58.56672263 -757.36116564 80.20163583
-56.75981463 -777.10171633 74.16725630
-56.27857144 -774.88267340 74.46629856
-55.81856817 -772.14884922 75.17262156
-56.17158326 -769.85973789 75.84260576
-55.56492888 -765.94472850 77.10443949
-55.60954670 -763.29109443 77.69161378
-56.18679342 -759.17138196 79.20565001
-55.45016642 -760.41543184 78.53684113
-55.66261614 -757.52455886 79.92137031
-53.88166271 -771.01732542 75.84267737
-52.92810681 -769.03254251 77.18964518
-52.48403207 -765.96833425 77.28245163
-52.60524987 -763.18595195 77.04307876
-52.61344556 -760.09656279 77.63824309
-52.27435442 -757.54668204 78.53874780
-50.35729020 -768.79646471 78.68100392
-50.10516498 -766.10192088 77.57626620
-50.20869966 -769.71016014 79.12810667
-49.98158699 -763.02098049 76.54558482
-49.63856630 -757.21095187 78.00450385
-48.66262795 -760.26868715 75.70933350
-48.45532195 -761.93891220 75.83767791
-46.88126676 -757.02142980 76.92919906
-73.79184247 -769.25609728 75.18953429
-75.93334023 -769.72715263 74.17708863
-40.45420930 -763.06315865 73.98618697
-78.12780635 -773.28256905 70.93084757
-77.61720810 -772.42941962 71.89961649
-75.66619464 -774.15480179 74.14625571
-75.92751494 -772.12946876 74.03965021
-71.99105000 -773.55200000 76.01627059
-53.57895000 -770.62600000 75.99907059
-63.86420000 -763.24545000 79.19556345
-77.77404337 -775.77422823 68.61878538
-78.15306374 -774.03747253 70.53375520
-46.42440330 -772.00542130 71.37675893
-48.72747056 -772.58619051 72.65398105
-48.26860207 -776.90451655 67.25798093
-48.24133077 -777.62624567 66.60922155
-46.50046724 -778.17191503 66.16915825
-46.49971561 -775.13372935 68.67759791
-47.21686364 -773.68726818 70.07912513
-48.22610000 -773.89375000 70.09594559
-45.84922857 -782.73005000 62.43363487
-46.13424822 -770.18575989 72.70074895
-46.39360343 -746.10843983 81.57605404
-47.63218559 -766.51216696 76.18864797
-46.42363399 -763.21595438 76.38852014
-43.55597824 -778.10545414 65.91331004
-43.75129830 -780.14132189 64.42320795
-45.79827959 -773.55411429 69.96109916
-43.69120183 -775.16901861 68.28032104
-43.26361753 -773.24760808 69.78200616
-43.40394429 -769.32087728 72.21944307
-44.44792630 -768.18503904 73.30405597
-43.88985883 -766.12186902 73.65141464
-43.62624718 -763.15595319 74.14686416
-41.22518412 -777.78920486 65.90813763
-40.62482385 -775.01717191 68.20436665
-40.94971739 -776.48898261 66.92588744
-40.47186617 -769.01108947 71.82878259
-40.34584350 -766.86970657 72.68980504
-40.66387386 -765.37990106 73.23124412
-41.07404069 -760.61075359 75.08923028
-37.59002422 -775.04963965 69.27234637
-40.11559949 -760.35460000 76.35995706
-37.63899055 -771.95310655 70.52783795
-37.92703723 -768.99410442 71.95678469
-34.61603669 -760.33449509 68.86080541
-38.03479407 -766.51155491 72.80640249
-38.06986741 -765.70333231 73.13486502
-36.75304083 -773.88293167 70.10634809
-38.89345000 -761.55091250 76.27804559
-38.45776667 -764.57536667 72.98937059
-36.39426689 -768.33166655 73.21897673
-35.83690268 -768.69072852 73.30140582
-35.76433636 -769.30786591 72.88382968
-35.74417531 -763.84301605 75.65591750
-41.92340000 -780.45920286 63.79838773
-36.06960000 -773.45980000 70.17227059
-58.48565979 -745.20380486 81.46605610
-57.75761364 -743.78057727 82.04803422
-57.47121759 -750.20883257 80.24599990
-58.44085822 -741.92000509 82.34299607
-55.38834557 -751.01488814 80.11943219
-55.48892546 -745.10662437 81.46661125
-55.71417391 -742.36526532 82.24656875
-55.45328124 -743.34170938 81.91959873
-52.58345138 -751.11788621 79.98065784
-52.54526860 -748.07748976 80.42862267
-53.64932077 -742.83953077 82.12829828
-53.01833616 -743.30488701 81.88112059
-49.31612415 -754.36536339 78.51970324
-49.85620233 -750.89496992 79.41623115
-49.42520331 -748.03903568 80.14308658
-46.56414860 -751.87185823 78.41639961
-46.59681516 -748.21342242 80.26970670
-45.96322739 -745.18028243 82.48720534
-44.84787949 -745.42698000 82.28618341
-41.38748889 -753.90200673 78.18087443
-41.06526585 -756.10816729 76.99575402
-41.12911231 -752.69596923 79.09868905
-60.46440484 -744.33147778 81.47063184
-41.68956000 -752.60564000 78.96359059
-60.37510000 -740.61220000 82.28427059
-36.76730185 -751.73113867 68.63419030
-37.64242357 -750.78242277 71.43708994
-36.95621250 -746.89185607 76.34479309
-35.11370246 -753.74342866 66.58600477
-36.83849262 -749.41214154 72.63398167
-34.99214351 -750.68065070 71.14442518
-35.46505817 -748.29003253 74.22854096
-32.58939656 -754.52611268 68.01967494
-35.97486364 -746.83753636 76.15696150
-39.23437320 -752.08825052 71.84595100
-33.05805000 -751.73055000 70.58732059
-39.09880000 -749.51090000 72.92987059
-34.21417868 -762.95891063 69.16422518
-33.33771196 -764.93954022 69.22080428
-31.88604116 -763.30223290 69.23897537
-31.98948255 -760.30127189 68.73800881
-34.86093396 -755.87954151 66.81915927
-30.06750000 -761.63790000 69.08367059
