-46.47195064 -742.02299157 41.39180291
-46.29194286 -722.40401429 12.82722321
-38.20917769 -742.35510071 38.33888452
-42.55279952 -742.77248205 29.23530455
-42.29946494 -725.97559138 12.55417469
-49.69188437 -726.91481401 14.58551030
-46.77323532 -723.66278209 13.99312187
-45.83068876 -740.26527455 42.50162458
-41.99412105 -744.48907368 30.48255028
-36.45881589 -763.09073542 33.33614940
-38.23230703 -740.99796386 40.07304824
-51.10220000 -741.64020000 42.58748607
-45.62779841 -727.43888254 15.34851686
-47.03963531 -743.81442765 40.26759173
-48.43903984 -734.66283984 12.88675387
-41.67562857 -725.95630476 12.78086607
-42.85527791 -743.20534908 35.78550042
-48.28572922 -725.30848506 15.89620698
-42.29766304 -753.47236256 36.06538191
-49.60451481 -724.60589277 14.02400855
-43.71925259 -722.20598741 12.27699940
-38.55521354 -744.16917920 35.51318902
-44.95380000 -722.44620000 12.66926607
-49.30174985 -729.51499059 13.90758188
-44.87758190 -727.93185905 16.75869559
-51.50007867 -729.08310326 12.87055407
-46.13824444 -731.73011254 17.00340872
-32.23499426 -760.22360220 35.18774588
-57.10649689 -731.80208696 44.01966048
-36.78540886 -755.94558293 36.81260788
-41.84333197 -725.79555646 12.38658647
-45.79110478 -731.75271148 19.42679669
-49.19867857 -734.50004286 45.72933035
-42.16439630 -746.71124630 34.29517903
-47.34562547 -722.59708509 12.41720023
-48.93905987 -723.03915042 12.07708203
-52.01118682 -724.78072473 13.82966774
-30.01250000 -765.57591250 30.89225357
-46.73216562 -724.95372366 16.39098315
-43.30650000 -740.54550000 12.86906607
-51.47927870 -740.92493143 43.08425047
-53.01943906 -733.61785689 45.44626279
-34.39819405 -762.34293766 34.22432081
-46.01707098 -729.49776615 17.49944699
-47.71258889 -734.55318889 45.69674384
-48.33493547 -726.70462992 15.94824934
-48.10709524 -728.62169048 15.74692321
-46.85270303 -730.27816894 14.56309645
-45.88306886 -730.47059915 18.98826162
-46.57434086 -727.01734291 17.02802705
-48.44467627 -743.67501055 41.15683138
-52.34640910 -738.71320037 43.72739417
-40.80063520 -748.17234508 35.80936835
-44.86817596 -729.40610035 16.53618558
-43.08867237 -726.39284327 13.17646789
-43.99952234 -724.12684774 13.27137870
-42.94186025 -740.80343258 20.26532253
-46.38042124 -722.23266490 12.05498701
-50.98138750 -726.89935000 12.54185357
-42.80507913 -723.78681333 12.45881406
-43.40274231 -728.77604615 13.89550837
-52.43280467 -726.55904738 13.70596423
-36.77366352 -761.95507385 34.08076287
-52.58064660 -736.00013963 44.75122791
-47.37166120 -732.57283129 14.11938878
-47.97480000 -729.59000000 12.53196607
-41.12775000 -725.16920000 12.68584107
-47.77463738 -734.13239653 45.44353141
-41.78515000 -746.68990000 33.63851607
-35.89519852 -752.24652217 38.19232518
-51.56165000 -734.51630000 45.79181607
-49.56754055 -735.95747064 45.02277026
-53.43895657 -729.66621162 45.50291133
-45.66811102 -743.85380204 39.29953872
-48.48367939 -732.65985202 13.09966923
-43.28238432 -740.14502839 22.29656225
-54.13604872 -731.59858590 45.69043017
-54.25562345 -730.78908466 45.70512741
-42.37791436 -744.39580205 31.63086760
-49.73588130 -738.95475040 43.81075800
-41.82752353 -743.21045294 33.33523665
-37.82266361 -751.24960748 37.59134029
-49.91383906 -741.20614261 42.96696495
-33.73076579 -764.98760798 32.27442591
-39.46439543 -759.03728652 35.09170476
-41.65483662 -744.95491338 32.27717945
-34.61111146 -757.80848543 36.34804450
-44.60844286 -737.40361429 13.45133749
-47.81967293 -732.99686090 12.22406832
-38.66707803 -749.19964459 37.14616771
-31.75194138 -765.37335237 31.89950212
-46.12325652 -728.26200652 18.81416607
-55.71208883 -729.88426229 45.04071906
-39.66056013 -753.49583799 36.79519877
-44.88708718 -737.28686667 44.41477632
-47.87825844 -740.66254286 42.73153490
-55.54839997 -732.90711449 44.75986720
-39.54690808 -749.04326778 36.84660019
-52.40467078 -732.48309699 45.82081157
-32.94613082 -757.27655137 36.78333661
-40.64431287 -744.63232225 35.02860759
-43.61907685 -742.97478050 38.53040179
-31.76799691 -763.80064011 33.22702122
-42.72189474 -744.53819012 35.34227675
-43.71045604 -743.80927209 37.78471990
-45.17608571 -738.09595000 16.38967321
-42.39818918 -743.88161936 29.96597963
-40.45149696 -742.96560401 36.02234115
-42.61341389 -743.26299722 31.12859940
-43.95213935 -738.78151304 13.98780494
-43.58452326 -739.22596948 17.20957503
-43.44850000 -737.44590000 16.11506607
-43.37355229 -739.76716646 19.80719180
-43.19539167 -740.52976667 18.43628273
-54.09991333 -737.59012667 43.48665273
-42.69327203 -741.96346495 26.56869822
-43.08304318 -741.08787133 22.63101974
-41.99900000 -741.15410000 19.86574607
-34.67638801 -763.75973222 33.18859277
-37.27384077 -759.90960255 35.10119486
-34.50311327 -759.91598180 35.42200211
-37.67487175 -757.08555416 36.23541237
-32.03794565 -762.39150925 34.10800224
-31.17070000 -766.25935565 30.57216346
-30.03750000 -766.11450000 30.44806607
-40.11695651 -756.73198421 35.88692456
-40.78024714 -754.20112708 36.38576336
-38.60851781 -755.28265377 36.61394518
-37.50947087 -753.93353653 37.21912948
-34.31197093 -756.47301368 37.00582154
-35.15156056 -754.25818914 37.78589691
-32.74219466 -757.95527938 36.36063899
-39.83535927 -750.97687914 36.88954223
-41.36250922 -750.77277361 36.49164572
-42.28980876 -751.24590257 36.27126615
-35.74281429 -755.40111429 36.46102321
-49.06672917 -742.47199690 42.19359222
-54.77018866 -735.60633455 44.19066110
-45.20817778 -743.36742037 39.55903458
-57.13939588 -730.28837973 44.07176017
-46.54783924 -738.73355750 43.67515761
-43.73966184 -741.62498818 40.93067538
-52.98732883 -730.70444346 45.84143607
-43.88580682 -740.25781845 42.43338663
-49.31452460 -733.79952693 45.56440760
-46.92337879 -736.19797532 45.01006591
-55.96976874 -728.31554330 44.51734063
-50.18565589 -732.92288684 45.84234328
-44.28329239 -739.14475359 43.37741824
-50.93750597 -731.36997910 46.00404219
-47.84743750 -734.28300000 45.70322857
-39.79621698 -742.20730584 38.01798867
-38.73872374 -743.35507842 36.46481211
-39.18039926 -740.94046838 39.81377857
-37.94452400 -740.26951543 40.59437178
-38.23028701 -743.76109221 37.12581022
