-92.36154855 -825.11538423 50.94148257
-42.33006200 -744.79422800 40.34081400
-105.77635349 -816.79526279 63.41623488
-87.36905000 -825.46321667 54.84348333
-64.27952585 -801.66129843 82.19580313
-100.79851667 -818.98892417 56.57608896
-30.05256167 -704.79811667 77.59414667
-62.76566709 -804.55719367 78.77386962
-100.16901692 -821.22849077 50.38819154
7.62059898 -734.86891121 90.49082326
-79.57312994 -817.85540737 67.87171349
-94.72968484 -825.69708238 49.99081967
-25.42001445 -750.89457187 68.64019414
-99.87361132 -822.02039717 47.93973396
-61.62556402 -805.97238180 77.07794549
49.11734011 -779.44041403 72.17426241
-91.77870282 -823.83783415 56.06414155
-95.18093535 -794.05806922 81.17904646
-88.71867402 -796.90758822 83.01365320
-53.05464948 -817.42495361 64.80108866
-94.60150159 -823.02151043 58.90321188
-85.95344421 -819.96485402 64.61888723
-73.67025308 -790.55278099 88.42907132
16.20209798 -721.80048472 91.52313050
-103.72879074 -812.51559256 68.30567314
-56.88381176 -819.54415294 63.77920000
-97.91829079 -823.79803389 47.47032657
-88.90208677 -820.35993860 65.02067422
-40.41810000 -753.28190000 84.39917500
-46.81192221 -784.42541089 85.18062366
-74.22840000 -801.00365000 84.65055000
-99.46020182 -822.56037636 47.42788000
-80.92493333 -750.30506667 91.57753333
40.32035057 -754.88566377 83.32885940
-95.51866793 -807.06999325 75.38865654
-77.78548511 -819.18807447 66.51573617
-57.94470476 -809.90009424 72.21230902
7.19120410 -733.50826960 90.90634848
-100.75825597 -815.06578716 65.04384804
52.31488474 -742.77969131 88.23083081
-100.69700544 -820.23064874 53.11960262
-77.31856137 -823.15630840 64.04820214
-106.34434711 -814.85284117 65.02910755
-56.39212545 -775.65049644 84.97243717
10.10498072 -775.52671600 76.50649168
-91.08117059 -825.44440588 51.86735294
-106.31957885 -816.53898077 63.88392885
51.08063500 -762.55011000 75.79195500
56.59017500 -749.95657812 78.48935937
-61.54970506 -812.47318150 71.49474312
-37.27479615 -743.54927308 52.51846538
-41.03423000 -789.51671000 82.09436000
-98.46271292 -818.94436461 59.76013736
13.29280028 -781.92065457 71.10922097
-100.40217832 -813.80274727 67.34791094
-109.65554358 -785.02490562 77.55568859
22.47623787 -719.37871702 90.15616495
64.79693234 -754.98482289 71.22590945
-58.54629722 -763.75222112 94.49375818
-98.80498583 -821.88359764 50.31256654
-98.93041667 -822.21843889 48.35818333
-41.02309130 -739.68668406 14.64065652
-89.68889661 -825.81655763 51.10298475
-97.75138861 -784.78476584 82.94331688
-103.70800402 -815.84593996 63.16813977
-61.54490065 -815.45431980 68.41763486
-94.92042198 -825.69316374 47.93160824
22.08001451 -775.86700095 74.23331760
-59.67729892 -781.07687834 85.22718809
-100.24236332 -819.66541660 55.63439151
-95.54695213 -821.79101185 59.87777417
-96.34663529 -825.40234706 47.85855294
-10.76305805 -775.88487826 79.76161757
-72.80416604 -814.88586715 74.55281665
-93.63304118 -822.52467353 61.33415588
-12.12575000 -765.41110000 84.65435000
-53.31966644 -814.36616893 67.17944524
69.79024967 -757.52390510 53.42866480
25.43021938 -755.20512739 84.17271659
-72.77331504 -773.20134767 92.23081780
-46.50636981 -775.63418396 54.27551698
-97.48638464 -824.07566313 50.20674525
63.26552963 -746.87500833 73.11285093
-89.44483302 -815.96448442 69.26942305
13.42553910 -721.94711218 92.39235829
-94.44628295 -820.85566202 62.15204368
-63.14880000 -756.26345000 96.18690000
-96.33632857 -825.54866190 49.76592381
62.61167348 -751.64698122 72.37711271
-79.67415307 -796.84116989 85.19909557
-34.24945435 -749.78431522 67.78652391
-100.74703753 -812.63240302 68.63565013
-40.51942070 -712.81821188 76.06637664
68.91146909 -754.13436909 63.83495455
-42.06160000 -776.96420000 90.61920000
-93.59188545 -807.58171636 75.82896000
-88.55952021 -803.79578031 80.22192625
-73.19621889 -820.25051889 70.98824164
38.79873333 -777.88123333 77.67206667
-77.99883889 -815.54568611 70.60229722
16.36233180 -769.91422242 80.06725526
7.43472963 -725.39750000 93.88942963
-76.72620155 -787.95376455 89.63666830
-103.26926967 -816.70789344 62.38459016
-58.60930906 -817.90789707 65.13356517
-32.50955000 -789.63970000 81.70360000
-58.55312044 -824.46665670 59.69744088
-105.03627500 -816.42517500 63.68272500
53.87512500 -753.50282500 78.71252500
-98.48293742 -821.36107075 53.31110602
52.01747430 -754.90764340 79.08022537
-71.65553371 -807.83647714 78.92662800
-56.76307151 -823.54875930 59.83053314
-81.01625000 -789.23255714 87.58396429
-67.43266024 -783.95479624 88.10691333
3.10688889 -741.61093333 90.68954444
-103.74248748 -814.78160904 64.94640580
-97.16976044 -823.65685369 53.07915212
-30.36705833 -720.49538333 72.68080833
-73.80254036 -802.65411266 82.34716395
-94.64478506 -799.38794622 79.52540664
-47.10170587 -772.58017530 55.62749654
-94.73208674 -825.13753907 50.37127491
-92.87612609 -825.77144348 47.94042174
-94.95361993 -823.87930379 56.20034488
-100.29517692 -819.56203846 58.28551538
-41.29211848 -740.32495088 41.36575337
-67.84254459 -808.63887080 76.44857207
-82.03028636 -816.47818636 69.90915909
-96.60297179 -823.00099744 55.92940833
15.07538480 -760.09341920 84.80196560
-100.67743376 -818.14275431 59.15252242
-97.90945173 -815.44225497 65.64090308
-94.61284272 -824.71032952 53.22374463
-94.48672593 -825.50501667 52.08042778
-100.64943361 -811.24935514 70.63592271
-100.17612366 -807.04061290 75.14533871
-94.71844066 -808.85453623 74.38648077
-35.57937759 -747.07016448 55.84691966
-43.68198494 -776.06147716 91.21267308
-43.54732042 -784.61836597 85.37897235
-71.26622899 -794.54051982 84.46468018
-67.64702409 -794.21712150 86.63882381
-105.86355376 -813.68780860 66.95421613
-97.85094048 -820.87277817 56.30812891
64.87336278 -746.35823625 71.18298073
-109.18356620 -793.04592737 75.31027961
-71.85682500 -822.67610000 69.59073750
-25.15019153 -751.01111525 70.01667627
-100.44637608 -817.06398356 61.84003267
-14.53862947 -753.10453158 91.61114316
-53.61036516 -768.64020645 93.81463935
-80.58999482 -807.05805179 78.47050319
-54.33753333 -771.26190000 83.45623333
59.03478095 -732.09806429 95.35522500
-13.15700040 -778.01513290 79.99239118
14.76620000 -717.00555000 94.00605000
-101.01345575 -816.03646236 63.11610575
-42.61633603 -758.60288529 74.98198199
-28.56159955 -779.42832923 84.32306166
69.89653345 -751.88986679 58.84080084
-103.72910844 -813.70358594 67.15159187
-95.17090765 -779.90165628 88.53931585
-97.72311285 -818.10326179 62.18267707
-91.79820400 -825.71296778 50.10244911
-82.67822913 -806.70661422 78.23854346
-105.84812101 -812.70834538 67.56589454
-21.72135000 -766.46773750 81.49332500
24.08785333 -727.88055000 87.50852000
-53.16238817 -815.37335749 65.98309535
-73.61344854 -754.81026025 92.82168921
-76.85454805 -793.62834421 85.91569205
31.46557954 -754.53785315 85.05272407
-88.74345191 -825.67134863 52.80259290
-97.19216137 -820.36020213 59.16707996
-88.33031033 -782.76393204 89.77720763
-96.11975556 -822.24238889 57.39001111
-34.12522000 -789.24698000 78.26730000
-91.57047877 -824.47730395 52.99464275
-54.36856000 -807.43606000 84.67082000
-96.83795473 -819.64300541 61.16697095
-37.73285211 -785.95940717 84.30657254
-97.06490000 -824.22180000 45.55175000
-35.53917113 -755.89758471 86.97224501
-4.57317106 -751.59097834 79.70855204
60.27429357 -757.60210482 75.90055901
-97.09374940 -816.86610060 64.43530242
-91.60347615 -823.21890976 59.40559404
65.54479752 -759.05204628 66.10806033
-90.35287500 -789.56112500 84.68630000
-77.48892047 -821.13363807 65.25450901
-56.66821533 -777.99334667 84.26874733
-102.87270259 -811.05856439 70.34077665
-95.72970543 -818.77907428 63.08962500
-89.36125198 -825.03445141 53.66922542
-53.71627852 -772.04012461 91.04863320
-97.53183551 -805.91891269 76.91541769
-91.68981146 -822.69039605 61.37132806
16.63951465 -786.79598038 64.61206166
-28.75339576 -772.80570420 86.39274914
-78.54237000 -807.69518111 78.86994556
-52.67022309 -787.74702705 85.63774982
-91.91155246 -821.58422102 62.75837917
-27.85667377 -763.89045849 86.47611243
-82.92756209 -803.22341196 80.54151578
-67.73586159 -766.77783905 92.13626550
-91.35242723 -817.38186546 67.33585610
43.44969578 -782.75681704 74.92061011
-51.48089000 -727.01722000 12.80202000
-41.91098000 -723.50292000 72.74824000
-39.57042500 -748.43128750 55.60221250
69.02600000 -752.27731429 64.32990000
-88.44905624 -824.23046165 56.33102021
-55.03755282 -790.15306690 85.74181127
-88.80102514 -802.31154195 82.99609647
-97.36607382 -814.20464681 67.50417337
-82.78326653 -785.08677790 89.70067210
-7.11297488 -751.27571371 79.04795316
-25.58027176 -764.31663619 83.87063515
-94.65541653 -817.74831634 65.24940829
-45.43930000 -738.22746667 22.60858333
-67.76590895 -772.93859911 91.33212547
62.51696087 -747.09672391 74.04920652
-59.63979167 -803.78562500 80.62060000
-94.71921711 -812.01693342 71.29203118
-100.77298148 -809.81816324 71.99964342
-73.97961066 -808.44187236 79.33792480
-91.83437540 -799.28423886 80.86006895
-9.34787778 -762.27472222 84.56074444
-74.20495634 -752.89710610 92.89324859
-105.55002432 -795.56746216 75.93187297
-93.77905776 -819.79153597 64.09087789
-37.74834202 -784.59899663 85.27279865
67.81946235 -758.16478619 62.52538336
-97.91992334 -812.97124123 68.79734387
-88.49733938 -823.04882545 59.03932244
-95.56586228 -816.06939964 66.29417651
-67.54127669 -821.31949081 65.41307441
-79.04848581 -789.82625809 87.88651254
-91.70450568 -820.20393024 64.68892724
-29.47405256 -712.96991972 74.91934883
47.41537500 -779.21134688 75.41591562
-32.58550542 -756.67196748 88.60719837
-86.93600000 -825.96178000 54.44094000
-58.52644516 -769.70682584 91.61211670
-114.71843252 -787.61748083 73.31422481
-69.84457608 -806.92562706 78.24914392
-79.38705014 -803.18801032 80.73245169
-35.68227514 -746.76456306 53.01360703
-12.78290645 -764.50413548 84.02959032
-59.08428260 -823.28534149 61.49933493
-2.10484444 -753.75352222 82.88828889
7.26771785 -748.82022383 86.03369002
-14.30342000 -753.61102000 78.31320000
-25.55925757 -762.06216354 87.06668763
-61.23283291 -800.72587508 85.39011725
-97.70883689 -811.46433490 71.11651546
0.51131678 -752.13999178 81.24152434
-63.52372500 -787.62955000 88.12692500
-86.31147391 -825.57450435 55.80159275
-41.30707725 -744.61210047 35.80569005
-59.43241434 -775.39372503 88.97826198
2.04325623 -748.01326510 88.82802798
-53.72634444 -768.00748889 93.62463333
-35.82703333 -747.48731667 46.74903333
-88.44682163 -804.96370025 79.14895650
-114.25552000 -789.42946000 73.25504000
-111.65099533 -787.31585054 76.03126812
-58.00441622 -813.05877793 69.30041622
-43.69210110 -778.96218228 89.04674319
-94.65246103 -814.92850891 68.09990563
16.37406690 -766.71647507 82.25992982
-39.85062772 -752.91146634 90.02224059
-88.59171905 -822.57076508 61.17337937
41.61346250 -738.26520000 93.35142500
-92.39205128 -788.36017631 84.18940749
-94.20934943 -810.64309698 72.96354491
-62.53860372 -777.81603351 89.92913723
-113.04783256 -788.00335652 74.64874573
-37.16494557 -754.61585443 94.81888101
-61.68081627 -781.93730632 85.73638294
68.32613389 -758.74670832 59.13799459
-112.25532653 -790.24683788 74.51165816
-97.36300852 -779.22488952 88.01147249
-50.33052250 -769.62200750 85.26466500
-92.05218170 -818.65382208 65.99805877
28.70908779 -756.48627863 84.06845573
-58.63853520 -814.87650632 68.02642374
-86.34543736 -824.78441344 56.92169932
-100.05385375 -808.55323573 73.49895917
-66.47960769 -825.72068769 61.21696923
-34.72960051 -787.19559350 83.23214081
24.26399084 -732.85334847 87.11594122
-103.72137625 -793.87428269 77.53733632
-59.01987058 -827.25641955 56.66104794
-88.56528785 -821.58104479 62.15127052
-68.68856034 -810.56325000 75.74796379
4.99606702 -740.00875806 90.13891868
-93.84075426 -816.82081628 66.90556822
-85.85431184 -823.56705353 59.12654403
60.57259982 -742.65397560 89.28904122
-30.54432514 -770.14103279 87.46738197
-98.32350987 -810.04199375 72.33337007
-68.07045610 -791.42430000 84.44973902
28.28599842 -754.72215678 85.03138244
-110.52360537 -791.52177921 75.23976589
-50.49100264 -802.50575825 55.11002871
-95.81206591 -813.18812045 69.33335795
-97.59561180 -808.68563039 73.66551423
-62.25194885 -803.44162532 79.66193365
52.32657683 -751.98621489 79.73118525
13.05728750 -783.30516250 69.57712500
-44.20873426 -789.82576725 81.89040781
-93.94836790 -813.68964877 70.03751543
-22.70563280 -760.77739741 89.26248444
-74.04970427 -791.99066804 86.98372798
-53.38564011 -810.59905110 73.73031319
-91.97041673 -815.35284798 68.68710763
-54.09678205 -783.71269231 87.72047692
-2.58663581 -775.90759164 73.79386151
-113.32306899 -785.59770219 75.03850139
-79.23090252 -811.06340898 76.14464937
-53.83862992 -773.10519291 90.35311732
-54.31514815 -781.84503704 87.56718148
-109.37894452 -790.64791058 76.56402639
-2.04486532 -776.88083373 71.87879715
69.58794524 -757.63299662 56.07197539
12.86093182 -727.51373943 90.97311533
5.34750000 -753.71820000 84.77880000
-111.30199333 -789.57374000 75.72764000
-79.96281067 -785.68057794 90.16521442
-107.70057714 -794.12040286 75.51928095
-85.39571466 -822.58410000 60.93930690
-36.73272164 -749.51366808 61.81779151
-59.38848321 -771.03786530 90.09820037
-86.44606353 -794.19904929 84.40838362
-109.82782930 -787.91597570 77.08956284
13.12441579 -783.41316316 69.70148947
-88.22434263 -790.26640905 85.07828872
-108.55189673 -792.74554248 75.83168039
-79.63487049 -787.82139006 88.86655293
-96.66362857 -810.46710714 72.75060000
21.74073252 -773.91022168 76.50017832
-72.73429804 -820.77998039 69.31324510
-37.47179522 -791.52108617 77.90109447
-27.93824659 -761.73356326 89.04961720
-14.30722376 -766.17983013 84.97025191
-88.66992697 -819.14087978 66.34672809
-78.03384000 -816.14958000 69.53376000
-106.24097393 -784.68011731 79.06941347
-71.67324412 -820.44128445 70.30418487
14.03259391 -740.57855983 87.53829114
-57.92121214 -773.14354065 86.16092946
-11.01591446 -751.16339191 75.21300907
50.02625238 -744.28720476 87.59316667
-53.15820000 -817.20950000 63.55750000
-82.56606261 -821.62178488 62.89248703
-41.41983333 -749.87723333 90.32920000
-85.70524757 -821.46378459 62.29316432
-43.86126604 -763.30350478 77.76089514
-106.55142256 -793.56091380 76.39389470
7.58747570 -773.99187390 78.41850904
-99.68825398 -806.38519735 76.07114159
-79.79843801 -752.05244566 91.71314405
3.47645000 -753.93543333 81.49011333
-64.76547783 -797.92021612 84.37114248
-88.85305889 -817.66523892 68.17815129
-62.47882846 -822.68936504 63.84413089
-49.23515512 -806.04993724 55.09573366
-34.30936294 -766.54947353 84.17034403
-83.82552456 -823.71324737 59.85129298
-111.92268208 -785.43093616 76.12549577
35.72442222 -744.16847778 91.48976667
-46.72835427 -788.00227378 53.40629512
-53.11415192 -772.33541989 83.88771591
-2.99406111 -774.76419444 75.75588333
-56.70393636 -822.82995909 60.92520455
-33.02590000 -751.97165000 71.43445000
-81.67095096 -799.68532981 85.18245865
-11.41956133 -778.03286354 79.04603858
-56.63450066 -763.99573989 94.59358143
-91.59718278 -812.49641645 71.77529563
-70.47040392 -803.18285015 80.77131764
-98.87250000 -807.42390000 75.68880000
-34.33606032 -797.46720863 68.98180968
-64.66037115 -812.77095425 71.97946579
-41.11934545 -786.45053636 84.65845455
-91.51477536 -813.97175987 70.29524225
-88.39601250 -819.52280625 66.86557500
-64.54682202 -809.40779977 74.74341865
-37.61164693 -730.27687067 64.85557499
-106.68157111 -791.01286222 77.77987068
-64.77931671 -822.76607153 63.95903835
-29.88490000 -711.39610000 75.65735000
-53.41609558 -790.13900986 85.59144031
-97.44381807 -806.95902482 75.06822265
-70.92564309 -817.53279867 70.92057078
-103.58227500 -795.93817177 76.67161599
-71.06465430 -811.27115089 76.15921379
-37.68537936 -755.62385044 83.33187634
-37.90567185 -757.68839917 83.03998020
-82.31835442 -822.83670483 62.09506166
-61.76898016 -785.10362322 86.57820699
-34.64079433 -704.66906938 78.44762464
13.28749217 -769.93506304 79.99635431
-15.37090000 -753.26270909 91.91727273
-107.26100523 -788.02115747 78.33459597
-88.45936760 -814.70859380 70.76550217
-78.89810323 -825.55592419 62.40611694
-46.64262149 -724.66052721 14.89031566
-28.64655382 -775.87884480 85.60971513
4.69345741 -764.33297345 86.46622115
-64.78429005 -817.62658141 68.01188524
-41.27274111 -759.59465411 85.95005172
-64.84092089 -807.92518553 76.10413781
-60.51117467 -790.27126133 84.49486800
-85.43887495 -817.48263747 68.01057950
-91.36988824 -808.00690013 76.17095557
-25.91680326 -775.76737133 85.25491235
-69.80982920 -779.77343274 90.31453776
-61.14417211 -821.58870477 62.95325824
22.48982500 -777.16382500 72.62877500
-73.52538370 -793.30840038 85.68972460
-100.39442288 -799.19803932 77.25283237
-7.96188247 -772.90687250 79.41200032
-54.30710000 -788.18300000 57.70230000
-64.31237189 -815.76738165 68.91848757
-96.11785000 -783.30875000 84.52480000
-40.18576147 -722.45375092 72.12858432
-94.48808004 -806.01669320 76.99961094
18.56981997 -733.62921860 87.82601860
-89.96288800 -799.85482400 81.51497200
-77.53955198 -799.19402139 85.14112139
-41.49493873 -758.96938506 75.93490759
-91.58162296 -811.06038182 73.22014289
-75.76793236 -797.30757255 83.61711580
-89.12066965 -812.80738722 72.13412077
-91.91302454 -809.46923631 74.68433698
-85.62216005 -818.83517209 65.98548598
-100.66566264 -796.75950483 77.72855837
-68.75538843 -758.52356944 93.49689583
-39.50507273 -732.10579091 60.06689091
-82.37441898 -820.17736869 64.70480205
-38.34292500 -751.44752500 49.24372500
-104.51095657 -791.55442038 78.41464019
-78.80315494 -760.32247790 91.37801803
-23.97433333 -765.11679412 83.93447255
-59.16570578 -816.75478265 67.03943571
14.24157343 -785.89979301 66.29041678
-87.53571563 -816.60129688 69.83485625
-35.16541224 -758.04983616 79.91991676
-55.98969185 -807.01857398 75.39250752
-107.55510632 -785.23738954 78.43262549
-39.75621620 -732.66593028 61.19195880
-70.59016497 -772.88527028 91.74044105
-97.79668507 -799.52445642 78.08064071
-100.20311429 -793.51079451 79.07455217
-30.42064259 -779.72140741 84.45004074
-59.32045250 -810.64432583 72.89676250
-34.56051565 -791.06542767 77.31140425
-60.26300000 -816.23250000 66.63870000
-96.66475319 -804.80502128 78.79351064
52.09726444 -748.67785032 86.36029056
-86.36012459 -816.59871967 69.85326557
-41.10183333 -759.52662222 72.02217778
-65.35892857 -816.46133571 69.82032857
-61.60348622 -828.76932835 56.13168031
-40.74829482 -782.17855793 86.73484444
-79.44821764 -823.89071147 62.78527500
-32.82596765 -757.83272794 74.34729118
-65.02462315 -776.00801468 90.91877235
-34.84516634 -752.73012589 70.54858414
-5.96512786 -760.99013286 84.32857500
-105.86552607 -787.70853828 78.82797376
-105.35380345 -789.58374483 78.69051034
-78.55938447 -823.13110000 63.82584969
-47.30334389 -795.84914068 79.12690723
-50.95636765 -793.73090882 54.75217255
-52.76817024 -793.79047282 55.56210635
-101.13255302 -794.50683136 78.21731601
-32.70683889 -729.58690333 66.82032889
-67.53199607 -806.43261033 77.79625487
-14.94743333 -778.97627778 81.79184444
-94.76999020 -804.77603490 79.28074627
-88.62371075 -811.36726620 73.68516489
-39.79346667 -748.45911111 62.71062778
-100.64240200 -790.82073949 79.84030318
-85.76874735 -814.75070795 71.16720599
-88.58262247 -809.74196000 75.02378539
-38.44958529 -720.61923765 72.75413706
-38.01845098 -757.57313007 73.85230817
42.47752711 -757.47370224 81.84073868
-62.15508143 -807.63511042 75.86065472
-82.94209574 -818.93609403 66.10297036
-38.11454642 -731.53643562 62.60372371
-77.05306522 -782.77323542 92.91540818
-108.44860000 -784.32940000 78.74540000
59.64072000 -753.76876000 75.48306000
-52.20080909 -778.76291589 86.22637273
-103.51829203 -790.52492982 78.99311282
15.53460506 -751.48015253 85.04654241
-46.47661261 -797.04311238 77.26365635
-46.47673636 -764.60460000 82.09841818
-80.55258884 -821.95665817 63.40815618
-103.56767624 -787.92415096 79.43907649
-102.48633939 -792.56842727 78.72638485
-42.54293071 -743.13562204 37.74756541
-56.78802231 -804.10765538 86.07147692
52.81626564 -762.65030529 74.66185991
-71.35842346 -755.45864715 93.35941140
-55.50785844 -808.78924862 74.08153455
-66.90138026 -816.05841053 69.38043684
0.84338707 -742.57094807 91.09409962
-42.95575865 -755.93306346 46.04579038
-82.82386396 -817.41655805 68.05255997
23.31094684 -728.73382658 87.58681139
37.45286077 -746.05194862 89.71071801
-98.56010943 -797.66213030 78.36526162
-17.10294968 -778.88492766 83.83376229
-90.75660804 -802.41253500 82.29807739
69.27326082 -754.93644772 62.15802032
-16.56179629 -769.63101437 84.00065818
24.01422483 -739.99177862 87.19214483
-91.73216972 -806.20054106 77.51676699
48.58540963 -770.12753743 76.40781658
45.37864595 -765.52982973 78.70258108
-50.79400390 -790.53810683 54.79906341
60.46913333 -748.89705396 75.99852926
-79.55589777 -805.77411564 79.44052305
42.90381848 -741.78361221 90.87401320
-82.22130113 -802.12657729 83.60545388
-79.71828909 -820.65191656 65.04456185
-65.22884766 -761.78773066 93.46919902
-51.66437794 -802.74037353 55.78393971
-77.63687361 -825.69970556 62.71205139
-61.65579844 -808.96925312 74.48598006
-77.68595641 -824.34382326 63.24938498
-97.49693686 -796.58136904 79.31292012
-40.66627323 -728.97760328 66.18820316
40.70198634 -761.19076766 81.21077210
-64.65771261 -804.66810768 78.91280841
-95.80660606 -800.45527576 78.54730606
-34.96466607 -755.20055483 88.92912702
-94.85426818 -825.26917879 47.50649848
-85.92566609 -813.16809914 72.47594120
62.72922143 -759.21487857 72.54580000
-103.61314565 -784.84738471 80.17825247
-99.47158406 -795.69439565 78.79033913
-91.57644029 -804.80517169 79.39507645
-33.51952154 -729.53634923 66.75843846
-73.44196825 -794.64588353 84.32737359
-88.64934982 -808.29426062 76.44334121
-15.02932353 -754.85292941 90.42873529
-43.71308703 -787.72412749 83.07425914
-85.62238982 -811.78171554 73.80667835
-82.60021528 -814.88293236 71.09840581
-97.72288069 -793.78509331 80.08835185
-82.92936765 -816.16214538 69.38214160
-96.62322327 -799.04592475 78.84981287
-56.62847276 -820.78942488 62.10309858
41.30315000 -783.49894821 72.32537857
-59.22177500 -782.77752500 89.67445000
-79.56762349 -819.16082381 66.43394127
-73.60899766 -757.92472640 92.36084771
-94.40335104 -804.00996927 80.03107865
-44.82981746 -778.37191905 54.75919365
70.81633246 -751.91383063 50.09314520
-73.80966728 -763.92452401 92.03771226
-32.68730000 -750.34520000 67.12090000
-82.92925488 -782.22888531 91.61087805
-42.39135613 -725.44594302 70.81744188
-25.57398222 -762.65797111 87.88474000
-34.52093947 -764.22426741 83.82647579
-76.32624964 -802.82442644 82.86786702
-114.54984135 -785.97051154 73.94757019
-39.62552290 -758.49926906 83.53379988
-46.80404251 -799.90961977 53.01754760
-45.72451695 -794.96603503 78.26792260
-38.49631419 -743.79805303 44.18194903
-73.18118516 -817.30665137 73.10852260
-37.71947802 -718.83762155 73.47651915
-100.72729134 -787.75042526 80.48349704
3.95921758 -736.66383844 91.64854588
-91.26474898 -796.59979887 82.05208194
-38.26277778 -759.48794444 73.53203333
-84.96072273 -813.46429091 72.73193182
-91.63550215 -784.98726631 86.40130527
69.57657159 -747.13672955 59.41515682
-58.16102661 -821.38990092 60.41992018
-91.69190603 -803.76773239 80.74906177
-94.63283627 -796.86712389 80.41020557
-42.43319583 -789.15430000 81.51384583
10.35784092 -739.82338627 88.37505875
-88.86091691 -806.42229131 77.88818413
41.61338837 -758.85863721 81.51665698
-44.81624026 -723.02212727 16.64210779
-47.24500136 -780.18834558 87.35712789
-85.91509673 -809.88039462 75.29375981
-97.60458726 -790.93288711 80.89345744
-85.68998235 -808.40371948 76.56099022
40.21950587 -769.90674317 80.20785278
10.38275901 -734.02525854 90.01180173
-82.75237597 -811.83513992 74.19054456
-82.12025333 -813.53533500 72.83618500
-56.77176667 -816.53573333 66.82131667
-70.49018725 -812.13130353 74.95508685
-64.54528484 -796.48920716 85.29622395
-39.73676772 -731.70898058 62.46476961
-100.94214727 -785.26262532 81.07636917
-61.34327232 -763.18960000 93.91673544
61.37769350 -754.85828845 74.71380938
37.32182837 -758.04561346 82.84596776
-38.10021636 -748.67613292 53.22553861
-80.48823462 -816.47311154 69.76770385
-37.94959456 -745.76834649 44.16465193
-70.79071086 -793.76402115 85.26072058
-78.51690000 -819.39130000 66.65110000
13.31599780 -733.94076343 89.15855235
-79.91011179 -814.98055451 71.07739415
-7.83561981 -778.50691732 76.73857191
-77.84485330 -818.03772118 67.68637585
-98.37824769 -788.17355933 81.30210462
-35.86589072 -780.67404948 88.04222680
-34.97060155 -749.98087139 64.55335541
13.14454267 -754.66563728 84.36637937
16.27515496 -742.88540911 86.78848779
34.74639051 -757.49711934 83.48840971
-85.58948690 -806.61662959 78.04042997
-85.70008528 -799.83194188 83.53026702
-61.93468560 -817.18412910 67.37229295
21.57901771 -772.73091648 80.20028216
-58.11326324 -775.94004755 84.10647206
-35.28236178 -748.03129894 53.16226263
-92.43416380 -797.34752465 81.23870225
-83.63543986 -810.15638188 75.46569348
68.95062500 -759.60810000 58.30702500
10.44692496 -773.54644902 77.98223322
-97.98321356 -779.84377269 87.01818154
-55.65230308 -817.47026769 65.03684653
-58.63833473 -811.89108192 71.08065385
-99.97099262 -784.29834700 82.06620250
-95.79592538 -791.52403527 81.42306301
-32.95120306 -730.02094184 66.34274796
5.54365000 -765.32960000 83.65660000
-85.66476820 -805.15124375 79.20521897
-61.42330677 -827.82122338 56.81562308
-53.73979127 -812.87114548 68.18424096
19.49856290 -779.46484801 72.08174200
-81.62840000 -750.30650000 91.42475000
-82.59117150 -808.83369873 76.84225656
-29.86896897 -798.60324138 67.75345517
-79.69161933 -813.75587222 73.32665000
21.50698889 -730.10717865 87.81595906
58.29039661 -763.35525835 71.97008702
-49.56101998 -767.68911749 82.27982912
-79.77518084 -812.38087167 74.55470503
-0.77095499 -742.85474760 91.78036412
-28.67405812 -756.73274887 88.18650733
-31.58212862 -798.65202500 68.36411051
-102.39368060 -817.61149104 59.14275075
-99.02871333 -786.18482667 81.51506333
-88.67204155 -799.84599522 82.56644262
-73.05971977 -818.32147100 71.63652500
63.07410426 -765.52587447 64.09494043
-36.64798125 -720.04760893 72.43316607
-81.72237164 -810.50076418 75.81944478
-67.59701831 -796.19567942 85.23809241
35.63742561 -760.23506951 82.95775122
-97.14366410 -787.58561684 82.08713996
-25.63570276 -772.95534192 86.03857157
-96.47627561 -789.66500488 81.76007439
-93.96564550 -793.43757100 81.95945000
46.07310656 -736.66972254 93.80308593
-94.58994643 -790.70166456 82.27677906
-40.63258081 -727.68308806 68.19887121
-91.73460417 -793.96967328 82.79824833
14.49953271 -717.09571682 93.45666729
-47.89853913 -783.80923913 54.76754565
-85.60399206 -803.32937169 80.47048384
-64.93269354 -794.31441842 86.58531157
-90.47092391 -799.80121250 81.92743641
2.58173977 -734.80419659 93.33826250
58.02489880 -734.45983193 92.40208307
-45.26451667 -765.95525000 50.96433333
-85.13395296 -793.65814812 84.92691313
-47.80423125 -786.74640417 84.73227917
40.29355897 -767.10225761 80.83576689
10.44745822 -748.75945723 86.50237292
43.46565405 -753.08430221 83.13950639
-85.69377443 -784.75961362 88.99409934
43.01982375 -776.94543833 78.47489625
-62.26663328 -760.90611176 94.48126115
-94.60635754 -787.94476105 83.29127922
64.21209885 -760.69003728 65.17017311
-22.66705712 -772.68593337 86.57146400
-77.37870257 -815.07625360 75.14339401
-76.58394878 -816.75940813 75.29471789
-54.07883333 -807.17728333 84.89306111
-26.54700759 -749.66996552 65.93432138
-64.75393480 -811.30535412 73.40196581
-44.90293039 -796.16661520 52.13329804
-86.14783669 -801.88618657 83.27078489
-58.04051525 -766.15838475 93.99343220
-70.85300680 -805.63403842 79.64222611
-55.48929375 -812.57476226 68.73565998
-9.01528542 -767.49251250 82.49292917
-82.86000189 -805.26900576 79.19495099
-79.75744685 -808.86407297 77.61479163
-64.82758298 -814.42234971 70.62974733
-38.85935556 -798.61717500 73.16901667
-71.82693125 -822.58141875 69.83675625
46.26085085 -767.09508153 77.82594910
-43.93415172 -796.28638814 76.69599740
-55.11938456 -784.84956733 88.27103608
-39.95008971 -726.06762978 69.37065487
-91.73835638 -790.77552507 83.51186270
21.99609120 -782.19768479 68.50476508
-99.64103052 -780.89590423 85.43809718
-97.38239838 -781.46079521 85.66582163
-39.80353793 -733.53966059 59.00379714
68.89386000 -759.79546000 60.75094000
-85.65804227 -790.83929414 85.53408937
-77.96569180 -813.00500000 75.42398852
44.42444639 -767.18715670 78.33070954
-71.81177200 -816.62298133 73.00552667
-70.66856274 -820.34760329 68.72378877
16.22142587 -748.85441128 85.47933644
58.90957894 -761.69463669 72.06245452
-64.39768583 -826.66479961 59.71728453
46.06717547 -765.20374906 78.49378868
-19.59731297 -755.60338445 91.62986200
-99.90478041 -779.58375161 86.83393848
-97.82340556 -782.67114921 84.12619392
-95.29532033 -785.24978847 84.13988740
22.59040488 -731.08659460 87.44087339
6.03190000 -783.44290000 72.73800000
-75.98813884 -814.84981485 76.66993768
-50.63456667 -795.54383333 81.67843333
-59.38089074 -828.68587593 55.71569815
-67.87750690 -797.64535436 84.24226079
44.84900000 -777.41090000 78.65300000
-55.81104489 -814.46896397 67.57696845
13.20942055 -780.16927397 72.53551096
37.08702306 -753.67473005 84.86654378
-44.21558840 -767.03696961 52.37719490
-75.95929639 -816.71442455 76.10892130
-74.82050714 -816.69232143 76.46018571
-73.64518220 -800.49346551 83.19175392
-8.59352358 -775.33715694 78.93928239
-39.96269606 -756.08480606 73.11499576
-46.84519778 -721.16656336 14.29657666
-79.95469531 -800.24621636 84.06485407
-88.66494429 -793.86777160 83.75112515
-31.67850070 -758.67130836 80.28647038
-61.76200722 -802.53987884 83.51485726
-68.33414524 -801.15978512 81.50821310
-49.47200927 -788.64142167 84.25667080
-73.49338847 -811.93093855 77.05319879
-76.95079853 -811.80322368 77.28232703
-67.54686938 -822.87368995 64.19864522
-66.63113105 -785.77858824 85.95628268
-67.31824123 -823.83600294 62.67129355
-41.57712195 -726.54291707 69.83660610
-65.62692434 -783.74951908 87.85036053
55.18718585 -745.96838132 87.17948170
-47.84796892 -804.91666802 54.22034775
46.69921870 -781.71279842 71.26526704
-64.61921257 -825.72760246 61.06293087
20.05447407 -768.73838519 81.85342593
67.43806253 -748.79535411 65.25239261
-73.74348786 -760.77070315 92.01958174
-31.64478761 -724.55541284 70.53027013
5.67033684 -735.24756842 90.60452632
-64.57266129 -824.01272215 62.45251509
15.14643146 -761.55514569 84.43390112
-74.60537564 -814.84583727 77.36027722
-85.74346196 -796.93325550 84.01906383
2.91480000 -739.21943333 93.90270000
-61.71360325 -826.68573827 59.19896567
-49.01099566 -794.30065815 80.99639426
-51.50842857 -794.99893571 81.56835714
-46.97909118 -779.08291667 54.33655098
13.30640709 -743.02156164 87.22101167
-62.30631000 -828.51581000 57.91055000
-99.37324667 -778.69187333 87.70896667
56.87190000 -747.45980000 86.83750000
-77.68020421 -786.18055474 90.53704737
-94.18646441 -784.49080837 85.27841504
-40.84730469 -743.12115023 41.12923209
61.78174632 -765.78068807 65.29106143
-40.20280523 -785.91459930 84.45473290
-35.22447500 -753.47272083 66.21541250
-77.65941003 -809.56453148 78.18118440
-95.03963760 -782.17561476 86.61116964
-89.09415075 -791.44578240 84.23695397
-70.68899989 -797.02459351 83.98402402
-37.69434977 -745.47584971 47.15626774
-67.75892150 -819.93593997 67.18970000
-93.31174286 -786.45255714 84.71658571
-37.66861559 -706.86719323 77.83268775
-42.71875653 -796.58506554 75.11912387
-32.32630000 -764.50960000 78.00063333
-34.73007885 -758.03821828 83.27223611
-91.35572198 -787.46309063 85.21338444
-64.43645361 -757.99040663 95.09382995
-34.77522930 -748.40990551 59.23805309
-70.61432504 -799.81309723 82.67543252
-54.67061305 -782.00848925 88.04886315
-82.67781189 -799.85835192 83.98002505
-70.27213898 -818.16271988 69.05766475
-62.30991117 -825.71369721 61.02560894
68.72042308 -759.22180769 54.27626923
-70.91440587 -814.57802170 73.61297375
-62.23745176 -794.95442362 86.11892211
-67.64978228 -818.01680107 68.53149623
-65.32743411 -819.66694574 66.92291938
-62.10483415 -781.44443171 84.23458537
-22.06933460 -775.07543101 86.40063270
-38.01820372 -713.85224276 75.48384236
-88.32637707 -781.25231044 91.54112620
-44.82594308 -724.26178923 12.40685385
-15.15000000 -756.57980000 90.71490000
-39.53313750 -798.43352500 73.38171250
-34.63682500 -699.40297500 78.34430000
-43.48146085 -737.68727743 20.02155053
7.94628453 -725.61702443 93.20245798
-76.46258747 -808.73219096 80.29026829
-74.81482065 -811.04208913 78.82292935
-58.65997362 -820.94976041 62.36760965
-50.12648086 -787.31917781 85.03879000
-79.70727036 -782.79950828 92.10571772
-75.59849726 -811.00001712 79.01790068
-41.40270909 -734.96491818 14.48282727
-64.64851058 -821.00025910 65.15178701
-77.61618027 -803.03197420 81.09808407
48.88640336 -771.70119329 75.79278591
-5.82156739 -777.88824596 76.09090807
-96.28517500 -781.70345000 88.05255000
-30.02358976 -724.13112835 71.18320315
-72.63053529 -815.99186765 72.31229412
-94.26938407 -781.03575332 88.16883393
-88.71091199 -787.77602160 86.08262019
-76.80627986 -806.17325376 80.68819492
-27.92830000 -750.71947778 67.18444198
-32.65930227 -768.73455455 84.06998409
-68.20904865 -816.88461000 70.11825541
57.25515000 -762.82671000 72.88741100
-31.25343947 -756.04418684 83.71106316
-42.39679795 -727.55098846 68.57147051
-53.15757235 -784.33406471 57.77522235
-40.42554644 -748.90942753 94.89728335
-61.76372980 -823.68023986 62.18387220
-36.83466190 -750.15121633 64.20539388
-83.38470881 -797.53096916 84.47327835
53.12613830 -750.29021489 80.18564681
-80.30120240 -801.92696601 83.92698911
22.35791327 -755.06767903 84.18459729
-49.02402427 -778.25003773 88.20274064
-9.55042462 -777.01992154 78.45903615
-52.72685556 -765.14016667 81.84198889
-70.17311340 -815.41628482 71.81020927
-59.10841853 -826.03127497 58.73348921
-61.82443651 -820.66357765 64.58062771
-92.57891636 -783.02393455 87.37947879
-34.62483112 -700.88879696 79.48351562
-86.90882083 -792.22194167 84.57399583
7.59343000 -761.46729297 88.07205330
-84.56670202 -795.70395253 84.74410404
-56.32379333 -770.99678000 90.43123333
-38.05559424 -796.24171487 73.59366988
-59.25870126 -820.10805325 64.17792075
34.36492275 -755.42927059 84.06499302
-39.78436667 -753.19233333 69.73083333
-91.83625329 -782.13060853 88.30558459
47.44951750 -753.03899125 81.42370125
-28.06418849 -762.67376367 88.18120612
-46.94698190 -742.08154310 14.82193017
-51.16010000 -816.30390000 65.81590000
-63.51142000 -782.77041333 84.41114667
-67.64470798 -769.89996999 91.73126845
-82.41287135 -796.56808950 84.90639804
-71.57781867 -802.05463489 81.97046216
7.30718755 -754.02648403 83.31499434
-73.25164286 -752.56718571 93.68017143
-67.71435991 -814.75908457 71.34625502
-89.22257423 -785.58536436 87.19852338
-40.05676527 -735.61184237 55.22958473
-73.03882673 -809.57860200 78.12182565
10.52399762 -754.46905486 83.95244187
38.45596465 -744.10402121 90.43927677
-90.64739714 -783.65790381 87.78796762
-75.91728919 -786.67330270 90.72652162
15.53126000 -771.34080000 78.61166000
-54.08790000 -812.14435556 69.90460000
-82.68763522 -793.88385502 85.36738567
15.35088333 -757.39818333 84.24358333
-68.41124568 -813.76767346 72.97358549
-60.03700000 -825.43660000 60.69930000
-90.30013333 -822.33920000 60.59750000
-76.45187752 -805.22984050 81.89590860
63.73530000 -733.63120000 96.65010000
-21.76867088 -756.02045370 91.61908950
-46.58312384 -725.13705394 19.27995125
-76.73407231 -791.52801362 86.97634943
-47.12794740 -766.44257942 80.58645172
-85.81218056 -788.08541116 86.85695461
-79.16297440 -799.41049929 84.96284893
-73.58466909 -806.05734008 80.47421074
16.21600772 -773.07259776 77.49936879
24.21585000 -718.80060000 90.75025000
-88.56328406 -784.38815575 88.13672889
16.26727891 -730.91411837 89.08326355
21.58699753 -780.92651157 70.03789829
53.32882968 -755.44145910 78.49635012
-61.18742611 -789.77427937 85.05758442
-70.55438743 -809.04381347 77.32688100
-76.38111789 -799.98498144 82.79060222
-65.08657907 -772.77248506 90.94700850
-67.67275648 -811.85415422 74.02193616
-82.67301865 -790.85731092 86.27755089
-70.18724065 -791.12728813 85.40371047
22.42096578 -739.88974693 86.97010961
-21.08268333 -760.96960000 91.26811667
-56.93277059 -825.87788824 58.31088824
-76.60994148 -784.76362862 91.57316319
-74.79157042 -804.61182113 81.76504507
-64.07195181 -782.87351807 86.15607108
-61.41840053 -818.36583039 65.86253298
-19.44616672 -767.62047494 84.31254384
-86.85315000 -786.24675000 87.57723500
-35.73880901 -779.46280030 88.91367312
-35.16170277 -751.61563044 65.22919908
-79.65946388 -793.84533943 85.71962789
-81.54436674 -751.82435201 91.32639085
21.70942250 -767.20575734 83.02117633
-36.69506027 -757.48122110 76.92156027
-84.78367931 -786.77832950 87.96718391
18.25224381 -720.99087143 90.79926476
46.29242820 -742.99533842 89.37770792
47.01672759 -734.57860793 93.88279034
-47.90075750 -768.70785125 80.87161000
53.18138580 -761.77462784 75.26301212
-83.07147856 -788.80362011 87.31198539
-8.06294947 -750.17606316 78.02507368
-62.05659778 -799.61159351 84.07273737
-27.05967500 -762.18725000 83.35680000
-43.80765000 -791.71325000 51.56105000
5.64650000 -750.17063333 84.47450000
-55.35023098 -787.19920671 88.29024716
-77.33935184 -796.93612460 85.53733572
40.31241631 -751.81895069 85.66195782
-72.91639140 -803.95788315 81.42130681
-51.81712527 -776.27246986 89.10431081
-79.77115929 -791.06097450 86.84867356
-61.83740156 -814.10506379 70.31293116
-36.93706364 -759.67251212 77.20706364
-66.92935200 -801.50731800 81.76551200
-82.50058807 -787.48850374 88.26236836
-50.11823663 -793.34218638 82.06823773
-51.78526385 -793.46489026 82.50547371
-86.10104364 -782.91097287 90.30684668
23.87480000 -716.76980000 91.20510000
-40.68919889 -787.58172151 83.08931776
-41.49806183 -792.70871344 78.95206828
-67.78778254 -775.44317964 90.99760014
-67.25805351 -809.66636654 75.19625632
48.12170714 -759.68048393 78.86612857
-88.39471324 -779.95532000 92.62352919
-6.06425000 -771.91689167 78.68338333
-56.22076522 -811.56574480 70.50699239
-32.75118577 -749.32539130 60.05847194
-61.74734534 -775.80779158 89.74958240
-85.66439742 -781.53922028 91.56792895
10.30920604 -766.77945626 82.66659907
-28.31525310 -766.49237358 86.67350796
-70.82186514 -769.83985766 91.89777203
-42.44642131 -726.55269836 69.88326557
13.43092869 -773.13867921 77.68349058
-74.07034748 -796.50877237 83.84455763
-67.92305315 -804.96702149 79.03015393
-40.10647766 -743.81343201 43.96241706
-38.66618388 -733.38352609 59.37882473
-30.12237857 -795.08105714 71.50940714
-62.04154475 -810.95898225 73.08992388
-34.53085000 -747.17425000 58.28215000
-85.95886254 -780.10696873 92.50402131
-33.84026154 -798.57576667 69.46869487
-59.00894593 -778.57078170 85.35776189
39.41947204 -760.72525717 81.80162527
-41.53983158 -741.46857895 24.40324737
-67.73873891 -802.84884845 80.48884409
-46.26546338 -798.68308585 76.35785631
-60.77846166 -802.04554664 85.27274364
-59.24259233 -813.84084425 70.05691298
-56.72446882 -819.02141290 63.21278387
-82.03205405 -783.76759399 90.87151532
-64.65944840 -806.05414060 77.64892389
-69.57937818 -821.34861636 65.29229636
-76.51976838 -790.08300608 88.22517398
-59.82645702 -804.07101488 78.18932562
-69.84452991 -801.02584188 81.45481966
-31.85619604 -749.08332622 62.34706290
-62.65087506 -758.24990373 95.47635810
-79.45536982 -784.28116310 91.23881381
69.21506121 -751.97184926 61.94762592
40.33539650 -749.57240394 87.15771278
-46.47198530 -764.12377430 79.71743845
-67.60621835 -799.84752021 83.12084823
-6.70896490 -773.37652055 78.39666010
66.30086787 -748.62048830 67.44930428
-64.61200083 -803.17435874 80.18444543
-35.23101047 -786.17571869 84.44176468
-68.30163591 -790.33306447 85.33475787
-37.52358237 -712.56683992 75.98018848
-60.00090000 -798.35560000 84.59720000
-55.36318107 -815.69746485 66.18954644
-58.85475210 -808.75316950 73.93436875
-26.99696667 -750.43753333 65.47666667
-42.27443913 -718.95637681 74.48487681
-56.57385000 -813.53418000 69.84907500
49.21833166 -778.38030107 73.22904919
-70.14196738 -795.88855404 85.23659110
-73.75278734 -788.08098341 89.91021445
-35.01795682 -760.99092828 80.02435522
-64.79512601 -799.83651434 83.39397484
-66.80160000 -825.19761667 60.60569167
-58.46121707 -790.18420645 84.25688470
-58.93114655 -805.91294852 76.89593369
-59.52204286 -807.43065714 75.78968571
-51.09766667 -817.55238333 65.37446667
21.29787037 -777.44790185 72.73917222
9.03823333 -744.56866667 87.64960000
-17.57627134 -770.38631661 84.75360261
-17.69059032 -760.22649437 89.68608041
-37.07134587 -798.63025413 71.42410041
-73.64346968 -769.52707779 91.97733267
-71.85238833 -790.52387082 88.54095214
-25.69028839 -769.81258826 86.14119927
9.66053454 -760.21872778 87.95038357
-56.51690171 -809.96043140 72.05767235
-58.86244498 -807.11084282 75.37744522
-56.30365199 -787.78754363 85.98676645
-67.69291737 -781.84475285 89.09953460
15.53234000 -753.11610000 84.44090000
37.98643092 -769.77398422 80.06641811
-74.06452181 -786.66223704 90.80633704
6.66770142 -745.16486210 87.98554498
-61.10963038 -804.06706245 78.38264346
-22.55109168 -764.58825155 86.67524923
66.39524922 -757.28505823 67.87279619
41.22888689 -782.99940410 72.84512951
-33.06154000 -798.79942000 70.01762000
-74.50512352 -785.41167803 91.29987162
-81.09670000 -801.46285000 85.48560000
-71.92566506 -788.98076386 89.29686386
43.31677123 -775.63984894 79.06637243
-68.93018333 -792.43405000 84.45545000
-62.84143750 -776.61310000 90.71561250
-54.58799000 -810.52499167 72.97318667
-56.55105247 -806.34802395 76.18833764
-96.32583333 -804.28173333 78.25066667
-69.48829291 -788.94648794 85.32262411
46.54961265 -755.25666432 81.03836558
42.23730179 -783.57350536 71.00653036
-59.62960037 -803.91743309 84.13935699
-68.47354785 -755.68729977 94.31333107
-58.05978907 -805.35906011 81.09847240
19.47466308 -776.08660797 74.44439147
-66.15250000 -789.38480000 84.89360000
-53.61264051 -809.49990596 74.50395985
-41.17909042 -740.31360883 29.38127685
-58.15919695 -805.16563297 83.72717240
-67.45272556 -787.98238044 85.73685776
-62.03804290 -798.08957841 84.47902415
-58.70044855 -803.34959966 85.55444026
-43.49800641 -794.54953627 77.72419883
-56.96194583 -806.22468333 81.44760417
-38.22838931 -732.67594403 61.32416887
-55.13377120 -807.61404402 83.66194076
-61.71999876 -796.72499023 85.45747820
-33.80860554 -756.57110875 88.25268134
-56.14216813 -806.76599912 83.55639626
55.24263812 -736.67688134 91.28541627
-51.76896667 -793.84608333 54.48315000
-12.03823684 -750.27000000 75.41401579
-49.40860142 -793.65845842 53.88328398
-96.14050000 -810.29990000 72.55700000
7.29207352 -739.84251908 89.24126647
46.57141821 -769.74964538 76.71962206
-57.73856822 -804.86326378 85.13387467
-59.03971653 -798.85111736 85.09264215
-55.97251206 -805.74905751 85.51279221
-59.83733651 -798.66054603 84.45589683
22.16752551 -733.80174786 86.99635183
-65.11636849 -787.25324838 85.73781316
-37.91595130 -793.31601831 76.48947643
67.09434394 -757.94778997 64.83490911
-54.03341111 -807.67434444 84.52455556
-59.16455522 -797.34924619 85.71379445
-47.00510921 -790.66542826 82.46239111
-53.96860000 -807.45592000 84.75804000
-69.68517577 -781.42921109 89.38302423
19.27013624 -754.39944944 84.99874066
-14.82918663 -754.48243738 91.17320272
-64.81620000 -787.60597143 84.58454286
-36.88722241 -753.21748966 70.00032931
-63.43022308 -762.53299231 93.68586923
-64.66332176 -784.97262378 86.16767633
-31.78158384 -772.23469103 88.11191872
-47.55208747 -802.75799937 53.69067354
10.58828226 -781.71458300 71.51073033
-42.03970000 -762.49286667 76.47588889
-48.61808440 -785.50514128 54.26038440
-76.59134178 -766.83577356 92.53904583
52.28500475 -736.91581491 91.53047776
-56.47654286 -789.19292653 84.51488367
23.71840000 -739.98690000 87.71900000
69.05734235 -749.02268667 61.30962745
-75.86103043 -769.05238430 92.10787609
-67.75433737 -779.68586561 90.24933047
-42.01519187 -739.19663183 20.62010677
-38.44534350 -757.01910100 71.63238050
-61.66386535 -787.89765655 86.02283274
-78.28657857 -766.24303333 92.92722857
-70.76311018 -766.85249689 92.13466972
-72.41078293 -774.52794146 91.89019268
-70.50245229 -774.89329633 91.43848037
-67.71280403 -779.64273758 91.16882550
-46.64497827 -793.84353358 80.08218041
-39.83566447 -713.86450660 75.49789308
46.42455777 -748.82696604 86.46149305
-64.90645250 -781.95360233 88.96949360
5.44390682 -736.88564329 90.41343129
58.32258632 -755.08375783 76.64610997
-59.40487513 -789.62009793 84.78391865
-10.32244176 -764.33879992 84.21507760
-76.19084486 -763.57977730 91.95734051
-73.59719505 -766.93689238 92.07917235
-28.99598370 -783.57222065 82.84766848
-58.74877517 -787.88323172 85.75767975
5.69716667 -762.33286667 87.76696667
-35.07461107 -785.46865676 85.18409030
-62.19714545 -782.65526364 88.25389091
-79.35449604 -757.73933911 91.38364752
-76.65934817 -760.95368436 91.65694822
-65.01527270 -779.48018874 90.30758259
-79.75668027 -754.86403974 91.45075473
-34.75987406 -793.77126127 74.10151558
-49.50054491 -791.06936979 54.04780936
-81.33256667 -754.19625581 91.25295659
-29.61762044 -769.27623248 88.24339781
-60.60463542 -807.22443542 75.51351875
-56.68898522 -790.11324454 84.10843340
-39.88649312 -791.96799450 78.34587064
-76.76788939 -757.88590138 91.80899420
-59.00448752 -785.71721481 87.14662020
-39.94208393 -750.11464167 93.32654583
-36.50447386 -767.33457538 85.02258571
-46.74423630 -793.97997218 52.79049633
22.30674064 -754.58077960 85.02239672
-57.57895556 -789.32257222 84.59531111
-37.46808460 -757.63056868 80.59288268
6.96890508 -781.29524525 73.32099475
-60.87033529 -784.62374575 87.91875948
-46.65912464 -796.91866064 52.80309016
-55.84948824 -774.46710588 88.45290000
-66.53684444 -776.08277778 90.61348889
-40.15844069 -757.36806543 71.82503271
-64.69950663 -778.03391423 91.01576589
-23.94770000 -777.40990000 84.76030000
-16.76074374 -766.60340049 85.60883287
-59.13189095 -784.97642602 87.86969593
-64.02974290 -775.58107352 90.46646993
-76.70367965 -754.84824720 92.06258725
-69.47025581 -756.71426047 93.72663953
-46.73208050 -791.11825240 53.01893818
43.63652727 -758.26533705 81.24501719
-32.64975990 -758.28183182 76.92492110
-70.58951659 -763.94653030 92.16012390
-60.79519739 -779.32351898 85.47144182
40.06583184 -742.26264303 91.13041363
-59.29420385 -781.11150385 84.45628077
63.83509961 -736.02751339 94.53222677
-49.14395750 -795.65630417 79.98092333
-32.23563125 -792.51652500 75.75568750
-44.46623427 -793.96662560 52.02861952
-76.87507344 -752.37830699 92.32159115
-35.12259947 -789.79902366 79.13703222
-63.69834437 -773.15364390 90.53817418
-55.04802653 -785.64426463 87.34427551
-51.97415482 -790.97734129 83.77880136
-34.72264428 -727.65177401 67.75544425
19.05339751 -774.64508856 75.89124279
-37.95250000 -753.23522500 73.98900000
-29.38732813 -767.19639861 88.38035056
-70.61214682 -760.80126548 92.52873555
-64.58812283 -769.78916023 91.18412125
-61.62281074 -772.83967746 89.80404391
7.34019955 -766.83779187 83.42118179
-42.28976667 -728.68552667 66.24660667
-58.92530217 -778.55915326 84.16788913
-49.60773057 -790.84856537 83.19022369
-36.56005702 -769.96409702 85.52657362
-44.98399189 -798.77300270 76.28389459
-67.67205435 -763.81037883 92.38372613
40.19885661 -758.04546495 82.27165336
-42.24577500 -756.21565000 73.60667500
-70.05316369 -755.40146567 93.82845456
-70.83284092 -757.84849087 93.06072442
-28.06856960 -749.37393864 67.20777102
-64.71963244 -766.92167733 91.86498480
4.35082520 -742.90102095 89.63482303
-29.04994508 -750.82766598 65.16898934
-46.99527216 -778.97913049 55.30023788
25.86687931 -756.38528621 84.31318276
-58.04504704 -776.53825109 85.19673449
-78.25410000 -806.43380000 82.40170000
-52.70539009 -784.99464376 86.57544853
63.66525825 -759.77816602 67.63879146
-34.24701605 -794.72925390 72.08255662
-37.77281385 -704.75931406 78.44159517
-51.51009054 -789.06443514 84.52041892
-49.82993000 -807.44860000 55.10887000
-36.63499155 -772.02590572 85.75694768
-56.13241498 -765.97470674 93.87517416
-67.85868188 -761.17719520 93.16842823
-63.48417727 -769.21858636 90.09427727
-61.91742697 -770.52545062 90.15511774
-40.38393821 -754.52333158 88.89462003
-49.38719270 -796.83527390 53.96953640
32.71270476 -749.64307143 88.93714762
-47.61047015 -792.50814925 81.74571194
7.31640600 -742.93969868 88.39562198
-30.38166486 -767.53991622 89.05438378
19.23554483 -727.83401440 88.99918368
10.10691347 -772.06291309 79.20605244
-35.91941966 -746.60152724 50.46244138
-61.57180049 -769.28720216 91.42480354
-56.70039107 -778.09289643 85.08587232
-58.81129422 -772.64216070 88.86438348
-45.55519842 -761.98905731 77.86694901
-102.30409697 -819.62000303 53.69457576
-56.50083313 -767.02720234 93.08184224
-64.79319103 -763.80645384 92.95980474
63.03503058 -747.94153140 73.05107438
-44.05472866 -793.13735237 79.35598408
-53.88149486 -781.52604971 87.82131771
-52.61821589 -781.93106223 86.97936105
-61.66914770 -766.88726196 92.62808607
-41.38320625 -738.06981250 25.85350625
-55.65224373 -775.60800143 84.14725735
53.55196923 -738.17930000 90.53513846
-49.78477386 -784.86660861 85.81461210
-45.93554444 -791.88520498 81.09393697
68.96505714 -759.59651429 56.78970000
-31.68120090 -796.98765846 68.52612018
-41.42470629 -795.87939901 76.02605497
-40.58233183 -796.61255548 74.33285353
45.74649336 -779.16151533 77.39424828
-50.72883886 -800.00413832 54.83954973
-67.68071234 -757.83538298 94.02606944
-66.82349021 -759.91976364 93.77833811
-46.60285758 -787.94591545 83.80094282
-55.82187507 -773.45120175 85.06530854
-64.48536647 -760.47091562 94.09641435
-43.45947662 -791.15266079 80.74148084
67.73626471 -744.24234118 69.02090000
-54.98242264 -768.77546604 93.99336604
-61.84355103 -764.44584654 93.30708343
-55.83943301 -772.93544858 89.65709366
-37.02648164 -751.07540098 59.09244951
52.41366906 -734.68039885 92.73616525
-41.01038889 -750.55651111 93.73300556
-49.53297924 -781.91701434 85.86003738
-37.71836333 -709.91396992 76.91292476
16.32135856 -733.88298185 88.33075547
60.20579826 -755.38230174 75.91228198
-40.65938505 -794.00139970 77.04750845
-22.71049691 -757.62985402 91.14785065
-32.26970000 -762.48418750 81.38658750
-25.75851793 -763.75999761 86.48236371
-55.27171716 -772.91416595 83.84045845
18.88482114 -786.76673562 64.29984552
-63.28810000 -828.41170000 56.79220000
-58.68673999 -766.83996077 92.90330474
21.91179013 -779.01371625 71.39736597
22.30868676 -727.79780865 88.13064155
38.54222609 -741.06317826 92.05411522
-57.87845102 -771.50259796 90.88159592
22.28580732 -721.86169604 89.36321106
-53.33141576 -775.71017942 84.41964566
-23.28906132 -749.55502544 68.84899791
-43.68102509 -760.26263947 47.93565930
-53.05434670 -776.23136039 85.19038704
-46.14942649 -785.75469552 84.35561045
-37.39752723 -797.32348900 71.44040081
-55.64377526 -769.91986464 91.99670214
40.63012509 -753.23002909 84.15786873
-37.22117437 -752.49802913 68.24671000
-55.04525548 -771.79559930 91.02245851
16.13017527 -775.01962171 76.10670663
-50.09119669 -779.14962445 86.47123424
-40.81886804 -790.65467074 80.08644354
-46.75118819 -781.90117690 86.72578131
-36.91746355 -701.38241290 79.28038726
-70.04453333 -789.24605000 84.40345000
10.41979377 -761.23277393 86.56191336
-37.47439546 -794.44567703 74.56625576
-35.09197574 -798.63676980 70.28652624
-59.64298741 -765.11154963 93.49196370
-51.95165918 -777.94071837 88.15920204
-34.75627451 -796.62473533 70.86232552
-49.77200248 -776.35191794 89.21714799
44.56814118 -741.26528824 90.54158824
-43.96782665 -786.07865798 84.40640019
-8.04411229 -751.49208044 77.82362409
43.46798408 -743.08084817 89.85974336
-64.14261159 -756.09285556 95.96521836
-37.64361299 -752.59293993 89.65374925
16.37695510 -754.18084366 84.93985844
-35.46362258 -795.78922488 73.05535207
-43.55618399 -761.07710791 77.23225328
46.23616037 -751.22053201 85.38248201
-52.33025175 -770.29747944 83.14366450
-50.49002000 -726.62111000 12.85001333
-40.42344184 -789.02920634 81.34373867
-53.48043228 -770.03351475 92.62668553
19.78668168 -713.86364526 93.43166063
9.98885143 -763.07065982 85.21386865
-58.36988786 -761.79157833 95.98562206
-46.54369659 -778.76727539 88.69379521
-38.74295882 -732.19720980 60.24935686
-19.50809926 -778.24709715 84.95732988
-50.83995283 -771.82945283 82.44264340
18.46870000 -753.32925000 84.72980000
-50.76654000 -774.93574947 90.78987789
-19.87620358 -751.31280621 71.64953866
-37.83096617 -790.26618879 79.53037958
-42.22432857 -716.60765714 75.21500000
-30.01392250 -796.03097125 70.35035500
-38.00721388 -748.34356270 50.24023135
-31.00804952 -770.39535175 88.21917500
-43.58304490 -782.15526402 87.04259399
-35.58507509 -767.09154147 85.01922030
-32.03273445 -796.09827840 70.38814288
-39.68618537 -755.42907523 71.70598311
-33.12367143 -699.29521429 78.37677143
-36.01235652 -752.90724783 89.03432174
15.15704898 -738.72874898 87.69989388
-50.33346341 -769.70336129 82.91943356
-82.35850000 -801.37860000 84.71730000
-35.22816969 -792.80240811 76.07788616
-60.81483158 -829.07056842 54.43567895
-46.77079807 -776.42922029 89.69130516
-40.68864235 -784.53607345 85.28358841
-37.23666711 -763.52609044 83.02820578
-53.74758182 -768.15297727 93.84586364
31.32547786 -755.39638757 84.23169037
2.12778944 -734.30047789 94.42667129
-37.50739759 -788.71508299 80.86065211
20.11055943 -719.85527972 90.40821957
46.42273939 -772.15873420 76.46392900
-49.21304757 -799.72991641 54.10052601
-49.36192030 -769.18922624 81.09416980
-37.68425387 -787.15937815 83.04413652
-56.96710435 -762.10001304 95.79967826
-43.32833041 -780.76483264 87.85825303
14.14399588 -719.03919034 93.07603131
-40.05684595 -778.26185784 90.79594432
-106.56156383 -783.13573546 79.36000567
-32.03737365 -793.29080732 73.75984741
-31.92438283 -794.54607704 71.44459421
68.59126667 -759.52795000 54.59730000
-29.82491116 -797.43349185 68.67794893
-49.30554038 -766.68710352 80.87921353
-35.74386793 -771.80154810 85.50139283
-43.96283294 -776.95805904 90.22499971
-40.73244944 -780.78516868 87.95327314
-35.08379203 -788.40890201 80.59972657
-46.18545470 -775.90739116 91.17305746
67.24676316 -760.22075637 59.11537182
-32.66930165 -791.30094684 76.45446786
-40.71986583 -779.28647267 89.44546146
-32.30104084 -791.94272506 74.92067517
-7.41715115 -776.12441724 77.87246081
12.37122810 -741.73631405 87.70710826
8.62444375 -744.26548750 87.59790625
-40.01878951 -755.78147228 86.79988239
-54.66892500 -780.31642500 88.52207500
-48.44217935 -805.37030109 54.46535815
-52.84475169 -796.86439757 55.62218196
-48.52141353 -764.97004294 79.92894412
-4.79724953 -772.90364412 77.39097127
13.29538625 -775.13904366 76.25109876
-42.21030000 -759.70870000 86.33980000
-38.14498086 -781.71423818 87.09878695
48.01816709 -780.62021329 71.71943481
-43.93539773 -761.33022922 49.47989058
-44.15393761 -763.63523887 50.33940730
6.85150462 -752.03065803 83.78630540
-54.30430725 -788.85400290 57.25556087
-42.09071000 -776.66684000 90.80942000
-37.83839712 -780.76332226 87.96818330
-14.93460000 -768.40970000 84.65970000
-32.68413311 -788.51196887 81.45148477
-1.17715333 -753.48025000 79.98730667
37.25060538 -748.36626432 88.31251149
-44.88176667 -765.79070000 78.36586667
-37.20086667 -700.54020000 78.62370000
-31.27624074 -760.66688674 80.34303177
1.68646186 -735.89454011 94.04255734
-27.13290000 -757.98675000 87.54340000
-37.69556552 -779.25477606 89.35506175
-32.19812123 -787.73551812 83.13160906
-45.03450385 -765.65266923 79.08306538
-48.37374444 -796.93772407 78.08679630
-37.70362344 -728.91940216 66.11027713
-34.00283651 -786.54379206 84.78009048
-44.75558675 -763.55902957 79.02996109
-46.16000315 -763.44252931 77.75893024
-25.66812526 -749.43145123 68.31245488
-38.89140833 -778.40458611 90.73329167
-32.92581852 -786.50050370 84.83395556
-33.02064375 -786.24486875 85.12586875
21.08190000 -786.71713000 64.32633000
-36.04548333 -780.81123333 87.53773333
-30.43700833 -711.19619167 75.54889167
-54.30231087 -799.07969565 56.47178043
-42.77154088 -759.07199343 76.04529380
-43.09284418 -760.87183970 75.05791672
-35.42548000 -745.55895000 61.87102000
-29.55793057 -710.85383100 75.46139345
-41.57637500 -760.37524796 76.30322418
-40.86571502 -760.15205094 74.88971039
-40.57586998 -757.89315244 74.35983292
-39.03763000 -735.26601000 54.27595000
-28.74681374 -781.52728066 83.59219474
-35.42599677 -769.88600544 85.18378566
-16.41935308 -772.91394095 83.93557450
-30.34386600 -780.72662600 84.21173600
-30.53212851 -778.46244203 85.10389392
10.27256293 -736.68145115 89.28130416
-29.08470562 -778.13303047 84.91107346
-40.47432835 -757.32526038 86.10832445
-34.08663501 -769.09473501 84.37338967
-36.35850825 -766.18178454 84.44067835
5.33835547 -776.08714427 77.65603384
-39.98774545 -759.50528182 83.95867273
21.91221429 -774.51350000 79.37150000
-41.21980606 -756.48232727 87.98184848
-37.33747977 -760.39700087 82.43081214
-38.43011538 -757.03282308 68.81043077
-8.68685660 -768.60968868 81.78919057
-30.80025273 -756.23512636 87.22252182
-26.89441769 -780.75298299 83.56393401
-30.56870684 -772.74541711 86.97542763
-17.11466683 -757.06661855 90.84235967
-22.58917809 -770.03095589 86.51561010
-30.63262775 -775.88661131 85.91718367
19.79895000 -743.27155000 88.05630000
-26.24319477 -778.73870412 84.19195925
-37.80410290 -757.05630315 85.24638701
-35.08915944 -762.74251678 81.21755455
-36.54187471 -760.97326029 80.62830765
-34.58965080 -757.12487109 86.25480884
-33.90258175 -761.01328651 83.49878849
-32.43373518 -766.51353204 83.79561592
68.55996627 -755.74586391 63.28751657
-26.64436000 -777.64134444 84.74658944
61.43940757 -736.86948972 91.93785853
-31.82875914 -758.79307590 83.62161396
-31.68738141 -760.64821996 83.33574123
-37.82952884 -755.38471199 86.22526279
-45.57286550 -739.95233048 20.00326926
-40.44855046 -751.79463574 91.97467559
-2.98872857 -773.49100159 76.17723810
-40.92155714 -753.69918776 91.23522857
66.88431000 -744.27637000 70.05474000
-33.10693333 -755.78500000 68.71476667
-34.64096843 -757.75936379 76.80967082
-39.01031875 -743.75181875 38.96054773
-35.47937073 -759.88688537 78.03635000
-32.13680452 -763.86770445 83.33724529
-37.61057433 -754.10059397 88.37850404
-16.86666977 -758.12918988 90.33107135
-28.64188317 -770.01415356 86.89642117
21.54310564 -784.86882550 65.51981383
-35.69999310 -747.68182299 50.99717356
-25.20226100 -776.95470700 84.53078200
-32.53063272 -759.68423148 78.08936728
1.22663386 -753.60601058 81.15566667
16.99075230 -737.50673163 87.51459286
-36.02037333 -731.25218667 63.48492667
-38.38924938 -751.39662838 91.63678917
-38.96518657 -749.72869851 94.05924627
-42.30386667 -743.90716667 44.03783333
-38.77654000 -750.08736833 92.99557250
66.25302098 -745.29048881 70.13633613
-25.57733730 -760.90762512 89.25778475
-42.94570737 -740.71542627 31.98455442
-29.36526483 -760.10701433 85.67328000
-83.96850909 -783.28765455 90.57003636
-29.28209694 -757.89350266 86.72898087
-31.50288100 -757.58327616 86.00373423
-28.36851723 -762.90071303 82.70198847
-40.56244829 -745.78881947 38.36106039
-40.01557866 -734.47843286 56.36413859
-30.38324948 -760.32254021 84.88081031
-29.52709013 -718.85397904 73.18206603
-34.75762587 -751.18454789 62.25182274
-29.37407714 -761.88759670 83.02012681
-25.94618068 -766.96961175 86.10542322
-38.91274658 -734.40805652 56.70545807
9.22067647 -780.53567529 72.73992706
43.18808795 -751.72570329 85.37070728
-32.27379747 -755.82813492 89.64619079
-18.83138182 -779.32314978 84.41756863
-18.61651196 -780.92563225 84.06781304
9.82977030 -742.31318549 87.90255084
-17.45161389 -781.17734281 83.65858529
-43.89377302 -790.95848427 52.18448355
-19.55737729 -775.90245572 85.37545916
-40.20009958 -730.09965236 64.95759432
-16.72749107 -755.14361901 91.39598862
-5.19996146 -751.83996111 78.16028715
-6.47837143 -750.29971429 78.77110000
43.92132096 -756.07526026 81.38591834
-19.71000240 -772.85910487 85.72326038
-18.17423333 -778.62593333 84.69976667
-24.50888990 -765.64227273 84.03121313
62.60665833 -749.71800093 72.39449444
46.80593704 -734.88684815 93.60303704
-22.55463452 -766.57771881 85.70078986
-30.04832273 -756.20483636 87.52755455
-28.49796710 -755.54902002 89.20045170
-22.86250588 -766.20114915 84.04484305
-39.44968249 -748.00820311 49.76801518
-18.42735736 -776.52370406 84.53309645
-16.82783220 -775.89363069 83.84646910
42.98462778 -782.48428815 70.62765296
-42.66497768 -741.07496339 34.56036830
-40.75423145 -724.85848146 70.87267798
-19.95889177 -770.00239000 85.55635429
-37.72116158 -727.56647291 67.75752889
-18.11835172 -775.01610000 84.74966552
-75.16850000 -783.36240000 92.36470000
-26.03084835 -759.87954283 91.20444661
70.56104584 -754.85735407 50.22041321
-22.54912935 -763.67836414 88.30398167
46.23497707 -752.81187367 82.16605435
-41.08406659 -721.43931070 73.23693754
-35.00480448 -730.36695494 65.45880504
-19.58053879 -766.39676731 85.77494637
-17.80993066 -772.33468596 84.72618940
13.40522479 -731.02464606 90.00777593
-24.64780294 -758.91664412 90.35775147
-37.59931414 -725.75748379 68.99279852
51.60600585 -738.67734854 90.86987544
-39.98509626 -745.69230698 47.17866554
-25.66105432 -758.82990360 91.64518705
47.46466797 -775.74764453 74.82540547
-23.61013188 -761.87924783 87.42205652
-37.79424390 -724.28424478 70.26960666
-27.07805217 -755.00753261 89.92317717
65.26992178 -760.34097599 62.72431015
-13.26988617 -776.13103615 80.90056972
-30.12932500 -756.00357500 83.76900000
-40.64564887 -718.86252161 74.09681293
46.18622329 -760.14243924 79.52961986
-35.31394790 -729.01591933 66.32881092
-18.66967190 -768.91776103 84.24497311
-14.31764557 -775.17624278 82.01510028
14.07805939 -728.22849594 90.41748088
-19.71471001 -764.73675691 87.01093139
-37.58242532 -721.85500369 71.77706953
-22.26479237 -758.80851324 90.37631515
-19.93518032 -763.41764884 88.91679296
-13.82058527 -772.90554045 82.48442160
-40.49279295 -715.91797302 75.09420891
-34.91789643 -725.75729046 69.11766703
21.18310093 -745.09068754 85.76389657
-17.05262743 -767.79597500 84.46328194
-34.72719153 -724.23572302 70.23816982
-19.71414839 -760.83349798 89.66991905
68.17698408 -759.91144140 56.54917197
-41.32937294 -714.77929765 75.76276627
-10.11358722 -778.61187384 77.88245860
-32.22073837 -727.66100181 68.23482795
-13.69201144 -769.83578811 83.02901261
-34.65416625 -721.83374905 71.54965952
-37.67452704 -715.78314371 74.84729515
-41.74491379 -737.23517011 17.51746437
-60.63619259 -824.84574444 60.24922148
-16.44725970 -764.93779599 87.12857808
-19.80574914 -758.55913062 90.41451435
19.29825904 -739.87492630 86.74684570
60.59687226 -763.10859027 71.30706788
-16.55206085 -763.83717830 88.43926897
-12.40983202 -773.37868522 81.49693300
34.49170078 -748.73440625 88.82782262
-32.42414419 -725.88536255 69.36580225
-42.05193506 -754.06377792 43.83149870
67.85189979 -751.88330280 65.01603116
61.08258815 -734.61187938 92.99342393
-34.72698511 -718.53558149 73.28246019
16.30804777 -718.72425543 92.42126194
-39.38193333 -749.23579048 53.31275238
-34.66873062 -719.99245104 72.44326280
-19.62706786 -757.31118925 90.93019366
43.24405572 -778.98452900 77.56476849
13.32143274 -778.64597874 73.64594016
-10.60773889 -772.91265513 80.70397134
-39.95988405 -710.01501202 76.90659119
49.04710000 -771.29190000 75.62695000
-72.60059935 -812.79630581 75.43782774
-13.32820346 -767.14168506 84.12726829
-8.16190000 -780.46885000 76.83987500
-31.71533125 -721.82012813 71.86600481
7.39678342 -770.18488049 81.00436791
64.22164277 -763.61727925 63.42248176
-11.85940482 -771.65756386 81.83801566
-34.72766675 -715.82048350 74.53424978
-11.12099189 -769.66382398 82.15134657
-72.32976667 -822.40116667 69.78456667
-58.32055741 -816.01803889 66.32047593
-40.53821739 -742.77218413 35.24999094
-6.87688553 -779.24924271 75.03549699
21.02616250 -786.64816875 63.41400000
-30.79202632 -726.48206316 69.74968421
-49.63580000 -763.74730000 78.64210000
49.55888024 -752.46481627 80.76321806
-13.62345834 -764.04990563 85.97585026
-8.15270000 -764.29720000 84.64990000
-39.62829509 -707.32210962 77.64471396
28.37706987 -755.33479421 84.29551608
-9.95102792 -770.49220264 81.14714152
-32.16722610 -720.06838049 72.50511786
48.93389650 -773.11140840 74.95174970
-93.30737143 -795.49502857 81.67861429
-23.19455789 -760.09395921 91.06578421
-34.78857186 -712.33345330 75.99561442
-34.58393187 -713.73176210 75.39220827
13.39140025 -767.79491060 81.35251783
-31.58089048 -718.73159271 73.09545329
-14.88775084 -763.67760777 88.49466197
-102.01506818 -783.13741818 81.53486364
-4.88421508 -778.55684437 74.08005265
-34.64763306 -709.94583531 76.88620528
-31.69532266 -715.82958649 74.18726421
-29.81635645 -721.78389233 72.21267735
-10.97966967 -766.68156947 83.51330341
-37.16903084 -703.43085832 78.88922189
-34.70524457 -706.76661254 77.83323173
-31.59348860 -713.23395230 75.14781875
10.48006054 -725.17180939 92.24987319
-29.60814132 -720.60587769 72.72136612
-7.94956832 -770.15336395 80.22715361
-5.25664229 -775.72881641 76.58005845
37.47414340 -755.09480894 83.80621591
16.09800169 -736.37529476 87.86508850
-11.40271264 -763.40739455 85.07299322
5.45267425 -731.29170434 91.81250027
-32.22836653 -711.88375347 75.93112139
-12.69288357 -762.01700594 86.40980280
-37.51867285 -748.73602336 56.21641088
-2.97988182 -752.03469091 78.56426364
-3.76877307 -779.10906559 71.64390698
-4.09977561 -776.27532220 74.81917726
-34.73392390 -703.34461934 78.88414662
-31.71380094 -709.96111072 76.45178302
-29.47850319 -715.82307453 74.04051961
-2.32713034 -778.38573385 70.87428818
-10.54211818 -761.52075069 85.61600393
-8.69043333 -768.27683333 81.62596667
19.53967746 -785.62646161 65.66127669
7.26340110 -730.89169168 91.62725446
-2.88241159 -777.67663043 73.05250725
43.65534472 -737.62425393 93.36279700
5.19285073 -779.71017630 75.13682245
-31.65518693 -706.77282949 77.13871801
-5.66261812 -770.53554203 79.03739746
-8.26301024 -763.51906853 83.77009725
34.51554034 -751.95027291 86.40483155
-31.59152345 -704.08272117 77.94243002
-29.79870123 -709.80775422 76.06859462
-5.25433611 -770.95342143 78.37098333
-1.74676291 -778.79802958 69.24041737
-32.59461280 -702.95137805 78.82929695
-32.54502946 -701.14448872 79.17311807
-8.11049069 -760.96917900 84.98396265
-7.22988520 -761.65009552 84.26432351
-2.86563750 -773.99170000 75.30983958
-29.97587591 -707.19269736 76.81898482
6.44849118 -749.90336176 84.46541176
10.01115106 -730.62383618 91.02929147
-10.50435718 -751.29583347 77.10895168
-45.38972500 -742.39522500 25.89387500
-34.46809107 -699.09114464 79.27835571
-31.84944390 -701.48994675 78.32932727
-11.02989908 -750.15791692 76.66060338
-6.07120000 -760.57870000 84.65280000
63.44252299 -763.72811024 64.37715977
5.15672009 -781.64502418 73.89152465
-61.14880000 -770.54880000 87.46933333
2.02055176 -775.12555000 79.94811328
7.28932077 -763.67337600 86.03128428
2.08562824 -772.99335000 80.89019777
-100.57836974 -783.13190132 82.28312632
7.82458471 -781.94106178 72.43584459
-47.33916667 -765.60341333 78.41441333
3.53282737 -774.86379233 79.24755115
5.27311540 -778.13756979 76.28598538
4.31241487 -772.91638576 79.97974297
14.15922987 -761.68735890 84.40778305
43.37835618 -739.74612083 92.16072408
7.50548744 -779.03014341 74.72376687
37.22846949 -751.87758936 86.03239918
63.84222241 -751.85949174 70.87558376
-4.36336667 -753.46066667 78.58816667
6.76994434 -777.81583593 76.03184939
-0.38281714 -745.31324000 90.47482000
2.64013600 -771.12332800 81.53578800
4.60982707 -770.85508901 81.30313364
62.91133333 -735.19404444 93.54867778
46.19323830 -739.59476815 91.85856698
7.34894526 -775.99783713 77.15481488
-102.67899647 -809.90964882 71.41449059
-5.14054706 -750.29248824 79.20438529
35.28517203 -750.07730085 87.41855339
4.49634799 -769.56008928 82.22913691
5.38549545 -774.08779091 78.56422955
11.25242385 -750.60526697 86.24804037
68.38520679 -748.75341914 62.84760844
-1.83441385 -751.95701621 80.63484511
2.35834159 -766.91263726 85.39344688
7.33153000 -727.60616000 93.84393000
55.28677374 -742.84346664 88.21893608
55.33551231 -739.78346701 89.64923343
2.40243086 -767.49681481 84.37490247
10.14762483 -778.73199180 73.88984479
22.25497292 -724.92817553 88.67278052
54.60789091 -738.53805455 90.67133636
11.11933509 -783.46844211 69.75871930
63.93699042 -748.73097876 70.96142200
11.42368960 -783.91836931 69.12710891
7.20072372 -772.61021050 79.40724853
3.90032524 -765.99017909 85.31994203
4.46645650 -767.13068991 83.98040261
-36.97476304 -747.04322457 55.54297261
13.41354519 -784.46247360 68.30091959
10.55617632 -776.85448593 75.30154465
-96.49514000 -804.32304000 78.92004000
-33.12293333 -752.47340000 72.85583333
11.01375849 -780.31193208 72.59298113
14.47192500 -786.49263750 65.86007500
13.31308501 -763.82763064 83.66597925
8.00000669 -765.00590769 84.42654983
7.01408514 -768.93125542 82.07216316
13.35130080 -724.93191339 91.51822041
16.29293518 -784.52239605 68.18458787
14.75350000 -726.33905000 90.61695000
16.39197138 -786.01742351 65.92868535
12.96877416 -760.72876510 85.44074232
-43.56031534 -785.01578411 53.15133507
1.36238428 -752.06208140 82.06859190
-34.93875730 -748.57024252 56.53942066
16.33709231 -781.89207347 71.10333250
-0.52519733 -744.72420733 90.83587733
16.15674894 -783.42543830 69.72092979
68.18450830 -754.92240686 64.82289282
6.07739355 -765.44845161 84.74226452
46.30040239 -776.37364608 77.08045529
19.25527172 -730.86749141 88.28880252
10.36256040 -769.80852431 80.66315069
13.39282254 -776.63630603 75.16681587
65.91990000 -747.42590000 69.92503333
2.14157385 -753.56113231 82.02955077
19.36394913 -787.28826409 63.02462777
19.13371485 -754.94184708 84.23735622
4.58214758 -753.77538938 82.59057852
4.53521787 -752.10786486 83.18505545
9.33567778 -768.54446889 81.71264667
16.33197713 -778.59860277 73.57387816
15.65579145 -724.33648376 90.94527607
16.76124829 -780.00083769 72.46386667
19.21926306 -784.16688635 67.79007847
11.17731029 -768.19426716 81.54190735
17.06226500 -783.24821000 69.56856000
-85.42579369 -816.20810721 69.45011892
-41.33540792 -741.09893555 34.79543512
1.48650610 -745.59568540 89.89044028
2.00949124 -743.36462719 90.34610326
13.02517179 -771.63543687 78.86390531
47.85156667 -736.11500000 93.65866667
43.18100735 -772.99373376 79.75380462
19.78023101 -782.92461350 69.12314211
49.29864712 -734.73297117 92.99075752
0.07135408 -744.65798469 90.74842245
8.22943186 -761.94403628 87.26109717
10.50749045 -764.42422826 84.10160145
-28.56996190 -762.62012857 81.25465714
16.28444707 -776.51932639 75.00307166
19.13207355 -781.63403399 70.67422302
-0.63880156 -741.22090312 92.34482812
-41.10678545 -740.66282350 32.08069919
-51.45519928 -779.56108345 57.39540072
7.48713360 -727.84212885 92.55971005
-51.81572990 -775.30131753 91.08610825
4.18182065 -748.28101581 88.14751650
-41.16760000 -738.46353333 49.41753333
1.89568744 -739.91546408 91.76548175
4.25974080 -745.63388122 88.90848025
40.31684404 -772.87921091 79.57537232
49.27879426 -736.98881238 92.37703542
13.19405056 -766.61787882 82.14363873
16.38662209 -714.81312558 93.79138256
-41.28066713 -739.26571041 44.26900635
18.90499728 -778.23910111 73.25692183
21.40402741 -783.86458782 67.18736041
5.42042828 -749.07179091 87.42229697
6.72683643 -750.83692714 85.03134643
-39.59763636 -757.86731818 80.34630000
6.00971690 -748.00923239 87.76365352
12.59028716 -762.58555688 84.76432844
2.17729356 -737.04655434 93.03834230
61.85551792 -764.16560855 65.80576018
3.62276400 -739.51071680 91.15371817
16.02761792 -767.88728230 81.33666792
16.77994870 -771.62438000 78.88002261
19.18485549 -773.26190793 77.36248262
7.87996498 -745.97680211 87.16390957
10.15402641 -752.94429769 84.07406744
19.49074829 -771.91952161 79.26275156
16.17304183 -764.04335505 83.76244087
59.61343732 -763.59787895 68.66427656
19.47530000 -774.36190000 75.63400000
11.77120000 -756.47290000 82.96560000
19.12132584 -770.08736194 80.54097333
4.36412845 -734.21378208 91.90087888
10.26576099 -745.56634680 86.87454986
3.02058810 -733.59777857 93.92854167
14.05968262 -757.94226880 85.34741934
47.22650000 -771.30290000 75.61780000
22.29851794 -774.60544122 75.86803282
-43.48359577 -739.47876805 17.23237804
70.60861079 -754.95674676 56.16018777
13.03851905 -753.07080544 84.49463810
18.10355714 -768.17114524 81.52286905
14.77120000 -771.32480000 78.63880000
19.31833390 -766.91974480 82.75436145
7.32076008 -736.68035091 90.02605561
14.30166087 -757.46179130 84.56798696
13.87910591 -754.74255384 84.94902355
10.56186897 -743.36374078 87.41070082
14.98330233 -758.20170533 84.98337333
43.15350079 -754.82586894 82.41641020
70.90467867 -753.93454267 47.81727767
13.27080260 -751.24616486 85.49311063
19.01487775 -764.68015982 83.96612238
13.35989578 -748.83775737 86.03767825
21.63702227 -770.54034160 81.25532374
23.97834815 -775.66808025 74.87100741
16.30922404 -754.85684140 84.18005500
13.31808358 -745.59668072 86.69901782
51.23381000 -756.71875818 78.77687273
21.92485544 -769.05112526 82.09456667
-37.01664281 -751.46230284 62.16585602
-54.43994039 -796.56073098 56.48374863
11.46435714 -741.13965357 87.59520000
-37.60227154 -746.40496722 52.91678970
20.95153846 -765.22731538 83.80136154
13.06781941 -739.57734473 87.84101253
49.22350145 -742.97232013 88.63082128
9.10537593 -733.00598519 90.74202315
16.31018580 -745.58364325 86.35630812
13.25378656 -736.67090813 88.36636145
43.42935003 -748.95784748 86.76692294
10.95698389 -731.76387759 90.44819407
10.24422026 -727.79092454 91.58526823
18.52038901 -748.20593521 85.22756563
-36.15070000 -753.11550000 86.47650000
16.32242978 -739.90269737 87.26191785
19.26665094 -745.52335864 85.83163137
-28.50396667 -771.44313333 83.98856667
12.08260404 -729.79809596 90.72953131
19.31639413 -742.89443255 86.42548400
38.30007405 -772.29015222 79.32385348
25.25528619 -754.74090848 85.00959095
45.41841974 -783.72718224 74.31200855
52.34746334 -758.04439397 77.96994303
11.47656045 -722.82551493 92.57025821
19.36229126 -736.68956210 87.07538466
67.20228070 -745.87409258 68.26035375
16.31716674 -727.81060156 89.79550676
21.68336926 -742.40892691 86.51276206
17.96220645 -735.61366774 87.68662258
19.96276765 -734.03769767 87.43585011
14.86292500 -726.42905000 90.67007500
16.79577048 -725.20756088 90.20273233
40.19486547 -782.52729080 71.50591760
21.66440051 -736.84045615 86.42458891
20.44846415 -732.14172736 87.54898962
-39.75612500 -750.69390000 56.85892500
31.57970029 -756.62871777 83.95568395
66.14516949 -759.56948136 64.15196949
19.32471404 -724.84384386 89.39095393
22.09078189 -717.82615702 90.95843323
2.63437143 -771.01097857 81.83620000
40.55156169 -778.67265308 77.41468769
40.28227726 -776.25697109 78.19856142
43.21938620 -763.91945355 79.88373548
48.30946491 -752.23565789 81.79775789
16.53404254 -716.19560776 93.08026456
17.51016759 -722.84039167 90.49418241
43.50485000 -783.89876294 73.70947137
19.49450952 -721.94316613 89.98095974
21.15998742 -712.52415472 93.95649623
41.70244737 -780.59282632 76.35579474
-22.65383000 -749.63015409 70.50612833
39.31486667 -774.10951667 78.47625000
43.54478816 -781.35226505 76.31075629
19.14277107 -718.48453251 91.34196004
-40.40831667 -735.25610000 51.14365000
40.89927262 -775.09532242 78.93479524
37.82842128 -767.05729958 80.89727805
24.63606642 -731.08724590 87.45961915
19.25674137 -715.97029602 92.44201529
17.28099961 -713.74743230 93.87584241
-37.77050722 -754.72933815 71.09534660
34.06521355 -754.13239201 85.06894813
37.26298974 -763.45216466 81.89644805
-39.79120000 -742.50182500 51.78447500
38.07510373 -764.38111884 81.42134366
46.21145669 -782.41675295 75.29771083
37.33101675 -761.12563950 82.31580267
-103.54052222 -783.13584444 80.85293687
45.60793804 -781.54485899 76.35753522
17.55675385 -714.24274615 93.58930769
24.56550894 -728.42001926 87.87963867
19.33401161 -712.75720572 94.09444635
25.35119286 -729.95572335 87.81035522
40.45151195 -763.88651038 81.05892676
24.15486119 -724.78190836 88.27137731
33.44509187 -750.59841463 87.87998699
42.94519730 -770.01754091 79.88729105
22.01297559 -715.93043248 91.89056972
24.13460952 -721.96494762 89.16344461
44.99842422 -775.77180547 78.83059766
43.06813932 -767.01522889 79.56939517
48.30198148 -781.92239259 73.77292593
48.78063579 -750.83225974 85.27475132
21.61816609 -713.73167881 93.11942119
45.02690811 -773.21500000 78.87875676
24.13889505 -719.42383681 90.09700275
51.02763636 -744.51998182 87.65854545
34.85756714 -746.77237927 90.12442158
37.34799329 -749.86801744 87.30582534
44.35337663 -769.02091522 78.28467446
35.05232475 -745.59934263 91.01630177
49.19537507 -775.73181872 73.87880070
42.99300233 -760.91148961 80.59787850
-44.76921183 -775.80686452 54.79974839
47.29492926 -772.94633130 75.23300076
36.55167063 -744.93672778 90.95273386
37.55708290 -743.10003936 91.37505311
46.28349381 -758.09541935 80.32540634
45.50211233 -764.52885297 79.08427329
40.17072112 -748.11209027 88.12406970
40.20951474 -745.83099830 89.26546512
48.02951481 -767.64608765 77.40680926
47.38374571 -761.17050000 78.37347810
40.58099890 -743.54326577 90.18497528
45.56340220 -754.22495209 81.95601956
-35.24561429 -750.85475714 55.41542857
40.71295146 -740.02441418 92.33691658
42.38427979 -747.72469275 87.85829534
49.39646903 -761.11394452 77.51137291
43.25541106 -745.76431701 88.59570848
-45.78553923 -769.83264503 53.87543260
49.11298484 -757.88215621 79.13439863
44.22804306 -747.02192986 87.42384514
50.23099387 -758.71330675 78.45039530
49.42807413 -754.95126015 79.89173574
-18.86219595 -749.97258692 73.07935794
52.17755027 -760.79456431 76.55804979
46.60727255 -746.40789030 87.28282342
46.04752701 -745.27327947 88.11959446
-52.72563864 -799.33826805 55.68091629
55.27666467 -762.86239070 73.44383585
49.29344766 -748.90352528 86.28634775
55.57969271 -761.43355966 74.35874496
-69.29440000 -783.53150000 89.20340000
46.81773819 -740.97498058 90.37380453
55.03132621 -759.95375351 76.16836989
-36.47634000 -753.20866000 86.72040000
49.33240106 -745.98743626 87.12284420
56.33761652 -763.51140609 72.43797391
55.27597597 -758.02004247 77.10599417
46.36402622 -737.30553234 93.37618667
-40.47648811 -736.12880409 52.86983622
48.90565437 -744.74156984 87.79984524
55.22035993 -755.09129163 78.01431483
58.06232960 -760.63965757 74.10143459
49.45948921 -740.37113864 90.17885298
-43.14167639 -756.70748681 45.23308194
55.65181957 -752.01717478 78.04925897
48.93238816 -739.10580048 91.17040085
52.32876219 -745.86634026 86.98512949
54.51908560 -751.28997717 79.02960353
58.32667546 -758.03282766 76.26306178
57.58236984 -759.53610317 75.78278254
60.40946649 -763.69877627 67.67370365
52.80789639 -743.98859836 87.46492689
55.36722051 -750.04650308 79.26287026
59.32907975 -759.09747603 75.43812975
61.20002823 -760.71520784 71.24724383
48.09593247 -734.32207078 93.74361623
52.31170417 -740.02959277 89.76534925
54.87256742 -747.93107258 86.71803340
-96.21860000 -822.39410000 57.86920000
58.05745898 -751.81328596 76.51359426
60.83247916 -760.01400246 73.53574696
61.32041427 -758.17230820 74.81583607
-40.79070208 -745.89311954 41.22777119
62.36145604 -761.47056006 66.09584365
58.41597534 -749.75899969 77.35788698
61.42482662 -760.89820647 68.39379113
54.80933064 -744.00004046 87.51323006
-63.87030000 -768.26050000 90.12006667
59.50256495 -751.70117032 75.43059140
61.01859309 -751.82210259 74.10407189
63.15217938 -759.60100670 70.58742010
-40.82782275 -736.98209492 50.16617415
57.32866699 -746.01293301 87.44530801
-43.38602766 -740.12454767 20.39574906
63.13658924 -736.99968228 93.05272595
59.58348137 -750.05396176 75.45216961
63.24287030 -757.65958647 73.32217575
63.00696667 -759.53520000 73.21917778
64.28098890 -758.01241097 71.10126233
61.31969394 -749.03875782 74.41591520
55.59636759 -738.04411779 90.46459565
65.05796643 -758.52470767 68.44475933
66.43690120 -759.84826477 62.28702879
58.30747892 -742.94762255 88.51320360
63.30670205 -755.23117949 73.22879821
-31.04032195 -795.21759268 69.48554878
58.07661790 -745.32904882 87.95646494
55.35841755 -734.66412784 92.51638163
53.37955417 -733.69168229 93.97637708
58.25218934 -739.95036027 89.79924236
55.22485984 -733.47657626 94.47769789
62.98018333 -752.69356667 72.72658333
-92.00440000 -819.41410000 66.65800000
65.90848000 -756.83322000 69.89734000
-79.56469762 -816.20250595 69.44513452
57.47481491 -737.92681056 90.47485155
8.69048000 -777.30956000 75.63318000
-33.92977615 -792.03947018 75.28066835
65.94158730 -754.81658730 69.83993810
66.72406493 -754.94403494 68.19866481
-20.70059412 -750.65542941 69.41239412
65.17032047 -751.41088024 68.94263529
-39.49726308 -746.45100899 49.74219551
58.24441398 -736.72313039 91.17687544
59.91895000 -744.47638333 88.32170000
69.40428920 -757.22445930 58.93148671
65.12485678 -749.05884737 68.84587424
69.08086953 -756.76413438 61.35719766
66.41328650 -751.91759646 67.53952987
60.78590254 -740.32595421 90.09458924
-43.28318711 -742.94572910 32.14598578
58.72974833 -738.63689500 90.75541000
58.24094582 -732.87718094 94.54474682
65.68707692 -747.14832692 69.40743846
61.70409138 -739.12128822 91.12947931
67.86947244 -746.98309289 65.33037911
61.47260780 -733.22378284 94.79536661
60.60834885 -732.10617634 95.64375802
62.95944898 -738.83620816 91.84171020
63.45772541 -734.33234217 95.72660571
50.28468929 -762.54847500 76.16672143
39.56903519 -753.53589815 84.76279630
39.07027353 -762.73629118 81.71725882
38.79985000 -776.77280000 77.79325000
-34.10831127 -761.93730282 84.81505634
18.40685238 -763.89138571 84.66017619
-30.53890000 -766.49895714 87.08120000
11.54978333 -759.29825000 87.35920000
21.32844545 -786.25749091 63.51557273
-38.90744459 -744.58895000 38.97443784
6.20370000 -762.55301132 87.99375849
-3.32510000 -753.38470000 79.19070000
-22.93099643 -750.70602143 68.44629107
-18.23220000 -773.11154286 84.62011429
-59.57586667 -828.85680000 54.54826667
-31.49020347 -749.15940384 64.47249579
-63.45323600 -827.98950800 56.88834400
-38.98946667 -735.46956000 55.54962000
-39.02506000 -736.02554000 53.23750000
-29.55584070 -761.42476453 80.97467151
-34.42467680 -757.16612840 74.71448867
-32.63150000 -789.46625000 81.62420000
70.47678055 -751.78653265 56.16440048
-45.05350000 -780.36020000 87.57570000
-39.95878278 -794.93853900 75.26953828
-96.09551250 -780.30782500 87.58418750
-52.90381073 -790.97603470 55.80388628
-54.43830186 -790.81227391 56.85792112
-45.08580000 -799.02570000 52.15360000
-49.01729151 -802.64546323 54.37076190
-80.65738000 -798.31636000 84.63438000
-77.94350000 -801.36070000 81.57260000
-79.75068421 -801.09893158 81.49020000
-66.85971472 -813.02526113 72.28525245
-64.19230338 -818.86417089 66.22982447
-83.66240435 -813.24056739 72.49827174
-88.90017833 -822.26729667 60.43579333
-99.14253750 -819.30478750 57.33931250
-105.91717984 -816.00126532 63.38961210
-93.07246667 -825.25203333 47.13563333
-102.39153235 -818.69683529 56.24616912
-101.38255882 -819.31696471 54.52445294
-32.78525455 -754.43877273 73.57469091
-102.34721667 -819.29755000 54.39303333
-107.88038889 -783.21852222 78.56784444
-93.10720000 -780.32200000 88.88570000
-40.99009109 -737.91449070 47.43060426
-41.32252991 -738.67776182 46.56257379
-42.92980950 -742.75282473 35.20353706
-83.68998000 -780.31572000 92.22740000
-40.64518590 -742.52940290 37.90606295
-39.10841818 -747.63293636 45.22609091
-40.90410556 -741.00467870 39.13268333
-42.79946000 -744.43446000 33.45280000
-42.69733096 -744.72850795 35.51761464
-42.44009355 -744.79615346 38.14170323
-40.58040112 -745.93874223 44.17548090
-32.97478542 -786.27966042 84.43593333
-39.55311754 -744.23565263 46.08525614
-13.42902491 -751.20038620 76.24965579
-38.36584010 -744.19065625 46.50532188
-37.86233447 -745.67797704 50.06086444
-50.63950485 -775.83775933 57.87445933
-39.81228410 -747.78106179 47.03909795
-39.84304863 -748.21018142 44.34794973
-106.70209000 -813.28615000 66.50580000
-38.36105369 -747.82946443 47.24599430
-41.18827013 -742.24662674 29.33127346
-36.95267737 -748.81318893 58.97911843
-34.68263585 -749.07580996 62.08315185
-37.28952222 -750.55088444 56.84135556
-51.13840000 -777.36400000 87.09730000
-37.08381378 -751.62989378 65.20741982
32.74160000 -751.14670000 87.44597143
20.19260000 -777.29790000 72.62130000
-43.34261823 -758.00795238 46.88741732
-35.35924615 -752.28119558 67.99079150
-37.73742354 -754.67024040 68.54890397
-38.02494400 -753.72049200 59.22018000
-37.17470566 -755.23789245 73.96342075
-43.97161111 -761.62042639 78.98209583
-99.05975000 -816.29465000 63.57810000
-43.99247500 -768.95692812 53.06844792
-24.56370187 -749.81769159 69.88626355
-22.84071208 -750.91431409 70.80533960
55.82180548 -744.93623219 87.74114315
-34.96307237 -763.63599211 84.78953816
-53.07897456 -787.76103746 56.53362985
-45.75436296 -781.35605185 88.02658148
-86.15205000 -822.29606875 60.51076875
-54.54281777 -793.56082439 56.58253066
-22.58132500 -765.52406667 87.74975417
-77.95190000 -819.47075000 66.65235000
-51.38040000 -795.43115000 81.67550000
-48.72876667 -736.84054444 17.21475556
-32.37796250 -755.29907500 79.75278750
-56.39614000 -807.82268000 75.68454000
-54.11435000 -806.54650000 84.46265000
-58.10801806 -818.72936257 63.18488429
-56.63142500 -822.17852500 60.58262500
-16.37777819 -750.98140526 74.50713848
-18.94782031 -750.98932937 73.30658312
-39.53371429 -755.81410000 69.43565714
-19.88370332 -749.79387161 71.77559155
-65.64065000 -792.88337500 87.73795000
2.81515000 -771.47445000 82.14430000
-44.33954971 -765.98701404 51.22863041
-75.24410000 -795.32730000 83.78350000
-73.34942500 -786.20490000 90.61852500
-39.38106667 -752.34590000 64.99886667
-42.86155846 -754.87216962 44.39755538
-41.93594453 -752.42751719 42.97557344
-104.92190000 -813.28765000 66.55707500
-108.83677143 -783.27695714 78.29839286
-33.14410000 -699.28835000 78.98522500
-39.30603750 -704.90503750 78.22921750
5.71141250 -729.06778750 92.50448750
45.10825294 -741.46567647 90.74439412
-45.38981500 -739.81168000 25.83393000
-40.06384818 -735.07094864 53.90070318
32.67841667 -750.67042778 88.00301111
-41.53607229 -741.78875096 26.56015318
5.66902143 -751.36330714 84.89247143
-16.55747570 -749.93267026 73.85113133
-14.04564303 -750.07232309 75.05190022
-12.95085837 -750.16938490 76.04054327
-44.75852500 -741.63471000 21.17584500
-28.88515006 -749.15076400 65.34173879
-1.06431111 -751.93937447 81.83252793
-14.10421044 -751.27922214 74.68530663
-15.43250000 -755.73253871 90.39089355
41.65666923 -783.60812308 72.77620000
-35.30400423 -750.74893732 59.71555423
10.84890000 -759.32080000 87.64860000
-27.29437500 -759.92644375 92.16335000
5.22193864 -763.18396818 87.79297045
36.78379231 -765.53140769 81.70353846
-66.41990000 -762.58865000 95.33365000
-45.78546154 -762.19970000 78.77261538
44.42160000 -777.50012941 78.68074706
-15.29841765 -776.96119412 81.47808235
-42.29937692 -743.75400000 40.02611538
-42.26976613 -721.74354355 73.37693710
-33.71185833 -752.98995833 73.33095000
-45.40978346 -767.43069774 52.91644511
-38.55230000 -740.24870000 35.66380000
-43.89547190 -739.65534686 26.18656504
-29.70836091 -749.70007909 63.25256636
-52.48077500 -781.73659684 57.91042737
-38.51069278 -745.21763935 41.46066020
17.60407143 -787.31058214 63.43020000
68.50486953 -746.97261016 62.88368555
-45.87099773 -737.61432741 16.97930983
-51.24576429 -777.13217857 58.02501429
-41.08369333 -738.10424000 45.31960000
-49.96178278 -784.56446940 55.47054232
-15.23240000 -777.36835000 81.23420000
-41.56256429 -739.50104082 16.86443776
-41.80889314 -739.84504945 23.02351057
-41.68511754 -737.53177575 20.24256082
-40.79195000 -747.24075625 95.77505000
-45.68130000 -741.45478333 21.01570000
56.95506667 -749.63410000 78.71566667
-45.52216518 -727.27050268 13.48252054
-49.63768765 -724.90498739 14.04220723
-22.31570000 -772.11455000 87.77011667
-46.29550915 -724.39017852 17.30250196
-49.61945121 -721.79828161 14.27008005
-48.62778696 -723.77841594 15.79801739
-48.44868525 -722.75455410 15.76631311
-46.60536161 -722.42477503 16.57241995
-51.69600840 -721.65681345 13.16117059
43.92004750 -737.24879250 93.74717625
-42.29370000 -723.24946154 72.50851538
70.20511136 -749.02039887 56.50369488
-41.86842600 -784.24181600 53.09899100
-51.50050390 -725.41154156 12.83046234
-43.53874000 -759.23292000 48.72294000
-40.73767500 -760.48452500 78.96645000
-43.64166555 -722.64555413 13.51974077
-46.95222437 -720.21835966 13.31557143
-61.34088750 -766.60870250 94.04136000
-39.37257500 -749.95707500 64.74086250
-42.40304286 -738.09255714 45.24312857
-42.13020000 -722.52925000 13.31950000
-41.21130840 -748.05990667 38.96951531
-26.42350000 -763.06362000 81.11304000
-44.47468995 -724.47726289 13.92392147
-43.59624100 -737.13249520 14.16824377
-67.49049545 -787.62656818 87.93715909
-46.17476822 -737.05009910 14.24055652
-46.12340696 -739.62889545 14.34321968
70.05699870 -756.60814805 51.13172727
-42.47490000 -786.39980000 84.76190000
-44.88652857 -727.18545714 15.69701429
-30.12567500 -759.10165000 83.88587500
-44.64214347 -723.94238653 16.98370204
-66.69598333 -819.19142222 66.50867222
-45.85815478 -739.67068310 16.74862273
-43.69055975 -737.23106410 16.92808431
-38.72908636 -753.58455455 61.25457727
-45.94079259 -742.01412407 17.30508704
-43.52849749 -738.13684389 22.66671630
-43.69426523 -740.46759554 22.94587846
-43.90004948 -741.63063235 23.73880727
-43.81630000 -735.30850000 14.64010000
-41.55418483 -738.15483241 22.87821379
70.02713333 -747.26780000 57.23680000
-43.52504031 -742.01151570 26.15821089
-63.41405000 -804.35967500 78.59352500
-43.31657500 -738.32470000 24.93792500
-50.94993565 -797.26709304 54.73752522
-41.33262624 -740.08264715 26.19352661
-43.27454216 -740.22705220 29.19583129
-65.97388000 -825.01276000 60.63752000
-35.01414500 -756.65533000 71.14513000
-43.42898099 -742.56990563 29.24629960
-30.95471646 -750.77124329 64.83969817
-45.54036667 -741.78416389 22.23962778
-34.06583308 -698.94252331 78.23597669
-6.36189000 -771.26628500 78.55469000
-73.60209151 -795.74626132 85.49165094
20.64410000 -786.27336250 63.52168750
-17.43878148 -749.96098296 72.30133630
-51.43910000 -791.22152941 54.49710588
-77.96530500 -807.77740500 81.84971500
-81.51728000 -801.33612000 81.57714000
-42.34026667 -748.64717778 39.28736667
-41.36118505 -748.95457599 40.54421248
-42.36583311 -749.55942297 40.78628311
-42.61040146 -751.50809902 41.81147659
-38.67838056 -743.71717249 41.08494366
-41.72780462 -751.35276467 41.69833695
-43.07930000 -753.37170000 42.37530000
-42.68543027 -752.68677203 43.45973985
-41.74995000 -756.14630000 47.27250000
-44.49087101 -765.02284493 52.06131449
-46.01606818 -772.71621591 54.02201000
-38.07340000 -750.47770000 54.13680000
-46.61658980 -770.54286006 55.16570029
-49.04467929 -788.33049644 54.06840379
-46.30613743 -782.26918272 54.38100366
-66.70763333 -822.32187778 63.58647778
-46.57783170 -784.78118763 54.04490232
-46.92857849 -775.86909078 55.55921773
-48.27542500 -782.89316250 54.46786250
-42.33295455 -740.02606136 41.48005909
-48.29695714 -771.27600000 56.28112857
-49.04525071 -773.30718063 56.85634598
-49.47693551 -775.77785587 56.84807415
-47.24785161 -781.77496165 54.97223072
-49.79289008 -781.98647798 56.00044074
-52.43640343 -785.03421763 56.81124787
-49.88284483 -778.92671552 56.58393547
-51.85589313 -782.13909682 57.13089363
-51.77868709 -779.08408380 58.01410329
-39.28926250 -753.70040000 61.28173750
-37.21844554 -753.72965357 66.13496071
-39.92080000 -720.30400000 72.64220000
-31.48177895 -751.22610526 67.49730000
-35.19566315 -754.49349636 71.31461696
-35.07235337 -755.33485673 73.97905911
-31.06183418 -797.83995190 66.48192785
-39.72267049 -797.63459311 72.15466393
-35.55584970 -755.42953442 76.68378279
15.08932000 -759.08434000 87.69806000
-36.61184581 -755.38600395 77.07251690
-48.28425000 -765.70806667 78.48871667
-34.12950000 -752.94220000 76.98936364
-51.95592798 -769.73526927 81.26113119
-51.44592500 -768.05923333 81.41321667
-53.31451667 -771.43326667 81.51835000
-51.48585000 -767.80014688 81.85235312
-37.05280687 -755.62310280 80.59811257
-60.76663636 -779.24654015 84.20048561
-34.88428617 -754.84101318 80.66572379
-47.69968718 -766.40131538 82.02582564
-31.86591111 -755.29694815 77.33099630
-57.24147500 -774.13277500 84.13927500
-43.71571667 -763.67926667 81.97323333
-53.88859077 -772.96817692 84.95519000
-17.27722667 -752.16195333 76.01153333
-29.50417500 -757.40072500 79.77442500
-35.51539231 -765.86870000 80.56896154
-39.74951852 -754.27738148 83.81379815
-36.35777778 -762.68158889 81.24775556
-52.04839273 -770.72988909 85.22936000
-35.42851154 -755.41169231 82.56337308
-69.92082381 -779.43590000 90.98211905
-32.35890000 -765.30080000 84.92000000
-28.36825789 -771.11799474 84.21344737
-6.32895000 -752.37835000 81.91225000
-42.51114815 -738.96770370 44.11966296
5.99860000 -774.48170000 78.64650000
14.33474000 -718.75230000 93.95444000
20.24660000 -711.36360000 94.39250000
-63.36260000 -757.43943333 96.72796667
-67.13184000 -793.13478000 87.67221500
-65.05708444 -784.76128000 84.43215778
-66.40462857 -786.16147143 84.55098571
-45.67720916 -738.07710534 19.64340611
-67.60739405 -787.62754762 84.40537262
-70.83807845 -790.90239224 84.20589914
-72.77349000 -791.88252000 83.97196000
-46.68646842 -798.49924737 75.56948947
-46.00643200 -797.91461467 75.55372400
-69.50341515 -810.26567879 75.46414242
-52.01246364 -804.84895000 55.93630000
-51.06752400 -777.83670000 57.80425200
-50.17876000 -774.04288000 57.74132000
-50.34309448 -787.43613379 55.06440759
-39.83842727 -750.70888182 51.95430000
-41.80901395 -736.21756279 15.12570233
-41.64730000 -735.35630000 19.45600000
-32.87292000 -754.37744000 66.29742000
11.72035000 -783.34650000 69.53085000
-45.55164225 -739.64554460 22.74519671
-48.32738571 -720.15178571 14.25134286
-36.28080000 -780.31230000 87.54510000
-48.61915263 -740.05882632 14.72112105
-45.30330000 -741.38100000 35.53050000
-63.06496667 -762.07576667 93.38376667
-44.53709623 -727.46155806 14.07205577
-41.12737465 -775.97170141 53.33685070
-45.54661000 -744.22955000 30.52905000
-45.23260000 -744.07870000 30.94410000
70.82177600 -750.07834400 50.81982700
-43.82123863 -739.10938016 14.36250824
-48.32138333 -736.56606667 14.23251667
-38.76610000 -742.91322500 24.75905000
-40.81061861 -742.73668158 32.18850416
-38.94578333 -744.00398333 35.48730000
-42.81074000 -746.47544667 43.88823333
-35.98666000 -746.46367200 48.18640400
-42.44551818 -744.78827273 47.53429091
-42.81740000 -744.36000000 47.62520000
-40.16033256 -746.27274651 53.11941628
-39.49084286 -747.02211429 56.21705714
-20.94406667 -750.13522222 69.28455556
-16.62776186 -750.73697119 71.98242288
-35.47103350 -754.03062284 68.57123604
-15.02971250 -750.92038750 72.55150000
38.72690000 -782.05420000 71.55120000
41.52433333 -756.19880000 81.47440000
-34.98135000 -756.67810000 69.63550000
10.69905556 -753.99293889 85.79463333
16.01560000 -762.87144444 84.68643333
-39.47083333 -755.49316667 80.29765333
2.78590000 -764.90555000 86.63245000
-39.84201429 -753.25928571 87.02755714
-19.07030000 -765.45250000 87.86780000
-51.94680000 -777.47804000 84.49453000
-60.02820000 -771.31770000 87.49095000
-58.60168095 -761.27739524 96.72827619
-70.30715000 -761.69012500 89.92307500
8.15650000 -753.40810000 85.71700000
-48.28744000 -742.00790000 13.68080000
3.04011429 -752.02535714 81.35990000
-37.73408000 -743.60646000 32.62264000
71.12132071 -752.68752576 47.75441212
70.70435982 -754.99191133 53.13965710
70.68963077 -751.82184835 53.09854945
70.65619280 -749.59845147 53.37867573
68.68666525 -759.09570355 56.27636454
70.15631901 -754.94844187 58.92655455
69.58024215 -748.83455785 59.04052062
69.00908630 -747.02558630 61.37797397
68.56116860 -751.52461209 63.34868047
65.75380909 -754.92304545 69.55198182
59.87391667 -753.26671667 75.70231667
-44.51644000 -794.32502000 51.55232000
-69.35073333 -823.01018750 63.34169167
-64.08255769 -822.06887179 63.45950128
-69.57803636 -822.46725455 63.96145455
-72.31045000 -819.25210000 69.57435000
-43.76795609 -787.68000221 52.62782454
-41.45363362 -781.84919702 53.72010851
-43.96748821 -781.87040674 53.97269853
-54.03136667 -786.78144167 57.70143333
-41.00057521 -779.10769487 53.97207265
-43.87653733 -779.25641156 54.37848089
-43.99481375 -776.01348250 54.48212875
-41.83218966 -773.35628448 53.22590000
-43.51674245 -773.15017410 54.06426403
-36.57566829 -798.02090488 69.51444390
-44.89144545 -773.85368182 54.72861818
-45.07446000 -771.00956000 54.78226000
-36.28693000 -795.28978000 72.59304000
-42.60938571 -748.25481429 46.83302857
-31.95802329 -750.66631123 62.54859562
-30.08107500 -750.42657500 63.54802500
-3.51373571 -773.94287738 75.30005833
2.05727059 -771.75140588 81.74703529
-29.02048000 -758.99406000 78.56080000
-61.47260000 -804.43750000 86.48896667
-50.86680000 -781.06715000 87.83771250
-79.43745000 -792.92957500 88.81917500
-65.26770000 -780.60520000 90.66420000
-78.50317778 -781.64046667 93.96384444
-77.66293077 -781.74891538 94.00413846
-3.23530000 -777.22660000 72.64050000
-42.45542000 -747.55992000 43.05154000
