-45.82363177 -712.41907090 63.69339959
-45.25720000 -758.96367500 54.92370946
-42.31903469 -753.47585612 54.55101966
-55.72107467 -757.69565048 58.34518655
-25.18354604 -751.96394136 54.10339666
-16.21432121 -749.59852008 53.88249409
-55.31883889 -786.24720000 34.04365613
-26.91630395 -738.70472632 58.29928512
-54.45316791 -776.17239599 41.17974716
-43.51281121 -706.83803481 64.98745296
-13.57092939 -763.70689094 44.88173146
-21.13160000 -755.06850000 54.03015946
-22.76328521 -754.92828050 53.72576731
-49.63026857 -760.05664228 56.07320023
-52.53437235 -773.37490785 42.45368053
-52.55838653 -775.89367408 41.20032869
-39.00037143 -739.62639286 50.08475708
-41.05456806 -757.33851612 55.28541239
-53.59958987 -762.37993987 55.47975123
-44.95932879 -725.98803636 16.54093825
-43.87963333 -737.47226667 13.44029279
-48.80848253 -755.77799367 57.72488195
-10.10754476 -758.70219440 48.55490968
1.71609170 -755.22804818 41.70503941
5.59313918 -749.31184146 42.37715550
2.41161956 -757.86039649 39.69708639
4.01178929 -748.57108995 44.51788944
-10.81221495 -751.38368829 52.45452929
-23.76943256 -759.48078721 52.17859725
-39.94053154 -738.96472004 50.62375204
-37.86487477 -760.61781426 53.76167962
-46.02904275 -721.71553805 62.24752610
-38.84290000 -766.37080000 51.88010946
-20.99801645 -757.83878158 52.66959959
-25.47404152 -748.11833633 53.87645411
9.29658973 -748.22016540 37.55784504
4.78791780 -751.70448834 41.74751566
-44.73603333 -735.60020000 50.31275946
-49.59762112 -751.59014572 58.50935046
-35.34242403 -721.66534407 62.87973073
2.73708810 -744.05515238 57.90444041
-48.61493333 -726.32265000 16.17445113
-39.46060667 -748.19538889 43.41960835
-50.82051441 -756.72080424 58.07230183
-35.20589585 -754.47141738 53.23106755
-39.22170500 -748.36592500 40.75537946
-22.71510574 -751.19940091 52.69524073
-52.62877755 -786.41734592 34.17678038
-53.29783636 -795.53108182 27.89284128
-61.57655541 -763.28996624 54.40998239
-39.28181739 -714.39658261 64.02182468
-23.14208977 -760.36873714 51.47997338
-40.13373134 -744.50367465 40.75669150
-45.71820000 -751.26946250 52.34502196
-28.34534981 -757.47828320 53.73147203
-45.86139741 -724.83052642 61.97458977
14.90496818 -748.41073182 31.09356400
-37.68715426 -715.48796922 63.53270029
-34.23588333 -753.72526556 51.81678502
-7.87990000 -749.46256951 52.46225258
-51.42155854 -723.63745610 14.04614483
-42.13660000 -741.16260000 19.40905946
-35.69028987 -757.63770551 53.17605997
-55.31393351 -752.82448919 57.88462568
-7.53048757 -748.79298019 56.55309574
-42.44053556 -755.77011197 40.39962847
-41.38249778 -743.45008222 29.12629279
7.17746785 -754.21790030 35.32786721
-45.55373103 -741.05116207 22.19186636
-47.07011634 -760.28466748 55.33603122
-43.76499426 -742.40460324 23.46746445
-34.67267977 -748.81679605 44.99578117
-38.78252967 -746.77062637 60.37365836
-4.61557822 -742.83308377 58.76749458
-41.90242443 -757.00172784 41.17469412
-46.28020204 -769.25255646 43.13310356
3.01500000 -747.22165000 46.03900946
-42.43538333 -744.60927222 23.86368724
-49.35491645 -773.09256718 42.31911621
-52.49777790 -728.02128469 12.06827044
-44.70734621 -727.52708321 16.93553717
-10.71838822 -762.79858288 43.91620570
-40.79073215 -712.09618686 64.14934241
-45.56325432 -709.70562459 64.18088847
-41.99903333 -741.08790000 24.93885946
-43.54107307 -711.76761035 64.16395809
-44.07292072 -740.84952703 22.98138468
-35.98182295 -734.93647541 57.81494143
-37.66178870 -721.62532406 62.41797811
2.56630504 -748.98177619 45.72639952
-40.66734882 -715.51293376 63.51587728
-40.15310216 -737.91041871 51.46060478
-45.93206923 -741.57381648 17.59444023
-13.95963830 -765.45858511 43.28569563
-16.48689010 -751.32034616 52.84074657
5.49475168 -752.46815451 39.20740495
-37.71094775 -757.66049564 53.97829297
-39.05981429 -726.07377143 60.96695946
-44.43484635 -766.81965276 43.13076656
-10.70335583 -754.49985459 51.22002366
-44.51503474 -763.65627263 43.16622051
-38.43299578 -709.76687769 64.35956185
-13.37800292 -755.39371527 51.72219239
-35.45734423 -760.41605257 53.10299711
-40.02691788 -745.36783555 38.33359779
-28.37566400 -749.26674962 49.82628651
-10.00892966 -740.49018138 58.61065026
-8.86158804 -764.04801848 42.46418156
0.21777748 -746.65185631 49.19623108
3.01582093 -744.37828605 57.45746411
-25.58388964 -746.36418506 54.69211317
-55.54811759 -759.36377870 58.03247150
-0.90118352 -757.88158611 42.21151220
-2.12712374 -757.21904610 44.28477576
-45.49749474 -711.31221053 64.01432262
-47.90375067 -754.15327067 58.08659635
7.07127298 -751.26660559 38.32379107
-0.66249130 -749.10469130 48.60154316
-13.13436433 -743.61946376 57.78254768
-55.53696513 -787.64993344 32.97504666
-48.37686774 -725.86590968 16.23534978
-38.36192500 -747.52137778 36.59623724
-43.73249324 -732.59694050 58.27569094
9.40058670 -753.57408635 33.07534455
-37.69985751 -735.68050026 56.27987664
-52.73949781 -757.45497214 58.25652022
-15.22892941 -754.12718676 52.42734181
-40.54373448 -750.60836897 36.70659049
-34.83359739 -751.11371725 50.33279404
-7.32042883 -744.88616000 58.21370054
-46.60457500 -741.47701500 14.52903196
-43.24552411 -728.13118288 60.35935464
-45.36368372 -707.77217209 64.36510597
-35.49890651 -749.77402313 50.75894741
1.43990309 -743.04288114 58.76277193
-43.63998947 -762.09451579 43.24084367
-44.91964948 -783.67301557 37.79238264
-35.45860682 -748.17038409 41.94375037
-45.39101667 -729.25365000 13.69695946
-58.28196289 -757.91553491 58.18504861
-50.24355386 -724.49015174 12.27643132
-44.48495579 -740.01436209 14.32783700
-45.42541955 -765.69549699 42.41360758
8.50130259 -754.08526606 33.74249112
-37.63150351 -718.77053470 62.90308162
-37.60213970 -730.95168164 59.62593151
5.20023986 -743.94973176 46.76192095
-19.51583730 -750.87916087 52.54754364
-0.01565000 -747.60810455 57.19877310
-50.82930092 -722.36239725 12.48304111
-4.80314917 -748.51341279 57.12797354
-23.64559515 -742.69936947 55.83720615
-40.40428526 -748.31670278 36.37002232
3.85844154 -739.92834923 57.59046254
-41.01435649 -751.79184198 38.27884438
-11.08515189 -766.42831699 41.27607292
-45.89748133 -727.38565982 17.72623537
-45.90472351 -739.63502193 14.06134856
-23.57584184 -746.35613004 55.12919557
-23.88965169 -749.68101949 51.88156921
-19.74694547 -749.84582939 52.94511658
-36.27238485 -749.41864545 52.43361704
-11.79860526 -768.32561579 40.55781209
-53.25151873 -752.83920669 54.53645310
10.19029499 -748.94809648 35.51460355
-7.53199083 -751.82920130 51.00552170
-26.35656389 -751.41724583 55.02460529
-15.89223618 -747.78359801 55.66443866
-39.18150000 -750.44040000 41.10715946
-22.55759153 -758.93453503 51.85796680
-40.42687430 -755.14668244 55.28417059
-41.96070000 -740.79470000 25.06419279
-44.36156039 -741.45183442 17.86963965
-1.96363296 -747.76091001 57.45542962
-64.73702500 -762.34102500 51.84908446
-46.09542018 -728.08356069 14.32645313
-44.45918066 -730.18961918 14.15754625
-40.85934580 -724.33375108 61.29926965
-55.67530000 -759.28625000 54.06100946
-44.41165190 -727.91267921 14.58757524
-49.80772612 -727.43314899 14.02564058
-51.31083422 -727.32766096 13.15345786
-1.73776327 -745.10830247 58.59599091
-40.34585000 -741.54371525 46.84591878
-9.30195545 -744.33790909 58.03467219
-43.87111765 -725.54066324 13.68668740
-49.52423349 -724.84810670 14.57038034
-43.28359573 -723.84058462 12.22993980
-35.73862302 -733.34463100 59.26543750
-46.50587269 -725.22090281 16.93448224
-35.73805186 -731.51416077 60.55191008
-4.61116595 -745.35300158 58.51613069
-51.89921777 -721.98346997 13.19666042
-38.98725238 -744.02095238 39.47505946
-50.78885333 -771.34402667 43.05921279
-45.27640000 -780.21534286 40.00358803
-34.55754815 -750.70554815 44.14145576
-35.92145754 -747.80149683 58.25922533
-1.47047871 -746.79937725 57.82641161
-41.60354484 -747.53629436 61.35413112
-46.28153171 -770.55481848 42.88489179
-9.81187927 -752.29759261 51.78683211
8.77509796 -752.91484490 33.91613701
1.89461821 -752.19076530 44.92017396
-63.51463540 -758.55164956 55.86268247
-42.36905714 -725.89241810 60.91058136
-49.43363177 -790.05868406 31.79092222
-45.42416278 -728.96058222 60.84140279
-45.26870000 -742.45071538 26.97235946
-48.47880000 -738.59398125 14.89657821
-46.63473549 -781.73716877 38.53163797
-38.73872625 -741.63631250 46.54584821
-25.76801195 -749.47479057 51.22520128
-42.37018986 -743.85925797 31.64322902
-49.32171696 -788.08594558 33.22143147
-38.87659256 -707.79536529 64.66809913
-42.60987207 -735.38751061 55.31832706
-41.72782000 -743.23584323 26.70630462
-6.95013027 -749.70016883 51.78944289
-12.71840231 -742.49582543 58.08959183
-43.72095475 -709.75143490 64.53995939
-42.74628281 -756.92375156 39.85756883
14.96499158 -748.73510842 30.53910188
-48.98589361 -767.56964447 43.86481007
5.77955000 -744.10980000 45.92705946
-38.05835354 -734.20403212 57.36478919
-43.87313727 -713.21270291 63.73933814
-37.00071139 -727.49882189 61.38724048
10.18421110 -751.99138706 33.00949340
-43.48205901 -752.34341824 56.91769414
-36.06870000 -748.06690000 39.76795946
-43.91769622 -760.70691302 41.94810710
0.99881520 -757.45532998 40.82128899
7.69221785 -746.25413553 41.76495715
-31.59680148 -748.87806755 47.24289592
3.26418178 -742.40440040 58.35262383
-50.86890588 -722.14046569 13.24983789
-45.78497905 -728.49742838 19.24667027
-44.48143548 -765.71487849 42.93008777
-0.30976154 -756.01138547 42.69266202
-40.75908104 -733.64852364 57.02497900
13.03272273 -750.50178523 30.80289128
-43.93093943 -751.24168662 58.40086078
-41.69064283 -753.96140043 39.30585076
-45.33555000 -762.07880000 42.44810946
-46.42805455 -778.36708291 40.52785813
12.48872554 -746.56074804 34.72311098
-28.27892300 -748.47955307 53.90528629
-48.60258727 -752.51777640 57.92446691
-5.52203812 -753.74043877 49.35444813
-11.73880141 -753.29573380 52.09359185
-52.68142942 -778.99411973 39.35787242
-42.04865000 -744.47555000 24.17025946
-52.17078819 -758.36804684 57.94050549
-25.48552857 -745.08170767 55.23844360
12.07597373 -747.47275847 34.25952641
-7.58773017 -754.25058866 49.95960918
-38.46258750 -714.32248750 64.00598446
8.74960000 -746.89032353 39.75504769
-43.84574069 -740.68124918 20.48398544
-2.68246016 -750.84230000 49.32587409
-43.01196224 -773.27991531 43.11166660
-10.68406563 -757.30545261 49.84372907
1.42452500 -738.17067500 58.27445946
-55.31578969 -755.12665662 58.55384669
-41.38237623 -745.02712937 29.75109892
-25.44034746 -757.66508487 53.21037311
-42.68310952 -745.01335357 32.02595113
-20.34754615 -751.06003846 51.89382869
-52.73860324 -790.03781648 31.56292833
6.33697018 -744.00190965 45.75545420
-46.02090167 -718.94521559 62.51355946
-38.40247523 -748.08637640 39.02051951
6.13330675 -743.78296380 46.25082633
9.28503424 -745.69535186 40.37927370
-25.73720479 -763.44798644 50.58057786
-11.80850222 -762.50711778 46.28943946
-15.71719001 -746.42104785 56.60201757
-47.07619846 -723.68357385 15.65847279
-46.95962558 -722.96907442 15.40376179
-13.84636902 -754.27344379 52.28670860
-55.39777570 -784.65952680 35.17144178
-48.10130000 -762.40600000 54.99625946
-42.22350000 -726.41420000 12.94555946
-15.76447195 -762.33607134 46.15834665
1.34754776 -739.74370882 58.57403961
-39.54396710 -746.92410736 60.64437678
-8.42262540 -759.88568139 46.69355231
-55.18187401 -751.55555835 58.50382725
8.08900766 -752.04321215 35.69323046
11.10898827 -746.46269642 36.16212956
-38.02535987 -748.26745017 41.36192364
-22.75299919 -750.75335789 51.78668011
0.06802018 -753.35821842 46.17487437
-42.90882246 -744.95947500 29.65151997
-50.33993784 -757.45648041 54.12199459
2.93284545 -753.24474545 43.05770491
-37.10471226 -733.15703270 58.62756282
-43.65580998 -741.97988433 20.76026495
-57.18894444 -749.88307778 59.38368168
-0.81668768 -746.89156921 49.83911225
-47.50285004 -788.25079761 33.40549167
-11.03559722 -743.67231112 57.84899356
-42.92100000 -740.92677143 25.37380232
-40.04016849 -743.32747063 41.67111912
-48.34737778 -783.26219259 37.05111502
-43.85103101 -724.77011634 61.51478284
9.06319655 -753.66543793 34.09484222
-47.78717143 -789.48224490 32.37867034
-43.79990947 -721.66078976 62.08411508
-1.25036421 -755.30397208 44.93020454
-43.06944785 -758.54394257 54.79620830
-28.42970385 -739.44631201 58.61700561
-7.34478222 -738.05962889 59.40850168
-40.20426060 -736.94237152 53.95337822
-40.89385179 -706.90890561 65.15638568
-42.93758340 -743.33650132 29.64754418
-29.46233735 -741.47407831 58.11934139
-42.24831429 -735.91458571 54.89415946
-8.97192980 -757.18193889 49.28362108
-27.66145588 -750.27360000 49.68100946
-46.77892857 -723.12605714 16.01458803
-45.04672000 -729.56958000 18.28043946
-44.72819576 -781.96150597 39.14102627
-45.36831702 -729.35183191 18.52711265
-45.64238812 -729.46661931 19.63912233
-42.68280000 -704.88347500 65.25237613
-55.14389805 -782.71107789 36.62783081
4.76622093 -746.03347513 44.96648148
-26.24915209 -740.22939234 57.24406584
-49.52485015 -779.09667326 39.49554595
-4.46678421 -754.78594477 47.77071954
-36.36955000 -750.58720000 45.15895946
-39.61463438 -751.69897500 51.69412508
-55.79931179 -762.68119678 55.84466451
-41.61542517 -743.88349728 32.00229755
-45.62227660 -727.32399232 61.45820023
-38.97138764 -742.37131124 44.69594598
-54.63047166 -777.88247658 40.23968850
-38.26742991 -751.97811735 54.26082891
-55.28502265 -789.82169160 31.44318266
-10.31024257 -742.48534065 58.21089341
3.21402434 -740.37640952 58.46150020
-13.00093847 -766.65359123 41.84339501
2.70659737 -755.93644298 39.76901735
-46.66028180 -752.79579016 57.73324401
-44.40342821 -763.48776134 42.56235112
-45.54521330 -763.96177387 42.57950813
-46.08351856 -710.80415515 63.91298833
-32.63227282 -748.87374051 45.62856766
-35.29915526 -750.43190789 48.01283972
-34.84781510 -749.31157490 46.80032711
-37.27960971 -750.76540086 50.64809460
-29.64743966 -749.30299508 48.62900183
-36.58467273 -749.83195124 50.16140243
-24.99009231 -750.25168462 51.31210561
-22.62278463 -749.45306290 52.60059798
-35.37592378 -749.45961222 53.21951294
-35.27936667 -753.15163333 52.85435946
-39.87152117 -748.34694977 37.77967807
-40.61840675 -745.81339402 35.85827816
-43.01232123 -757.74016647 40.96854768
-45.85217562 -740.46284111 20.08611105
-45.74591422 -740.10150776 17.44914690
-45.56231074 -741.97290067 20.78419973
-39.65778763 -738.37998454 52.27278833
-41.63879697 -755.04079773 40.31579810
-38.76083668 -737.09811865 54.12437667
-39.02232778 -738.39013333 52.34564835
-38.95256667 -740.59682821 48.24402356
-28.74482000 -750.43290000 48.64769946
-41.97172333 -744.47075444 26.65101502
-44.34953949 -770.72400191 42.92529545
-45.95129649 -737.79615088 13.90463841
-43.98595769 -741.47172846 14.04966023
-43.85457703 -740.15884206 17.50914037
-45.94819444 -737.47962222 16.31453168
-64.56967759 -761.49523448 51.54003015
-43.55764545 -737.98150000 18.27075946
-13.60106430 -751.64648337 52.87284718
-43.46205735 -742.86295992 26.63511474
-42.73877439 -744.43545053 26.95380648
-40.97015636 -745.71056203 32.61256267
-44.21590765 -769.45912745 43.12728436
-42.41520909 -754.99205348 39.55758299
-40.02487621 -743.95768207 39.58714670
-38.68789911 -746.27184687 38.23623133
-40.10150351 -742.25173648 44.35419176
-40.07007778 -741.05054444 45.48313724
-54.06545556 -753.25745556 57.88685946
-43.66990000 -744.26640000 21.42450946
-42.03245000 -741.25316000 19.34939946
-47.00100726 -786.76860803 34.54680901
1.23943121 -745.80095316 57.69109067
-42.10280000 -741.36410000 18.96805946
-45.35586161 -741.78447411 23.26534607
-42.03563333 -742.83111579 24.30411911
-38.81543038 -746.51259747 36.05965060
-38.44155000 -746.39878750 40.13932196
-39.01396923 -743.63328462 41.40548510
-40.10611446 -740.47966134 47.49457977
-42.23428333 -752.74360000 38.67467613
-15.78061388 -760.59295244 47.81291302
-37.47672265 -748.92513812 44.31331346
-38.67589444 -750.36828889 41.78632057
-37.26170776 -749.60413719 47.90568298
-38.01617685 -750.86363130 48.06427613
-42.51192447 -752.87025213 54.47567967
-32.40883333 -750.35923333 48.16782613
-40.75917593 -752.31439342 54.27560576
-41.49693750 -740.17386250 18.42762196
-52.86514645 -787.83661207 33.08005921
-23.86112647 -762.63743824 50.67050358
-56.04621875 -785.87692500 33.80769696
-49.16828184 -786.68267806 34.33502567
-52.78931437 -784.69039528 35.38490280
-49.49145206 -784.77130675 35.69160226
-46.68985795 -784.92121738 36.08975854
14.09630515 -749.29460767 30.68796278
-45.03337385 -784.72849385 36.77923331
-25.64273267 -742.64311480 56.09790688
-52.88766333 -782.81191750 36.72925601
-46.15156586 -783.63148997 37.34393940
-50.16045055 -783.01753114 36.85730964
-55.04166484 -781.13106624 37.89938856
-3.90165404 -757.32954160 45.41797824
-49.48793840 -781.56915701 37.97292675
-52.68417682 -781.24089122 37.86222655
-54.87073452 -779.25296360 39.28433843
-47.05927641 -779.57427492 39.70055967
-44.32085839 -780.53638199 40.23550356
-44.30210585 -778.66965047 41.20242259
-52.66864120 -777.61129265 40.25748847
-49.42370675 -777.73994198 40.26424503
-49.43408238 -775.75994188 41.19156909
-46.44096889 -775.65323672 41.68255188
-44.28011181 -775.73568455 42.40318981
-43.13740790 -774.84136301 43.13279819
-46.46724474 -773.05681799 42.42939953
-44.45201729 -772.97005764 42.72245443
-52.36206757 -771.82410162 43.22153297
-51.64500749 -770.17334072 43.52105497
-49.38436134 -769.52126531 43.43633827
-48.75134149 -771.04309468 42.94985414
-13.64628333 -762.66011401 46.34487733
-46.43117299 -766.44411179 43.34247570
-45.85133934 -764.63577035 43.16774492
-54.98515269 -791.24284279 30.63125538
-54.77472993 -793.17826248 29.23627462
-4.63288484 -746.95101330 57.93496797
-52.80015604 -791.55794495 30.61833372
-52.87969581 -793.57928972 29.26589761
-53.26078372 -795.32235814 28.16602690
-50.25126589 -791.57209297 30.70221467
-50.77942826 -792.85389511 29.89914913
-40.42631276 -735.58878091 55.44220091
-35.35364262 -719.00320090 62.99665261
-36.10612222 -735.24330000 57.42149279
-42.98408513 -733.88557423 57.03882433
-26.81460000 -753.64400000 55.06258578
-40.73367831 -732.30614699 58.06042392
-40.81034045 -730.79966926 58.70855113
-40.21169479 -732.01548542 57.90807821
-45.24324595 -732.35137838 58.53013784
-43.46272668 -730.78331924 59.25979546
-45.33933364 -730.46577123 59.95151902
-35.58131236 -730.06465130 61.36687911
-36.29405072 -729.53032319 61.08316381
-40.84198387 -727.82979875 60.05499952
-37.63434157 -724.74455118 61.84807914
-38.17290819 -728.24337997 60.54550366
-35.52101025 -727.87740708 62.13027509
-44.74600264 -727.17939620 61.25382567
-40.82347176 -725.63558686 60.82132702
-35.39683665 -724.73842414 62.78646071
-40.77597901 -721.60753636 62.05978746
-40.33515858 -760.73258021 54.25350066
-40.73287126 -718.90251505 62.70155506
-43.80006753 -718.80807487 62.65269552
-35.79868651 -716.19924405 63.19915232
1.21276834 -748.51757681 47.22226106
-43.74326595 -715.65042536 63.33539828
-45.93454825 -715.80958676 63.19779080
-37.68567768 -713.33912442 63.81275824
-40.73962944 -713.50231101 63.86904354
3.02173651 -759.41498095 39.05134517
-38.28715368 -711.70264632 64.04856262
0.92710516 -744.67741227 58.31410018
-40.69694364 -709.70939238 64.65355565
-41.67136706 -704.86545647 65.39970299
-39.90179643 -734.96255714 54.66925589
-8.46445212 -762.69577869 43.64925060
-8.28476975 -761.32640070 45.04700691
-25.51103766 -759.90944229 52.38361867
-10.18075345 -761.53084204 45.22308780
-10.61782444 -760.13337532 47.33214628
-0.81293867 -759.39079448 41.52868266
0.93943702 -759.77391058 40.44073061
3.06284067 -757.96274665 39.22375444
5.46799025 -755.41156454 36.70355698
4.53463270 -754.79977492 38.33729679
-8.22354231 -758.11855675 48.01176486
1.00723508 -754.08877028 44.20378583
-13.64862579 -759.51716685 49.28668427
-13.66512450 -760.74910748 48.10149961
3.47704663 -754.09239476 41.12056364
6.06193304 -753.49642946 37.22140589
-5.22432843 -756.65671471 46.53131474
9.46611128 -751.01577035 34.81444881
12.37947303 -750.65884605 31.50129630
-3.23882381 -756.08783810 45.90496422
-3.59596875 -752.81520216 48.70870558
-15.53144320 -758.01102994 50.04467970
2.84400000 -747.10270000 45.98605946
-27.64289000 -753.05887000 55.13064946
13.15550119 -748.52727589 32.27696789
-13.60872700 -757.64165042 50.46935851
11.46714357 -749.26246565 33.39889299
-30.16890000 -757.61630000 53.85985946
-1.90730833 -753.95878991 46.89230066
-6.83887009 -755.64380876 48.52680712
3.42507419 -751.53455948 43.80943703
8.75531548 -749.99006429 36.78991065
6.13984657 -750.85637339 40.59998586
-15.27171447 -755.75682237 51.62595946
6.80407249 -748.56097379 41.29294988
8.12730070 -749.41511860 38.42678950
-1.49065030 -752.13066811 47.83378490
0.62292678 -751.64845628 46.48102893
13.32556253 -746.93579063 33.51585202
-4.80178388 -751.74289707 49.95236652
10.03869199 -746.21607604 38.41085967
-28.37852532 -742.70858029 57.13584691
6.01022031 -747.46058125 43.60566571
-1.89040462 -748.18164678 49.89524198
-4.46045608 -748.90245181 51.11535458
6.22206252 -745.38682058 44.23869003
-8.66056400 -750.54806667 52.26582079
-10.64067368 -749.74059988 53.60363546
1.75379410 -746.47391552 47.85381779
-13.63244019 -749.66001795 54.18097614
3.66119814 -745.46910245 46.74488831
-5.75440000 -748.52552453 52.06010286
-10.38958817 -748.51165296 56.04632847
-7.55624828 -750.28660805 55.46829049
-13.29703120 -748.24185517 56.02987369
-13.56668188 -745.68781608 57.10669732
-10.52536126 -745.75891874 57.43864339
-7.84131583 -746.37065415 57.68807898
3.68482164 -743.32260760 57.47649806
-1.62398149 -743.02348143 58.98929933
-7.70041288 -742.81445948 58.42331784
-4.51997424 -740.29895326 58.82095905
-52.67855326 -760.70492089 56.84736376
-1.62775312 -739.85981600 58.59834429
-7.60054439 -739.78370891 58.91373018
-26.91736889 -737.93701778 58.59507502
2.55571176 -738.77585882 57.91396534
-0.09887500 -747.18607500 49.15508446
-9.23290000 -750.18705000 55.11685946
-11.97772857 -759.33459388 49.09615334
-15.47013077 -759.29190308 49.09807331
2.23797059 -759.73845882 39.52071314
-15.62683562 -762.52489178 45.88334987
-12.72191442 -764.83030673 42.78108927
-12.82116610 -768.56271780 40.76041793
-16.03720000 -759.15863333 48.88635946
-10.60264284 -764.16488644 42.41949865
-4.57880000 -750.25312500 56.08283446
-22.68296905 -757.53422209 52.83339069
-27.79107143 -761.51829835 51.76202265
-27.54880179 -763.20638429 50.88137732
-27.43636667 -753.07963333 54.97345946
-25.19804913 -754.79225684 53.72699370
-27.87466943 -760.00918631 52.53235468
-25.41198814 -761.48257418 51.65037165
-26.68222500 -765.21905000 49.61453446
-27.74644256 -755.30516205 54.45425382
-27.79724269 -753.91870643 55.19059279
-23.77308077 -746.37927212 54.92059407
-27.59877216 -740.63358935 57.70943094
-28.42127645 -737.45290835 59.54102563
-30.63489721 -745.32884203 56.80324312
-30.36766231 -743.18660218 57.28190588
-30.36590968 -748.20620323 54.73629172
-28.60595544 -745.65805902 56.03439869
-30.30092500 -747.55945000 55.06000321
-29.01692177 -747.41002419 55.09849898
-27.33533800 -746.67917000 54.79607546
-23.75860000 -744.06510000 54.96955946
-48.91666181 -763.16841073 54.28479509
-58.77432194 -763.62549561 54.52654755
-47.50065606 -762.89305072 54.56789150
-56.55842692 -763.42696923 54.77192100
-58.47390088 -762.79929660 55.70956361
-61.02544312 -762.57932936 55.63380671
-49.15408700 -761.63218891 54.86132562
-46.66228276 -761.48369360 54.76195527
-64.43702131 -761.17777926 54.01093275
-38.73779965 -765.67958408 52.63830375
-63.53683179 -760.69243662 55.74584919
-61.70100191 -760.51627550 56.77670952
-58.58431851 -760.80834383 57.26071937
-55.64624349 -760.73015635 57.30388843
-51.87728857 -761.61300857 54.76810803
-46.68824832 -757.84682622 56.23419318
-49.45467478 -757.79861408 57.41605573
-61.52411944 -757.99133274 57.07044501
-43.89941647 -757.32194976 55.67316234
-58.45151135 -759.38670709 58.03978428
-53.58900269 -759.34462527 58.02716053
-54.91268318 -758.95855234 57.95374170
-59.59862724 -757.44907563 57.82547702
-60.18160000 -758.09010000 57.99445946
-43.85035917 -754.46916388 55.89845550
-46.52941685 -754.63706514 57.10318739
-60.95290727 -755.65276364 57.37201400
-40.12321541 -754.25256321 54.69513053
-58.55915903 -754.76369383 57.69000880
-58.17053263 -755.55913421 58.23286472
-52.52594395 -754.74567544 58.57973889
-49.69218901 -754.57625099 58.36897583
-61.15675000 -755.76225000 58.01280946
-56.10646386 -753.60792679 57.80498095
-40.73476140 -751.50028744 56.33781708
-46.56888920 -751.57827711 58.75431366
-52.50791726 -751.62733396 58.46536864
-52.97044875 -752.73027375 57.95423883
-42.77636345 -749.08420000 60.04724650
-46.83479049 -749.78282905 59.88276634
-55.16684721 -749.51983960 59.53633808
-52.54802175 -749.61327054 59.37546478
-49.81143671 -749.81166426 59.58605800
-57.26315556 -750.37680000 59.16438168
-52.71792400 -762.63525200 54.70164746
-63.71099217 -762.75860723 54.30672753
-57.83834364 -753.89760818 53.53617400
-57.46476863 -752.61903922 53.77211044
-55.75057387 -752.18701749 54.20703419
-55.11091185 -754.78915395 53.81210810
-57.95341390 -757.53320386 54.11822934
-53.39548514 -754.43096423 54.18050893
-63.45755797 -762.49625362 55.43218410
-56.54080510 -758.08324968 54.17649640
-52.65691038 -756.68482075 53.83733304
-50.03061111 -755.31741624 54.60788937
-48.18230000 -762.38240000 54.99225946
-40.15851935 -766.07155963 52.70680228
-38.30613244 -763.56045740 53.30624347
-40.28798381 -763.65668670 53.61758802
-39.91272422 -757.86534754 54.70928404
-37.69038136 -754.51801645 53.91801419
-36.46857200 -753.78664000 55.01437946
-40.25796250 -767.04492206 51.82277931
-42.25158000 -760.83938800 54.22734746
-41.66566250 -759.28513750 55.02590946
-37.52355062 -750.67352681 55.51334013
-39.56684180 -749.54373669 57.20798825
-37.76390105 -749.10541841 56.97956246
-41.49491577 -750.61718485 58.36860573
-40.63060718 -748.51385884 59.67696954
-35.89730879 -748.37482912 57.66253473
-37.45537526 -747.99950634 58.45957200
-43.07943561 -747.78774952 61.64568228
-41.04065900 -746.21357292 62.40165584
-42.92054206 -746.39573400 63.11316237
-43.22052208 -745.13669243 64.36759952
-41.72029394 -744.88472424 64.11234279
-43.21408000 -745.69744000 55.59755946
