-50.00097302 -745.10293488 40.44310407
-50.06606495 -743.85619393 55.26643481
-46.09061152 -738.25042471 32.65247011
-48.74560399 -737.72823036 41.48567840
-54.39194987 -738.38290065 47.81798891
-57.83939817 -737.81389833 55.65187723
-48.48417277 -737.96423052 38.51448595
-54.91346732 -737.67507289 50.49542599
-49.63524357 -745.07127643 39.77314500
-43.89923510 -739.84597721 14.44649763
-47.02150480 -740.55527942 35.32769453
-48.37908394 -741.22043494 47.45739547
-47.25355000 -740.50400000 40.26022500
-51.11888503 -735.79087348 53.98757805
-47.78812246 -740.13844555 26.49311164
-45.24633043 -740.41982324 17.51231738
-59.42428963 -739.80205576 55.81658980
-58.75373538 -740.27334115 53.40314548
-44.71568033 -738.20172133 17.63204684
-57.63320915 -740.40127458 50.55830499
-51.36238434 -740.29803016 38.85205071
-45.83259496 -738.73549069 23.41143889
-49.14454958 -742.58110131 47.37576323
-50.67736866 -742.78498525 36.43130749
-53.53257904 -742.78821659 42.22581234
-51.16497903 -741.48835161 51.61798898
-46.18217511 -738.75300122 26.19241966
-45.30188924 -740.20925512 20.39355051
-48.98155620 -740.48764991 35.19050414
-56.72898707 -738.55194618 51.11368855
-51.13009196 -738.61985533 41.82307965
-50.52098114 -740.82705200 36.39556614
-48.34255981 -740.47353290 29.56377187
-56.24950000 -739.02323333 49.07415833
-47.51351509 -739.78684320 24.05188950
-51.72251929 -737.51996030 47.39157195
-47.14852044 -740.50120845 37.84610169
-51.55819273 -743.28310005 53.52836648
-49.26763139 -744.67814062 38.64392755
-51.35894335 -743.61484478 38.94398165
-52.72185804 -745.26211335 43.65755361
-47.62672581 -742.28572258 30.44430048
-45.47982336 -740.74894714 29.43260975
-52.79086918 -744.26517877 58.22237774
-48.57034877 -743.63894400 35.44290772
-54.57902294 -740.52124855 44.63934537
-52.80193030 -744.49368258 43.77264015
-46.20069591 -740.61435815 32.23858851
-44.04297549 -738.62034056 35.73079768
-59.32891190 -738.85649524 56.49559643
-48.72152974 -742.28649848 41.95196491
-45.90328758 -737.93123726 35.55497272
-55.27691282 -745.05443333 46.26565064
-50.30960000 -745.00200000 39.85142500
-59.05334286 -742.10510000 52.20136786
-45.83963169 -737.35228352 41.46976706
-51.95884241 -736.29706214 53.30102243
-48.32775535 -741.14215227 44.18945594
-59.36457373 -741.05088305 54.22204364
-51.02394602 -745.19869203 41.56523801
-48.21714203 -742.79940027 32.67342001
-54.99167646 -736.81790103 53.52853844
-46.54975490 -742.28042448 30.14596154
-59.13774311 -739.47560314 55.39774420
-50.59335662 -742.55301634 47.79980894
-52.57113409 -740.18747297 41.45723270
-48.01670252 -741.09493884 41.59780687
-53.53306508 -738.76747619 45.52819749
-54.47785339 -743.65600824 44.78442671
-44.11925187 -739.34112490 32.91635405
-44.03666429 -739.09285952 34.35257738
-58.08004730 -742.63958949 50.12925882
-57.35893022 -738.02006976 53.88299856
-56.87314565 -743.16998816 48.16864597
-54.08146243 -745.14992633 45.09424068
-56.60687504 -740.57798402 48.26761363
-55.77960090 -740.25901660 46.97456982
-54.73124192 -736.29290029 55.93709101
-55.70590677 -743.51260443 46.60555456
-44.13642979 -739.85808936 23.19273989
-47.77992515 -741.20846519 38.53172992
-53.65211325 -735.87623543 56.44643493
-53.54088412 -741.07426064 42.22234307
-51.72891397 -736.84598988 50.50732384
-52.53448915 -735.76679677 55.70091168
-52.12048618 -744.04139681 40.95750601
-51.83688161 -740.30551782 44.38260431
-46.87776736 -736.58819885 46.55384408
-52.89890802 -736.07037901 55.33841944
-51.72890953 -738.13814786 44.94971702
-51.99584253 -743.90011111 56.12697525
-44.03506397 -738.80809960 17.20513188
-51.46829347 -741.58679691 52.96802446
-51.00921986 -743.01369694 50.75811513
-50.86634426 -741.73907869 47.20721598
-50.51889155 -738.88025775 39.36407852
-45.09758870 -738.46159373 20.39046081
-49.03563668 -742.33917939 44.55630747
-48.75396378 -737.38486293 44.56943573
-48.79984914 -736.96159270 47.20714042
-49.31240777 -736.38311292 50.14330840
-49.95573598 -735.71225143 52.38583780
-48.87298083 -741.36497833 50.39988187
-49.41285874 -743.34341720 53.25026266
-50.20220000 -736.04946818 52.13708864
-49.01961992 -740.61334307 32.43817070
-49.12860783 -742.80532415 50.69471820
-49.36286528 -735.81165677 51.49050513
-48.06053953 -738.25509585 35.55846302
-47.80061447 -738.58108071 32.76935582
-47.62672532 -738.84038766 29.78089123
-47.35040882 -738.96250294 26.31498088
-47.30525625 -739.72947500 21.84173125
-45.43291916 -740.33419358 23.56523685
-46.25251320 -738.54628342 29.84977080
-46.38511869 -736.94246174 44.44319278
-46.91257070 -743.35397548 34.96925175
-45.72202292 -740.75789224 26.49830690
-46.54244802 -742.66871130 32.45928739
-45.59599000 -737.72051979 38.35449953
-45.34820079 -740.31834149 14.58339548
-44.71876206 -738.06659953 14.56440580
-44.12289602 -738.06083731 37.87511460
-44.22227510 -739.55368171 19.58340788
-44.08211264 -739.69396209 17.47844112
-44.11500000 -738.86614694 20.23684541
-43.95789763 -738.65478132 14.22023395
-44.24116667 -738.96368333 33.75824167
-44.24010000 -738.87280000 22.09092500
