-45.48247473 -743.26199412 74.63666639
-21.28888367 -781.23904551 130.56542847
-50.88749348 -746.65319130 109.96585326
-45.96046569 -745.14180335 77.95393688
-22.60006031 -778.81911603 130.48529408
-48.09938235 -749.46301176 94.85636618
-43.53104788 -745.40097803 65.92237848
-62.40475000 -737.70387500 90.66031250
-43.12365096 -747.98703494 78.02025766
-43.68558880 -742.76765012 65.97643856
-33.09624195 -766.28981473 118.96166053
-35.04000639 -754.55729869 110.82215033
-37.48041480 -751.04548540 99.19582981
-29.38702513 -774.26764241 124.13683285
-46.87321900 -748.52525591 92.85067928
-26.36409970 -777.98011335 127.14482381
-64.21863130 -739.76961215 77.96125646
-44.23647847 -742.26802699 50.87381187
-46.17457558 -742.08870939 51.05908996
-38.07900798 -762.19805810 112.02148261
-32.24020370 -776.82909259 124.35766574
-25.08513175 -785.00789406 130.95546808
-35.61467949 -753.06724359 109.29927885
-35.62036944 -748.94227500 98.76959583
-51.90542102 -747.32754873 63.19267596
-43.15317969 -760.30500813 107.92642644
-24.70002813 -778.00699800 128.72854543
-45.23341824 -741.01790068 12.48554189
-61.14401215 -741.46464861 74.67768362
-39.69264683 -764.26983821 112.81853112
-40.98750957 -753.33397552 96.05045353
-37.08014001 -763.31214388 113.66414746
-57.42270135 -747.03369324 66.82067095
-43.07613913 -753.27787804 95.94033062
-49.02365276 -745.41278660 59.84159574
-51.79285067 -748.81746180 113.75318395
-65.05151351 -740.86340811 76.52955203
-39.50498795 -758.36104458 106.83401381
-46.04772813 -741.78465223 36.07553623
-44.28210160 -741.33225753 21.01989053
-45.84564338 -739.46155959 14.86276424
-32.02278800 -769.02859102 120.72962710
-47.89297341 -746.45174104 102.77014639
-53.51890323 -738.10720968 79.82142392
-33.70760676 -760.24705243 116.80440972
-44.26493722 -740.17179777 29.81995485
-44.11269885 -741.29406226 23.66904473
-41.76017778 -742.80426667 82.71193611
-46.16842094 -748.29069991 86.97130975
-45.29242500 -741.05399130 15.18206848
-50.59676333 -749.51427167 112.71793833
-22.57996559 -780.97496206 129.90512950
-49.64405883 -738.69798368 68.78121182
-47.85518033 -748.16004081 99.46594228
-44.10201074 -741.57103269 36.00425064
-42.86430899 -748.14978989 86.31796433
-51.26855958 -737.59549208 74.76270958
-46.84853413 -750.42265893 98.68887087
-45.31836168 -743.06041748 72.14266542
-69.06476514 -738.04791000 81.39794905
-27.11556635 -772.14643916 127.78664572
-45.30298164 -741.09981224 21.00952997
-48.08185636 -745.46823545 57.69304918
-49.15066858 -739.83302972 65.93347504
-47.57166331 -748.93440533 101.57387825
-40.58392852 -745.25283693 83.94502441
-40.37370971 -766.03984344 114.11486953
-41.12659155 -752.93254085 93.97212359
-43.20873961 -756.45274385 102.40558758
-64.59442905 -737.40907935 87.00515226
-40.22989586 -751.25339749 92.94467483
-66.71555904 -736.89408453 88.85084548
-55.64759546 -744.45941006 68.11541632
-30.57156203 -769.13322535 122.49343569
-27.98726485 -772.22860889 125.91174806
-50.63277692 -737.38470769 73.69121731
-23.87462738 -785.89927857 131.52104286
-47.61347097 -749.63745161 103.91819435
-61.54000823 -738.28547678 89.22892750
-26.39139037 -773.26599253 128.23710417
-58.27128155 -740.32107355 77.94347081
-30.76141982 -766.23933098 122.58347799
-46.00962174 -739.52822100 17.84779727
-61.31029177 -738.59293658 86.84764940
-44.33955281 -740.37111506 32.93864267
-30.63473030 -776.45128303 124.58214076
-45.31628998 -741.11781137 17.97079571
-52.84043235 -749.84685294 118.02006912
-63.66115000 -743.24553110 72.81463659
-42.51790000 -749.77030000 82.25572500
-46.04075182 -745.17403021 80.88389564
-39.70492990 -770.46647758 118.62530284
-45.20168536 -747.00693357 75.05611143
-35.61369672 -748.23784426 96.30344631
-44.11665244 -739.29837067 18.05984404
-57.84393932 -740.66753120 75.97979295
-47.85321754 -756.39040439 103.90598465
-48.20482533 -748.33742339 102.00381333
-45.12342368 -740.53695000 54.83262237
-49.90009332 -741.73267444 62.52310995
-44.27938000 -743.91881000 48.25682000
-44.95410889 -743.85649556 48.23893167
-36.59235916 -751.48004822 104.68385449
-31.85333585 -779.54883899 127.63723947
-32.35150224 -760.94906289 119.55262118
-46.49001506 -741.98169338 56.75748843
-45.30159263 -742.41689895 66.03856816
-45.58168474 -740.51775909 41.87309187
-45.94113767 -739.74928965 26.85253334
-38.07327438 -745.84368781 90.34583503
-45.31132622 -742.29229064 62.88056994
-45.60070000 -745.26986972 65.87965749
-44.19027548 -744.08384952 54.06398702
-46.11979326 -739.63661389 20.95370096
-45.93127274 -741.34255577 29.85454785
-47.13545622 -748.35306211 95.87589747
-64.37261030 -741.88160779 74.77060644
-45.07537213 -749.98868279 87.64332828
-37.08040901 -770.19245330 118.89557613
-45.94881000 -740.74338000 46.85023500
-45.79198852 -745.97618052 89.87166048
-48.10417463 -754.92227711 101.56356903
-67.12832475 -737.38841424 83.98424468
-43.55197108 -742.74006797 71.98349643
-45.47092282 -747.34688859 78.01435872
-42.62912524 -745.28918738 71.83559556
-36.90121300 -766.65403715 116.17556921
-34.09788879 -755.50404439 112.77885117
-43.68254727 -747.14177955 72.10909424
-61.26638213 -739.30231322 80.92774833
-50.30186923 -749.04487969 110.41364808
-40.54558764 -756.21425837 102.66341564
-47.77690000 -755.70340000 103.43682500
-50.32485915 -738.09361098 71.31644817
-35.42727046 -762.70184305 114.99338349
-44.44601655 -745.45769209 98.02200126
-64.98670389 -737.60582591 84.30778916
-38.75836667 -772.70796667 121.49002500
-45.81810676 -739.98651954 32.96002250
-48.46841886 -740.41397867 63.05495567
-53.20069365 -749.57824921 118.67865833
-46.02630935 -739.70002614 23.86432114
-45.56422878 -741.07083183 23.76561871
-30.85145125 -772.32528380 122.61704370
-26.41867450 -775.49839367 127.00417075
-27.74250515 -775.01327032 125.75320080
-33.63407531 -777.57188807 125.42476471
-58.27257264 -741.24784377 74.65336641
-53.37701727 -740.97623545 70.91941409
-38.36831216 -759.25762249 108.79547211
-44.24724613 -741.12942258 18.04638855
-31.50511027 -775.26249742 123.51029077
-43.23831677 -757.86803102 104.71128543
-43.40546872 -747.53382676 74.98447173
-43.57734863 -752.67056885 94.72518675
-36.31866738 -757.48458135 110.57327174
-41.46094483 -758.86835172 106.28644569
-50.35547402 -745.22782765 61.84072919
-35.57176800 -752.56804000 109.13181700
-45.80567424 -741.13308740 26.92983636
-46.00974705 -741.52941820 32.85544572
-40.92962328 -750.85185692 90.14629900
-29.30965050 -772.22662063 123.96397563
-44.90563548 -746.85452903 72.91032177
-39.35394331 -771.49989038 119.67707563
-44.58588000 -739.99194000 55.72842900
-40.30016988 -754.20904296 99.09335012
-45.85059367 -746.02882793 92.95780167
-37.30882165 -760.17643367 111.13146733
-37.85428333 -741.78513333 73.41762500
-26.66797500 -773.66497500 127.31737500
-43.38916724 -758.95886724 106.18695572
-46.18203254 -744.71102358 53.89918099
-63.77822034 -738.08346740 83.64388058
-42.98898178 -751.21940987 89.89563531
-45.98032028 -739.86880092 29.77357560
-29.64695429 -766.91549000 124.24968643
-44.24767827 -742.22871069 47.79171300
-45.39785988 -758.89391914 106.24381512
-43.20839510 -742.78339719 74.85929539
-44.03543545 -739.21018351 14.94995704
-47.93176133 -740.65017333 60.83887967
-53.43121765 -747.14903529 64.62488676
-43.16706460 -755.56663964 100.85253997
-32.85976079 -760.95137410 118.71835558
-49.65672449 -746.25553712 107.81165470
-50.51378056 -746.55320278 109.69707222
-35.08370596 -760.02023935 114.21298950
-46.39856662 -755.24392204 101.17407149
-53.05490388 -750.00033023 118.81985601
-41.97752355 -768.56171775 115.90018225
-42.99451333 -752.81382000 94.34146500
-37.73554545 -765.46528679 114.77066443
-46.07621787 -754.05945338 99.00839109
-43.52510000 -746.79300000 66.90872500
-45.43792913 -753.09805171 96.69218642
-61.27147185 -738.88251450 83.80373642
-66.16654597 -741.38942745 75.52793393
-27.50013837 -783.30551274 129.76323256
-66.06070417 -740.84795000 76.51342500
-43.59516478 -765.05874304 112.19825283
-45.83622277 -740.14732652 35.80378779
-45.93042000 -743.66352667 79.79410167
-52.90504591 -741.48462503 68.54836476
-47.54493684 -749.88196667 103.91578114
-66.99233204 -739.65002638 78.00503213
-38.98897871 -745.67467985 88.94153793
-43.22310213 -744.66873857 77.90455427
-45.69062876 -740.32284711 38.82998309
-46.07898960 -745.87649943 86.86588176
-46.01641629 -742.00406731 38.87631054
-61.24749883 -740.02943830 77.98506039
-46.06458605 -742.09348728 41.92646859
-45.57354310 -740.66114532 44.32779621
-45.92291348 -742.07839461 44.99270125
-45.97159187 -742.22544508 47.77060865
-44.23619406 -741.94197931 44.54708153
-45.30158434 -743.98634848 51.29970833
-46.45779065 -742.22755308 53.85197614
-47.82167931 -742.13892069 55.05227328
-48.84705795 -749.84435682 107.78514318
-46.15831916 -744.65050980 56.56875641
-58.37592143 -746.86735714 67.59299643
-48.29192892 -742.37169265 57.14394926
-45.58044408 -740.24689806 57.07586053
-49.12618235 -742.05479422 60.09000711
-49.09862857 -746.94624603 60.58601071
-45.88592261 -741.91158728 59.57360892
-47.81665000 -749.90325833 94.22538333
-46.50331412 -740.23205487 59.88585750
-50.41687000 -747.05906333 61.92124500
-45.11557943 -762.68390362 110.54350443
-43.06978622 -749.32992044 83.70637670
-50.81586842 -737.64463684 73.12640921
-51.45223955 -745.13645236 63.40229287
-51.13383160 -742.67686509 63.41941934
-58.28703449 -745.16691028 68.74759671
-60.60251752 -745.21593162 69.64186966
-61.57484054 -744.32250703 70.90165419
-63.29352081 -744.13731098 71.83344465
-43.76407564 -745.07437291 62.86664970
-55.17906636 -739.01324558 80.88375231
-66.83071053 -740.62918947 76.17403728
-45.73142891 -745.43692465 69.14567558
-67.31477095 -738.40266377 80.94129239
-43.33275146 -745.68658278 69.04264776
-60.19600000 -740.85778529 76.66073382
-43.61046929 -746.95329071 69.50542571
-43.22645975 -763.18468826 110.87805868
-69.55996815 -736.76019306 86.98654626
-45.35546174 -742.77297089 69.04207782
-64.06459449 -738.52572211 80.98126445
-57.72484889 -740.87489333 76.81443833
-69.53752500 -737.75662500 82.26587500
-45.81664082 -745.47983734 71.85678340
-69.40753587 -737.40586771 83.95123935
-69.12089545 -737.89570758 82.82204773
-67.60447034 -737.92597712 82.74833347
-43.54350996 -742.78687583 69.00398284
-58.25030199 -739.80860518 80.94626125
-45.94337324 -745.40930752 74.66074138
-67.16773791 -736.93194601 86.98278336
-58.27145173 -739.30948453 83.78283841
-45.75480129 -743.48056828 77.63813212
-63.16609481 -737.97983140 86.96461292
-37.79106000 -741.61847000 72.70667500
-38.28609491 -756.36611796 105.72004940
-43.61308519 -745.81120557 92.85618723
-42.71332891 -742.81420082 77.90796339
-64.48425064 -737.42818090 89.65366449
-58.55375020 -738.79440390 86.51396255
-41.37582240 -750.27786851 87.50730390
-45.66298414 -747.66476905 81.00090070
-63.25508656 -737.94628490 89.41136146
-36.16526830 -749.32421453 98.80575352
-43.00215498 -748.73347733 80.91002951
-42.11690691 -742.82293733 80.50177231
-46.06702397 -745.46677113 83.76151746
-45.83439324 -748.00083744 83.93803600
-41.53601092 -743.23779244 81.61785315
-42.32197450 -749.99621550 84.46331550
-40.95987991 -743.26703646 83.85183571
-43.02548249 -750.39276849 87.04237024
-46.72653205 -748.25937508 90.06172683
-45.47602659 -750.39113980 90.02416122
-40.10839026 -743.57838701 85.97014058
-47.90821750 -748.97574667 93.19139208
-48.24641091 -753.46424391 99.36453871
-39.78589338 -745.13329317 86.80856716
-46.02038787 -750.91605964 93.08402642
-43.05224054 -752.16195189 92.92456787
-48.07886569 -751.03102628 96.12362841
-46.50498677 -751.61088639 95.66690601
-45.93922700 -746.00571871 95.84483936
-35.72670000 -758.61520000 112.41092500
-42.27407419 -768.01866667 115.06465618
-48.27062719 -752.34719737 97.91554430
-27.69440000 -770.63670000 127.42417500
-47.44212703 -748.30119511 98.69537749
-46.12242560 -745.81682608 98.92980932
-43.23711020 -754.59609578 98.94670241
-46.90808368 -745.69609615 101.81311098
-47.34364079 -749.98011588 101.72116616
-36.79805488 -748.83922732 95.67226228
-38.04771887 -750.41799132 96.13572247
-47.89254833 -755.95507833 103.10365667
-45.81998326 -756.37342376 102.75456177
-46.27757136 -757.52452119 104.74649920
-48.69079580 -748.54916344 104.94230363
-50.39764021 -740.97863402 64.96230644
-48.33877717 -746.04534973 105.00032862
-29.37134074 -767.24910222 124.81554648
-38.51418320 -753.00056400 99.96178420
-47.43040804 -745.43612009 103.83706071
-47.95347907 -749.84496395 105.08812035
-38.13483167 -753.68950050 102.18371513
-36.96543203 -751.24364253 101.86647348
-39.88144697 -755.11485148 101.45150705
-49.57045028 -748.61692350 107.80869207
-35.98183611 -749.57287659 101.11766865
-46.97487455 -758.59381818 106.51976864
-45.82739584 -760.02483356 107.75081286
-37.59998735 -754.33414226 104.76703100
-38.86467101 -755.58059130 103.70862500
-38.42259295 -747.31223568 90.95885672
-40.11021109 -757.24893704 104.81391291
-49.63619259 -749.83438148 109.87745463
-51.21093182 -748.12194628 111.31194243
-45.50158820 -761.53109607 109.62078399
-37.59072803 -748.09370464 93.08012669
-40.31321589 -762.95083153 111.37166731
-37.63022113 -757.15829599 107.97401408
-36.60588216 -754.36325595 107.83479463
-36.26754047 -752.13191284 107.50826132
-52.66389525 -749.28411490 116.65495172
-25.36031116 -775.45463857 128.70427531
-42.60925911 -766.40722212 113.56977905
-35.94699091 -754.95378788 109.80908048
-35.37101667 -752.64723333 109.43680833
-32.68960000 -758.74410000 117.73692500
-35.37964675 -756.77081204 111.82990257
-36.20861527 -760.80311544 112.95844741
-35.69580000 -758.81510000 112.38892500
-40.21000939 -769.13717577 117.12213404
-34.43270035 -757.34064751 113.81634805
-35.82264444 -764.69363333 115.44318056
-34.27134260 -763.31968584 116.82961653
-34.55783282 -766.20820004 117.37039385
-33.44137093 -758.14737149 116.17081194
-34.08365706 -769.42329899 119.36469757
-37.26912500 -771.89155513 120.31276451
-32.64613000 -759.36784667 118.16587833
-32.94858115 -763.41908208 118.93227430
-37.21655447 -773.38037896 121.75376315
-32.19057456 -763.22905288 120.33006333
-32.06824316 -766.26658830 120.40781893
-36.49654470 -774.65000982 122.64917161
-34.17979718 -775.44830252 123.10654353
-31.23401458 -763.89661662 122.17346135
-34.02515068 -776.83537534 124.34791130
-34.72481923 -776.69573077 124.50457885
-29.48676209 -769.58059016 124.01513463
-31.30802563 -778.37830659 125.95556896
-28.74538380 -769.51229181 125.65852123
-30.35951077 -779.93453744 127.19444397
-37.31749666 -768.79392845 117.66763601
-30.52920218 -780.55875974 128.11144376
-43.98351424 -745.68990705 95.69367792
-28.35937902 -781.47000654 128.40913018
-27.00760161 -783.96209194 130.49232016
-25.44947604 -783.87697038 129.77823345
-23.23320250 -778.71520202 129.94709563
-21.99818212 -786.80675093 131.59898925
-20.51879778 -782.32470000 130.80991833
-20.01854008 -787.49660640 131.88478471
-19.63171791 -788.89985970 132.38594440
-41.53105000 -742.11710000 74.02517500
-52.09634705 -742.19080883 65.91790857
-57.39401757 -746.50288514 67.07292635
-52.87672014 -744.72362116 65.37477142
-55.11006113 -747.26930106 65.49657235
-47.90090000 -746.77250000 58.29942500
-41.27619911 -747.35461905 81.16293810
-21.93557041 -784.80788261 130.70759155
-44.08269462 -742.60442455 56.96017267
-41.10971527 -745.20451934 80.81817599
-44.09365847 -739.20884025 20.83337119
-44.55907727 -740.68793182 41.75562273
-55.16652286 -739.71066440 77.93266052
-40.37792951 -748.39925708 86.94579903
-32.34274393 -771.32261589 121.16427453
-44.22318293 -740.97075122 15.06668110
-59.45438889 -743.84185556 70.53059167
-39.62453316 -767.43732968 115.68668944
-41.68730000 -749.80760000 85.26132500
-44.69900000 -740.72210000 43.57772500
-42.09736627 -745.08720375 74.88173705
-44.17140128 -741.12824974 27.02705295
-34.35769680 -771.85237636 120.66236568
-43.13495969 -761.66733141 109.50488887
-49.45206207 -737.67386897 70.08262155
-44.17136801 -740.06803314 26.75977304
-58.19983206 -742.56670324 71.90287771
-44.08992462 -739.43008295 23.93348548
-44.49522949 -740.59825214 38.63272286
-65.57930000 -737.76760000 82.28072500
-44.10342647 -741.42542526 33.00295673
-44.38315159 -740.46140000 35.69505728
-43.86419585 -742.72746098 62.89382322
-50.73285000 -746.43120000 109.27052500
-44.28496917 -740.36476833 54.37200167
-44.16760157 -741.77503297 38.89402288
-39.01431519 -749.30790860 92.08450294
-47.24365439 -739.60962865 65.46440219
-44.17770729 -741.85506677 41.93593221
-41.56988000 -746.98819000 78.82707700
-44.14403595 -742.51200021 53.82927459
-44.00701658 -742.65313069 59.76400223
-46.82563775 -740.07742755 62.57488101
-51.01870110 -740.54595385 66.89515137
-51.54605395 -739.99391275 69.17313715
-50.22662698 -737.61588465 72.01702174
-54.79107731 -742.72464389 69.24457830
-52.14658065 -739.40843704 71.90045063
-25.23054705 -781.15857177 128.62095781
-54.94594773 -745.47059222 66.70784249
-55.28423967 -741.50588963 71.82842563
-52.47394617 -738.86364631 74.68117988
-57.55817143 -743.54185543 70.03779357
-54.03544110 -740.56649178 72.78254829
-35.08987625 -768.22437222 118.09363515
-61.05401400 -742.95358218 72.24663819
-54.79059529 -740.29216682 75.04979908
-56.00831950 -740.94638876 74.30739289
-52.99006362 -738.40566348 77.66603080
-52.25205588 -737.67330294 77.26556176
-41.63842121 -745.17803030 76.09360682
-61.42427768 -740.66049018 76.09497054
-63.71223902 -740.69572439 76.16111768
-41.45886516 -745.34697901 78.01917148
-68.78160000 -738.49300000 79.35332500
-41.68375000 -743.73730000 79.15027500
-55.85533129 -738.83670717 83.39200349
-66.78409286 -737.74171429 82.35177500
-43.75917275 -745.02178773 80.86393984
-35.66984000 -749.44518000 101.11222500
-43.65347921 -745.40242344 83.69679775
-56.61565385 -738.88674615 85.50284808
-43.58136525 -745.69978154 87.02205591
-40.90606470 -747.90276545 83.96050616
-43.41710638 -745.91014040 89.90939332
-42.45187857 -747.15906786 89.86685357
-39.44585957 -748.51142211 89.89901411
-37.08127300 -746.46438441 91.91925580
-47.75808182 -747.68137273 90.95568864
-38.53113333 -749.98045679 94.05313611
-39.53299711 -751.79950975 95.62266326
-39.01270737 -752.41231526 98.01579342
-40.34079665 -759.81717659 108.16215118
-39.79716067 -761.16018089 109.98604830
-41.87509444 -764.69282778 112.47548056
-41.43090000 -767.84931786 115.29906071
-33.99116436 -773.35220718 121.60314517
-28.25608047 -778.37248643 126.46432853
-28.87082541 -780.00044221 127.21088648
-20.25816680 -784.44219080 131.17463580
-22.72341531 -783.69825250 130.10625094
-59.55698571 -738.48507143 88.53818571
-44.14195466 -741.24406943 29.85848122
-26.89071176 -779.68702353 127.42431324
-53.24240000 -737.71570000 79.74202500
-45.59734295 -744.77808634 62.75519042
-44.12397800 -743.99244600 51.05605900
-44.09746566 -744.41004212 56.92173494
-43.90719146 -744.73501379 59.75305917
-44.63196667 -749.72510000 91.56912500
-47.79950370 -749.81028519 102.44198796
-50.69315000 -749.83510000 112.71222500
-50.81720000 -749.81175000 113.04547500
-29.80781250 -766.86861875 124.61234375
-23.91005000 -777.66650000 130.46217500
-69.35050000 -736.39943333 88.44010000
-44.27550000 -743.77450000 46.34482500
-43.84300000 -740.82952000 12.76830500
-45.48782005 -744.45448049 59.89778272
-53.80630000 -747.81000000 64.30532500
-53.82136667 -743.65458333 67.17552500
-32.75010000 -779.09680000 127.44562500
