-37.96270578 -772.15041191 148.29357545
-86.20144827 -806.77763787 239.45303286
-187.68432500 -827.23108917 347.63820667
-68.77166797 -781.14664935 181.71389688
-183.82665556 -826.56050000 345.76667778
-167.37030024 -833.50129410 332.01936580
-144.43288396 -833.42710802 310.43593369
-67.03410000 -775.54445000 171.59245000
-62.68141169 -766.31519610 160.90822338
-72.52494857 -790.51878857 204.84159429
-140.79241779 -829.21144623 320.03001625
-173.29641431 -831.04414676 338.37706106
-185.59862198 -827.40904574 346.58135220
-68.65088555 -789.48070929 200.14929024
-183.74850000 -827.99193488 345.77928372
-47.25533556 -750.13194917 62.31346917
-156.92820000 -832.62410000 333.64700000
-77.43118146 -749.93908323 71.18277594
-185.20084722 -826.56442222 346.16276667
-65.28446410 -755.04736026 65.04653974
-161.53822426 -831.56656614 332.10266161
-94.33071970 -803.92063523 245.95093636
-106.37621071 -810.68671786 269.98470000
-70.11599091 -774.39501818 183.46761818
-71.59107525 -792.43833511 209.13995865
-65.93362763 -774.40904436 167.11160078
-174.87744000 -827.38614000 342.69810000
-184.06013333 -826.50520000 345.42556667
-158.13971772 -832.23026931 326.51513757
-82.22023636 -784.60614545 221.45252727
-112.74230776 -821.93815419 278.98885982
-62.20626000 -778.78809000 228.34038000
-74.46179186 -750.19534070 71.06377340
-184.24311667 -827.50111667 345.57154167
-127.57016280 -828.33251304 294.02417005
-147.20665338 -833.50500042 313.78317257
-163.28426154 -835.34520769 327.52024615
-52.60992284 -754.14884009 92.20212069
-142.46123191 -832.33026383 309.24564043
-120.05650769 -819.00112766 293.23721494
0.74337229 -789.37231464 187.00734065
-71.68422867 -748.48631952 74.92018024
-182.36514040 -827.99814562 344.73195825
-97.33351587 -802.25363492 257.32763175
-83.39958891 -800.93037080 230.26527752
-182.26296827 -826.53243462 344.79207788
-54.59996641 -745.97234609 64.29938984
-164.81037662 -831.56678831 337.37953723
-131.26295159 -826.18206864 305.06313364
-45.20326667 -743.96453053 25.85465064
-111.56097688 -819.88893875 277.01565875
-99.52852976 -813.43003929 259.50837381
-179.67681946 -828.06999431 343.45929147
-106.78721111 -805.26843788 272.07539394
-141.80251000 -828.93751500 321.95537000
-50.13769059 -752.06935804 68.30762157
-180.04005556 -826.59868444 343.92380000
-62.42388355 -784.93383947 186.00015921
-61.32018526 -772.56717368 181.26754316
-158.09616212 -834.48213730 323.57139361
-145.11117143 -832.55625714 312.51974286
-50.84672763 -756.49278337 104.00178631
-173.74947799 -828.51337333 341.07298956
-179.55897701 -829.93312989 343.06647816
-131.23725910 -826.04760675 302.11356735
-58.55944684 -778.78895017 230.28820532
-49.19696667 -781.61296667 277.45620000
-89.47459675 -792.25940325 236.27550599
-112.41733182 -808.35477576 278.41724848
-59.53991296 -771.49193426 176.12506640
-93.68657101 -810.97306449 250.04695435
-170.26066616 -833.12964141 334.88111818
-54.19332960 -782.97684820 245.16682072
-119.50649541 -830.37532018 286.86806330
-178.43234792 -829.04640417 342.46632500
-112.41369375 -809.73944643 279.16255089
-152.37482710 -831.63110219 328.83699478
-168.30047917 -830.11873889 339.91791806
-178.38091176 -830.13157353 342.39925294
-77.54693741 -748.88525918 72.93262449
-48.80751429 -754.52966429 91.20447143
-53.71607433 -762.00712090 116.16728119
-74.53276705 -747.36333157 80.21206679
-55.91436217 -779.79553485 218.06255508
-162.87307500 -832.19063750 336.92263750
-174.83036939 -830.29005918 339.79065714
-176.97366545 -827.27535236 342.96936702
-48.56108649 -784.81852703 293.17346126
-161.49770290 -835.88356812 325.70691159
-176.26261881 -828.56358441 341.68810644
-176.25853036 -830.53562089 340.83223788
-136.53845441 -831.73639804 302.92069804
-141.97090000 -835.79855000 306.80185000
-160.30813333 -832.54202500 327.38534167
-71.14611685 -784.95512127 191.98749309
-49.98422857 -764.31662308 119.33283901
-121.41682976 -820.29499308 293.34717889
-3.44763333 -790.93320000 186.60616667
-172.92180854 -829.48541585 339.30007683
-50.32575405 -784.72600811 281.82908378
-117.26748270 -816.13695829 290.07877156
-6.72248000 -785.16806000 183.39646000
-166.91064029 -832.04091295 332.88457842
-172.16542500 -832.84041875 336.85486250
-172.01160000 -832.84360000 336.73110000
-88.42576833 -792.02600667 233.84713167
-109.28107500 -826.74858750 279.54336250
-160.65895333 -832.78552444 335.27221333
-64.13246400 -774.81792800 177.05496400
-45.28947582 -762.81487353 128.19610000
-170.79145642 -829.02771791 340.61727095
-36.82571111 -768.81008889 144.54527778
-72.57147429 -787.50288571 198.85933714
-103.17366286 -805.26059714 267.47926571
-54.20228879 -746.19268393 61.99633477
-100.00435000 -801.95055000 264.77385000
-89.78588321 -790.27688168 235.88976260
-170.61693758 -830.31176263 337.63138301
-32.81063992 -773.85359653 155.27565096
-170.72846095 -829.52037714 339.20211810
-170.10576285 -831.57461004 335.64526285
-115.11016475 -812.70231230 285.34398443
-98.75401389 -801.84199008 262.67536190
-57.52385000 -778.65645000 249.27200000
-169.20267500 -829.74375625 340.06590000
-164.13360000 -835.72060000 328.22570000
-169.14790000 -833.83220000 333.61370000
-167.48168734 -830.55205312 338.03328449
-59.73614077 -746.77995497 67.79877097
-56.44116061 -770.30670341 146.18073295
-168.92900000 -829.54986667 340.53170000
-111.22171028 -812.97908710 278.02768448
9.23264263 -786.25439469 190.77973780
-108.12860000 -805.60885000 273.72990000
-167.59478449 -830.96148340 335.11910531
-93.96460000 -805.64910000 246.64780000
-158.59713562 -832.03030279 332.13373433
-166.23711000 -834.57892500 330.44561000
-164.48004538 -831.19732202 335.06812101
17.31623333 -798.10905000 189.69266667
-104.87151460 -822.78712071 274.48315996
-54.96495625 -781.96060000 212.33987500
-132.77647843 -833.14286471 297.88560196
-165.47662500 -832.93962237 330.94667368
-64.75612101 -748.24759734 71.88875740
-164.49845873 -831.66239257 332.14831513
-56.61612115 -771.08210880 170.10560068
-164.41171386 -833.94001717 329.38426945
-163.58832208 -832.36860779 330.29217403
-146.14571357 -834.38356707 311.54124651
-163.18610000 -835.70560000 327.32190000
-81.10208316 -799.27447842 226.26429842
-160.05300000 -835.60270000 324.54763333
-161.78683112 -832.04961084 334.90088444
-74.56569540 -748.29838420 74.39411360
-47.99836020 -752.49080033 73.87368528
-161.26249800 -834.35581185 326.48726160
-162.16755524 -833.23656476 328.28326381
-161.31256458 -832.04190333 329.39385792
-57.39631839 -745.87286552 67.12382529
-57.45500000 -766.62495000 153.76370000
-68.69213651 -783.92319742 187.91607123
-160.21589091 -835.95334091 324.43773182
-54.91210065 -782.56784902 218.60287974
-158.97962255 -833.43902732 325.42548647
30.50098533 -797.87740361 188.50030542
-45.76720893 -746.47055893 44.32362589
-98.44405586 -804.24338966 257.18097793
-158.58413789 -831.72397357 329.06821479
-151.27437000 -836.65274000 315.50907000
-99.50373033 -819.57444431 262.55863791
-54.35456588 -785.21302038 245.10505261
-59.39660455 -779.46506392 170.26920142
-158.86496786 -832.82667619 334.28171548
-129.62245161 -826.71981935 309.29603226
-159.38851273 -832.50696364 333.93538364
-17.35082973 -784.29666261 180.95239820
-158.50919854 -836.07120049 322.81678927
-61.86200966 -770.66390379 149.41692586
-98.63222959 -818.95462165 260.35355835
-157.52766538 -832.80221154 333.41198846
-67.29894622 -776.60495798 170.56192941
-121.68603195 -828.10458757 288.06735799
-101.52195828 -819.15834530 266.10179944
-60.69022936 -783.28767798 181.75721835
-157.14416087 -836.23858696 321.45140000
-61.70713636 -778.75387172 230.37308283
-129.02362318 -828.03848333 295.91294617
-85.06780000 -747.01040000 78.98330000
-46.35456905 -739.60317381 15.92725714
-54.99400000 -774.01830000 156.75940000
-50.75786914 -764.07673580 116.50820864
-157.04380000 -832.56770000 324.25675000
-74.23598619 -777.76651286 199.94133095
-59.52400413 -767.95102765 140.28539819
-155.33643298 -831.73451418 325.82310311
-65.25837071 -775.81575152 188.32072525
-86.26661158 -809.83220796 242.33021918
-91.48054250 -815.07138625 249.37736125
-155.49759034 -831.72522446 329.09232661
-61.97804272 -768.00313625 155.12617314
-155.66177269 -832.27233423 331.56645808
-134.64525509 -828.75363812 314.07243992
-156.03883849 -833.49917007 322.71479622
-155.58882564 -836.19599048 319.99466484
-91.01460000 -793.74260000 240.56850000
-155.04188619 -834.66173249 320.62025467
-55.93944050 -777.04829616 194.14344798
-64.12940000 -775.63606000 195.74386000
-80.41083251 -794.79152694 218.11100353
-156.37559231 -832.76571538 332.73027308
-155.27173289 -832.21106011 323.85181267
-70.46678980 -780.34822401 182.48944243
-134.60097927 -827.74523509 305.02437847
-154.10153200 -836.45868400 318.39727200
-152.46416106 -836.27209470 316.92369626
-153.91401000 -832.77135000 321.81582000
-84.88029697 -786.79942727 225.91402424
-55.65403305 -779.90834578 212.15712117
-53.94561355 -768.78347647 143.11794373
-90.36650000 -790.59566667 237.88720000
3.97003855 -782.69812289 190.27578886
-111.96046667 -811.42233333 279.67196667
-78.29669143 -802.26481429 229.08003619
-59.12997870 -768.17403944 158.24352183
-51.86451739 -763.43666087 127.63520435
-152.58979903 -831.40322880 326.33348367
-72.84385667 -779.94733167 193.13067167
-152.96790077 -833.59702226 319.76773589
15.60971964 -797.08509702 189.49683095
-54.01032945 -783.02104066 248.12426835
-118.94009410 -819.75201548 287.30430295
-102.53438412 -822.31035029 271.63372029
-153.53371053 -832.11874211 331.00332105
-152.53542168 -831.62978031 323.06202425
-151.95175512 -834.63186803 317.57886004
-93.23719684 -813.37585294 250.38621329
-151.93536818 -832.12009303 320.76173909
-74.39385211 -797.13590580 218.77000739
-149.98222778 -833.58642088 316.72210977
-117.59623409 -830.02784773 285.84626591
-90.22301883 -804.87345045 241.48621906
-149.56643513 -831.39612804 320.02897442
-149.51518475 -831.06870508 326.17261435
-115.57418361 -816.61562083 284.47423750
-51.83428493 -762.66259041 125.04529589
-150.22509091 -831.41637789 328.25817297
-149.52426637 -831.00412173 323.13260595
-105.69025000 -804.91362870 270.93928796
-149.54701314 -836.29821959 313.90908608
-150.86580000 -832.74872000 318.77646000
-146.82211892 -836.26277613 311.17006577
-49.74056818 -757.27156727 118.64565545
-148.94508777 -834.54602245 314.52468331
-148.98806404 -832.07689006 317.71820848
-129.59240702 -827.03440000 310.28715439
-79.29698144 -789.66832062 209.64106392
-148.25482917 -836.48236250 312.52907917
-138.62338182 -833.54294298 304.17642066
-137.60667562 -829.27739042 316.99764875
-50.63233602 -749.95575818 71.19288205
-146.50971621 -830.58945776 320.14501879
-115.74365473 -822.17253757 281.77312012
-121.75266689 -830.75669007 288.29590331
-52.49794634 -757.03441382 112.36662114
-43.61273528 -768.95410092 136.84052822
-146.51226802 -830.32659261 323.20890513
-66.89432857 -790.76025714 203.92659524
-69.57225747 -784.46166552 190.10942299
-52.98142857 -784.74018095 262.96032857
-52.80003385 -747.53481808 56.45641115
-19.19421000 -773.01155500 171.90077500
-61.59155513 -768.65063141 149.33100673
-57.17281413 -779.31751573 185.24269707
-17.65125808 -771.60941288 173.74394040
-146.60351940 -831.19340898 316.94432695
-62.55535803 -774.11292409 188.14159623
-147.97565000 -832.71162500 315.76857500
-126.65551290 -824.91175806 307.07345161
-102.56661698 -806.47627987 265.59159811
-78.40056231 -793.30547923 214.20876000
-95.96599514 -816.20361544 254.19911577
-66.91055455 -790.80411818 205.00360000
-146.83997896 -830.35936089 325.56645718
-110.25419686 -824.96742730 278.99913077
-61.14510000 -769.69300000 144.62610000
-49.27113061 -741.46008601 17.01283178
-66.00475000 -787.38999833 193.38733500
-94.12186667 -802.07378333 246.28207121
-146.04093725 -831.96885980 314.64184608
-56.57233029 -746.54709714 64.97176780
-78.90491250 -788.00108750 210.80513750
-145.15336667 -829.61976667 324.99770000
-100.47721074 -818.75826281 263.80969752
-94.54540796 -801.29539613 248.14298882
-59.02233475 -778.80588072 236.05590487
9.66727975 -796.89960253 189.03417468
-91.73928724 -798.24184803 242.20192383
-81.67012954 -792.48501013 217.19002278
-145.12771111 -836.24733333 309.42937778
-57.99660000 -778.66960000 237.25160000
-145.02442500 -835.50962500 309.55677500
-145.02880000 -829.64670000 324.29840000
-69.93702000 -772.45076000 184.17244000
-43.65879653 -762.29982293 136.75917840
-74.87023191 -780.11668213 200.25702170
-51.16258182 -784.71285000 277.46666818
-105.51148918 -809.82621287 268.82161871
-93.19293830 -804.50573106 244.65467060
-144.70337778 -829.80898081 322.57195253
-143.58565889 -830.16966003 317.21583393
-108.53271633 -807.28819633 274.14874300
-49.92369281 -751.49781976 82.21471437
-143.56917261 -830.63216226 314.06175159
-85.50199182 -800.06508182 231.00490091
-142.15745000 -836.39955000 306.59605000
-120.06290598 -825.20678605 286.50357110
-87.33193897 -802.06626655 235.37566069
-62.46156594 -783.13660757 182.23161135
-70.18326875 -777.52808333 183.17231042
-143.82792200 -829.96973922 319.82095033
-144.97176667 -829.58470000 324.88100000
-47.43729827 -749.48070520 56.05577457
-71.55123698 -791.35505484 206.10193863
-51.39534835 -757.76419890 96.10349780
-113.18273343 -827.51416167 281.94428847
-143.52493120 -836.12850800 308.03391840
-56.15092544 -747.46597707 62.43343797
-86.48171829 -801.09281493 233.32462177
-143.24550904 -831.68602369 311.34189518
-71.47171487 -788.76631844 200.12493555
-74.56083310 -795.25413910 215.24381800
-141.41291950 -833.63305346 307.21278491
-52.58505115 -753.18622137 83.16379351
-143.58393610 -829.33619385 322.80767353
-126.22482733 -828.10504596 292.49489317
-143.17127059 -834.31839974 308.49349412
-79.86167674 -748.78810000 72.96868372
-138.58964000 -830.05966933 307.26266133
-144.84080000 -829.67750000 324.93380000
-142.67522560 -829.46487040 320.48234560
-77.32981344 -748.01761747 74.38016317
-141.56944539 -829.80979474 313.97934013
-59.54688994 -773.09644439 185.07153988
-59.33587581 -765.09030568 146.17557938
-80.71700000 -786.05259536 218.15890928
-141.27146688 -830.27305844 310.97078539
-90.95676364 -796.94596364 240.72730909
-141.70410694 -829.73846528 316.88223472
-107.11987885 -818.78989134 272.52971968
-140.39712672 -831.25427672 308.23688740
-53.27730381 -758.71624589 101.12996633
-140.80741667 -835.95339048 305.35469762
-125.11636487 -822.84539832 296.18541261
-59.20710617 -781.91910749 191.79964405
-50.50967129 -746.62149226 50.08960903
-48.21786763 -748.36749820 64.91416295
-140.35309501 -829.45440771 317.16070113
-90.75646842 -810.97433368 246.94707053
-21.28777897 -779.15370627 171.12964797
-74.49349632 -792.13220929 209.12579990
-103.75252201 -815.88666541 266.73935723
-108.19622623 -813.01294303 271.93286086
-140.08117160 -834.35625394 305.41773389
-58.28446529 -779.05972397 247.43961653
-56.60109342 -762.46852697 137.07772777
-57.90201429 -781.72754286 192.35621429
-69.45612897 -772.05376636 182.00513738
-140.12222421 -829.33634661 314.17821448
-65.31429059 -788.09487735 194.59155382
-53.51868283 -761.24173433 112.98989809
-83.91401007 -809.19633758 239.70233960
-139.89032340 -829.33842758 311.26427604
-64.53330000 -784.79798571 186.41220000
-139.40434394 -832.14464697 306.14573333
-139.30852821 -829.38351026 309.25783846
-64.21151803 -771.86595902 161.18624426
-76.49919184 -793.82178980 213.25320000
-139.19825000 -835.82363333 303.50488333
-100.18887727 -815.30375000 261.36034773
-92.00154307 -803.82247685 242.39757147
-101.90183302 -807.16971163 263.11006163
-11.29767787 -788.54031830 184.61374404
-139.09797778 -835.39180000 303.52270000
-62.55314618 -777.50768966 212.13541416
-96.71931837 -818.32255918 256.19721224
-105.86405500 -806.85615917 270.90385667
-57.57058421 -762.66709605 142.89454781
-137.56125945 -828.57446082 311.16272973
-61.74545894 -747.96044575 68.70427243
-107.04736885 -807.16607617 272.37377768
-50.35375396 -751.25077495 80.17684732
-138.47324921 -829.26161429 319.15609048
-56.65750115 -780.23468230 191.25120734
-77.46118836 -797.64309171 221.13941064
-22.66428960 -778.23498786 169.19866994
-137.43777515 -828.69930316 308.26032012
-94.35304533 -798.39489840 251.29993013
-137.51308364 -828.87461372 314.11028612
-104.99203549 -816.53863300 268.68205207
-73.02445000 -783.25450000 188.94740000
-137.67540654 -831.03226846 304.95460250
-116.33579619 -816.20838538 287.07626398
-58.91854174 -778.57384174 241.82925304
-56.41567314 -764.34189091 125.09679215
-138.41452857 -835.76978571 302.58757143
-69.91502632 -774.00363684 184.01937895
-91.50772646 -792.80774568 241.93404652
-63.51061925 -771.11675321 158.13952540
-137.33682694 -834.12099244 302.24611589
-125.56275714 -832.79648571 291.29728571
-4.79224393 -779.97502150 184.41557196
-136.58418883 -828.99731878 305.65556954
-58.10852000 -763.98567000 125.77618000
-137.03810000 -829.69740000 318.07580000
-3.73018049 -777.86475610 186.22294634
-134.58306262 -828.01646958 311.15355865
-135.16079320 -830.91210504 301.77304861
-57.00892209 -777.81190090 209.19011925
-134.54891352 -827.57537575 308.08273176
-128.40921505 -825.21679248 305.12309326
-76.07845000 -786.38895000 198.46260000
-135.43867826 -829.20322717 316.18490761
-59.01653547 -778.83347226 239.30150264
-91.26117879 -802.86843939 240.35631818
-135.73530462 -833.36418462 300.91624769
-134.39861986 -833.86215841 299.26860000
-59.50610934 -770.98357489 173.15508686
-60.63278333 -767.36141795 145.83216218
-100.80551943 -807.19246550 260.05455917
-99.89357879 -805.93362424 259.04100303
-48.47101523 -764.38877107 122.57236041
-134.01747755 -828.37674408 302.38064082
-133.72263038 -831.41095015 299.70814720
-64.21443143 -768.50516514 164.63682971
-113.28523635 -819.23936659 278.53386438
-74.28655856 -794.06584212 212.81527703
-133.31886000 -829.43423000 300.37244500
-115.15465263 -817.53737368 282.13851579
-131.55000556 -828.12533278 299.09293068
-132.62857862 -827.16935283 301.72499623
-47.58998750 -749.14322232 53.24911250
-131.60938564 -827.71184604 311.07544579
-51.78113700 -761.92552600 121.89148000
-96.38722819 -804.05997831 251.09009590
-100.66759970 -812.96066545 260.75738303
-132.44947470 -828.53963735 313.16837831
-78.55944167 -799.66002500 225.86252500
0.71960214 -783.08029387 187.90177004
-82.49573122 -786.10546217 221.85025979
-56.85776702 -774.51201140 188.06039754
-132.35057323 -830.84410226 298.42534548
-131.80405593 -826.95854134 308.40313374
-132.72294624 -826.78941828 305.27182796
-99.88088571 -816.97202143 261.86614524
-53.37270669 -756.60645063 104.09688305
-131.57445018 -833.49356400 296.42255709
-103.51754513 -807.48155153 266.61504958
-54.93092647 -781.17034706 221.59586176
-49.46042947 -765.10156421 121.79396000
-130.79185185 -826.44302074 307.33452148
-82.52312651 -748.00271928 74.98796747
-55.15900000 -763.77658000 138.46094000
-103.07585000 -817.70532500 267.31465000
-130.97841596 -831.31676908 296.67014464
-55.76785599 -774.28725339 173.11955417
-130.62974729 -825.98281191 299.61402960
-53.35243986 -783.14956570 254.10028551
-56.46480000 -775.70150000 159.61180000
-130.40029813 -828.88370748 297.16368411
-71.98692764 -774.97565678 191.15018392
-98.90930473 -810.52420434 256.77842801
-54.54982626 -765.36760455 143.15113384
-128.54807975 -824.80699329 299.08058199
-87.85154500 -790.11936000 231.88197000
-59.62421730 -778.54346090 235.99976382
-129.46825198 -830.96837103 295.19601984
-129.84062286 -833.13388571 294.82525143
-55.08407532 -783.90512987 224.05124026
-54.66412047 -772.06551496 151.80430787
-128.45736788 -824.77277854 302.09690547
-128.52101837 -825.89956465 307.87094837
-128.65678140 -833.13606047 293.73347132
-47.55179034 -747.18603342 56.20584987
-128.06775396 -825.15759832 296.37529299
-128.01399176 -831.30850577 293.66950934
-117.21710625 -814.48614375 292.05005000
-128.84815000 -826.53489167 309.78696667
-84.03499278 -807.65629577 238.54233292
-59.49949964 -774.20916591 191.22047743
-47.98962110 -784.85556942 296.06612355
-127.23168293 -826.09640244 294.47675366
-96.85450083 -803.17566500 253.44056417
-23.63116057 -779.62859900 170.37174742
-94.15796667 -808.94295417 249.44980417
-126.61376256 -823.94755764 295.91380837
-97.44944892 -804.29222701 253.87126419
-125.27744880 -822.86177206 299.11983302
-48.71858600 -783.19712731 283.96608894
-126.18944927 -824.23920583 305.14916675
-56.99666448 -766.45281284 151.62840792
-126.52591935 -823.92197581 302.36493669
-50.59639603 -746.96363968 56.03643413
-124.12831667 -823.16753889 291.33703889
-125.88045345 -825.06072055 293.08827564
-126.78640000 -823.80065556 299.19322130
-7.29883750 -791.06557500 186.68132500
-124.84645231 -823.23668462 304.31736821
-78.60206183 -785.75920840 211.80850763
-76.66768552 -783.33154299 206.10280905
-120.73240000 -820.89194032 289.26179839
-126.51945833 -832.88917083 292.08159167
-118.52210942 -825.11845290 285.08417609
-57.06480921 -776.22690724 173.34463882
-106.97259599 -813.19557368 269.24667111
-56.60793333 -761.88040670 131.15779143
-126.29580437 -831.01363689 292.13118155
-112.19761379 -823.84392759 279.49365517
-80.15053599 -746.41729863 82.51944121
-125.07272546 -822.99200686 302.04698018
-63.72360000 -751.92320000 66.76840625
-124.80720424 -823.06496658 293.34734763
-124.90668044 -831.11590923 290.80264133
-77.51898006 -801.23083353 227.08955723
-124.79754630 -828.23539398 290.90337731
-50.45414023 -753.78728046 77.11833534
-118.45285155 -820.14374536 285.02450825
-123.14142657 -828.16436220 289.30558898
-79.30891228 -786.82422105 212.63382105
-124.45221276 -825.36125510 290.99195357
-47.55762754 -765.04078703 125.13490978
-77.53179069 -746.87644118 80.15455458
-123.09668986 -821.38136977 296.13990973
-123.25083627 -825.03884201 289.69439139
-123.16415255 -821.38421451 299.19700627
-50.50152090 -753.22994802 74.29630960
-79.15765789 -791.04675263 210.23333684
-55.08060000 -785.71708333 235.80795000
-58.09212692 -763.54826923 127.96308846
-37.62231974 -774.62182468 151.36400208
-122.98459691 -830.79723089 289.19527104
-104.18846505 -804.58832748 269.09437196
-122.79531337 -821.57076999 292.97160614
-58.75715169 -777.51861780 176.22342542
-123.19157831 -821.64831388 301.83430933
-14.12975000 -784.74660000 180.59100000
-85.05395000 -786.32285000 225.56675000
-55.42878109 -770.54833930 155.15419950
-122.49860896 -822.18353067 290.32641325
-50.56415130 -756.11649193 101.10064258
-108.54774884 -810.00479133 274.33272139
-45.45347276 -744.76318065 34.96011004
-123.93285455 -822.47666364 303.90498182
-121.66550376 -825.15956808 288.02877606
-121.67338740 -820.14406712 299.03922164
-58.25385703 -763.35250703 143.15610078
-121.60775719 -820.09512907 296.19065655
30.55690311 -795.16970886 188.37007294
-95.27655480 -804.22471107 248.09954133
-47.36795068 -784.52333151 298.61454384
-64.48976407 -774.95437047 182.31825627
-78.74843000 -804.42519000 231.96417333
-121.92105652 -820.50926087 300.94161739
-71.50261124 -750.06346654 71.12992324
-60.14331011 -765.24599949 151.98129912
-121.36150818 -822.44081761 288.16795346
-89.27560773 -803.87463419 239.37773970
-121.21186538 -820.54409615 291.14755385
-62.86458398 -747.11861347 71.24710801
-77.58765474 -798.93587038 223.65942180
-85.63190741 -789.09050079 227.57576217
-120.16918159 -821.89030023 286.98408741
-81.45945595 -784.33190000 220.30625833
-35.05861050 -776.59257025 155.17655850
-120.55593667 -819.03030200 298.35736733
-120.10238226 -818.63588283 295.91159566
-49.35930000 -748.61666111 66.96128889
-77.50287301 -792.55741046 212.02949536
-55.99375923 -773.88545554 179.40956716
-119.54825718 -828.29677037 286.54179259
-56.65145991 -768.84789267 161.02209397
-49.90829614 -747.65357838 59.29557529
-100.08394286 -802.42966429 264.52003571
-118.95597778 -817.10732434 295.55015291
-56.49086902 -773.78513415 182.29136865
-80.07736763 -783.84953750 217.84388782
-114.57339661 -819.29482585 280.16815466
1.06019635 -786.19323391 187.10795601
-119.46694115 -819.20969669 290.12729942
-53.44951705 -764.70157303 128.21105802
-80.34495554 -800.46520277 227.49058598
-118.46046100 -816.89407884 293.33436473
-90.19581616 -795.09570158 239.07533351
-101.58066390 -810.18205487 260.05725487
-118.65331373 -822.24609118 285.00601373
-6.13796468 -783.10908067 182.94994349
-56.41616050 -765.41984802 146.26437526
-50.67265548 -759.11799035 107.08033158
-118.31558605 -827.49740000 285.40792791
-110.78839819 -822.42022435 277.79740079
-118.21256481 -817.40991667 291.02649630
-96.11356567 -800.62249963 256.76540168
-92.71347134 -798.16037414 245.20509885
-49.66083482 -781.43037946 274.77347946
-92.38690363 -801.25846608 242.27028439
-117.95529000 -817.77468000 289.11097000
8.68542326 -784.08784651 192.16373721
-91.35241639 -801.25301213 239.78570328
-67.12580000 -769.51837143 174.25168571
-117.55254167 -818.30892135 286.80641823
-68.76034813 -774.13466589 179.09523972
-76.43116216 -781.50722162 211.25136757
-94.07690000 -796.66300000 252.77100000
-117.64844590 -815.57551038 292.48616721
-116.66268684 -825.35357128 283.55612342
-54.65381398 -785.45512578 233.17422609
-73.66420269 -785.31270778 194.56585539
-68.83533923 -786.83960259 194.04332131
-116.89628346 -818.95678406 284.02180571
-76.59392045 -751.25057500 69.41092273
-7.58982573 -775.15070534 181.07942816
-117.24662500 -822.21270729 283.46217674
-76.10646154 -781.38006538 206.51298846
-116.38145307 -828.04125742 284.43378096
-64.15680000 -787.69860000 192.61140000
-117.64053214 -829.29390357 285.77137500
-47.38355798 -750.33518655 65.06589459
-116.53295000 -813.86019530 289.78744872
-116.70944286 -829.82756786 285.28819286
-44.40885905 -743.11701476 17.04921811
-115.68939550 -819.18049170 281.68430173
-83.18487925 -747.24138983 77.25883880
-23.59126612 -769.45612562 169.45074463
-115.45471223 -824.63485106 282.23515585
-108.58032159 -823.27421932 276.97049773
-50.93662996 -780.90849326 268.96359101
-93.89697705 -800.15340328 247.10039016
-40.44095000 -763.59310000 145.00615000
-115.63291019 -813.15219965 286.88435483
-59.57716056 -770.41473021 170.09587551
-115.52658214 -811.48424286 285.93182857
-57.64149069 -778.49588057 223.93820162
-96.16489923 -801.38926710 254.43193907
-115.23605385 -811.17031608 284.80486154
-59.53298393 -774.69875433 194.24638964
-70.79805460 -790.81433736 204.17882931
-87.66797019 -794.89019135 232.51659567
-109.58721196 -810.08551353 275.81751431
-55.21530098 -783.42866732 217.77812024
-71.39048847 -752.82055072 67.94576772
-114.48539614 -828.23266377 283.21017633
-114.05735146 -822.35649367 280.27419416
-109.59485000 -821.32651266 276.21659367
-111.18801299 -825.89351266 279.97826883
-114.42894330 -813.14888843 283.99061873
-113.52077987 -825.14602250 281.05987919
-57.55276499 -778.41499888 221.12051401
-54.74529872 -781.18028340 239.31141234
-100.75593833 -802.40438667 265.41012667
-75.06717352 -799.32251887 223.25362197
-114.60784401 -810.96091232 283.38026620
-114.63237884 -815.44122063 283.69881323
-103.70818578 -812.52196765 263.85735980
-103.98969875 -821.60044502 272.52346059
-49.00120000 -754.68380000 81.20190000
-113.81951194 -816.10279238 280.85524524
-96.59905726 -800.60004615 259.42447778
-101.08046884 -816.19052088 263.27446097
-48.49881231 -753.22257902 82.87241619
-50.43033473 -755.53357636 86.21686891
-114.97960000 -826.67120000 282.71820000
3.59384004 -794.65218862 187.84720438
-80.68665530 -801.87705819 229.84053526
-113.61708957 -810.52380657 281.29909918
-54.72737077 -781.18135200 242.11581969
-112.88326915 -816.43992713 278.42693326
-48.05271635 -761.67873652 119.38789023
-113.11246895 -813.07547175 281.40509470
-62.66997386 -784.17611033 184.61462401
-98.33945642 -807.07749665 254.00521732
-51.77210000 -784.71493333 273.07428889
-112.12633721 -813.83989535 279.26606744
-61.62425433 -772.36924896 178.92591045
-51.26268077 -754.54734327 97.11381538
-112.10491818 -816.98890000 276.24545455
-49.46798333 -748.91605185 50.40291111
-112.14223750 -817.83833750 276.47913750
-74.14302481 -788.06841011 200.84845324
-110.83380000 -816.14024951 275.00164383
-40.27701053 -769.47478947 141.95708947
-111.36366719 -808.10474635 277.23397292
-47.71829099 -742.42362082 31.75871009
-50.24202412 -781.17058693 271.98619196
-111.69295648 -815.22939815 277.27136204
-71.51278925 -793.35519731 211.29569032
-76.06883333 -787.93640000 201.34583333
-54.70077400 -763.45923200 136.34509600
-111.01764524 -810.22926354 277.73831391
-94.99094365 -810.12149661 251.22848174
-111.96974286 -812.17914286 279.75851429
-59.59484067 -772.46286468 181.86106131
-44.98554413 -743.66303778 23.08090730
-49.61217344 -743.04688594 23.51052813
-110.24734426 -819.06446349 275.36148417
-110.84991149 -827.16132797 280.57204023
-29.94765121 -768.16081734 158.21743528
-109.91104588 -807.57451723 275.59419120
-68.46797883 -747.53363138 77.01926175
-109.93680960 -813.24671169 275.35144119
-71.49411860 -785.80321160 194.08073932
-65.21841643 -776.54116196 167.30298268
-90.98696000 -793.45642000 240.86008000
-109.47934129 -815.92660644 272.90791174
-74.25139217 -786.14419635 197.33471781
-69.53511702 -787.49482872 196.10277553
-102.03346152 -813.44129124 262.80224217
-109.21282593 -814.11963580 273.14546173
-31.41393790 -778.01204612 160.22213653
-55.53121667 -745.58413333 66.23701667
-34.56501343 -767.78006716 151.47645112
-63.06293490 -773.20251946 173.49769463
-78.45148775 -783.27620232 214.65969238
-87.64587671 -792.37549438 232.47101084
-49.39233798 -784.37180233 283.90466240
-109.13173636 -817.75684545 273.42592727
-107.83587001 -824.98113530 277.79597533
-107.43129736 -822.12727299 275.39008417
-108.21626520 -819.85289377 274.22006044
-45.43170000 -767.27317183 131.79671479
-88.10840000 -788.69929000 231.32649000
-58.93580000 -772.59910000 183.64120000
-102.88930000 -823.04676667 273.72926667
-62.76039231 -772.95644615 170.57601538
-107.95792087 -816.53208620 271.63408700
-2.87656882 -778.16688925 187.31535484
-108.82415238 -812.21934127 273.93531587
-108.95655000 -826.73535000 279.43695000
-88.72163731 -812.48311940 246.10490336
-80.73453027 -804.45363568 232.94106500
-66.59275783 -769.31527952 172.68041084
-55.60446979 -771.07587595 158.16083636
-49.94258413 -759.05147492 118.99763937
-108.94150000 -826.40420000 279.65860000
-95.26869240 -799.18671680 256.70469720
-42.83039000 -765.10207750 132.02060500
-107.25583344 -810.07489049 272.11717401
-71.50456933 -777.23183111 188.29890889
-57.33501148 -777.71972787 164.01483388
-52.56004442 -783.35535513 260.20595223
-106.72951157 -815.77122255 269.84920445
-50.74853811 -759.01256896 110.18694047
-85.67830319 -797.52040319 227.48867508
-106.50480652 -823.95790652 276.39380435
-93.15111705 -795.44674864 247.81724147
-106.24357222 -820.82338333 273.49029444
16.31544615 -790.85280769 189.72290769
-106.19628718 -813.29535897 267.37835128
-62.54270414 -777.16766277 209.12096858
-94.72452782 -798.42879120 254.06255986
-105.10280056 -824.04551186 275.71744746
-77.19488925 -799.96822897 225.08241262
-97.65040523 -816.06967787 257.01672173
-104.98538149 -819.72848478 271.54883668
21.31341973 -797.72070850 189.17579932
-105.81614857 -813.29498286 267.83344857
-93.89416042 -797.16292396 250.33223438
-56.86876297 -782.96350072 200.17489714
-104.77534846 -813.33598055 265.97242440
-104.83460315 -807.11385120 269.26073273
-48.41396154 -751.76041538 65.85977692
-105.89273000 -824.71840500 276.79248500
-51.87885714 -763.87994286 128.99211429
-100.09624286 -820.79631429 264.46235714
-57.02128346 -776.49381346 161.42124423
-45.81421091 -747.31177636 50.12096727
-102.50362388 -819.78392806 268.56682328
-99.59627638 -803.33004331 262.48549685
-53.90817150 -762.43688000 131.19522950
-69.96485000 -777.09122500 183.73857500
-90.77782619 -814.87212381 248.85094048
-105.94156667 -808.82506667 270.65920000
-96.04161172 -807.63371531 250.87951844
-9.46360267 -781.99167600 180.17893467
-46.92387567 -747.46031749 47.33629240
-8.41721057 -783.29686775 181.76901518
-103.95560447 -818.76308560 269.49163825
-93.27577852 -807.64398850 247.55505249
-58.94759337 -769.52140663 166.21239235
-104.45194139 -810.19636264 266.06983059
-103.53586565 -810.45361336 263.55929313
-103.09456667 -820.78808333 270.53036667
-103.03610000 -808.58480000 264.34240000
-102.35270020 -816.59721224 265.56639857
-102.65681974 -809.68915658 262.32976842
-54.87128333 -771.65308333 154.42851667
-48.68969457 -761.18164674 116.86468152
-102.87422500 -814.45847500 264.80443750
-50.53983078 -753.73520497 92.05472639
-102.87710357 -803.61850357 267.80566429
-65.43558699 -785.26678000 188.43294265
-58.96311884 -776.62122464 173.15035652
-54.20405484 -763.76790000 123.15349032
-101.79065494 -821.57319144 269.24577814
-59.03164620 -767.52486076 137.42155633
-101.93088410 -804.07373508 266.13804423
-77.25672795 -791.31493554 209.54190614
-100.63461344 -804.50381156 263.40439875
-100.61317915 -821.23033485 266.37539251
-78.20807898 -803.33471492 230.23382644
-100.42083033 -809.48447705 257.69471230
-100.26084810 -807.87427571 257.71202524
-99.58531369 -806.82860244 257.05536675
-61.39200000 -775.77440000 162.44117500
-100.18670789 -805.37527105 260.82205000
-59.23260269 -765.22447312 140.03981640
-99.79907778 -811.51426667 258.91941111
-99.21407663 -816.29440086 260.16231942
-53.46466580 -762.61998599 119.12658646
-99.58894024 -820.91223780 263.80824146
-54.49705969 -782.93585566 233.17246411
-62.98716657 -785.69187791 188.03246948
-62.60730744 -768.03200974 158.31588179
-99.88438846 -821.26379615 265.24072692
-78.07069782 -786.20369685 209.11825303
-44.11808290 -770.17830595 137.58639665
-65.66990788 -782.36994839 182.24255450
-81.92280000 -807.97380000 237.68440000
-57.66110250 -769.56650000 165.90789750
-99.11391072 -804.03513230 260.00600268
-70.04225000 -772.42800000 183.40548333
-68.60831434 -790.34998851 202.70888092
-42.93370000 -742.86570000 19.50190000
-48.77914148 -755.18679037 91.66050370
-52.04070000 -751.60680000 78.67080000
-85.35213333 -802.90464706 234.32159412
-98.00472279 -813.14263675 256.91940940
-62.73329226 -778.09907935 169.98621333
-97.66915130 -809.96798513 254.74817398
-82.56185062 -800.02296543 228.22400988
-97.85518355 -801.80676325 260.57619808
-97.53544052 -818.55509698 257.72354612
-54.24422212 -768.78325575 145.48404867
-97.33890162 -806.54291892 251.76188676
-62.87455417 -781.37425179 178.47190179
-66.68953396 -770.87434528 172.67654969
-45.43779631 -744.39503695 32.21909458
-71.69308399 -780.20242810 188.16042647
-97.17878873 -812.73964085 255.34992817
-97.21805636 -805.11848273 252.19382818
-97.05496429 -815.20317143 255.54257857
-62.15080000 -782.10549771 179.66033716
-97.05178571 -802.51557143 255.29888571
-96.40298411 -810.50466987 253.45320232
-55.75354886 -780.39915343 197.11751143
-94.73065968 -806.84662928 248.54238176
-91.43769757 -795.07732544 242.44763296
-52.96989003 -758.18972080 98.18265299
-96.10702180 -813.31754742 253.97246495
-60.65345750 -754.99202750 63.84814750
-52.56226958 -780.25348058 263.01676537
-96.91218727 -816.78826364 255.92002000
-52.82362780 -756.02218672 89.28174689
-96.86770000 -808.50672000 252.87194000
-5.44251650 -786.24314950 184.41903465
-49.81691597 -744.92054832 44.21504244
-48.17343084 -745.42705374 49.79239907
-96.82781667 -814.45591667 255.80838333
-96.08083049 -817.99759939 254.67353598
-55.64084155 -777.07985610 188.24221009
-95.32788223 -801.18727623 251.05951627
-94.56755152 -812.90962727 251.67371030
-94.48204703 -815.88988771 252.16374958
14.61267778 -790.44238519 189.47972222
-82.13856970 -790.05756970 218.93320909
-94.13717556 -799.33074889 249.09431778
-77.49216427 -783.12477943 212.14691645
-94.09410833 -796.49870000 252.08799167
-71.21511327 -783.17711518 188.20579980
-58.83970650 -765.08581053 134.07850619
-93.52804828 -798.05888134 248.03543732
-93.36361040 -801.04624688 244.92353744
-83.02862581 -795.02023120 221.10947769
-81.51295815 -789.14727385 218.06089354
-93.77946074 -796.13289704 250.70564296
-53.30375974 -784.79108182 259.78043636
-77.37632074 -786.29458112 206.23728564
-92.79262386 -815.50097500 250.53543415
-92.06058724 -806.88901186 245.43978904
-92.42246710 -810.14526135 248.16160252
-61.29567826 -766.07509620 155.38195435
-67.65209475 -777.39191662 173.11575452
-80.51647580 -747.01061895 77.24094910
-62.03087356 -755.20393640 64.16984559
-68.65668169 -791.23603260 205.94528370
-56.82242869 -761.99060808 128.10814081
-91.84868366 -812.90271848 248.87938113
-83.09500577 -806.66865280 236.75894406
-92.39629836 -795.24607073 245.23499330
-92.26893830 -793.35529468 244.48136702
-34.12717143 -765.54762857 153.85190714
-41.84378785 -767.71724846 137.39405490
-91.32991642 -809.10491791 246.34738657
-58.33104298 -764.28255620 128.41705702
-91.11717385 -792.01400769 240.25251231
-91.15319195 -798.82186322 240.27944598
-91.13675000 -805.87054167 243.36235000
-90.49317151 -798.06399485 238.85694761
12.91264478 -797.45169254 189.77548507
-36.44492062 -768.72911969 146.37336344
-90.49943548 -792.45790939 238.90173757
-71.73838022 -787.00684460 196.86775420
-90.89758085 -795.21085248 241.04723404
-89.46018987 -810.09523337 245.26275268
-90.05949342 -813.24491103 247.62022802
-83.22025428 -746.57884225 79.44791310
-90.31562557 -801.63696210 238.41424543
-79.63740519 -794.01983962 216.10999575
-51.07344103 -758.05396853 98.22736737
-90.30361088 -807.90553469 244.39445510
-89.21792804 -806.87653801 242.35208378
-52.66147063 -762.18295490 125.02467343
-60.79015882 -769.86240588 158.79082941
-19.96437358 -782.51044929 178.56707394
-89.20197008 -801.12359032 236.23209846
-85.14026250 -808.84860000 240.47351250
-89.55507093 -798.10581213 236.31006080
-55.59997097 -749.85692339 60.04532661
-89.16598140 -795.16781272 236.31959462
-88.69639163 -789.73058326 233.06309958
-56.33196677 -765.93283734 131.18819589
-67.96661867 -774.19841467 176.19577333
9.48576990 -795.12720590 188.83186190
-1.19198571 -793.81421429 187.87447143
-21.19886955 -771.56177712 170.50633676
-88.52682775 -798.41204009 233.50562203
-57.08514892 -769.30150336 163.92819161
-88.49137711 -800.12418253 234.04850301
-74.42813295 -783.22466329 197.08355491
-50.66579232 -758.78893446 104.11859869
-88.31874884 -805.91725814 240.46160000
-88.28737959 -802.95538571 237.21252449
-59.61360218 -765.13371137 149.16166300
-61.51650000 -781.72320000 177.61700000
-88.26249945 -795.28067459 233.93798287
-88.21281481 -808.89137778 243.21905185
-71.61667617 -790.04314046 202.93865128
-87.10279030 -804.93718333 238.39103035
-84.44827528 -799.31729101 229.17725169
-87.28780858 -810.99383562 244.13018455
-56.82194667 -778.64582667 251.26440000
-86.30937112 -803.82761529 236.39057928
-76.22838571 -783.50702185 203.31001261
-87.65595455 -798.71813846 232.09055804
-26.65729083 -768.60726282 164.37717453
-87.37613667 -812.19010556 244.87675333
-86.78842950 -795.06855172 230.15965977
-56.70299582 -783.40346479 203.11530606
-56.85518909 -761.93762432 125.11614364
-48.91220313 -755.56261562 94.63774062
-87.05836801 -789.31058837 230.00570962
-87.10322582 -807.85666586 241.39964726
-68.79642257 -748.87404381 73.44552633
-75.26339956 -779.86606696 203.37255242
-69.11309923 -792.15957876 208.93639826
-86.50270469 -798.52669391 230.10637000
-86.67264460 -792.01302736 230.25723954
-86.77573529 -787.50027059 228.96954118
36.57838849 -795.06498635 187.31548568
-85.69409608 -787.09713529 227.10185229
-52.66624598 -757.79365862 95.97630230
-85.66972929 -795.14697172 226.91347071
-86.29138000 -811.79868000 243.50064000
-55.45421138 -748.25311870 59.85866098
-85.48523220 -792.20068447 227.44927121
-85.28043718 -795.58785513 224.64570513
-74.51226220 -751.52331341 69.46586707
-56.44838285 -776.82661692 197.05892923
-56.59121167 -768.40849728 140.08241362
-85.15478571 -796.83977143 225.34197143
-85.12015000 -805.73700000 237.30975000
-83.99751006 -802.11748052 232.43863442
-66.05912250 -771.00904750 170.19145250
-57.70350606 -778.97865758 167.30763333
-61.78781624 -771.47295330 170.28105964
-62.21718563 -772.99657097 155.67021085
-82.42000361 -794.23599639 218.90106237
-84.84657571 -791.72468000 226.03744571
-83.89530145 -804.79796618 235.61086311
-54.41390189 -771.04901629 148.98756553
-28.68566957 -778.00402795 163.31098106
15.44767391 -795.13394195 189.10270414
-83.98023826 -795.69643277 223.70382708
-56.91653464 -777.15998633 203.16695820
-83.29106126 -803.62919459 233.69268947
-70.68059600 -782.40796588 185.54064682
-84.72701858 -810.04165487 241.20665841
-50.56604680 -755.09684477 83.43722500
-61.52530971 -770.98947621 167.42316359
-83.65319486 -798.43721150 227.01797806
-84.76353274 -789.27985774 226.15339286
-30.64347059 -772.91957647 156.23973824
-75.56700263 -780.24973991 205.87806316
-59.55103023 -777.63006603 215.15698043
-76.22432000 -790.73721000 207.48328000
-83.10850071 -797.29869479 224.70289005
-83.80969915 -786.56261557 224.05193367
-54.97186667 -769.98890000 157.63160000
-84.19275297 -792.10854079 224.04728385
-83.80390235 -788.92302731 224.15470868
-83.18700104 -792.22346468 221.06091974
-78.18905208 -789.50337812 208.63758958
-82.63297669 -789.16042163 221.13666601
-82.40133214 -792.50131571 218.47579429
-67.61875060 -787.87352048 195.16391446
25.81180000 -790.68965000 192.90720000
-82.23634118 -792.35414706 216.22276471
-49.22869889 -741.23677111 14.14042000
-38.40010753 -768.34797120 143.15382365
-70.74368000 -754.11474800 66.48008000
-47.01372621 -784.98551262 301.19956311
-82.15290000 -802.72406000 231.60640000
-81.40836460 -806.77494158 235.59186598
-58.76954270 -753.41356000 63.18197946
-81.67673017 -786.13326405 220.31833099
-62.69071674 -774.76110582 161.15001878
-56.34916344 -779.76988539 227.05275410
-57.81073056 -772.59687500 181.03038333
-72.36211651 -746.87047615 81.91102752
-80.52735297 -798.23565525 224.08037219
-39.80918065 -766.45636774 140.55352581
-81.82444211 -805.53040000 234.88515263
-80.58209532 -748.10005385 74.45034415
-80.84184868 -795.99237902 220.51568417
-64.57485528 -776.82417688 203.20746457
-81.89347000 -788.19970000 220.04400333
-57.25458413 -762.53166190 140.01985941
-80.53986324 -746.45901859 80.19875859
-80.58223431 -792.70418833 215.18927414
-52.16979231 -754.62155000 96.84626538
-56.77316160 -773.53319367 161.28327215
-56.45376495 -779.70468320 245.18101686
-64.49246203 -775.40061563 191.13436055
-81.76692000 -796.55962000 222.89472000
-81.79838333 -802.46546667 231.70713333
-80.06058057 -803.17884291 231.04710972
-49.96316321 -756.42168031 95.23274473
-45.84567143 -746.75311122 47.12170102
-56.88264680 -779.77172650 188.23670620
-77.45167554 -746.74149893 82.80436893
-58.96670498 -779.15704555 182.22162100
-32.68064242 -778.80612727 159.11758182
-36.37723378 -770.10737230 146.96013649
-78.51044194 -796.52560806 220.01066129
-72.90231818 -782.30032727 193.15847273
-14.08834966 -777.14895673 175.97367531
-79.89786782 -797.12407699 221.58343829
-71.51688789 -747.27387266 80.18644045
-80.63989830 -789.15130994 215.17883011
-58.07455000 -763.58087857 134.16652857
-79.78478856 -791.67507883 212.37885961
-74.99790158 -786.65615797 199.87337855
-80.46796341 -805.96749187 234.12682764
-79.70043691 -749.14574094 71.98391342
-79.73977077 -786.16747683 215.23943946
-79.74253636 -789.22500704 212.15358182
-65.21093038 -775.86606038 191.13168962
-80.01680000 -748.66400000 71.53890000
-79.29718762 -783.85029714 215.99473429
-50.41432028 -749.82677028 53.79855245
-79.13245714 -799.73998571 225.47798571
21.38712216 -792.85192756 189.25586080
-49.29058193 -742.34542831 26.17071807
-58.20064828 -784.42617414 202.59654655
-58.63967000 -775.00776200 167.16021800
-77.46348162 -794.61114459 215.45633148
-78.85164250 -785.01771750 214.19019000
-77.64286002 -795.89704444 217.94711176
-59.78917522 -778.50932338 230.01911413
-47.38674000 -742.57915500 34.19439500
-56.44191788 -773.61156891 164.31231632
-34.78645731 -772.07282281 151.44488772
-77.58306795 -747.17906883 77.27967163
-54.68258414 -781.11355806 245.22299540
12.17524053 -786.77178144 191.75406705
-54.84950054 -782.96251555 224.26334477
-77.14425392 -789.35714387 206.21695637
-75.77533945 -780.72333119 208.56577523
-56.85109934 -785.13130625 209.19094605
-48.18705584 -751.99380303 68.53995455
-63.79685319 -748.85198936 69.96492553
-76.71699528 -796.88660519 219.20242972
-56.44715738 -770.61648961 167.10276973
-77.02060645 -783.33399326 209.32026569
-76.56901865 -788.49500243 203.64708216
-59.25539135 -775.83501490 200.59583221
-76.52699524 -786.36693333 203.08028065
-76.29715300 -786.67975100 200.82704600
-47.62893258 -740.66169161 20.01007016
-77.02350000 -802.74516667 228.62300000
-76.19126027 -781.26378356 209.30576575
-72.50955458 -797.13043702 218.33082939
-76.10840000 -751.68730000 68.98565000
-74.71732395 -793.22207015 211.46852262
-43.48242522 -765.20113391 133.44867217
-74.72912721 -796.31398656 217.38935918
-74.73572585 -746.83912780 82.50009854
-62.48340944 -776.76044248 206.19057072
-74.90577881 -790.11237141 205.37176038
-25.70430892 -774.53106840 163.36324164
-53.30714096 -761.94620542 128.03781928
-46.49826612 -761.40000694 128.05031633
-75.92310000 -790.64730000 207.92290000
-74.64034494 -798.26106540 221.06115331
-60.90423750 -748.79118750 66.83168750
-75.88551667 -785.33151250 202.02608958
-49.06280000 -742.64286250 30.82297500
-71.40178956 -748.11811995 76.96586433
21.48181906 -795.13395309 188.76386423
-68.49398043 -749.71021164 71.34841861
-67.24372500 -769.61845000 174.64325000
-50.32723017 -759.18408229 116.13823865
-75.24311478 -800.10207734 224.47639951
-75.96988750 -781.81500000 206.37621250
-67.09816250 -776.41580000 168.45630000
-73.05375000 -780.77201667 192.42821667
-75.74342031 -801.00496719 226.16967031
-57.09891858 -782.49193766 197.20299542
-75.80956417 -783.24538500 202.51221750
-74.45190921 -747.77479457 77.19558405
-72.92070000 -775.79405000 195.83485000
-74.00084642 -791.11410592 206.49434221
-49.13722222 -765.91800000 123.93847222
-74.45615024 -789.07100929 203.09478304
-74.11933577 -748.82947724 73.03103415
-75.27451103 -783.45971310 200.32672437
-50.52593774 -756.86971170 115.95186755
-74.28589442 -752.18230279 68.79896744
-72.76480529 -776.69755079 193.87519471
-56.11863997 -783.38654962 206.06598821
-74.67238095 -778.30818095 202.37720952
-35.60969203 -768.15926972 149.08854641
-74.14362698 -780.19658492 197.07289802
3.01271203 -783.76859628 188.95925845
-70.65244486 -777.08575187 185.21463505
-73.76797805 -783.41969000 194.03939707
27.36984343 -791.71636061 190.95878970
-55.02990000 -783.45562000 226.23004000
-58.72602030 -778.30740693 179.14191238
-73.62796186 -777.25934595 197.01840541
-73.36713593 -783.37791377 191.47608144
-73.43454148 -780.21653581 194.41213100
-73.23024177 -777.37875759 194.76377785
-73.16766667 -784.89686667 192.44043333
-68.59480195 -785.55743312 191.18727470
-71.80127926 -795.36099840 215.02641578
-72.27373355 -796.43494934 217.12079474
-54.78422602 -785.39144390 230.20255488
-57.66302727 -775.51397500 196.63698523
-52.01810000 -751.32410000 69.28220000
-72.42717841 -780.15767741 191.10741362
-71.60436520 -794.16036855 212.74478784
-44.54403458 -743.33387726 20.05161028
-71.79503422 -783.95737727 190.78013603
-72.83429211 -797.83870789 219.98233421
-71.27156105 -748.93211729 73.45200328
-11.51018443 -785.91909282 182.39982000
-48.78179728 -782.74996304 281.37787588
-71.50298556 -751.39947444 69.37604556
-65.16042308 -775.76867436 185.63133590
-72.59145246 -775.41995738 193.62964098
-53.65420909 -764.14033881 125.26366888
-57.86706250 -779.53549167 169.30959583
-68.35415147 -751.16389020 69.04185343
-72.18100156 -777.10154268 191.07428349
-71.10637036 -780.41030179 185.09284643
-54.79778000 -772.74346000 153.12154000
-54.30749472 -770.09648977 146.38059307
26.03113333 -790.63260000 192.43976667
-70.80749149 -788.02125319 197.94751622
-71.21144375 -774.38307143 188.01735804
-61.16295789 -778.60947895 232.32757368
-42.93261250 -742.45841250 22.26206250
-70.47822814 -773.94770433 185.28363117
-51.94883333 -765.20980000 133.11436667
-70.30860588 -781.84145294 183.18810588
-64.73168972 -776.13226341 197.07774662
-70.19513333 -779.95342222 179.93917407
-70.16701765 -772.55357647 184.37189412
-68.59055571 -788.38096329 197.28948287
-69.03796950 -746.72056833 79.45527009
-68.52740952 -790.82801769 204.06694036
-68.54357119 -752.81462061 67.41259321
-53.41013874 -761.00160991 110.87064640
-11.90287160 -774.03528394 176.84877372
-59.52202549 -773.66051050 188.07227913
-62.49991004 -776.33665304 203.22368377
-59.78378640 -777.91587973 166.82787627
-68.50208840 -782.81554820 185.24483995
-69.65344487 -777.12266410 181.77389808
-68.27428193 -781.99701265 183.06346888
-56.18893810 -774.56355214 170.16251167
-69.57590947 -774.14771737 182.08274737
-63.33202096 -746.20288013 73.36669127
-69.86931852 -793.92719630 212.54882963
-52.92228511 -751.98359149 56.83080000
-68.32176898 -780.28764588 179.24308807
-66.27829792 -784.38404375 187.24206319
-69.56795915 -793.20320282 211.39839296
-50.93572405 -745.09210127 56.27020759
-9.03073365 -774.73980308 179.36375923
-68.53248824 -754.18004779 66.31857868
-68.19836117 -748.33748156 74.72648014
-59.71656754 -769.97895000 167.38134899
-65.26973676 -771.06978137 167.08404020
-69.93940000 -794.41120000 213.84270000
24.45834492 -798.79982288 189.78257627
-15.76937838 -774.59306081 174.46372838
-67.90637729 -779.44121055 176.41335275
-59.41352105 -755.08815263 63.19687719
-69.02194778 -777.31733842 179.11571675
-55.29320870 -760.85952174 111.16142174
-68.41558107 -777.40172278 176.03276420
-67.84608000 -754.81829500 65.69336500
-55.96582500 -778.62487500 253.86570000
-56.59942950 -762.18234117 122.10516604
-68.58661456 -771.56169747 178.95986646
-48.40481907 -750.99753813 76.92218677
-67.83260000 -784.89649545 189.06976688
-34.70763782 -774.92326582 154.30637709
-62.72266776 -775.96747896 200.36174208
-67.72949957 -771.18255991 176.13297328
-67.40626226 -778.85980755 174.23049811
-67.28426861 -774.22917810 173.62955255
-67.15217701 -771.38757586 173.84842529
-63.39118000 -766.58444000 163.13650000
-64.96026312 -775.94493085 194.29298050
-65.47163411 -777.47049911 170.16987547
-53.80300989 -747.05390515 59.21226407
-66.22658981 -789.62823155 200.02658714
-47.48230472 -743.01056519 35.14602743
-66.40694069 -774.22255844 170.08466234
-4.65005833 -783.16360985 183.94745530
-66.14810398 -746.36138944 76.68086713
-65.59823046 -749.25731093 70.77809440
-65.81596183 -780.89818704 179.01866099
-65.43434742 -747.33222939 74.17085473
-61.50183438 -745.19312187 72.02322063
-56.50942757 -766.89998703 134.74117838
-55.77991132 -776.89773077 191.19491175
-65.80619375 -783.50549089 184.89496445
-65.63691549 -779.74644619 176.15098398
-56.52253548 -769.27360108 142.92932796
-65.16794658 -750.54509137 68.68650845
-59.52379585 -777.89682550 221.17165780
-54.88607961 -785.17714466 227.65302621
-57.80981538 -775.59513846 199.43007692
-65.76545517 -778.34970651 172.60015038
-66.58302838 -790.34338952 202.72997293
-65.77178708 -788.82306556 197.07860939
-65.25625947 -778.99405323 173.88618196
-53.16027582 -756.90343879 107.11313678
33.53243052 -797.88418372 187.98118023
-7.82252948 -777.32311675 181.55692697
-66.96440000 -790.59820000 204.65370000
-56.00645795 -761.70502348 116.33324848
-64.17728962 -772.40967453 158.47456415
-56.34240522 -771.26865483 149.19879608
-65.86719791 -752.22297238 67.21369874
-56.14086979 -763.84274688 122.92971563
-65.57249513 -786.46202035 191.08209071
-66.80393766 -773.96949870 172.26674026
-64.65032353 -776.48840206 200.12774676
-66.70291852 -748.77737037 72.83600741
-66.68324464 -781.40777857 180.95379107
-55.06576111 -785.80461667 232.35237778
-65.40587135 -753.73447528 66.00003315
-51.98502000 -782.03364000 261.40372000
-51.26558215 -783.31038397 269.19626466
-10.65266224 -774.89335646 178.07312823
-65.23990685 -745.50449315 76.58309315
-65.78639655 -768.89229241 170.07042828
-54.85038083 -781.33081417 230.10452083
-65.16757115 -774.46470282 163.95316095
-64.68484522 -775.91447834 164.96968662
-57.80823750 -778.61934062 229.53153437
-64.86160167 -781.82142500 180.30305833
-45.92565161 -748.14777097 55.82348387
-55.40136504 -783.36370941 215.27739126
-55.86211694 -785.39384083 218.08488556
-46.56232435 -767.85288609 130.79275739
-64.67185795 -773.96927439 161.24631348
-64.86020975 -768.48379068 167.05377924
-54.71459028 -760.49727778 130.73896806
-45.73798654 -745.24977115 40.67277981
-64.59147797 -775.24311356 188.10424350
-64.47957460 -777.20499418 206.09954656
-64.58518170 -775.13167036 185.07091495
-64.54788387 -773.12252258 158.74633952
-64.55588481 -771.20618608 164.02171561
-55.59844859 -759.67431003 113.24911097
-64.35093180 -777.56199344 209.07426918
-64.32672258 -774.87615899 179.29401060
-64.30899741 -775.53545431 193.69925948
-59.56063475 -777.04478035 209.15696588
-52.62210924 -755.61772065 86.35002554
-64.22691429 -777.88828357 211.81892500
-64.19095357 -745.48075000 75.35094286
-55.64296759 -759.88882438 116.12134167
-64.11124286 -778.13850000 214.41294857
-64.14670000 -772.75116667 156.57026667
-48.75824957 -784.79595391 290.22194870
-64.06678333 -772.53641667 155.99390000
-64.03085000 -769.55110000 162.51340000
-63.83282121 -787.95776061 193.78829091
-62.39864122 -753.32127365 65.27095034
-62.82279521 -745.24652614 73.81548998
-63.31006860 -770.62832500 160.83082442
-62.53969188 -780.53816550 175.96546181
3.48642881 -786.23320457 188.16786294
-63.72964381 -767.62867619 163.65658095
-63.40479303 -786.88880199 190.94012935
-52.70913333 -784.71310000 266.10418095
-62.54943283 -773.67635020 185.07995958
-53.64823013 -758.27103143 113.15779495
-62.50563807 -777.73740619 215.12549381
-62.56419556 -777.04217923 167.20365746
-62.49054695 -774.92365000 194.05688059
-5.43638889 -790.95381111 186.52397963
-62.48041812 -773.78255217 158.19071725
-62.56013242 -779.43028695 173.19492168
-63.59183417 -775.79986083 197.76630833
-62.43725382 -776.09322676 164.54818118
-55.81299360 -767.37952919 152.42094059
-52.36796842 -784.70982632 268.64553684
-62.66374017 -773.37237038 182.31304372
-62.88144822 -749.63185939 67.93104045
-63.25315940 -773.46671117 176.30556485
-63.09140688 -775.40175870 163.35270972
12.53213005 -785.51232404 193.17264426
-63.10441457 -773.42661573 179.21661043
-52.18073333 -784.78010000 272.29426667
-62.89049391 -771.41169587 154.89230472
-62.60706495 -774.56504204 191.23976323
-63.24882494 -768.03372519 161.15115951
-9.43541703 -779.98000093 180.14753777
-63.75870000 -778.37721765 171.78404706
-46.21006667 -761.03963571 130.19593810
-49.00500000 -781.77430000 276.60320000
-54.93535556 -781.45494444 214.93784444
-63.67673684 -787.56611053 192.90980526
-62.31100759 -775.31996352 197.08096578
-53.79407827 -759.52716712 107.18171923
-61.45808161 -770.65730575 164.25032529
-62.30963361 -777.79462834 218.09520890
-21.67143478 -774.56965217 168.32122536
-62.35959913 -771.16303497 152.23900795
-62.08343941 -777.80251692 221.08741616
-15.58274828 -779.05591724 174.31841379
-61.81349506 -778.90903704 171.06454198
-61.91032581 -778.01417459 223.95155195
-61.69033466 -778.35908192 226.96234030
-61.92833495 -771.87784907 173.09358009
-61.60019333 -750.44729143 66.10470952
-55.58752087 -783.35739652 212.14030261
-61.84858919 -772.15111123 176.09668242
-61.69380704 -775.55592412 199.37371910
-61.87471667 -765.99290931 158.17304657
-62.49480000 -772.68090000 168.53080000
-42.37437892 -765.50042237 134.24019769
-61.62711878 -768.18485724 152.03035181
-61.38862787 -770.13908197 146.72680000
-56.35160483 -766.50161862 133.30732759
-56.05471459 -779.73330568 221.18263921
-61.38654265 -778.54979596 229.70362537
-61.47382561 -768.69593415 146.24895305
-55.31738351 -760.48918247 127.98419278
-61.22100455 -768.34347386 143.55595795
-61.23552985 -778.78486866 232.90083582
-61.08712500 -766.49433636 152.78692273
-1.24055806 -782.29859032 186.86867097
-61.07285000 -778.74140000 235.09625000
-61.06870000 -768.27780000 141.44860000
-61.06360000 -780.03380000 185.49930000
-59.26222861 -764.95971155 143.00784619
-59.78825098 -775.49998627 199.72411242
-59.76191852 -778.54852759 233.17184093
-56.45735276 -761.91793015 134.15123434
-59.21858368 -778.78871898 233.14266319
-47.72969750 -740.22407380 17.02023028
-59.58485428 -777.38005594 212.10797622
-33.78946786 -770.59444286 150.25192857
-59.55079821 -777.75200236 218.14729026
-50.31932278 -752.58616722 71.05718333
-37.25030870 -775.92087391 152.68194783
-60.33537677 -782.28488838 179.03278081
-59.47066947 -776.17342973 203.17050090
-59.57670919 -771.98896407 152.11807326
-59.57966643 -776.58958048 206.17844779
-50.51847122 -750.78106562 77.02235576
-60.67107241 -769.94774397 164.44253793
-50.68040978 -749.60649965 68.21832025
-59.18055302 -772.77445470 183.10705604
-59.88632312 -768.48595903 143.12057485
-48.67474643 -751.39630000 79.57267738
-59.39892669 -775.17953454 197.03340544
-52.46934871 -753.00021379 80.21433190
-59.61897944 -778.12987906 224.21980148
-56.36299223 -767.71084688 155.05540009
-59.48029393 -771.98980584 179.13050456
-59.37740557 -773.14586471 155.30752570
-59.55344085 -775.15621768 160.69886463
-48.97360000 -760.25820000 114.28130000
-59.72220959 -770.16457890 146.14464274
-59.64185056 -777.25564831 169.85634831
-60.43922462 -772.48594462 153.98301385
-60.18616190 -753.23595000 64.09473730
-60.27323655 -745.05324975 70.43761827
-58.15305000 -784.76141250 203.41295000
-59.48851318 -778.36381717 226.97604566
-60.28772833 -767.06256167 149.18096000
-60.58726856 -765.15984236 154.30351921
-60.64771273 -745.94478545 69.96716727
-59.65236757 -776.84327606 164.17365232
-50.75931358 -749.98904349 65.17448789
-0.73036364 -783.96161636 186.47713455
-56.60167730 -774.13866412 184.74240722
-59.68984794 -771.03599201 149.10050180
-33.17946341 -771.17567341 152.31982955
-60.05007483 -781.24378776 175.89691973
-59.74539809 -780.33033934 173.05170082
-60.82230833 -769.92203333 161.34086250
-48.60016000 -766.84678000 126.33126000
-2.40871973 -792.12156457 187.34357265
-59.40993698 -774.23638558 158.18152651
-59.85744737 -749.73345294 64.84169102
-28.44902911 -780.43667136 166.40880751
-59.25096053 -767.41325075 152.41459023
-58.39483389 -783.98406833 200.03371167
10.78705714 -784.96300000 192.80690000
-59.14095645 -779.95206562 185.17456791
-49.19026737 -742.52837053 28.89971053
-60.88160000 -784.14690000 183.95763333
-59.07367200 -779.21486000 179.83804400
-59.06820726 -776.03718939 161.90313464
-57.67773636 -778.45423939 166.01169697
-59.88138592 -781.82784225 176.86983803
-51.89448909 -781.26536182 263.89354545
-58.65429403 -783.25946791 197.00235746
-59.20742449 -780.78298118 188.18028322
-59.21301111 -778.62307778 180.75531111
-58.64358154 -766.91505385 134.85733538
15.41008808 -792.29257640 189.17987986
-59.23378771 -768.63124476 161.10237284
-60.16468571 -775.65317143 201.77194286
-59.09949878 -767.77702068 155.18679805
-54.77899559 -767.31773971 149.40192206
-59.23321465 -769.15878973 164.07215219
-58.86433995 -747.72791759 65.65445327
8.22192400 -787.42447200 189.53788400
-14.61695307 -783.19824149 179.09264483
-58.99070187 -781.39168209 190.51272910
-59.27362093 -778.56028837 238.93458093
-59.28808095 -769.71129048 144.50972857
-15.97666667 -772.13753333 174.56815000
-58.63098333 -778.93839902 167.84228529
-54.95689375 -781.22059375 218.59595000
-56.44381387 -766.02336329 148.96086098
-59.15047396 -765.23852936 137.05024515
-58.88828904 -782.49642193 194.07435829
-58.85241795 -745.27632359 68.74740974
-58.76239404 -778.88890615 242.11132831
-55.76765728 -783.38484216 209.06082239
-58.93844118 -775.57725882 169.33994706
-51.82014444 -745.14583704 58.11060370
-58.77777759 -763.50055517 148.48416379
-58.54497281 -764.72664211 131.21645351
-58.53403145 -778.97206941 244.98015141
-58.43156885 -774.26550328 164.44349344
-29.38669231 -779.54515563 164.07851854
-58.46667337 -750.07376196 63.14691467
-58.63761667 -778.60422222 244.38653333
-58.37470000 -772.70817143 153.43957143
-58.40279583 -763.31526302 146.08439688
-58.16876984 -778.71403175 227.64765873
-58.19084301 -763.42790538 140.33505376
-58.16509231 -775.72059231 198.40770000
-58.11940256 -763.49630000 137.17556154
-58.07068889 -763.57934444 131.33911111
-58.07938000 -784.87180000 205.36544000
-58.03196667 -763.46363333 125.53193333
-57.15912821 -749.80144357 61.83025750
-57.30579478 -775.26217308 194.05105522
-57.24786496 -778.27531402 215.09199214
-52.12857500 -747.41885000 54.42922500
-49.19010305 -758.63267099 121.49258015
-57.46876887 -778.35284118 218.10015735
-56.69398937 -777.33486228 179.29023308
-56.44487189 -779.72446913 242.06534273
-57.66581683 -778.52830792 227.11858218
-47.95837787 -750.03807237 71.32435697
-56.78101426 -776.72342139 176.22906397
-56.80557049 -771.49165799 173.09658247
-57.59118244 -778.96421756 182.66740687
21.39447348 -789.94155043 191.64172957
-8.34108389 -787.04485735 183.96095403
-56.40423427 -779.53026868 248.17605309
-56.79311242 -753.53411851 61.81691738
-57.00036462 -771.92374356 176.00592495
-57.08175719 -778.07023353 212.09668099
-56.42126035 -779.78116398 233.13297709
-56.41317835 -779.70033678 239.16407255
-56.95157503 -777.48688857 206.17681441
6.37417269 -789.28258782 188.38599920
-56.71114329 -767.55916829 137.10844939
-57.51369713 -782.05871722 194.42393541
-57.06417803 -774.87848504 191.03037121
-54.53419217 -785.42458522 236.18561217
-56.42141936 -779.77256851 230.12701983
-56.51297959 -768.29485667 158.18956374
-57.82817586 -762.90412069 145.38414828
-56.45234525 -765.17735133 128.19746084
-57.35158168 -745.37633969 67.67955267
-56.71378485 -774.55262121 158.01821129
-57.40884583 -775.86964167 171.02618333
-56.21541345 -777.35084361 182.14762175
-57.21480728 -772.39358709 178.95753873
-56.79653694 -776.87060000 200.16360095
-57.94660000 -778.64650000 231.81645000
-56.42190300 -779.73103178 236.11403703
-56.29699432 -764.69632963 143.17257086
-52.64722532 -753.53190886 86.17963544
-57.67137000 -754.77489000 62.28674000
-56.52748703 -773.37256674 155.15200460
-56.17821100 -774.03537967 167.05033828
24.30113082 -790.09869497 193.01311321
-56.22208827 -771.88566062 152.06758208
-54.97310000 -784.79740000 224.66025000
-54.51131087 -766.85196304 134.97149130
-57.80762857 -784.80279286 204.31168571
27.53058524 -797.87148004 188.97523638
-56.48300400 -772.75734800 153.38040800
-57.35255076 -784.89119695 206.31485939
-20.41931997 -777.27453119 170.06112229
-51.07204638 -761.91681768 113.29526261
-56.17421463 -779.77777934 224.19770587
-52.25476050 -752.06753452 74.01669288
-56.19423957 -780.41754647 194.00178407
-13.07160000 -787.75775000 183.58430000
-56.04692541 -779.28450597 250.90193496
-56.79726563 -769.76284375 144.34067813
-55.90989306 -764.05699063 140.32541632
-55.80281042 -777.33397992 185.01520367
-56.14867288 -762.20291722 119.17231368
-56.51815674 -785.24941994 212.05061742
-55.77181966 -779.82687246 215.28017554
-52.63576126 -753.79230676 89.10278604
-51.59440179 -780.85236547 266.33982646
-55.71349674 -770.85014542 164.33585458
-46.19508000 -768.89760667 132.84899333
-56.21302968 -785.33499601 215.14464190
-55.57388413 -779.10980063 253.88552857
-55.61362069 -761.27006897 113.39686897
-55.53019972 -771.23888579 161.17115989
-55.73643881 -774.09415269 176.24678074
-55.57632320 -779.93250306 209.14032644
-55.57694453 -760.03769208 119.11465585
-55.57343137 -785.43666144 221.12660588
-55.53752808 -780.18242177 200.12096656
-55.48605809 -760.18947469 122.15135892
-55.43813498 -759.47036816 110.33656906
-55.40303061 -785.44682566 224.13166997
-55.47484619 -780.04031589 206.17440763
-55.40661573 -760.32517809 125.11530506
9.61408964 -792.09179211 188.68939038
-55.47570227 -780.04273892 203.07269972
-52.69936442 -750.41935276 56.51363988
-55.26077649 -785.56827251 226.86225139
-55.16105000 -767.74571250 149.91769327
-55.22623402 -759.04133505 107.57080825
-45.64825992 -745.03835304 38.37414291
-55.17012234 -785.77448085 229.72211064
5.15316154 -781.57467692 191.49332308
-55.17787333 -752.83797333 60.50442000
21.59682737 -789.09348492 193.21108324
-55.18775778 -779.05526222 256.35513778
-55.15153548 -760.59922903 130.55568387
-55.13982773 -783.91917143 220.87152269
-55.07203846 -758.86425385 104.98213846
-55.17210000 -760.59050000 133.52930000
-55.05720000 -785.38790000 241.60000000
-54.87532689 -781.26387479 227.41329496
-53.59019738 -767.82464934 140.06711207
-54.85573413 -782.73883379 221.22699795
-48.72598409 -760.32013977 116.47069432
-53.33731386 -765.36334158 131.10207822
-54.91058103 -781.14612414 224.31850000
-54.11346140 -759.02328233 110.04851372
-14.71065857 -784.55038571 180.77289714
-47.38885047 -784.85758341 299.39359603
-54.83464540 -781.30871534 233.15777362
-53.14723000 -780.09059133 260.08217350
-54.42520874 -760.17225874 127.99402961
-55.00384000 -781.97268000 210.22974000
-54.27833559 -780.60295753 251.14854196
-54.90116463 -768.04743780 151.97912500
-53.74148046 -759.60286929 122.04420033
-53.56085007 -759.21110356 119.15697363
-54.52555841 -780.91757302 248.27458540
3.26592007 -781.09291463 190.57388946
-54.93996923 -782.32186923 215.39475000
-54.11370604 -759.83993696 124.93665386
-54.99632222 -781.23015556 208.72296667
-54.22358857 -763.04333086 134.01520057
-54.33794800 -764.82197511 140.30308178
-54.93805667 -768.48998667 154.48004000
-54.81176601 -781.26573695 236.24337094
-54.16916526 -750.26302737 58.54716947
-53.62605712 -758.68751810 116.14596749
-54.08808826 -780.30114710 254.12009741
-54.86213000 -773.19057667 154.65334000
-54.47759918 -785.24565451 242.11353320
-54.75605609 -783.02414502 227.11916624
-52.32683450 -752.46567251 77.11896374
-54.81220635 -766.51143651 148.40094444
-54.67003962 -766.05374906 146.13413145
-53.64368636 -759.10604008 104.16304690
-54.96241250 -781.44177500 212.52770000
-27.01224787 -774.16124090 161.45070697
-53.81229270 -779.98758214 257.19008435
-54.09375805 -752.57640402 59.21115000
-52.92925000 -762.65033565 122.11640493
-53.58218588 -765.09606107 136.97482481
-53.55337066 -767.09638519 137.41271567
-54.60956768 -782.93950264 230.05663780
-53.88343351 -784.95716649 253.98039043
-53.14004111 -765.85763767 134.04686844
-17.70459335 -782.10226883 176.88215919
-54.95550000 -770.55190000 159.84000000
-54.47105823 -785.30624900 239.04445984
-54.31373720 -785.15637391 248.12702560
-54.38005800 -782.99574446 236.24598594
-54.31040000 -745.57852000 64.61624000
-54.30273832 -782.98036407 239.15773253
-50.46404086 -752.47300719 86.05466653
-54.26871456 -782.94035246 242.12259579
3.52488821 -789.19395496 187.68776117
-53.33854288 -756.20424600 101.13080556
-54.12709526 -785.02106737 251.06325684
-7.97614712 -780.07004072 181.42686503
-44.99590909 -739.55669818 16.09529273
-53.30444678 -755.75821012 97.88796856
-50.63964619 -750.33132993 74.05964815
-53.43401708 -756.06365720 95.28110230
-53.58717448 -784.87411448 256.97242138
-53.70773143 -783.09524923 251.14704725
-52.96402202 -757.28884509 110.17087215
-53.23753345 -755.87503480 92.24457297
-52.45830649 -783.78097013 262.95340682
-53.08994643 -745.52141310 61.52610000
-52.92726659 -783.25634894 257.09639741
-52.40574091 -755.07908977 83.38983636
-52.41616409 -754.41040110 94.77070110
-52.34863440 -784.27890229 266.09057936
24.42719222 -795.22764986 188.83384135
-14.24145984 -774.14277108 175.59596241
-50.36578900 -746.61161125 53.08134373
-52.49825408 -745.35510000 59.57989694
-52.25187463 -780.06761940 265.56643433
-52.21232800 -784.52120400 269.03615600
-52.11424258 -751.48845097 74.02524258
-52.15115000 -754.69825000 81.37715000
-52.09249714 -751.23187143 71.30765143
-52.10861481 -751.94410370 71.88407037
-45.77884526 -745.89182000 35.26497263
-52.08844615 -784.54542308 271.61400000
-52.08006667 -751.55271111 76.59520556
-50.79588172 -758.42851505 101.20677524
-50.39255925 -752.19585965 83.21423858
-50.86012353 -783.45457987 272.15036248
-30.22568088 -766.33820294 158.04338971
-51.46579457 -756.58636561 113.72500407
-50.39739329 -753.14998284 89.11723590
-50.28481560 -755.97693536 89.07240847
-51.58817393 -782.85841227 266.31902730
-51.86332800 -782.35628800 263.53565280
-50.15034120 -756.12050587 98.14790880
-51.15681994 -756.95872605 106.98944759
-51.92039524 -764.37822381 130.68476667
-50.31843716 -762.25348680 116.01464303
-50.60368571 -749.90165357 55.50614388
-51.71748305 -761.47058983 111.18966949
-50.45635939 -753.97399488 79.97876109
-51.59298289 -757.37014145 109.89988618
-50.61963630 -762.31112500 119.09138048
-50.90853928 -754.22384305 95.09436415
-50.54981856 -759.24127489 113.18687467
-48.63380947 -754.24125680 88.72809941
-50.10427933 -756.27383647 91.81813445
-50.93798537 -754.77337317 81.13263659
-51.43464762 -784.71088571 275.17179762
-50.37260811 -783.51474269 275.18059669
6.57511170 -795.05293163 188.35343822
-50.47129711 -750.21555826 62.58378306
-49.97846057 -783.68282080 278.05053966
-51.17511429 -763.85955000 113.98869286
-49.88064196 -750.21049286 59.12809018
-50.47319279 -746.65897053 47.33240376
-49.98301504 -748.09059912 62.08003473
-49.79679578 -784.12702274 281.09694383
-50.25265000 -746.76047396 44.32203021
-49.86856410 -744.52273179 41.07634769
-49.71462240 -748.44136800 64.92331760
-45.25598333 -769.80683333 135.30891667
-49.62209259 -751.72641111 66.20582593
-48.19038939 -759.62834441 125.01142709
-49.69271554 -745.25745819 47.00737429
-49.72471132 -746.77512075 41.06469434
-49.85625980 -744.18071307 38.18573467
-49.86066891 -784.78000000 284.02416975
-49.73714564 -743.77613651 35.02006390
-49.65761512 -743.49201395 31.77794930
-49.42148305 -745.49034661 49.74633305
-49.65295696 -743.39869709 29.36957346
-49.45392308 -746.47804308 38.17579538
-49.72045455 -745.45314545 54.23203636
-49.63839659 -743.25140195 26.33474000
-49.31607692 -784.80280110 286.93993626
-49.19694857 -784.23930571 286.58810143
0.54355984 -792.09496234 187.43292719
-49.28625862 -746.05647241 35.25261034
-41.14416501 -764.90193481 139.96000497
-49.48543333 -742.90095833 20.63379167
-49.31967895 -741.76950000 19.98295789
-49.32337432 -742.05515946 23.01115473
-49.15707727 -784.86636364 289.44464545
-49.36100000 -757.58165000 120.99525000
-49.13430000 -745.98320000 33.24540000
-49.10282000 -784.60478000 289.41806000
-49.03310000 -784.95150000 292.63850000
-48.63163720 -759.71561494 122.29971067
-48.94670000 -754.72302000 84.50736000
-48.10378289 -752.84031639 77.27913325
-48.65026667 -748.57115000 67.27284048
-24.20572121 -775.86720152 165.24018788
-47.50542690 -744.61952752 44.35115503
-47.82575049 -745.02618967 47.02060975
-48.91292000 -782.22570714 278.71551000
-47.24531701 -746.42480954 35.04666907
-47.36605346 -746.77762005 53.18747558
-48.34713422 -753.20983690 80.42271533
-47.66781967 -743.06977869 32.62097377
-47.57036356 -742.02327437 29.22363322
-48.72315243 -783.54019204 287.12229181
-48.18016212 -750.42170402 73.74134978
-48.54407600 -753.86660171 85.99794057
-47.58782779 -741.56549289 26.15125168
-48.17051353 -739.99532328 14.39763792
-36.54436845 -765.92332321 149.69119286
-48.94980000 -784.77373571 287.99862143
-47.97100465 -747.93300782 61.99606064
-48.79864539 -754.98429433 89.03481986
-47.63424468 -749.94793678 68.22511812
-48.86410794 -754.82697143 86.51715873
-8.72427226 -789.20030887 185.32848245
-48.60305605 -760.39273758 119.02513503
-47.48390223 -741.09983110 23.22286735
-47.43400145 -744.09120872 41.11673227
-48.74600000 -748.71278333 48.44630000
-47.67689857 -747.58564442 59.21409311
-48.06714651 -752.26692519 71.16432791
-47.27056440 -749.84188220 59.29122298
-47.24170486 -743.58105532 38.30911481
-47.04339277 -745.03808514 25.74852972
-48.15517520 -748.88547040 50.32828400
-48.42482343 -783.83497057 290.03534057
-47.24107738 -747.67321310 44.16307976
-26.75165982 -779.67992587 167.38455450
-47.20855368 -747.27533018 40.86461193
-47.18751967 -746.89297950 38.08110388
-47.31590518 -762.19222578 122.06987277
-48.53950000 -745.55826667 52.05876667
-47.26918855 -744.16509096 20.27813675
-47.36523618 -746.06218148 32.41321054
-45.63122251 -762.96548796 125.41092304
-46.93438856 -739.45977932 13.89922628
-47.35373565 -744.65029954 23.30739861
-48.78040000 -751.54540000 82.03070000
-47.13675839 -745.45347664 28.83820511
-47.35193208 -745.76467547 30.04764717
-48.06499095 -784.18964849 293.30470452
-47.03191635 -743.22860705 14.09292917
-47.03700351 -743.70130088 17.06755877
-47.67308638 -784.28748437 296.10985804
-47.40956562 -767.13518672 128.54445547
-46.75085798 -747.14105154 50.28192465
-47.22609920 -759.98937640 128.08909400
-46.65869851 -765.76900224 127.72136045
-46.79109417 -761.93946923 124.89608298
-47.27250000 -784.61720000 300.80810000
-46.38212857 -760.24740226 130.47548271
24.68673409 -797.66980455 189.14743377
-46.10088000 -766.52050000 129.69350000
-44.67609643 -741.71199139 23.09652647
-45.57506094 -741.98571771 26.00142292
-45.80835417 -745.48945417 43.52323750
-45.97336000 -748.41304000 58.09680000
-44.81102645 -743.02891054 14.25205849
-28.32857045 -770.69935966 160.10566136
-45.78158155 -742.28348738 28.77036602
-45.82841081 -760.49343243 131.57604054
-45.33638341 -739.34599052 14.19460806
-45.03110198 -764.66099035 128.32565767
-44.99149957 -740.52150624 17.27081591
-44.81101913 -741.05488565 19.98834511
-45.66138862 -746.27075808 40.91971916
-44.66941672 -767.99200795 133.93704107
-45.58248816 -763.97037105 126.09770263
-45.29807468 -744.12153409 29.16146526
-45.86384255 -747.78519362 52.93140213
-45.17051333 -762.14810407 131.07583926
-45.69889545 -746.13149773 38.50366477
-27.85856207 -776.01629310 162.38160000
-45.85130909 -745.79589091 32.87618182
-44.67470719 -741.20476687 14.13595219
-44.00914415 -765.30163830 131.21443026
-45.90115556 -742.49351111 31.19742222
-9.30618988 -776.93143783 179.93341563
-45.96480000 -748.67820000 58.73180000
-45.86136000 -762.76858000 123.41162000
-45.62246000 -760.56573000 132.90792000
-44.36708450 -762.26233027 134.11573243
-35.71271876 -773.85375309 152.34296190
-43.39212890 -770.81267283 139.53387283
-43.19420488 -762.38764878 139.00532683
-43.07931250 -763.83286250 135.87878750
-42.41975538 -763.04099778 139.95303924
-17.47545748 -783.25199789 179.14107081
-42.60818140 -766.98393023 135.28243023
-42.30630215 -770.43694585 140.67085446
-20.51272072 -780.20511712 173.07380548
-42.74709908 -763.27705046 137.62956972
-42.93393333 -742.53303333 20.85620000
-41.04702698 -768.67732540 139.86044266
-41.63225030 -765.29535740 137.14997825
-41.36401720 -771.24551847 143.18075048
-41.54014361 -763.38663083 142.73540902
-40.76231256 -772.18424925 145.69602060
-40.62623628 -764.43892776 142.87580883
-40.72121827 -772.86869327 146.93288173
30.52647140 -792.26793992 190.73319403
-40.30390145 -764.06130580 145.27375072
-22.71641135 -770.50921206 169.56192411
-40.26734400 -773.30387400 148.01107400
-39.43224006 -767.64927255 140.57038011
-39.91963333 -772.82373333 147.58600000
-39.36883536 -770.19280276 143.94543978
-1.66810267 -790.29508800 186.73899600
-38.64257372 -771.12034091 146.17627429
-38.61054670 -773.45850449 149.42300422
7.04767836 -785.55873772 190.18536784
-39.41264254 -765.76579111 143.39821302
-39.91808750 -767.08422500 138.33521250
-38.70941838 -765.33209459 146.24882595
-37.80551134 -765.10989075 148.66076657
-37.46389656 -767.88106908 145.53639275
-37.09100000 -764.72612500 150.75347500
-37.04713333 -766.68276667 147.97650000
-35.55585942 -771.03221449 149.31482238
-19.95081685 -771.08184835 172.26437875
11.16893333 -784.51434167 193.24056667
-36.70837632 -772.86161316 150.32545000
-22.81951556 -781.86147111 175.91900444
-21.88435000 -772.38563333 168.59975000
-36.60027969 -775.98703750 153.26315156
-35.38650410 -765.64270820 151.91347267
-5.20858880 -777.12135333 184.46091627
-34.13823846 -777.84780000 156.88313846
-33.57752325 -768.40844797 152.72091808
-33.81294390 -772.88654878 153.33233659
-32.52844720 -777.16052389 158.24630600
-33.73359231 -776.13957692 156.29557538
-33.90620769 -766.42355385 153.28986923
-32.71592500 -765.94723269 154.98429385
-32.06269403 -768.12577505 155.14527463
-31.80829972 -771.23740763 154.55760763
-31.68052353 -774.84740898 157.28929969
-31.57326460 -779.15944425 160.82827080
1.14870081 -780.26842984 189.89946532
-31.12910323 -766.15608065 156.76834194
-31.12931875 -767.13261250 156.75899375
-29.71309856 -776.98766924 161.20621805
-29.84179211 -774.01513354 158.42523687
-30.63934762 -779.17888810 162.08888512
-30.62587481 -771.49893111 156.09303333
-30.65023288 -776.05776301 159.30308356
-30.84910000 -768.74491667 156.52131667
-29.43615111 -771.10997124 158.19016460
-28.75427282 -774.86512282 160.43813121
-28.73963673 -767.99346088 160.75637653
-29.06069167 -766.55151667 160.09600833
-27.71687222 -778.95519074 165.34268704
-27.36695438 -771.12562266 161.51226224
-26.89160124 -777.14567752 164.33374000
-27.96345000 -773.26328333 159.25583333
-27.71201745 -768.57131007 162.03389396
-25.97191103 -780.69493992 169.92392421
-25.79717856 -770.84743707 164.22074970
-25.77545331 -778.11852285 166.42960397
-25.59351162 -768.88826598 166.54260996
-25.35209636 -781.37720727 172.08917455
-25.29334444 -781.71705556 172.72805556
-25.22623878 -770.11312245 165.94118776
-17.80480776 -779.58837659 173.77692535
-24.67581503 -771.81153791 165.33434706
-23.41561131 -780.86246565 172.92604304
-23.64871465 -777.19603777 167.26926223
-24.23698441 -774.28202890 164.91082814
-24.60148321 -769.26736861 167.92838686
-24.64897538 -778.89971385 168.33952000
-23.79622896 -771.21713143 167.14604312
-24.36967027 -781.74880811 174.05032703
-22.90521887 -774.09789768 166.84157301
-22.65853755 -781.49175590 175.22341703
-20.44019370 -781.93594943 176.84253344
-21.41735092 -776.35456442 168.08238098
-20.56682046 -781.41010212 175.40458236
-20.43420537 -774.12008678 170.00132342
-19.34792000 -778.42552000 171.82133667
-18.83647917 -775.02572083 171.48575833
-17.46332284 -774.09204365 173.13082809
-18.72289386 -777.04531842 171.23459386
-17.31608079 -777.45933928 172.97881647
-17.34988557 -780.94298947 175.40718745
2.02700000 -781.60990000 189.60600000
-16.56062298 -785.14804037 181.74767764
-16.22264250 -771.65310250 174.71987000
-16.10167500 -772.72137500 174.73967500
-14.78110153 -771.95269480 175.17484679
-14.39900777 -780.11114892 176.39652690
-15.37967174 -781.96165725 177.35211884
-14.45884298 -785.83820908 182.11657092
12.68389208 -797.14237277 189.44505693
-15.77194673 -777.21406262 174.40259626
-13.54841667 -787.52042500 183.68876667
-13.46033780 -781.30243171 177.89782317
-13.40486667 -787.95581389 183.95681389
-11.42955582 -780.24673112 178.60654429
-12.52538538 -777.09875466 177.23151419
-12.67504797 -779.68051661 177.29306937
-11.77120965 -782.71513794 179.78233111
-12.48123279 -772.42785246 175.98754098
-11.14577967 -784.05055041 181.06728008
-11.28679333 -787.51334133 183.80600400
-11.09499878 -777.19800354 178.44086534
-8.74579954 -785.66859680 182.97028699
-7.43079474 -790.83839737 186.49177368
-5.50286641 -789.25239974 185.73017209
-6.24791107 -780.21292519 182.91935000
-6.44047232 -777.00549377 183.00531845
0.91047152 -794.18720927 187.75075099
-6.57612344 -775.40336406 182.42926406
-5.27799204 -791.71895323 186.92028806
-3.18452482 -780.39495839 185.86663723
-2.47335373 -783.18918124 185.49692580
-2.41199149 -786.21599089 185.54231109
-2.52890086 -788.97973712 186.19498283
-1.86085634 -779.89933717 187.68249145
-0.53080737 -788.39516842 186.49821684
-0.44122093 -786.22863442 186.36948233
0.07043523 -780.66963165 188.91267363
3.49096712 -792.07958690 187.71440977
6.41820625 -792.05505548 188.17781901
6.50220581 -783.37804425 191.33162064
30.46363782 -793.27171503 189.29354197
6.10803868 -786.67600143 189.11663983
9.54804453 -789.38122550 189.06086244
9.93638630 -784.10771370 192.89249589
10.10343988 -788.10106429 189.84303214
12.64877600 -788.62176367 190.31562500
12.06789699 -790.08281873 189.24893144
12.38646156 -792.18221493 188.99878536
12.66974407 -795.11711029 189.12825624
15.37106166 -797.73096114 189.75698238
15.44496796 -786.73451105 193.27686685
15.06990980 -787.41613725 192.32558039
15.52367371 -789.08544226 190.80219853
18.48509332 -795.10420535 188.79840508
17.67562712 -787.37200000 193.40884237
18.39005846 -792.59175602 189.19480338
18.46715837 -797.63877010 189.21410024
18.40727931 -789.46000172 191.27266092
18.69150526 -791.09554649 189.90402982
18.92739368 -788.11007684 193.11414842
21.66151166 -791.43193274 190.11490314
22.20304138 -798.70113621 189.74731552
24.62459734 -791.47737295 190.59245507
24.46089835 -793.06214897 189.29160576
24.41484867 -790.39587267 192.19023533
27.47712489 -793.19266157 189.29896332
27.47631513 -795.24576531 188.67506997
26.73897619 -798.85187143 189.73827381
26.22880000 -790.61447500 192.76194167
26.53195000 -790.85998889 192.73528333
32.84397647 -792.51906510 190.17162118
33.44094544 -795.10917555 187.96599351
33.68724727 -793.11800424 189.13732667
36.45560136 -797.66849119 187.37883085
35.76421575 -793.25223493 188.49047466
37.87530000 -796.04600000 186.62350000
37.94490000 -796.78200000 186.61920000
38.39705000 -794.90631800 186.92633700
39.05258235 -795.90005225 186.38713356
38.14904167 -797.55033333 186.72111667
39.02031854 -797.09138543 186.32739007
