-44.05597224 -743.79880090 89.79304145
-43.87286401 -738.67589499 90.27427976
-29.41609043 -758.89387696 61.99507109
-41.58869787 -745.68882857 86.77132786
-28.07363151 -749.72825147 59.84986608
-36.55622881 -736.88240209 83.52429694
-38.99662441 -740.49502092 59.55824800
-65.75465978 -721.28014130 123.40470994
-38.69301264 -736.25236154 15.49566158
-38.29480000 -736.41310000 91.42286103
-57.13554045 -725.62202114 116.51597546
-38.12187959 -739.81439910 17.44487163
-46.76088921 -746.01084317 96.65001468
-39.72386933 -745.56998222 77.79461525
-28.14837575 -755.72805601 63.54617498
-25.25576381 -756.56366271 67.99834777
-61.80664016 -727.59334180 120.04765365
-38.98462926 -743.18016188 65.56957660
-40.79576752 -745.55866239 84.58483710
-23.98558879 -764.63897290 70.27911928
-24.46347430 -761.82489046 69.00910653
-32.48109204 -759.09456687 58.94274255
-38.27682417 -738.21485389 20.70702038
-37.04149814 -740.02508794 20.33903506
-38.73355409 -742.99130223 62.65952555
-42.89527720 -736.71583461 92.34167085
-38.09489108 -739.32035350 65.86321390
-44.62183123 -732.69160750 101.95103894
-36.95957993 -738.21600522 23.65152139
-41.03747291 -740.86114299 74.62978165
-36.99274639 -740.16972332 23.79972978
-40.18628229 -740.85237026 71.26941460
-50.64313959 -735.09336383 104.68824248
-51.05691421 -732.10899193 107.70020505
-34.44621143 -740.19135429 42.79002674
-25.72963520 -756.44410867 67.33359827
-28.33760735 -748.57259559 57.93460956
-39.38196478 -735.73124171 92.40982664
-31.31542455 -760.94465509 60.83641253
-34.49643333 -741.54193333 69.83119436
-47.15992291 -735.78035885 99.43446460
-62.23416156 -725.72783449 120.21127487
-38.22313881 -738.29035722 23.53447128
-66.55377143 -721.26606190 124.27803246
-45.65966456 -737.66361910 95.21845446
-37.03600800 -736.33055200 12.09856503
-40.13143316 -745.19626158 82.81966682
-48.03010143 -734.97730512 101.65541937
-46.04883667 -731.12080733 106.94901971
-28.73351159 -763.04781884 64.31332480
-39.22271898 -744.70707810 46.78628001
-28.11080813 -758.77473062 63.58198942
-35.62271135 -746.12652662 48.13981475
-32.42599081 -761.32505419 59.67246466
-38.50930796 -742.71238019 59.43903357
-36.72821115 -740.66074796 50.79025179
-43.70224000 -736.25640000 94.00532103
-36.83709639 -736.24760542 86.55488834
-38.68217834 -737.38975034 14.74856631
-38.09772105 -739.70938403 14.90076157
-43.70584482 -741.32427191 87.57906287
-36.43162657 -742.71204300 59.48708917
-32.06747462 -750.59353455 55.74720133
-56.63984104 -728.95167510 114.16577294
-27.78071254 -752.65602799 62.96119639
-36.74583315 -740.34542029 29.51434146
-39.13698607 -743.43779104 68.68874922
-60.79419542 -725.69710046 118.77497278
-33.88812935 -758.83264792 57.36328353
-27.68931055 -764.10454114 66.22505056
-50.98437534 -729.57181858 110.97164079
-36.26190741 -736.32145556 84.87103510
-39.22450117 -737.97703507 80.56185072
-38.11846699 -739.91781894 20.66122426
-38.09521113 -738.36418284 29.39209333
-39.00712169 -736.84944808 86.32813551
-38.20870771 -739.22941645 44.52552478
-40.36605227 -741.60188295 79.96763376
-47.05381827 -742.99601250 96.29470558
-38.31973132 -738.04005483 17.29106110
-38.60230198 -740.75797414 53.57716010
-38.38661672 -735.97783963 16.71915112
-39.43505021 -744.06444260 74.64269135
-42.96795304 -745.82739720 89.52932879
-27.58507536 -750.84742575 61.95851569
-38.98319191 -743.16734798 44.34080496
-37.83460682 -736.32205227 87.68420876
-31.21245314 -748.68988914 54.77076560
-37.01703818 -737.59522227 14.81101421
-36.99943850 -737.93663144 17.58653347
-25.87950465 -762.12058106 67.45114425
-39.07996150 -740.27401370 62.53633885
-36.24595467 -740.64408764 59.72015392
-38.31754848 -739.29348970 50.56294224
-29.26049637 -750.48342317 59.13012054
-37.43800769 -735.89100385 16.45372641
-46.92904290 -738.50576877 96.53952175
-59.41230818 -726.07108736 117.46113739
-36.81785567 -740.22466235 26.43342763
-40.88784685 -736.26932793 90.67367544
-47.21959188 -740.94554627 96.08230975
-38.27923075 -740.21027834 29.52012734
-35.89163472 -753.01179364 53.46119416
-39.37474764 -736.47922407 88.87678336
-48.71920932 -745.86602436 101.56511919
-38.20218491 -740.06115067 26.53405133
-30.37852931 -749.71871090 56.85527135
-60.73876388 -728.42847423 118.82124670
-43.53219565 -739.51768261 88.28990451
-30.09958318 -762.04240061 62.49895182
-39.63052255 -744.39548882 77.62154518
-38.14505339 -739.97332237 23.60717777
-35.40652502 -740.33227847 71.28602022
-39.14604086 -738.71046589 74.74471011
-50.16652576 -738.26275121 102.01486277
-38.29218291 -740.38456287 32.70757375
-56.04852936 -727.03532426 114.82868103
-40.68514495 -742.58113578 72.12266378
-41.48486479 -740.89233979 77.81192417
-42.60513515 -740.92716095 83.64771516
-35.90257586 -743.45827579 44.68453787
-59.37748857 -728.85548456 117.00682061
-40.13926719 -734.30450026 94.87904266
-41.81412475 -744.01371365 83.65858743
-30.31525229 -763.65800588 63.42180482
-36.96512463 -738.07031090 20.60875237
-30.60921160 -755.66459743 59.95247095
-38.48926420 -740.62422462 47.89334218
-36.77721258 -740.39285149 47.66113433
-51.41556259 -737.84865217 104.52419722
-24.64785141 -764.33085061 69.53948760
-47.19981801 -745.13775833 98.35032501
-40.61210000 -739.27332857 72.45004674
-44.22629821 -740.79407600 89.66634240
-35.65712867 -740.81201216 68.62864571
-38.21694951 -738.70786770 32.62834537
-31.64406000 -754.15692800 58.22028103
-43.71046015 -743.03699850 87.61967306
-38.05331463 -742.52363415 53.58406347
-40.44225000 -733.35530000 96.10226103
-55.49488182 -735.25203636 112.25532467
-38.20484362 -738.37500928 26.55020070
-35.20741728 -750.52678802 52.77914893
-51.39750452 -728.28819802 112.83251378
-40.03512931 -740.66488882 68.48629479
-38.38892519 -740.72406805 38.49507968
-33.24949942 -746.78380576 50.76240731
-26.64369309 -764.72219652 68.22585266
-37.21523402 -736.14941443 14.82949711
-36.14479319 -738.83538834 74.90197175
-38.28158130 -739.29902465 47.51898653
-40.63453333 -745.49083333 81.89916103
-29.31448657 -747.84343851 55.88433103
-45.95610180 -744.20065728 95.14498975
-35.02432522 -756.21323429 55.51291755
-53.12228811 -737.24349545 107.71527042
-54.09827753 -736.81241171 109.61545660
-36.72822097 -740.42799802 32.59444234
-38.21931942 -738.89813708 35.43345477
-38.56325000 -739.26626607 53.33525389
-38.33730353 -740.53335526 35.47582288
-34.16702129 -752.41586688 54.71470914
-38.15285466 -739.05875564 38.40602010
-32.34710031 -747.78245752 52.75350429
-38.66729556 -741.17755067 41.54083204
-38.93982667 -745.48236667 75.50200103
-38.17873372 -739.16555386 41.67477368
-47.67775262 -745.95331380 98.67646969
-36.07554713 -740.68739483 41.69569507
-39.24532000 -742.54983625 42.70760665
-36.25187765 -740.74894160 44.49290103
-36.61042949 -742.72449932 42.51517662
-38.40158878 -740.55174155 44.57910986
-29.26933107 -764.26851502 65.30647698
-39.28528529 -747.18387108 48.41957623
-33.91379083 -741.51811563 44.64281103
-33.74061471 -742.77305270 45.77506078
-39.45041020 -748.73048980 48.94868348
-35.36998943 -744.66278221 46.77452814
-38.44206882 -750.01511409 50.15312940
-33.14671638 -744.16874675 47.64850104
-39.50070685 -740.34697578 65.50704423
-38.13998140 -748.11755116 49.29905870
-38.13900407 -752.39978074 51.30927733
-38.48031283 -740.66988192 50.69476377
-35.72840651 -747.66105258 49.90695504
-36.19211626 -749.45753169 51.24725469
-49.61711250 -746.19021250 102.96357353
-37.78766522 -742.52025652 51.12622770
-34.22915086 -745.64575776 48.76964077
-33.54037077 -760.55306615 57.86141334
-37.31923197 -752.07433607 51.93922988
-36.83971534 -743.30874288 71.27508081
-37.71268627 -753.97958627 52.24304142
-32.28548592 -745.11017755 49.44884674
-37.69302963 -754.74154444 52.60418881
-36.22171873 -755.41417605 54.13505719
-42.33109303 -732.85887531 98.69446844
-30.79418213 -745.00368182 49.96812497
-37.07873362 -742.64147778 53.83674166
-34.07859068 -748.67927966 51.79537459
-48.79832052 -740.71715075 98.35320287
-33.18836647 -749.80094480 53.81327086
-62.39420410 -723.36797996 120.58051695
-30.67935595 -745.82795904 51.50887278
-36.05861304 -757.57955652 55.00851320
-35.11677709 -758.23878911 56.05015474
-38.84580263 -740.67215142 56.48921289
-38.30939236 -742.53278471 56.95537695
-30.25516207 -746.98405998 53.59151453
-37.10450497 -739.18748081 68.68593439
-38.85038519 -739.29792963 56.29672029
-32.80442918 -752.95556193 56.32966489
-33.33379567 -755.64888474 56.83571045
-36.75494447 -742.64861670 56.69762801
-38.38350000 -739.35744286 59.68904674
-43.50938400 -746.32096000 91.33712103
-31.86055192 -755.98246465 58.44193174
-31.30442500 -752.24540825 57.77364428
-30.17936325 -752.83577278 59.60896655
-28.32146268 -747.82521703 56.90329835
-30.78582221 -758.55724126 60.38516379
-31.66896098 -762.68420488 61.27654152
-29.19557314 -755.82937207 61.96389388
-28.93862939 -753.39930870 61.67067047
-28.23863857 -761.07511195 63.73815420
-27.05203005 -761.76800483 65.59989014
-54.19277683 -728.32972714 113.14119785
-26.86213777 -758.86602088 65.64871154
-38.72616063 -739.21742365 68.85444452
-26.74790312 -755.81712835 65.66369232
-26.67169090 -753.53840489 65.02429772
-39.24596913 -743.77212023 71.64622800
-39.03479657 -739.05683602 71.27887182
-40.73816280 -741.47217459 72.03707953
-25.79583867 -758.92707231 67.41924478
-25.49082500 -755.00782500 66.84156103
-58.12551289 -728.68747560 115.59864372
-24.78792141 -758.99744428 68.82158098
-40.90752539 -742.95703605 74.80300523
-39.96300269 -741.54525806 74.60324033
-40.73291895 -739.10665229 75.04915842
-41.06626699 -743.23779015 77.87298011
-40.97930636 -739.03006250 77.79007660
-39.11410581 -738.35604700 77.54385679
-41.98938338 -741.01342516 80.60206285
-41.34134851 -743.69287669 80.68403134
-39.74371400 -744.83901192 80.42392467
-36.93051002 -738.43151235 26.44988791
-40.23907059 -745.56431029 80.16216471
-41.26694641 -738.78246144 80.63385185
-41.63825122 -738.47863236 83.81371469
-40.18910890 -745.55483288 83.62381719
-39.08187089 -737.37163008 83.80885105
-43.25368294 -740.64882094 86.27253430
-42.66360762 -744.14859728 86.45315469
-42.26797004 -738.33921033 86.67683146
-43.24364273 -744.49940315 88.87841602
-42.54647845 -737.61677770 89.43480643
-43.69748319 -745.67495221 90.78898758
-44.84431588 -743.96692740 92.58442154
-63.74456461 -722.93380547 121.72741653
-44.49879817 -746.00354700 92.67944529
-45.29259918 -740.82104237 92.67953210
-44.60137905 -738.05436789 92.85334765
-41.75535850 -735.88468981 92.90356874
-45.95085708 -746.03535832 95.23933900
-46.25885000 -740.83940490 94.66552391
-42.11910378 -734.66438773 95.67461448
-44.39023665 -735.76096303 96.09561378
-48.05134416 -738.00101642 98.71144216
-44.99891027 -734.68204866 98.71485398
-46.37529375 -736.63352125 97.42424853
-49.68335217 -740.83368063 99.83899779
-50.24844124 -740.16993175 101.52269351
-42.79419908 -733.74242801 97.92192176
-49.13050236 -737.50224747 100.77097054
-49.52887273 -739.48456364 100.19297921
-41.08323077 -733.22391900 96.74619813
-45.83740917 -733.96585225 100.90810237
-51.21765295 -739.71557877 103.85412230
-49.33430645 -745.90061935 103.23132232
-43.83550299 -733.23720299 99.77104461
-49.77460476 -735.98995374 102.82608348
-43.18683805 -732.23040179 101.03473772
-48.88770850 -733.92518929 103.65250812
-52.39362625 -737.72354514 106.50623767
-52.03845430 -734.44985818 106.91670624
-50.06095488 -733.04745238 105.66087350
-53.16043571 -734.98605037 108.14646612
-52.86999393 -732.69170173 108.76426710
-54.66546752 -734.74710278 110.41044961
-54.13576343 -731.96598985 110.55618114
-55.65335329 -734.48481382 111.91684458
-53.55959397 -729.73621479 111.48923873
-55.65326471 -732.89735412 112.01770103
-56.62937911 -731.92263433 113.60925949
-56.18645669 -734.07609354 113.04600729
-55.44144177 -730.85198481 112.26809014
-58.01089087 -731.54105709 115.81292973
-58.90407098 -730.77025683 116.86670228
-60.05375780 -723.37768018 119.43348218
-36.60690971 -740.60101512 38.54484952
-63.32114878 -725.17929648 121.56069207
-65.43175049 -722.18396280 123.06988826
-66.57718824 -721.48744706 124.21484338
-45.34718185 -731.91307636 104.36476494
-46.51236000 -744.84753333 97.18510770
-38.09811852 -739.35045926 63.25596844
-34.57900000 -754.32900000 55.15246103
-37.13225000 -742.52047500 51.37514992
-52.25762722 -727.16240355 114.11049831
-37.19191153 -739.77127773 14.91908151
-36.90050952 -743.41967394 68.52810203
-31.24365000 -744.31946259 48.49693177
-28.49895000 -746.81570000 54.59616103
-36.58874325 -740.75135360 53.60403981
-36.52102276 -743.13020341 65.57516770
-36.85822303 -739.29455697 41.28206951
-34.97756771 -739.75718375 74.03544895
-36.89337178 -738.77999488 32.49692704
-36.90022008 -739.04044883 71.43689458
-35.93309706 -740.67618450 65.58465585
-36.94962128 -738.58690258 29.38003079
-49.62518333 -746.06681667 103.19001103
-36.93885992 -738.93562500 35.52420206
-36.71518375 -740.59419075 35.67613803
-37.00792061 -739.13679532 38.38816103
-37.44726538 -739.32649231 44.51915334
-36.38809886 -740.66235818 56.54457288
-36.14245426 -740.57590400 62.63054522
-37.30768774 -739.31418585 65.98829924
-34.48539643 -740.81189643 71.94127532
-34.43997293 -739.87544511 74.41527983
-34.43795806 -739.22060645 75.74935458
-35.92986590 -738.29811992 77.52282046
-34.47249200 -738.78527600 76.92526103
-36.12783536 -737.58159820 80.61374864
-37.10333265 -736.52167347 85.73118450
-37.34261667 -736.43687222 89.05619436
-37.30658374 -736.20932520 88.84701794
-38.93592336 -736.24851558 90.13807162
-46.80662093 -733.22750930 102.90690522
-47.99222479 -732.61732703 104.94500137
-48.22834502 -731.33109488 107.46263041
-48.21623111 -730.51325333 109.45014807
-51.49043124 -730.74567603 109.48503058
-48.83395054 -730.00784006 110.44792312
-40.22235874 -741.51681089 77.51278395
-53.95097235 -726.89031101 114.48862643
-54.80323713 -725.65152871 115.74007968
-57.28051421 -724.06332657 117.61010531
-58.27355803 -723.57366590 118.44160169
-59.30010714 -724.35342857 118.07720389
-28.55530000 -751.47387500 61.06481103
-34.48330000 -754.39850000 55.10656103
-37.46033333 -739.34418750 47.15876936
-37.48797143 -739.32244286 50.53460389
-37.13041158 -739.87721577 17.69078636
-36.33334442 -742.88743452 62.72806243
-27.98930000 -748.36785000 58.28086103
-37.05647600 -739.35480000 62.79798903
-36.97585937 -743.73161979 74.39607707
-37.43492586 -744.25584483 76.54104724
-48.05185000 -745.35165833 100.32703603
-23.75630000 -763.24260000 70.11166103
-37.12180000 -739.38070000 61.09816103
-37.37394000 -739.35849000 53.28790103
-28.68315000 -764.55135000 67.19359436
-40.65039231 -742.19263077 69.55359949
-49.55290000 -729.10280000 112.12726103
