-26.01343788 -775.47166364 221.00458142
-46.61098699 -745.90158537 137.30882188
-38.35372126 -737.38438917 23.42706159
-81.47392759 -704.97382759 172.01737896
-63.80796250 -710.48587250 165.37319422
-70.04328750 -701.47131875 171.21198672
-38.15085862 -740.85966552 17.36149275
-34.39030909 -767.21898182 202.11652536
-35.11025576 -763.24351514 200.41978979
-55.47236538 -722.80998077 148.16231556
-19.92608077 -780.27771731 227.86822614
-40.04404109 -757.56575879 179.42490205
-40.50273542 -754.55994750 52.14767339
-70.59540718 -715.27849856 162.49672966
-48.24525171 -732.62054798 128.17131676
-42.46805155 -751.14932062 149.51204392
-56.41965099 -727.73378494 137.73989308
-55.09715370 -721.13527593 151.28458394
-90.89890270 -677.43195676 176.14304010
-39.09679791 -757.06742899 53.85476937
-37.06084156 -736.56922000 14.15595964
-41.99962071 -742.22985634 71.43823734
-46.55757174 -746.57536304 145.86881389
-38.34485854 -766.35286283 194.44726508
-36.15054495 -768.26112048 200.79032847
-48.23182577 -754.21910633 161.34248564
-66.17093327 -708.82723962 167.13784249
-44.23468440 -759.61480947 173.36331576
-49.93429417 -731.88101068 127.46052774
-45.27046449 -738.87971197 101.06091685
-83.36727511 -700.10328627 173.64897653
-61.50586250 -731.81176250 141.97307422
-41.87593444 -740.51502450 80.37186680
-92.25191103 -678.96274483 176.49625413
-38.64825698 -742.19956717 46.98323342
-43.14673462 -737.60571154 110.90960403
-43.43565000 -749.81740000 132.23983672
-94.38050000 -675.40127857 176.50609029
-70.35493000 -719.97405000 161.93280172
-86.69043789 -685.24568479 175.73097409
-38.93788876 -738.69497359 38.50254773
-37.53907178 -759.71137925 194.05976471
-31.41980000 -772.72270000 213.91486172
-28.62881898 -769.64157525 67.29435460
-31.91851745 -760.30263599 62.23384066
-36.56588991 -743.02020939 47.13119998
-41.71421291 -757.21663519 170.39993528
-53.93578758 -725.05194363 143.22243872
-56.77080096 -724.66957785 143.27493050
-37.96900000 -740.79210000 12.32216172
-92.71129975 -676.85324172 176.22143755
-30.45227898 -754.84868516 62.11111319
-29.69688881 -766.92913134 212.02033560
-42.70450236 -746.12668850 134.23643252
-66.80576116 -707.26329091 168.55821544
-64.14308721 -726.76853140 150.99672335
-52.22390000 -738.63790000 124.04376172
-77.74171365 -694.16777632 175.62963498
-39.01367352 -740.98140051 26.25156018
-59.81972373 -721.20423989 149.45600144
-44.26038724 -742.40866281 89.47723364
-39.60129940 -741.67009075 53.43972620
-40.34740000 -752.65440000 51.86786172
-53.76515661 -727.53727995 137.36234817
-76.50253625 -711.28893375 168.68583797
-43.33480000 -742.27004318 74.86435717
-91.75572574 -682.06168069 177.06675231
-37.02607979 -738.73938159 17.56884795
-46.41100000 -734.84210000 124.17871172
-39.99087024 -764.94708810 189.45546648
-48.65379046 -731.12857283 131.72367155
-53.91747333 -737.82331333 127.32719505
-41.33922379 -751.22270810 167.47907998
-44.40460932 -747.32317249 116.15957570
-31.24200000 -749.70300000 56.01856172
-91.39099000 -683.99648000 177.21647172
-89.88802259 -679.42125755 176.22606784
-44.24675709 -758.33718685 169.89236068
-33.35209941 -757.12299288 59.67378083
-89.74652615 -682.09592588 176.14860183
-66.90152278 -723.74233500 154.31468616
-89.58981816 -685.14403162 176.41386086
-36.77324694 -741.55895000 45.05018009
-73.00942333 -698.36065667 173.58501339
-45.80891239 -741.40031724 98.29012383
-58.10392286 -728.96579714 139.11068743
-28.74008333 -773.68965000 217.12457839
-38.67114789 -737.55235106 29.31677827
-69.19741129 -703.64369068 169.93948735
-28.59162571 -763.16626552 67.32798711
-89.06924441 -687.93020987 176.64818639
-38.02232802 -760.25701086 191.32287579
-38.87399177 -738.99966099 41.12162470
-52.70828462 -731.51283077 126.20301300
-79.52696538 -708.04039615 169.82051749
-88.54444737 -690.55529825 177.03843540
-29.80130136 -763.22052190 65.39056453
-53.09566108 -736.20873276 125.45274817
-86.89569283 -682.34540273 176.19839312
-87.75216119 -680.19126642 176.54446470
-38.75831741 -739.05935701 26.17329026
-86.75111965 -688.16902636 175.56167338
-28.41983000 -767.57849000 214.16970505
-63.05056283 -729.00237788 148.37379623
-41.42298261 -754.22435389 167.51271511
-69.13513225 -711.47127443 163.37985962
-28.23058333 -770.88175000 213.70607839
-80.80045472 -691.00742583 175.73620424
-33.97439892 -746.29245699 50.37896494
-56.08967377 -735.63130011 131.23530925
-43.10009600 -752.88385800 150.19095772
-50.68058750 -740.81152500 115.08679922
-85.33142222 -696.62996667 174.80770616
-33.87980281 -766.03685292 60.46629131
-14.55263548 -785.11508065 232.56417462
-42.26184369 -745.32208271 110.22527916
-86.65496154 -691.20858949 175.65196847
-47.80926513 -753.92978886 158.42795203
-38.65457352 -741.80673238 41.23864534
-66.06423162 -713.97738824 160.09185069
-46.94586071 -750.36603929 143.32906827
-33.52993387 -766.25343907 203.34249949
-43.00153889 -755.82919630 162.51198394
-47.17939649 -759.02207368 173.85250558
-61.74780930 -713.60730000 159.59721753
-36.10152146 -763.23344527 197.20642675
-86.31731618 -694.16590404 175.50287146
-41.77879559 -751.19788298 161.27013469
-62.80408939 -715.04090390 158.09074755
-61.38924179 -731.97024179 141.25287664
-41.38579640 -765.92244709 190.92190853
-85.86701484 -696.63253548 175.34442882
-79.66891389 -693.05647500 175.07565894
-30.77399272 -766.69923747 209.69189384
-85.30282500 -695.25857500 174.84338672
-20.87461036 -775.90695263 223.80681731
-71.49210331 -717.70134503 163.65693788
-83.78789011 -690.58709266 174.99481172
-43.39945345 -764.89994655 187.58493241
-83.77073245 -694.10187410 174.38803489
-51.42264274 -738.85173675 119.36519729
-41.00977674 -754.24265589 179.35367961
-74.79031058 -703.16100958 169.96750359
-83.74232650 -688.19619026 175.55908908
-85.15519677 -693.37344516 174.89890365
-84.07370083 -685.36578087 176.28940182
-44.60968351 -745.91226279 143.46648096
-54.10833249 -733.32050719 128.53269074
-56.72914302 -725.42980978 141.53150082
-36.72549923 -760.37228445 197.16929096
-74.69100235 -712.00848939 167.26821833
-83.84186019 -697.23844078 174.08773784
-38.14291365 -745.09332609 47.31713314
-48.44874883 -748.98257183 152.23305937
-50.16045950 -740.92492149 113.04392866
-66.60309838 -717.63729272 157.42019651
-46.29140000 -760.93870000 177.89846172
-84.79084222 -683.24365556 176.44940505
-35.85720937 -751.02680559 53.72100532
-85.16990000 -698.36552308 174.97436172
-42.83338792 -750.69802119 143.44310577
-67.01286604 -706.18207736 169.00512776
-49.77501529 -734.40707389 117.13834707
-63.95141538 -713.78718462 159.96326941
-46.69913734 -745.96254335 128.39815871
-85.09715000 -698.96390000 174.86781172
-39.70116463 -739.64801633 56.38672771
-43.68065490 -746.30514980 155.14712525
-62.21916918 -729.56711929 146.00734275
-37.21570000 -758.42035000 195.66836172
-83.59363057 -691.76493524 174.67916236
-65.69768088 -715.56971497 158.40079471
-45.14027695 -745.13481452 119.42256462
-77.96363141 -706.12702563 169.53561235
-71.36093261 -704.83520870 168.94136824
-40.19464565 -740.49365000 67.61834433
-64.06008000 -710.14302000 166.01292172
-82.66548265 -702.59427900 173.01535396
-80.70809331 -697.23524990 173.07501324
-81.67620714 -692.23699683 174.68459188
-60.45514433 -713.34884187 159.31064546
-81.46077121 -688.66630707 176.45528647
-57.16277413 -726.77501499 140.10796906
-58.88149301 -727.74190590 141.04504117
-60.11237682 -724.13190057 146.19855062
-82.16803750 -686.50582500 176.79556172
-80.86741427 -700.23899886 172.33206500
-81.67815456 -702.97414606 172.20064325
-41.92859929 -742.17418679 65.32845278
-42.82894412 -746.29827279 137.21995290
-44.33701468 -745.01079104 107.28185376
-34.38178889 -770.92331111 208.33305061
-80.83143022 -694.21344294 174.10851122
-39.81099463 -741.84692081 90.05386642
-68.97764951 -714.97966383 161.02491616
-17.62531916 -780.53868643 228.34296081
-47.87004636 -733.40470878 125.24503839
-40.98943117 -754.61386908 182.17553354
-76.82105774 -709.17295613 168.52603946
-41.20462384 -749.15116337 167.26287887
-39.04294242 -757.66601329 191.17033923
-66.04751806 -720.85580216 154.91358255
-80.20190610 -705.92907047 170.71780361
-77.86627384 -700.54332717 171.43885405
-36.47519100 -762.95752523 57.06865296
-80.33068820 -703.23795551 171.36694745
-39.04033481 -741.51479439 35.56967340
-46.38993506 -743.39010260 95.76195003
-64.59648696 -716.60326957 156.69234868
-39.50679412 -741.64485107 50.61828364
-79.83339124 -701.18754064 171.66677367
-50.80718091 -732.38737924 125.02565611
-73.31596000 -713.15116000 165.78712172
-57.24764689 -722.45054593 147.36048421
-54.51942050 -736.06041654 128.45676069
-63.22573035 -727.19079948 149.24773885
-78.18769181 -708.97236170 169.19042868
-42.43339416 -748.39364659 137.30712639
-44.96483495 -737.06764743 110.50121651
-77.51842623 -697.40603669 173.18441825
-40.58522096 -741.12850087 35.69376128
-59.60397444 -722.41674170 147.43464782
-78.88966875 -692.21376250 176.53873047
-45.22883333 -749.38384366 134.01093222
-77.63168684 -699.14692026 172.10736435
-44.54405629 -754.20400490 155.54452206
-78.37753046 -695.06030402 174.43986229
-77.83464379 -703.15123744 170.43789532
-31.85500571 -757.47013367 61.77132078
-41.55736111 -746.46231389 49.07178950
-49.11854474 -728.94731579 136.17696435
-40.31700000 -767.57890000 195.93876172
-74.68448218 -699.46914671 172.46199805
-46.36460000 -752.74535000 150.64011172
-42.47458465 -753.81756083 158.54351260
-52.16823333 -725.18610000 145.11796172
-33.73036744 -747.06075698 51.42149428
-43.36627674 -746.84068837 154.73211288
-67.16490000 -719.89730000 156.88396172
-43.69062222 -743.60985333 115.94898839
-77.00208723 -711.11961277 168.97102129
-41.53817393 -742.16410330 80.39180893
-46.49170515 -746.24961856 143.11482151
-76.66101846 -707.11772154 168.70595095
-76.44301667 -695.81535000 174.92521172
-50.11581603 -736.36872249 116.30369132
-74.70219645 -709.35689783 167.32871995
-68.62484346 -708.30793089 166.53504732
-73.87562653 -714.58143418 166.64217856
-60.81067504 -729.71674651 142.75296032
-65.76876568 -711.15422754 163.51686977
-63.29139524 -711.34488730 163.76419294
-43.97291676 -744.81286564 101.36997764
-75.54333605 -705.02231395 169.00695590
-68.42832630 -705.27467938 169.14282357
-75.42078456 -696.11963162 175.09630731
-46.32836842 -743.66467368 92.99905119
-74.98636797 -700.96941387 171.34331094
-46.54400083 -746.03279339 140.34060635
-48.17939665 -734.35702787 119.38858165
-75.13516537 -697.56459730 173.84439958
-74.62914340 -706.42847094 168.17414700
-69.05520706 -706.64034319 167.99476963
-42.75717282 -743.52785146 113.35714910
-75.91031636 -695.47721273 175.57182899
-42.33977934 -748.40654887 140.41453125
-48.41675445 -741.41828390 107.45126394
-38.66690149 -740.90717985 23.59606209
-57.40894121 -729.99660589 137.07592509
-44.30250981 -757.44236424 167.38073260
-42.84861301 -740.53932740 89.51721925
-46.64004667 -750.06922733 140.57186572
-41.59035833 -751.19969548 164.13886071
-51.68008049 -725.95778537 142.56731538
-73.36634286 -715.82362857 165.78259029
-71.76128130 -703.23176697 170.03732658
-40.96602948 -754.22857972 173.38403743
-72.09328192 -708.75454606 166.28958723
-65.71238916 -712.69962780 161.50797326
-62.90868000 -712.75491676 161.27228800
-37.13383667 -737.47276333 20.05414505
-71.96588910 -701.20711165 171.49760909
-68.65798532 -721.09167573 158.16280809
-45.06227983 -742.37214289 92.38800482
-43.18331912 -749.88484412 134.95359407
-71.67329937 -706.40125812 167.74401858
-42.60666582 -748.40585531 152.32387458
-72.24650844 -699.94484960 172.45726937
-44.45962598 -754.97831902 158.43380620
-33.26232956 -748.58943836 53.44089458
-42.58180516 -745.94292222 131.43498831
-67.82039243 -721.64196319 156.46409514
-29.61049012 -771.49981405 212.92669981
-73.15084375 -711.22463125 165.93160859
-71.64466831 -712.29573082 164.44936268
-39.14144869 -739.42172253 20.44365667
-40.05090278 -761.90849167 183.45505894
-71.90839520 -715.02124310 164.08186123
-44.20573476 -746.14284962 152.13455668
-42.23182191 -745.27821728 113.42275539
-71.44374338 -709.77004415 165.38545961
-67.79638511 -716.02855702 159.36808427
-46.52206851 -739.93412982 101.86966390
-40.66051619 -761.35987048 181.48004077
-23.16437876 -773.05456239 220.66798296
-62.96139990 -717.74835402 154.98570512
-70.51380236 -718.08978110 162.33691133
-69.73996070 -718.27125965 160.98878628
-70.40747143 -713.57788571 162.81247600
-50.37914482 -734.02980972 119.39336379
-47.39836437 -758.29411954 172.64904908
-68.68537884 -712.75958551 162.15719882
-40.32000000 -740.79850000 30.34604172
-51.92886842 -731.56855789 126.04536172
-65.00913027 -726.37686324 151.86905253
-69.80855839 -720.43499463 160.72711071
-28.12931212 -761.36080909 67.77424354
-44.19647385 -746.82771692 146.73056941
-68.71784112 -709.82436560 164.79173884
-45.48003307 -742.12612351 95.18512882
-62.76253810 -724.16724899 149.39751016
-42.04245802 -756.66274035 167.65805085
-46.80066893 -734.91302039 118.94454230
-47.13112238 -741.83590966 101.23546197
-48.84497275 -751.19428519 155.32441301
-52.45808665 -736.11081360 123.42155164
-58.38225714 -734.77752857 135.38933315
-68.09610833 -718.18958910 158.53039361
-68.84246667 -722.83734167 157.06975339
-68.01042149 -723.49361748 155.59616544
-67.35120000 -719.69820000 156.65876172
-46.38230000 -734.76839130 121.39196172
-66.17512681 -710.13632199 164.92594907
-36.30153115 -747.84302819 50.89636712
-46.37451111 -743.76810000 95.31072839
-40.44040606 -740.95070909 32.68066626
-39.08316624 -739.35739460 17.36954710
-42.35374561 -744.15142918 86.45403339
-42.51201360 -748.31280852 146.22111927
-39.08217805 -760.34277307 185.63156242
-37.63788500 -746.52318000 48.97817172
-45.14413477 -744.94213994 131.30757580
-65.39891632 -718.36215967 155.83752338
-65.31087377 -724.30297193 152.47350973
-48.81518643 -734.56674071 116.70934672
-33.73272659 -753.49409003 57.39266927
-39.82333429 -757.46386724 182.40767091
-43.12614872 -746.59234615 142.82447967
-37.54019808 -762.17180833 55.89879377
-62.44700129 -716.30599666 156.41721365
-64.73986090 -721.60358057 152.90977357
-42.27195833 -740.59118750 83.20953331
-64.32221667 -727.30238333 150.78197839
-55.68400926 -728.36040463 135.20898579
-59.03871236 -724.89092889 143.73819944
-63.21558333 -720.86291130 151.94546124
-46.52322381 -755.84414286 162.36219029
-64.02762000 -723.88976056 151.17159561
-15.26249966 -783.58721779 231.03305601
-35.30505431 -748.93835594 52.58881160
-62.50964719 -719.11841032 152.97101195
-49.08750833 -731.60585278 129.34708394
-64.16100000 -719.82187500 153.94976172
-44.90247933 -752.48577548 148.82017518
-31.93254956 -769.87355660 208.48472917
-49.54152000 -736.93037082 114.21104664
-42.38909962 -748.20734664 158.46599726
-51.05042842 -733.27117535 122.56600069
-62.11520803 -721.70224073 150.01102654
-51.95795288 -738.55126707 122.17290595
-47.89592111 -735.87302657 113.32159911
-61.88845553 -727.41918943 146.48738717
-42.27764895 -745.25034954 116.28857427
-61.65530289 -730.41582052 143.81823860
-61.63485403 -725.08076855 147.28224720
-41.04464935 -739.42552054 47.27204854
-61.38976000 -731.51534000 141.67753772
-61.34291739 -728.52452609 144.60757041
-44.59804198 -756.55748804 164.25578360
-59.68941919 -715.77528447 156.00668887
-60.53158618 -732.21326718 139.81514307
-47.67874930 -741.68780075 104.39291134
-59.74307526 -718.80598461 152.67378514
-39.62163595 -762.48807582 185.90200223
-39.26759109 -739.24991796 47.30955398
-60.95174372 -726.59892265 145.38471060
-60.14341443 -714.58238358 157.56220931
-45.18236120 -743.92844699 89.39364888
-59.74242183 -730.23343064 140.35446350
-36.91960984 -765.29708798 195.15480817
-59.87292471 -717.31202376 154.46868831
-44.73514485 -745.70403422 140.52674710
-59.92136801 -727.17455291 143.29743132
-40.45082186 -757.13609217 176.20239451
-61.08500870 -723.28025217 148.09179215
-37.33065000 -758.62160000 195.94266172
-60.88825000 -712.71547927 160.56062513
-27.51231529 -771.10115176 68.67396054
-59.92168272 -719.99551934 151.21662674
-29.16921553 -771.14563592 67.66570703
-30.87252267 -753.29966578 60.15450572
-45.99947941 -749.59965588 136.51315290
-47.65050771 -748.02566856 146.54228342
-47.97836940 -739.42550258 107.56356655
-59.14132693 -733.01457810 137.39134100
-41.58011406 -740.04307135 68.34667946
-58.69708838 -730.92099201 138.22967019
-37.02510000 -767.87012353 198.60897937
-29.84647530 -760.23365088 65.29269227
-58.42482162 -734.40900135 135.63301307
-58.40471915 -725.45845957 141.70310002
-57.37363275 -735.11098239 133.82729904
-44.60671744 -751.33254913 143.13651550
-22.95252857 -776.81215000 222.63846886
-48.14115450 -732.02857037 130.46038341
-57.86452514 -715.97949429 155.19647943
-47.52257870 -733.98947892 122.56540399
-57.14776583 -733.18455927 134.36312527
-40.46079140 -756.36456452 52.48588645
-38.81124098 -754.21938938 53.41266550
-57.97740000 -732.35991905 136.26759886
-56.74102914 -721.61527751 149.43853687
-45.34312933 -744.88658551 128.37959034
-56.70891469 -723.32139265 146.03193546
-41.30402724 -739.55130119 53.38756042
-57.15311900 -718.80017920 152.90623010
-49.89261711 -739.48279319 113.43327689
-57.44285134 -717.28391658 154.22805423
-56.47290339 -720.34700060 151.56781092
-46.53796899 -746.25791628 125.51507722
-48.42485521 -755.35563125 166.50066380
-38.50734644 -742.43904544 44.50036272
-46.69972839 -742.40135343 98.82090452
-47.02659030 -739.38202338 104.36783288
-46.84885684 -753.03816421 152.59662382
-56.18990650 -730.48560282 134.58262591
-58.10961667 -725.92876667 142.09186172
-40.39254503 -739.52158717 26.63728528
-43.88821574 -743.51035093 113.15519320
-39.65026335 -760.16710845 182.52639912
-47.42904732 -748.10332121 143.17056641
-42.26626150 -745.38213743 104.40766720
-39.12533653 -739.06099444 23.43109494
-46.42083000 -749.79249000 138.33238172
-40.22578571 -755.63004286 187.87803315
-55.80941860 -733.39776471 131.81891419
-55.50282421 -731.37602842 132.49438277
-55.40874370 -736.57525294 129.64177348
-32.47122672 -768.45340194 62.71970504
-54.94480197 -732.97189391 130.50932751
-55.15553077 -735.15382115 130.01541941
-53.99093785 -730.23687883 131.50129683
-40.08089438 -740.18769313 65.24461797
-47.43506642 -753.49128340 155.58616662
-49.28954000 -752.32076000 158.67154172
-54.89603252 -722.20526602 149.92768745
-53.78984844 -728.44658689 135.15053683
-53.74742718 -729.23485889 133.58063036
-54.37560669 -723.19720118 148.56287668
-49.02282653 -752.44900000 160.53749845
-53.94668637 -724.12125698 146.21153364
-53.85074572 -726.24378249 140.28983886
-54.32316147 -725.52053349 141.58937502
-39.70035480 -741.70715789 56.45815057
-50.85057021 -731.30459759 128.47935548
-41.77115032 -742.13516296 62.52956389
-37.26110000 -737.56490000 25.19646172
-42.85373534 -746.88906810 107.72064448
-53.23845159 -731.09017140 128.52918078
-52.84207440 -733.30743819 125.36489666
-52.83250588 -738.08398480 125.21898721
-44.55835264 -750.22229057 137.39949228
-52.55970000 -725.80719355 142.26101011
-44.64152171 -745.46637093 137.34093885
-52.39593793 -733.90098793 123.61580051
-52.35896538 -738.20805256 123.26033480
-51.93246211 -736.23297145 122.05890255
-51.33537926 -726.66713395 140.38797170
-52.01181358 -725.49228642 143.77012592
-45.93655410 -734.94981721 121.95338590
-50.69395622 -730.34178393 131.43201993
-41.08935188 -741.42243536 47.44268404
-50.79578320 -728.02752960 137.17617109
-41.57656524 -741.81677496 56.41673940
-50.50951688 -729.32992934 134.29436928
-51.54274460 -728.55845827 135.49487683
-39.93517192 -740.03716590 61.88610183
-40.66490817 -739.60678477 32.39585775
-41.24843723 -764.41579043 187.35507065
-44.50659928 -752.83785507 150.14685737
-51.15380184 -736.32343290 119.40252609
-50.66541675 -739.17788852 116.16968324
-42.35444202 -743.27694049 107.22077522
-42.99663778 -746.43250889 140.38685505
-29.82752528 -757.54829447 64.56148036
-43.98655000 -740.18783788 92.76550919
-49.58263929 -728.81098929 136.11900815
-49.53948670 -741.16172661 110.80606103
-49.42266308 -740.14738372 111.29416579
-49.12970458 -738.27212443 112.31502508
-38.61810526 -767.94082180 197.74044029
-24.58541962 -772.28881532 218.90118537
-49.07536997 -741.19010933 109.61339845
-34.20194167 -764.40838333 201.81106172
-44.35703521 -762.76326432 182.14941947
-36.09538867 -757.18123313 56.56545032
-48.77827126 -739.14083986 110.24486160
-35.81165625 -764.90113125 57.64032422
-42.23365006 -754.29417171 161.32283754
-42.43950147 -740.62904118 85.81945584
-47.60433263 -735.22047648 115.93826903
-48.83024479 -729.96698232 134.15680749
-45.75776061 -737.49982323 104.79389455
-49.20976000 -728.57915000 136.58867172
-49.09762686 -751.86122933 158.25130341
-37.87358657 -760.25906923 55.50416250
-47.64761519 -736.51968725 110.54064093
-43.03152575 -738.00052395 109.84864016
-47.74268944 -751.11469400 149.38056938
-48.51697238 -754.79633488 164.21198248
-48.29593239 -751.30825863 152.34864706
-48.65753889 -749.49273611 154.37408116
-12.57124881 -787.43433095 235.14341172
-48.62270000 -734.70830000 114.82356172
-48.18547192 -756.20420890 167.38697473
-48.03387382 -748.42120000 149.16657803
-47.20809836 -756.16285344 164.48725155
-43.83171798 -763.99956067 185.23634262
-47.81225439 -757.31441053 170.36210821
-47.41080558 -750.63920149 146.41824053
-47.02868748 -737.05372947 107.66135932
-41.40021059 -760.78987882 179.16185523
-43.80105987 -749.92469243 134.56442488
-47.16477088 -748.34081896 140.46432628
-46.83521089 -745.70029315 134.09849599
-46.81820988 -745.79968281 131.43852654
-46.85438585 -748.19619308 137.52237713
-46.34958000 -747.10592750 129.40675922
-39.56789550 -739.47451426 53.10181556
-46.64626000 -737.47450952 105.00071124
-46.68761236 -759.95261124 176.09905498
-46.74545897 -746.88811538 125.05979762
-46.62454384 -747.77347123 134.24661240
-46.45432482 -747.42595255 131.52872705
-46.39978261 -747.03987391 123.04995085
-46.39725862 -743.80275345 92.28058930
-37.69024902 -734.44484216 17.64079505
-46.34892000 -744.00951000 90.24204172
-46.34266250 -746.53586250 123.46792422
-44.97167797 -739.49887576 98.56785276
-38.94041306 -759.44628949 54.40824962
-45.42818856 -745.19669871 122.28740212
-44.33999290 -755.50904172 160.53023243
-45.51312157 -744.96440204 125.23463373
-44.75804143 -736.67483737 113.37864159
-44.61218981 -742.73416389 101.22302561
-46.13955385 -734.59530615 122.72365249
-45.54132239 -737.32111624 107.45505676
-44.69383731 -750.74336563 140.26095367
-41.56048399 -748.70835998 164.10728060
-44.68047507 -753.37560582 152.30337058
-40.75867073 -766.91624756 194.11183611
-44.91254253 -748.33819481 128.54194263
-44.66887177 -745.21016344 134.18322005
-45.67202669 -735.34827041 119.11412477
-45.05896046 -736.07680846 116.17032948
-44.55222750 -747.51836250 122.12678993
-45.12281159 -743.99802536 92.04256607
-44.57764209 -746.08101403 146.17718221
-30.61818781 -769.10853489 209.70943176
-44.76558531 -749.04020580 131.51335768
-44.72213660 -738.14744075 104.19917134
-39.14071877 -763.18676257 188.34705975
-44.61571387 -751.92313978 146.11537303
-42.72575036 -753.43948814 155.46769037
-44.34558548 -760.56976008 176.23007301
-41.22661708 -751.23401740 170.25600682
-44.54004911 -761.40074375 178.67190458
-44.24232149 -744.34954793 95.49097577
-44.53892500 -755.97839782 161.91338963
-46.18130000 -734.44485000 124.16071172
-44.34037706 -748.10358624 125.47638787
-44.41690083 -746.89267686 149.43092536
-44.50909764 -758.91345512 171.32116329
-44.54574177 -747.25284810 119.30707533
-44.45055610 -746.05653136 149.47479900
-44.20896667 -762.02410076 180.12897536
-45.71230000 -737.62520000 102.80576172
-44.92772595 -745.15315595 116.22723648
-44.75414089 -745.12614572 113.30475075
-44.40342742 -739.84677154 95.39945531
-44.07632840 -737.95686440 107.06762372
-44.48307933 -745.27184377 110.38675503
-32.67432920 -769.03192321 206.45932279
-44.15674379 -744.95637169 104.49640612
-42.41780198 -739.02509881 104.23043168
-44.01357592 -747.25750562 113.44513272
-44.14214348 -743.42234348 107.22410411
-25.83998619 -772.38621602 217.53895122
-44.08303750 -743.47051111 110.43600061
-43.84327154 -744.60405462 98.44252980
-44.12042500 -743.34195750 104.48023839
-41.93531567 -751.27118590 158.42398991
-43.65012808 -742.42905859 86.40115582
-43.51163370 -747.05487253 110.76880384
-43.49199635 -742.43480797 83.51489505
-43.49030000 -740.55670118 90.01727466
-43.44956842 -737.79028596 109.61319154
-43.42479747 -742.27689916 80.64719793
-43.43376143 -743.88873857 86.65051743
-43.41515113 -742.24851504 77.76422037
-43.36001053 -746.30046316 157.08224067
-41.97261603 -744.88694359 98.56865356
-43.41392800 -746.90141360 152.20012652
-43.42402000 -764.64506000 187.11582172
-42.11590630 -751.28371969 155.34709441
-43.34940000 -737.80800000 112.12816172
-43.30605000 -746.73955000 144.76336172
-41.77059079 -754.26872637 164.08025552
-43.30095000 -746.85925000 108.49291172
-43.28522000 -743.75082000 84.49578172
-41.20595686 -749.46200490 169.48013917
-42.99873984 -746.52254609 158.12383516
-42.37065494 -759.24702124 173.61761279
-19.32530000 -781.20360000 228.87646172
-41.25895518 -741.70038910 92.30196717
-42.05440323 -741.81800285 83.30542503
-42.08158980 -742.18276370 74.28674407
-41.85887988 -740.32851096 95.29908662
-41.86346473 -742.38830909 77.46475983
-29.37933636 -773.80532727 216.58789808
-42.12758347 -739.53495760 101.17379010
-42.53003615 -748.35271096 134.29427518
-42.60054619 -748.38973128 149.56473400
-42.49343606 -743.97400169 83.39540679
-42.69738627 -750.94246761 146.26404202
-43.09862545 -750.15758364 137.51245308
-42.56453320 -748.32232191 155.40578801
-41.75786413 -765.10465097 188.65648920
-38.47359697 -751.66578015 52.54418823
-42.55261625 -756.11036030 164.27520175
-42.95673029 -753.13231058 152.44360697
-42.95342331 -750.41060793 140.51431580
-42.90541295 -747.04584883 116.29895492
-42.17172346 -744.31875062 89.49516394
-40.84695335 -741.43456551 41.29609621
-40.01220138 -741.65004545 65.44961378
-33.51723630 -763.11249207 60.16368528
-41.47752794 -741.89097515 89.21702510
-42.56667143 -748.27217822 131.53517813
-42.96591073 -746.87689356 113.81806901
-42.40044190 -745.49665109 122.88066508
-19.13556364 -777.37119773 225.68049354
-42.78804628 -747.54556755 122.66778867
-42.63719587 -761.93525537 180.14146998
-43.03720000 -758.84293182 171.54020717
-41.84676690 -741.78563669 86.38780095
-42.16092116 -745.21199289 101.16683087
-42.04585317 -744.50237011 92.26657600
-17.50751214 -781.67069845 229.32791536
-43.11672727 -746.96603571 109.58286821
-42.25166193 -745.25754299 107.34856712
-42.64470698 -748.03503593 128.52377363
-43.26480000 -749.90800000 131.76506172
-42.37267416 -748.27294266 143.32158924
-43.22249091 -746.62767273 156.48474354
-42.42875905 -745.56384095 125.29354965
-41.71438718 -762.46140598 182.42078800
-42.46242819 -745.78203436 128.28859652
-32.29728412 -766.38342557 62.04478478
-42.70039438 -747.74419467 125.40271320
-41.56735095 -759.82177019 176.50139139
-41.95765244 -739.95089698 98.38287819
-40.18866667 -742.39836667 74.20820616
-33.94607692 -767.82126154 60.68530018
-43.20497500 -737.34925000 112.44296172
-41.27447891 -763.72683924 185.74123465
-42.57139286 -740.38759328 92.65285668
-41.85468691 -744.62513975 95.29350493
-41.49465000 -764.72895000 186.73626172
-42.84461799 -747.29557071 119.37938766
-42.97564217 -743.63311566 115.70320871
-42.73206174 -738.45188154 107.36121675
-43.24476667 -737.81000000 111.99492839
-12.94354225 -786.94712465 234.35749411
-42.01063713 -742.27772919 68.47733237
-31.62460991 -765.80386006 208.59450749
-42.50469065 -743.40050976 110.16062676
-42.31334211 -745.48842471 119.16491618
-32.29253825 -766.27116912 206.37579950
-42.06774963 -743.87362185 80.34914802
-42.14950112 -743.18203569 104.35218291
-42.31391183 -751.21101564 152.34503368
-40.08630000 -740.64940000 94.85239672
-41.94554737 -743.05960837 101.01498732
-41.81318537 -740.41664700 77.32245860
-40.96623418 -757.36087405 173.28787079
-41.83236515 -740.28868525 74.21964681
-41.82937277 -742.93293817 98.42164620
-41.66531119 -740.17320198 71.34998282
-42.05066425 -748.33285606 161.31100430
-34.39305000 -770.67165000 207.99651172
-41.98072419 -743.83996290 77.71476978
-41.60074698 -742.54607663 95.18619338
-42.50600000 -746.65970000 160.14018672
-41.69821954 -741.97193856 59.50084385
-41.60044173 -739.90511317 65.12285087
-42.41301667 -746.81970000 105.48854505
-41.55895234 -739.78896511 62.29311207
-34.90919097 -765.75959330 59.18278470
-41.53174292 -739.71456241 59.37047769
-41.67938000 -743.81912667 74.69508172
-41.44210963 -741.72762414 53.54931396
-41.26488786 -745.12513080 47.27645556
-29.43474292 -772.52337946 214.62480496
-41.44428828 -748.50216032 49.95184574
-41.25197692 -751.09264047 50.79169332
-41.46511736 -744.03658182 45.28862205
-41.44146722 -739.64487249 56.44882727
-41.30090351 -741.52664904 50.39932980
-41.09207581 -742.41219177 44.17043329
-41.19855120 -739.50886951 50.16789070
-41.59742923 -752.47319077 178.46229864
-41.43659896 -752.05646540 176.10115065
-35.67533578 -745.86899936 49.61242098
-41.03463636 -753.66347492 51.49726360
-40.91244153 -739.39843588 44.50796197
-41.26488506 -751.55108628 173.25871187
-41.48090000 -743.80027500 72.09688672
-41.15709641 -754.22614598 170.31307218
-40.90231771 -754.22958474 176.37166172
-39.22951982 -765.48351221 191.57125924
-40.76123964 -739.48726109 38.39800654
-40.79819261 -739.45607807 41.20725528
-40.70193718 -741.32157276 38.49429922
-40.70845553 -739.55191220 35.28113643
-40.73527230 -755.16070798 185.08047346
-40.51605622 -739.56867910 29.43231271
-40.40122634 -739.30224049 23.37604172
-40.37459109 -756.12811822 179.17375200
-40.35276628 -755.95397907 182.23133846
-38.59254583 -744.02632083 45.34917589
-40.39418421 -755.55947368 187.33680909
-30.45393462 -770.87747981 66.40011749
-40.34226154 -755.84615769 187.65541941
-15.80386029 -781.96431244 229.79516076
-40.33468444 -755.83582444 185.25991727
-40.31792623 -739.38852951 20.86721254
-40.27410000 -739.25120000 18.37616172
-40.21013960 -741.60375446 70.57490132
-39.81004766 -741.01091915 92.21866895
-40.20230621 -757.89194037 177.41086234
-40.12595567 -741.53153127 68.26449540
-39.79481312 -741.68637252 59.34893226
-38.86345340 -741.70944660 38.56942532
-38.51113806 -738.89460945 29.38371748
-38.82539918 -741.23437548 32.33089142
-39.84491964 -739.80009851 59.27863553
-39.03842934 -738.45761360 35.17205979
-40.07231081 -740.81467838 94.41562929
-38.77716160 -748.35502029 50.18897036
-39.47019592 -739.26832296 50.34747028
-39.87357146 -741.65154216 62.03519423
-39.99445162 -759.42081447 179.56109584
-39.13112380 -739.10761766 44.41276980
-38.46573543 -738.80192951 32.47898531
-39.60775964 -757.47081737 185.43194612
-33.88588538 -763.69362490 203.68658010
-13.68758647 -786.21464812 233.70818202
-31.81456636 -769.86893641 64.36242716
-38.98667549 -741.07935033 29.29417250
-39.46316209 -757.42098555 188.29212407
-27.85432881 -763.55671337 68.39905287
-40.25166667 -742.38600000 77.09442839
-39.35966331 -750.61576122 51.46835124
-36.87551464 -738.89623979 14.26207120
-40.17703902 -758.97957073 177.47624465
-37.13354667 -758.58767333 196.09034172
-38.15398690 -767.27980299 196.56842379
-39.12054930 -739.30496750 14.27506089
-38.99186286 -746.85230857 48.78419029
-31.10090755 -768.14158302 63.71252210
-39.63612857 -737.62971429 37.78961886
-39.72353333 -740.70003333 93.42926172
-39.45738387 -737.61799032 35.15653269
-38.89746649 -737.59778404 32.08688459
-38.59365907 -736.25670007 14.52449602
-37.98971349 -763.29564723 191.28166792
-38.02310781 -768.50862188 200.00424063
-38.50064187 -737.43749226 26.08499545
-38.55133578 -740.88713945 20.78836539
-38.26373644 -737.30335030 20.42385796
-38.06626341 -736.51634792 17.20567494
-38.63834463 -760.19556874 188.26711565
-37.91645600 -758.26066109 194.28122281
-38.03300000 -740.84675455 14.93134808
-37.67410095 -757.48725714 55.20381981
-37.39083622 -763.53701339 193.24787983
-37.41758571 -769.15560000 202.16989743
-37.39494146 -755.43126585 54.96042513
-37.30701429 -758.92622857 196.00106172
-36.79085532 -763.22778483 194.73066197
-31.47233966 -755.30103621 61.18455827
-37.18800538 -738.85277097 23.26726602
-36.44148504 -744.51872138 48.27440424
-37.00213217 -737.27872657 17.29933025
-37.12436688 -738.74511029 20.14475336
-36.10120757 -760.99977533 200.06783507
-21.93520162 -774.87022270 222.38393388
-36.27232057 -760.14240186 56.97355522
-36.38985068 -766.00503064 197.34498617
-37.22898182 -763.30995909 192.73120717
-37.13984737 -737.45596316 23.26344593
-37.02763308 -760.63649302 195.10186764
-37.22868452 -739.00326310 25.45691410
-35.64790682 -754.37648786 56.02765533
-36.78910260 -753.34360104 54.57860391
-35.45176700 -768.92550586 203.10859673
-37.18900000 -739.78500000 28.63906172
-37.07801667 -749.77310000 51.68947839
-35.00384032 -766.32717259 200.29583035
-34.94871215 -770.06529282 205.93603796
-35.07779256 -763.30657500 58.69980577
-34.91666701 -752.06317619 55.31919267
-34.79422039 -760.27609709 58.41508433
-35.14426327 -761.49460612 202.38695151
-34.59999073 -762.64936901 202.67969111
-34.63254353 -757.53626099 58.20151490
-34.48410000 -770.83005000 207.46071172
-34.31779375 -755.43537500 57.96302422
-33.68240275 -768.33931443 203.96075416
-34.15274545 -765.95350682 201.63277195
-33.88194717 -750.09295000 54.50838530
-32.72832770 -751.22559402 56.43831533
-33.51004746 -760.22670663 59.94753985
-32.59203419 -771.11515551 209.74948304
-32.55681022 -754.32431591 59.17907770
-33.72220000 -770.79597500 207.53341172
-33.08409155 -763.92112557 206.16379038
-31.98114008 -763.20992065 61.95239321
-31.92418706 -771.88952647 211.91978584
-31.95512581 -749.50101935 55.27046925
-30.82609908 -752.06547086 59.01626325
-31.75010333 -752.25774667 58.33887505
-32.17685294 -764.50301176 208.44220093
-30.94780885 -765.94150600 63.24947101
-30.67053369 -757.09224652 63.20122763
-31.10113034 -750.65311348 57.25830217
-30.89431774 -770.94240323 210.54124720
-31.05505957 -759.95904184 63.51565782
-30.97829863 -763.28559055 63.27010301
-27.55761910 -769.42941450 215.02732842
-29.94474687 -769.16478291 65.49625397
-29.54890773 -766.23755801 65.35803816
-29.07275833 -769.34912500 212.45511440
-28.71943333 -773.97239697 217.51874051
-28.61169060 -760.95149664 67.15769729
-28.46953614 -766.05688218 67.21699835
-28.34086316 -768.75540405 214.14851678
-27.44029635 -766.27746529 68.50687547
-28.20491000 -767.56628000 214.43284172
-28.17171461 -769.70400337 213.65669543
-27.28200138 -771.97978667 215.68810597
-27.23965888 -769.10145973 68.36303571
-26.60815043 -774.26902692 218.37658864
-27.84900000 -773.84310000 216.33276172
-25.89925470 -770.14269060 217.34986086
-23.21222865 -775.31739020 221.56823154
-24.73786040 -774.31601386 219.32646766
-25.07823333 -770.50254667 218.31182839
-24.34634717 -776.57663208 223.06931266
-23.20814317 -777.38581498 224.08248727
-22.31830000 -778.55540000 226.02356172
-20.71177983 -777.55665210 224.72489239
-22.07281250 -773.59785000 222.02897005
-20.25636503 -778.94867124 226.36474825
-18.45554565 -778.65535236 226.81252802
-16.80143448 -783.16220086 230.71432120
