-43.30750830 -744.62418881 53.01768663
-64.97275909 -728.36358409 175.49071591
-52.61388025 -764.20868981 125.43914456
-53.91574321 -745.20253827 145.79784063
-61.77770463 -822.56484074 220.17899217
-60.94807548 -784.56906512 176.55184725
-40.60251724 -745.25909224 32.51313652
-47.66744396 -769.71925297 140.28248778
-73.18885825 -717.34772048 183.38576098
-87.51070000 -852.51665000 252.85772273
-37.23316641 -752.70473230 49.80490177
-54.35933025 -801.67003613 190.37168281
-67.99893060 -801.36507869 196.37993147
-55.70381549 -775.19197676 173.34191216
-71.20220000 -720.58990000 180.81122273
-81.31234321 -830.96575929 238.48656666
-86.81028904 -862.70269863 255.50717752
-52.59235708 -790.24915408 170.99653045
-63.39834208 -782.34943267 191.35753273
-54.95620360 -773.46167586 161.37053797
-96.13643707 -920.79109310 267.50375807
-47.90261711 -780.55034605 157.51084510
-81.72358460 -848.35490796 245.76650750
-89.64597857 -865.79235476 258.56082392
-73.09300435 -835.42229739 234.15270708
-60.45434484 -749.86751990 140.64296493
-57.82510022 -802.72318882 191.29741560
-63.82629881 -821.05174005 218.57776910
-83.04185366 -871.33913415 261.51478614
-77.73341990 -792.48647449 233.64396660
-71.17580833 -798.69890417 199.15273939
-42.24121951 -743.20346123 26.10316214
-48.60292020 -755.01859540 98.21144293
-87.75950458 -875.07847661 260.96964092
-49.26416682 -765.65720092 133.62793932
-70.08011484 -722.71173897 179.81856460
-71.21564000 -810.51868667 211.02963606
-69.75833035 -734.59420052 167.67972629
-61.33904144 -780.28569240 194.05796151
-56.18829492 -776.28475339 151.60818374
-82.93247912 -877.96653626 265.53717218
-57.72593290 -776.80361737 179.34827861
-71.73998487 -737.61674560 167.79812804
-81.90332216 -851.70248454 247.86517204
-44.95441431 -746.73186595 59.42072387
-49.42922179 -786.15181453 166.98555350
-65.39763333 -783.79516667 198.52272273
-68.20990000 -834.42151429 237.96467987
-48.34422259 -767.85713835 140.11268407
-54.49716552 -749.34617653 128.38605991
-74.97650972 -733.18347222 175.11395051
-69.91502284 -815.35189490 212.32893115
-41.90941809 -740.64502481 23.50692221
-77.07902000 -857.54841333 256.17454273
-90.17310000 -696.28090000 189.84172273
-53.13202609 -745.75949420 145.57264736
-63.91795245 -826.18125839 225.25577483
-90.18755875 -692.39290532 189.05308052
-67.67377803 -788.27362794 203.35241236
-91.99131389 -882.01841944 265.17876995
-90.99950510 -908.15222824 268.68960298
-88.73078326 -902.36905991 269.18748881
-68.67931426 -788.44764780 206.56327849
-81.32456421 -721.97515932 181.61360846
-40.39184051 -741.29153794 32.22722015
-76.91229096 -728.51291145 178.19046972
-80.56036789 -833.15346105 237.45351115
-63.96577490 -734.34809810 164.53851398
-49.21094808 -771.17904548 155.15943629
-78.67952839 -854.20670142 250.88856500
-84.35605000 -885.38210000 267.91277273
-60.91289797 -811.86510044 206.47619598
-85.15818766 -868.89187184 258.23480627
-56.79203363 -752.70084889 131.36870939
-54.22692346 -775.42069218 137.45384619
-54.50144734 -773.44657475 136.96115350
-55.92303419 -778.66111111 152.28220478
-67.61559548 -725.56136963 178.80780746
-74.68416277 -829.51631606 228.44279937
-72.38158917 -788.82493461 221.28965033
-62.41872471 -783.38040747 183.19648307
-60.47938560 -737.09235440 161.07363873
-72.61135446 -818.34241635 218.35880327
-57.73183549 -776.58348910 170.28050933
-85.78598889 -880.67734815 264.47061717
-58.66090792 -811.82729180 209.32819213
-47.18763521 -753.72820423 116.12183399
-64.14274000 -736.77084200 160.82145433
-57.85804397 -794.29253381 176.25491399
-89.98364097 -875.16411806 261.43676149
-57.69458933 -776.91938753 182.30147351
-90.83506966 -890.48707329 266.58308833
-59.08136636 -778.27991864 173.35191727
-57.42016739 -787.02147609 162.47028142
-87.54181885 -854.76845328 253.49537601
-60.84415467 -779.74450695 191.26199545
-86.67104737 -799.66815395 252.17199575
-68.16360208 -723.49099792 180.08657481
-26.45762524 -779.02683592 60.99970234
-99.44702982 -928.58954035 267.11646308
-77.80721818 -852.61895455 250.02729545
-79.97609423 -794.86760462 238.42363311
-62.22413333 -816.93353333 213.76728939
-58.67074095 -808.16539714 201.32193130
-80.60122184 -723.32298641 180.59938826
-59.53913611 -750.44821944 138.64493106
-56.44177273 -753.40152121 129.29483485
-98.95716181 -926.48305709 267.26478769
-63.61130867 -782.36867714 194.28103158
-90.81885941 -899.46447197 268.30446582
-75.75126153 -716.81911073 183.12658537
-55.26777739 -773.51846870 146.47795403
-51.53068775 -791.90628377 176.03129425
-59.04406918 -782.40676183 167.34193617
-68.89109684 -790.52294737 186.14595010
-41.39640000 -738.80755000 15.71997273
-92.88375116 -899.51873814 269.08617575
-69.81393803 -728.43263949 173.43997776
-98.51823448 -924.46988276 267.59826411
-85.79957143 -712.36633810 187.00511797
-60.64966621 -793.83265170 176.50846762
-70.14447996 -794.33665202 191.32164479
-59.09468189 -786.16470787 163.63112273
-57.99523265 -810.00651187 206.13110826
-98.02744667 -925.50072000 267.30772273
-74.18214182 -816.28778182 220.09286091
-81.71076547 -860.54613529 254.05853014
-48.21821943 -767.31297762 137.29767624
-54.14562830 -767.11359472 137.50809527
-71.50119842 -790.93603632 216.11378641
-48.20009757 -772.55590278 155.29538488
-87.98368806 -701.39020448 188.74357909
-56.40163636 -774.83602727 166.50871364
-48.56187854 -761.26739210 119.47364468
-42.17848590 -745.19189038 32.49596375
-93.08661297 -905.46559082 269.18326482
-70.81390000 -840.77170000 243.91232273
-56.15716571 -807.28427429 202.31542844
-54.23160000 -774.96030000 135.70965606
-44.79877538 -747.63529422 67.79884370
-54.08140269 -767.27552020 134.33285606
-80.96875729 -850.35846563 246.60645606
-87.50107297 -869.12537979 258.40780750
-59.90735055 -782.37725277 170.32626414
-66.82964657 -827.88579729 227.35833925
-46.70289564 -767.96259390 133.86540558
-97.20161200 -923.47099900 267.21560873
-60.51096526 -813.07660843 209.10389828
-70.11492799 -788.37882183 212.38915195
-55.47465559 -775.69495501 179.21862015
-84.34625432 -842.53761481 245.07288692
-28.06842346 -779.11304222 59.83554359
-97.40488571 -922.93254464 268.03901558
-90.62450152 -881.39331787 263.93646683
-76.11021087 -847.65408634 246.18781589
-96.66145979 -920.18753711 268.32365262
-71.13917500 -841.12466250 243.65328523
-78.94566613 -725.37461116 179.62270518
-95.82896738 -917.49789645 268.79934613
-46.76668085 -770.07514043 134.47143994
-71.04275949 -819.43563165 217.13168349
-80.49993125 -861.58897500 256.15389148
-60.82129749 -797.51729058 182.34566770
-56.39841081 -774.74217568 164.49697948
-58.96623275 -779.25157035 167.47344389
-57.74521700 -776.56971878 155.37044495
-66.93877379 -788.43448581 182.27759962
-72.10335744 -734.49175885 170.65510691
-95.50762826 -915.17572174 269.44378794
-49.84235676 -766.09111081 114.24372813
-46.57578421 -762.75794211 121.40509115
-53.18936905 -747.77072619 138.28722273
-74.00243696 -850.81885217 250.42241838
-76.25044989 -824.52207269 227.42705609
-95.32880000 -918.88520000 267.83102273
-74.87201288 -818.19449823 221.93547651
-75.25379235 -815.36100115 221.42186036
-69.66148752 -725.83973545 176.70972541
-94.83541695 -919.91805763 267.65535154
-85.26386227 -845.84845409 247.92361727
-79.64180104 -863.33128437 259.71063419
-71.04797978 -801.47205393 202.27643958
-93.81468393 -914.59820595 268.60247407
-59.58586667 -790.07470833 168.45422273
-76.45188702 -816.04283371 223.88941840
-60.28518000 -774.77068000 163.18244273
-59.25055714 -815.44132857 214.06555130
-68.65447403 -808.51806364 204.32033442
-42.55757994 -745.58645643 35.45708417
-93.92752040 -916.90661436 268.29588917
-62.31140000 -780.86600000 197.33282273
-63.72180818 -823.71517595 221.80524678
-71.72106935 -788.77115558 218.62972558
-82.45470000 -795.77640000 244.07452273
-77.53200548 -829.34493973 231.52794328
-69.84868609 -786.41660522 215.16898403
-55.35304640 -790.11854960 168.38357713
-64.78521747 -782.73151747 202.84248517
-81.43616939 -869.62284082 262.57574041
-47.80972542 -755.03057924 83.45168078
-73.24739896 -716.03339613 184.49484088
-50.45297368 -762.83552105 130.54402273
-52.81638582 -799.93859885 188.32276870
-85.25863207 -695.72570722 188.99418249
-73.14881360 -821.51824098 221.16551482
-93.63853495 -911.49571487 268.83697201
-94.62321250 -919.28573750 267.92899773
-64.72035806 -798.11638806 187.65553328
-50.17217846 -790.53621692 175.43880427
-68.00336316 -795.50430000 190.13378062
-66.88318311 -734.99598810 164.78206898
-92.60451429 -891.32054286 267.93502749
-63.08704591 -782.54210925 188.39672004
-76.98970674 -831.39159775 232.06763846
-75.55302663 -845.95410543 244.84097952
-81.49392297 -863.59239894 256.94007820
-56.82892870 -742.19040972 152.02228245
-88.52825234 -893.13717852 267.39822077
-71.43838421 -739.46778684 165.50336220
-72.05037788 -815.25536931 215.54569063
-94.57263529 -918.61161176 267.74827567
-93.37962861 -908.49699075 269.07205192
-51.58286274 -767.57963949 119.45364406
-65.85794332 -785.49594539 197.38932111
-84.30572862 -710.40055331 186.29599545
-57.94357840 -779.40003596 161.29059572
-61.28163468 -731.98365443 167.50141969
-92.44308438 -887.53049375 266.95361960
-92.96570304 -902.41519506 269.21242843
-84.61637377 -798.14532279 248.05250410
-81.95862643 -710.47736068 185.69996966
-79.35650832 -833.46043235 236.00397467
-68.76993030 -790.08246970 206.96161061
-92.76652636 -896.52840545 268.78835364
-46.44185789 -753.36444000 92.18617922
-92.66570556 -893.52832639 268.30894912
-44.20438571 -753.66405714 85.38049416
-79.17903607 -707.48560808 188.09022885
-75.92560860 -830.27378178 230.28453032
-92.48905385 -890.44748462 267.55674388
-92.43973846 -892.47652308 267.72622273
-79.05597500 -860.50967458 257.14898290
-60.64828586 -738.28715461 158.62394115
-83.17970000 -705.86000000 186.82422273
-62.41803667 -777.67745333 168.21077273
-92.42731500 -884.81097500 266.21013273
-60.77182348 -779.58259030 188.35105692
-42.76690897 -743.95012474 47.37392428
-87.68323933 -695.37917382 188.65397372
-92.37180000 -882.75060000 265.55642273
-65.41518947 -793.10626842 183.64532273
-91.63751583 -911.24186833 268.56459564
-71.74406555 -798.26346933 199.97131558
-55.36976723 -776.56241759 143.28789502
-54.65988696 -795.20885798 179.22077599
-34.40282821 -767.53647113 56.76290699
-90.69916500 -893.26567437 267.15070439
-85.71409696 -874.79896739 261.44102316
-81.09311599 -706.55009467 187.15569765
-79.65589031 -853.39025639 249.48817207
-80.26450000 -866.85010000 262.00492273
-46.86152488 -754.17593383 77.95350233
-60.84257560 -751.34012632 140.14815861
-82.12874687 -845.81831161 244.51570933
-92.30600000 -915.90290000 268.20732273
-90.85626209 -905.44544134 268.66390149
-43.22618592 -749.06861892 68.25118669
-72.05651336 -809.38498989 212.38589301
-60.79640184 -782.38125737 164.31979600
-67.02897059 -813.68713277 208.09539500
-55.59067500 -773.69808480 152.33895482
-90.80738527 -902.40701597 268.51625575
-44.34926563 -746.27371875 48.51559773
-91.97020380 -913.73659114 268.54367969
-91.13760808 -896.89184545 268.06635909
-56.47618910 -771.36157628 146.52994260
-48.84296845 -768.29595572 143.33245465
-86.12644118 -849.10012647 250.11056979
-90.79598833 -887.36995171 265.78836277
-73.89699360 -818.68566932 220.56145187
-91.36700256 -884.79240812 265.44361204
-53.96787333 -749.75181368 125.69024518
-45.65856231 -750.13635737 77.52242437
-85.18238049 -864.66287073 255.96158858
-75.55527751 -835.65687946 234.02782053
-81.72118934 -795.48288156 241.91867150
-90.67587323 -690.35120657 189.03511414
-60.48593004 -779.47733959 182.29622575
-76.74800498 -710.98930020 187.62074305
-87.47872125 -857.48212031 254.22979241
-44.05734432 -754.85168182 98.83789432
-78.95224197 -843.19538860 241.34429060
-69.04368270 -834.35604152 236.32665139
-82.61575142 -839.46123508 241.79413711
-54.91881493 -775.25455863 176.53677632
-39.95985880 -752.20221308 47.88674261
-92.11231500 -893.85075500 268.06415273
-50.16988571 -771.83810000 160.01943701
-51.99488163 -749.41263896 134.36326095
-81.17545781 -844.82023125 243.31526648
-52.19516296 -778.05261111 144.18958199
-71.53885000 -823.08090000 219.47542273
-89.13700000 -690.83426667 188.67412273
-51.85004435 -788.20332644 167.37925746
-78.68836390 -857.55748510 254.15085167
-56.99050670 -781.93043184 152.58698977
-49.76859057 -751.34642830 128.05481292
-90.57954255 -878.27488571 262.89047304
-79.99741429 -708.54739000 186.67294701
-74.51887407 -820.59405630 222.47583458
-61.12651648 -776.62182346 164.28533446
-91.06063094 -875.63299865 262.38683708
-75.52674477 -842.93421046 241.76198627
-84.65733466 -857.26291944 251.91337846
-90.48475075 -895.89431910 267.65290313
-90.28879307 -872.44795498 260.89320483
-91.32946400 -873.08240600 262.03099673
-60.33052271 -779.48006790 161.39325548
-81.88149175 -796.69094889 242.51409778
-74.91559069 -823.99411760 224.93425014
-89.43210000 -861.54715000 257.13597273
-90.07500979 -884.11105734 264.52890105
-86.49890000 -856.32362500 252.73874773
-37.18293333 -750.83240000 48.86783939
-71.16895333 -841.98019833 244.38849939
-77.71125558 -827.31199125 231.06946080
-64.16905780 -804.16690179 193.75565214
-90.19995682 -869.45765101 260.03738384
-90.09459355 -866.97441855 259.30548886
-89.87284517 -695.29215987 189.39728134
-71.08924422 -790.82625528 214.70403479
-51.23432720 -771.78473520 160.44882433
-48.08280311 -757.35150807 89.51040347
-89.31390000 -885.92340000 264.78512273
-78.70168741 -845.21664433 242.80118646
-89.62789239 -863.66315435 258.00555425
-66.83016120 -728.83222957 173.36161453
-89.55570813 -698.00723971 189.53742895
-50.02110847 -781.10040339 153.33310578
-88.19809747 -698.55838112 188.74408619
-47.14653867 -772.13845200 138.20529606
-82.52337650 -866.06830250 257.91983173
-62.22784545 -795.67608182 181.05495000
-49.42436348 -781.54319217 155.54072447
-89.51740000 -699.98970000 189.59132273
-69.40687448 -788.37674495 209.35721301
-78.71597702 -851.46089801 248.35956416
-89.37270000 -876.95145000 261.77532273
-60.64474543 -779.48183246 185.29299165
-62.23836190 -780.96680000 191.27780606
-69.97705809 -821.54660773 218.45355474
-57.49151840 -745.84138019 140.08563861
-81.90201026 -857.31676441 251.46519740
-87.78591667 -704.38650000 190.00345606
-50.68034000 -771.80728667 130.11105606
-62.47171393 -785.07209542 182.98201299
-46.55291855 -767.28631025 128.42863881
-72.04190772 -840.24809792 241.64508118
-88.66362381 -860.59158492 256.33477035
-51.53219363 -782.90556518 155.25840065
-47.77350863 -777.30964784 149.10811373
-53.43797857 -747.97462143 136.14047987
-87.98751672 -896.43612557 268.63588010
-83.57901500 -837.00913182 242.82663318
-63.94570834 -814.70367073 209.66221252
-50.38420000 -753.66906667 108.42241439
-86.52765263 -849.09795965 250.69183325
-69.72605276 -830.93383561 230.25943189
-76.02929372 -722.49645919 179.44345312
-48.56580595 -779.39645766 152.36995670
-39.46493880 -749.60214675 47.07030276
-63.52068504 -819.73199921 217.05301485
-72.87352219 -809.45616987 215.31379734
-51.43854787 -789.12876329 170.03369527
-89.05810714 -895.37696429 267.73388344
-54.16722110 -752.62484862 122.38744842
-53.23100000 -775.08200000 174.91172273
-47.12438416 -769.21317723 128.77866629
-56.67456878 -770.77121825 149.52230103
-46.31916662 -751.97593215 71.48223908
-81.08342072 -716.70004618 183.43595569
-62.13817191 -781.06225843 196.85225981
-72.48687106 -729.06545949 174.08145560
-48.46944527 -755.26581940 92.36463127
-88.14820148 -692.71272332 188.75542700
-62.69450000 -777.84500000 169.35322273
-81.48163751 -704.26397981 187.95576003
-88.04937091 -863.63642798 256.71381525
-86.30250000 -889.25180000 267.73532273
-87.88069576 -872.51342448 259.95147364
-54.67389125 -789.29194810 167.04315655
-79.81005243 -796.30557514 239.01211084
-48.71952112 -765.10221036 113.08138926
-84.53694597 -698.25930293 188.53462476
-50.62509640 -789.60460450 172.49711642
-87.69126812 -878.41659638 262.45321500
-76.17708058 -791.88029557 230.24850224
-82.93093182 -836.42920455 241.55982301
-87.81291340 -866.44411476 257.51115690
-49.79620833 -775.05372083 138.38037689
-89.00129589 -904.82258219 269.20292547
-46.65641549 -759.26637962 110.19846702
-86.61731724 -891.04248966 268.17646066
-65.72167996 -787.92729680 180.09966580
-71.17494118 -717.72200000 183.30209920
-81.35929571 -866.68152403 260.05983174
-52.58572185 -796.36709169 183.03263350
-89.29460000 -867.62475000 258.89932273
-87.81513441 -887.49580065 265.96603972
-49.33315533 -761.71664412 104.38832490
-88.35234192 -884.07586168 264.45303051
-88.33775139 -870.09598805 259.09836576
-66.91335034 -831.27727310 232.84415687
-71.92036371 -842.96887679 244.46812315
-50.34760000 -750.92585000 126.94322273
-88.39769961 -899.43967054 268.98935916
-89.29480000 -907.59200000 269.16472273
-70.57966939 -736.87914647 166.79184773
-87.82084057 -881.39170783 263.68069995
-51.58821476 -755.82015143 107.48820511
-70.07916272 -739.86454383 163.91300816
-88.01543889 -890.27585397 266.82599257
-57.80626841 -791.06881036 170.43257991
-72.84983559 -804.08343584 209.01953576
-81.96381894 -713.41858802 184.84930551
-55.15161455 -752.58264437 125.41893845
-41.76519762 -742.57065190 20.50612892
-72.92773734 -806.69820487 212.16805942
-29.11020533 -774.57848000 60.55208539
-83.66786980 -797.41163456 246.00132239
-83.17295714 -843.62711429 244.07813701
-51.88013504 -772.69982264 131.48359658
-66.34524076 -785.69917008 179.32994525
-48.56824086 -783.64273656 163.26335176
-66.08447258 -805.95239303 197.66880152
-89.18895000 -885.97540000 264.82062273
-88.23050952 -877.11207460 261.76627352
-64.82846276 -795.12405513 184.61945088
-53.17325385 -786.93189231 162.67081503
-31.29105684 -778.40174407 57.10704005
-87.43615139 -704.30486948 188.66186533
-88.64580000 -858.70854000 255.91102273
-54.97866964 -803.65547361 194.16268694
-79.89701695 -827.70089379 235.53168177
-63.78415951 -730.63418663 170.45001129
-87.18293116 -884.82597391 265.27484592
-75.04782732 -726.02867041 177.36286712
-53.75754361 -771.63918647 155.09974904
-87.27156859 -860.21924359 254.93397914
-87.14253984 -893.62611707 268.49391460
-86.75815109 -851.18279457 251.60751838
-73.30762900 -824.75726558 223.68147284
-87.37827583 -800.14348768 253.64815211
-71.55817439 -796.98186301 197.60917882
-55.99541802 -742.21894144 154.62564435
-53.45616316 -789.79374211 169.01548062
-86.86771930 -706.93195764 188.14218864
-86.73404344 -854.36049262 252.31172027
-57.63486306 -807.13966290 200.15904552
-73.12200000 -723.89250000 177.17732273
-86.53503855 -709.68130241 187.61892875
-84.96460914 -854.58016882 250.91224665
-82.76505481 -875.28207926 264.30987828
-84.99289868 -799.12024474 249.13439904
-86.48585833 -876.70077500 261.96526439
-82.82680000 -699.10282533 188.83416814
-48.14685032 -771.15586868 131.29033763
-80.47621111 -835.13365556 237.66853384
-86.39923333 -847.31276667 249.69365606
-84.96933005 -704.48471088 187.40502862
-63.80196606 -810.23393353 202.78524281
-85.09973274 -878.13310486 263.73453910
-85.74202085 -851.39014517 250.40015593
-57.02436862 -746.50867038 137.53884824
-49.08097361 -758.63465985 98.19562198
-80.64990714 -858.47452500 253.10860130
-81.81948953 -833.50575853 239.45747917
-47.07037028 -776.17373951 149.27197727
-85.36441217 -884.32765185 266.62880368
-79.69143810 -856.59284952 252.23726463
-85.39924170 -707.31247059 187.24241086
-55.47369247 -779.02292571 146.48875338
-80.68355000 -867.46554286 262.00262987
-64.82074913 -743.17923350 154.87231479
-84.91875317 -860.64374072 253.71511323
-66.32820000 -783.88890000 207.95592273
-59.16596731 -814.42465192 212.97375350
-84.93954673 -872.38169972 260.55398225
-47.26935714 -765.84384286 130.08950844
-84.69881766 -701.37942826 187.81986804
-63.10526000 -738.84123000 156.18538273
-54.82088265 -773.06469142 158.35561785
-85.89243188 -799.39207246 250.79002635
-52.96947083 -769.47651667 143.30982273
-84.83776807 -866.40876687 256.86683939
-68.18340085 -788.11726525 205.27904052
-56.32622222 -779.23757778 147.68050051
-85.86286794 -709.98137990 187.09872177
-85.78761504 -887.03867080 267.34471034
-71.61068750 -799.42307500 201.12216944
-84.41413699 -870.10320732 259.40957395
-77.88028235 -838.57854902 237.40785508
-57.77673597 -776.70018472 173.37447551
-84.82477051 -848.44844380 248.20668982
-53.50614348 -750.34889348 123.31117055
-44.23020000 -750.89980000 45.58722273
-84.73518617 -863.19972207 254.98668868
-78.82281893 -827.38535689 233.27518548
-85.91375435 -890.17036630 268.56300968
-76.73987241 -730.12000345 177.99217790
-63.83620906 -746.48171700 149.27059879
-53.45705139 -765.57244861 131.45354078
-82.89875510 -849.50133061 247.04167987
-78.39553848 -830.31167006 233.33992062
-84.46293300 -875.54231363 262.80191961
-42.62169275 -748.93110475 59.35438848
-86.16592000 -693.83800000 188.97118273
-48.46799207 -770.32415216 128.29150903
-79.90766168 -705.00987305 188.74396784
-62.57672477 -749.63120090 144.41710876
-51.78450585 -770.89906399 155.30405618
-85.92490588 -858.29053725 253.09956783
-61.75250000 -750.98391111 142.13808939
-46.77960211 -774.36730886 145.80391091
-75.31149804 -827.06009646 227.48558842
-86.12148800 -892.66496400 269.05503473
-50.27100000 -783.98240000 159.76652273
-71.79489026 -732.29075618 171.34556655
-84.71085449 -881.36897865 266.01069070
-51.20552740 -786.38279567 164.05482970
-66.23634853 -808.70474308 200.79825311
-57.34523571 -774.32001429 161.32655844
-85.77979286 -798.64585000 250.31589416
-45.92802527 -754.48562473 80.40697685
-71.57876667 -795.75666667 196.17867273
-85.32567473 -887.81714505 268.14572053
-33.17493492 -773.20633048 55.68551673
-84.35632209 -713.34753779 185.78823450
-84.31116224 -851.44749245 249.06495354
-51.81475915 -764.10255010 131.41510633
-85.25993846 -843.30110769 247.09158427
-79.95518791 -836.96411758 238.18036888
-71.39420000 -794.07732000 192.65484273
-84.02914181 -845.38480000 245.89267018
-43.76584464 -749.98186811 74.14484722
-84.02292312 -707.84488040 186.64990866
-72.97578052 -845.25332416 245.52671055
-69.66710816 -820.20368707 216.60977103
-56.03573571 -776.25328857 181.41474273
-69.75474251 -791.66667711 188.06957884
-84.00906932 -716.42362797 185.13488917
-57.25452923 -776.46279184 152.54077896
-83.98706667 -859.28659649 252.58489641
-77.97729715 -832.97513333 234.08378654
-84.35035000 -839.61352714 244.40230558
-77.77773247 -720.66882857 180.73509416
-83.80369483 -878.84333879 265.39040549
-72.00092549 -800.58305363 203.20015877
-80.54373529 -724.34708706 180.32757332
-48.47585605 -776.80314855 146.14306719
-84.37955000 -864.93560000 255.81387273
-82.94099195 -797.04890805 244.57248078
-83.67313396 -853.33430377 249.49869065
-61.93073556 -777.30062222 166.90876791
-71.58042062 -808.57875103 210.10959644
-80.56384118 -864.63498235 259.35389920
-60.70609957 -802.07967735 189.54094837
-83.65588813 -838.97552557 243.00419031
-52.09169295 -750.33016992 122.45604264
-83.65805147 -847.44253235 246.53898743
-48.78494992 -753.16299473 107.44168879
-83.61458974 -873.36257179 262.20274837
-69.96044739 -826.81249618 224.52248298
-83.56047778 -841.55163333 243.54513754
-51.70615646 -773.52813596 167.30456686
-52.06568543 -764.59936212 134.20502829
-83.46096122 -718.24278878 184.38539416
-74.92418057 -793.52332318 227.44774105
-77.11453256 -824.70021550 229.23098862
-83.35490000 -705.89560000 186.83392273
-75.56619097 -851.91061774 250.77324918
-60.23892835 -816.31601654 214.40388611
-51.16370420 -764.52799476 113.31629720
-81.82366330 -842.34179817 242.36013832
-39.60459054 -767.27064950 50.98165981
-83.17922542 -718.50254068 184.03426425
-51.80510215 -772.19261241 161.68146640
-81.55244152 -853.74573993 249.06510806
-48.77817126 -752.94587572 110.28099270
-67.68616114 -784.89697886 209.09109273
-82.15547338 -715.81892677 184.18770719
-81.87172359 -719.48258020 182.87081068
-70.78439130 -733.66110815 169.35211376
-82.46736727 -869.17457818 260.57003436
-82.02541326 -701.50254611 188.60247035
-46.45183019 -771.20736855 139.76323248
-50.89257639 -751.14383565 122.13623986
-82.58573108 -859.31621216 252.50710246
-30.07484538 -770.34947827 61.72281660
-75.34336263 -731.20216816 175.97618913
-81.18560956 -838.94700683 240.16351454
-78.95342822 -839.63257759 238.86607003
-49.82918832 -778.35654010 146.77379684
-67.27672222 -733.73249485 166.56311270
-81.98335316 -707.78092051 186.50356392
-81.47936121 -855.27508534 250.14474687
-83.22480000 -877.10080000 264.75768939
-73.26280726 -807.47969355 214.62837434
-38.07975238 -735.29420238 18.11362035
-66.21974751 -741.12468507 158.86992114
-82.41658225 -872.49890026 263.27923552
-82.44960788 -862.60158182 255.15090273
-43.74772500 -751.06959500 65.99507273
-47.66860000 -768.62635422 124.65397574
-83.17817500 -867.99142500 258.73382273
-75.64658908 -849.12043081 247.82995618
-50.61786250 -756.04783750 96.47386023
-82.72879596 -834.30199293 241.25401364
-78.45147100 -722.41373598 180.22957772
-60.74636318 -799.63912418 185.68740260
-51.60515779 -769.69017156 149.45410535
-82.35300882 -876.13347206 264.98637567
-69.41399399 -724.55729240 178.54309801
-81.55139673 -836.22212236 239.51612939
-32.68182880 -769.58590340 58.30707080
-80.74553012 -795.12468106 239.87830316
-79.80021976 -830.45503870 235.77792049
-80.69196280 -796.37023659 240.31051480
-75.35413944 -821.38503445 224.35596053
-43.92749091 -748.16296364 42.76111364
-80.62890692 -830.30804006 237.19195068
-81.00640000 -724.10030000 180.91552273
-56.64008571 -781.19420714 150.16789773
-80.50189891 -828.43185217 236.79115751
-80.53792222 -841.06281111 240.67155606
-78.92105214 -719.34897797 181.73109846
-78.82597500 -861.52509375 259.05190398
-78.88115349 -710.68894518 186.15054643
-74.11283333 -844.00486667 243.70075606
-79.02948310 -716.56733081 183.02832095
-78.45955132 -846.60947105 244.12469378
-53.71182428 -770.42724938 131.28861326
-72.20811056 -823.98341084 221.83929705
-78.68410836 -713.25430859 184.72847696
-79.84541905 -850.22651429 246.60642749
-59.54951206 -780.08761080 170.40938630
-79.61368278 -721.42715556 181.06254939
-78.83774017 -848.54213680 245.61621360
-79.74443196 -859.61496082 255.10042479
-80.13342069 -865.56733103 261.10703652
-53.36751212 -766.41001818 126.62796212
-55.09251373 -754.77488889 122.30774397
-79.94917069 -862.46173448 258.00664169
-48.82679450 -772.60107371 158.33038510
-43.76015955 -751.78441199 74.30866430
-66.83390304 -817.43297119 213.16756231
-64.26755190 -729.31872175 173.27272828
-60.70732191 -796.26230326 180.20026678
-67.43159520 -785.24780257 206.33057316
-72.64055433 -834.14137062 232.78646277
-76.02792385 -833.76610982 232.83349467
-41.06722104 -744.15665113 44.19491108
-76.05860405 -841.57558378 240.06495840
-78.95802500 -715.01926500 183.90243273
-71.36496667 -726.56803333 174.60172273
-55.51815812 -742.88083115 152.21489000
-69.62154461 -825.62042416 223.23717180
-46.62564386 -767.33522680 131.30671215
-78.39020484 -841.80196097 240.03016499
-50.89537188 -783.50349750 157.74124960
-55.53363644 -805.31870641 197.85367695
-63.90496148 -825.23927185 223.88164359
-78.72300819 -836.11458125 236.65538630
-78.89818112 -794.54796442 236.33840000
-78.88321280 -824.76642215 232.89582878
-44.35056667 -750.43513333 44.94829773
-78.79590189 -714.69958302 183.75576046
-72.88859225 -791.46565302 221.38417187
-72.76359906 -725.55235731 176.69208431
-78.70357778 -796.03350000 237.02093939
-46.28653194 -760.85254871 104.48900982
-77.98773469 -709.72393531 187.58516767
-46.32144928 -758.83235290 107.29218523
-78.05911293 -727.77976996 179.12356892
-38.79550426 -764.30842325 52.34476729
-77.77695663 -849.59413133 247.10696249
-54.50537203 -767.36070594 143.31144789
-57.31731206 -776.56462827 161.37478572
-77.85711942 -824.26319571 230.70535589
-60.54311976 -746.55837534 144.08727526
-40.71190426 -743.75020295 41.21812715
-66.81457149 -816.33206884 211.65101071
-47.03952893 -775.34815279 146.79180648
-78.36779565 -792.79550435 235.09162708
-62.16351429 -748.12848571 144.97817511
-77.82644749 -821.71111042 229.92607389
-48.89146510 -776.18510886 143.45178917
-62.89833277 -747.22276149 146.97592002
-77.78642000 -794.07716224 233.90137713
-67.13837722 -794.79983477 188.05622297
-78.36400000 -822.87460000 232.08692273
-58.18860414 -782.16900966 161.06113192
-77.74759524 -858.35457857 256.41101797
-77.66048846 -855.71963846 253.17996503
-77.56028333 -835.08175000 234.72632273
-77.47940282 -820.48494366 228.45582907
-66.84775399 -823.76068623 221.73611253
-68.50012667 -735.63957333 165.56596273
-77.45890045 -819.16464732 227.58844371
-77.68318333 -819.78650000 228.92793939
-42.89095524 -749.78085804 46.76670175
-77.07635475 -818.73273861 226.38904456
-75.23014214 -715.48266856 184.32391219
-69.70091406 -812.37733879 209.45728710
-76.70871937 -821.52123148 227.24839457
-45.25535131 -749.11135168 59.32702982
-61.07197473 -741.02720399 152.39211581
-76.99571170 -794.32480691 232.48117512
-76.14686829 -724.99673105 178.36436659
-77.24118511 -822.25609787 228.98740358
-59.40464865 -787.54245946 165.55115246
-75.95708178 -713.54040698 185.62740210
-56.66314500 -747.27080000 134.99423148
-66.29995000 -783.67249231 178.12284580
-49.51343902 -763.04158049 105.52438858
-57.84551564 -805.90389545 197.30559962
-76.72419397 -827.65331959 229.65639730
-77.09751623 -792.18116753 232.28902792
-60.75044078 -809.97723380 203.26390769
-45.74008700 -758.37536726 101.25605563
-75.72971355 -718.96943306 181.61664928
-65.12411636 -786.56816909 178.15599545
-75.78007153 -720.44643924 180.53902620
-75.73178266 -837.10338022 235.56824034
-76.17940153 -854.65265153 253.49331303
-58.12434000 -744.79773500 141.65870773
-57.99306400 -741.43474585 152.70627442
-75.66795949 -840.22297202 238.74252234
-59.74934521 -751.82127979 138.00400092
-61.44608923 -821.04384369 218.63178753
-49.01886326 -754.46327348 104.12296439
-62.88750408 -790.91273633 176.77614395
-39.65767576 -738.02283004 17.01374130
-76.46225208 -853.66618611 252.05546960
-62.19133125 -781.07673482 188.03076826
-31.91123621 -767.61880935 60.26079467
-77.05021188 -711.66164257 186.61088609
-76.05780740 -850.69251721 249.19492187
-54.95335729 -770.34601153 137.42088730
-34.49237466 -761.29698622 56.78036873
-75.89127370 -838.75502654 237.10277462
-72.17235517 -846.61106552 247.03526411
-76.14821271 -844.59217542 243.12711256
-50.18451905 -762.73807143 130.21777987
-76.91137458 -856.61616610 255.14410578
-48.56933426 -770.30414759 149.30119699
-76.18120808 -818.43310647 224.35402645
-55.84529303 -754.52346969 125.34358823
-70.88735726 -730.25355043 172.13006974
-76.14675578 -793.86222726 230.47132135
-69.91150241 -731.58623627 170.36728080
-75.28327845 -728.42782146 176.68003187
-72.92853638 -832.65035114 230.97082855
-75.06893265 -832.68703633 231.05684558
-75.63710471 -712.34354588 187.11644332
-72.96097353 -793.00673235 222.10319037
-75.06416733 -812.91158000 220.72163251
-51.20621770 -761.98148230 122.27734662
-46.69858140 -767.23094876 125.43464298
-74.94805107 -791.48826862 227.31129212
-39.58913957 -743.26193609 26.37019490
-46.44070139 -764.42842103 116.53398150
-68.75107962 -742.40991274 161.71483292
-39.90149874 -743.05828898 35.26471123
-68.01972059 -792.51018529 187.11770214
-46.77865368 -766.79090074 122.48480287
-72.71116291 -719.21380114 181.92640319
-74.54483824 -733.50777549 174.48374332
-70.49140000 -786.79305882 217.19108743
-74.49891180 -732.07753975 174.67561527
-58.86322817 -773.38181972 158.06108986
-74.44019250 -812.37978875 219.57117835
-74.45853846 -826.05671538 225.73582273
-74.45198182 -789.84059091 226.69969545
-67.18699647 -797.72321168 191.19062151
-43.07245474 -760.91551105 48.62201325
-74.43495714 -814.37843333 219.70139416
-74.39331345 -791.79596134 225.56460172
-73.62169864 -810.08528726 217.76672327
-67.70342727 -726.50276316 177.03596651
-50.15945000 -777.93110000 144.69182273
-74.40760000 -810.81320000 219.46322273
-74.34405294 -793.24059412 225.73615214
-73.91389507 -714.35175070 185.81044033
-73.84219237 -791.51476845 224.21240326
-73.50580809 -727.98923424 175.45778349
-73.09537171 -828.12398717 226.34244243
-73.95688000 -850.05061778 249.59037162
-67.65362033 -829.01975220 228.57108262
-73.43305553 -848.64435614 248.29514164
-51.79968975 -776.28585533 140.45291166
-39.82621725 -743.16452320 23.51315784
-73.41390937 -734.20369203 172.90224523
-44.19234771 -753.03021560 82.89885392
-41.35520000 -765.93540000 49.65732273
-74.23790000 -793.68513333 226.01991162
-69.28578919 -822.81656757 219.97852002
-73.36496246 -815.41686022 218.30941666
-50.25603636 -750.85725455 130.54875909
-73.61278212 -812.43202988 218.19418061
-72.93473079 -731.31920877 173.18643395
-50.39320000 -762.97870000 105.66432273
-73.73188812 -838.28911584 237.41290590
-67.19230399 -803.46784125 197.13567429
-68.60416642 -805.37523731 201.28846452
-71.42412105 -796.06688421 195.53403852
-72.70039349 -827.01802566 224.92366510
-74.23401034 -790.11967241 226.13180893
-72.61270015 -722.29963779 179.43834028
-68.12642069 -785.07537586 211.31908824
-68.68348393 -786.23451518 209.52081737
-74.12988000 -822.55910222 223.00932273
-65.46699545 -799.03018636 189.61070909
-57.74789825 -801.04920712 188.34623446
-72.65830420 -836.70371400 236.18244808
-72.82127388 -829.72793026 227.72727097
-28.44022180 -773.56914542 62.19548646
-44.44185000 -750.98380000 45.66587273
-74.15817778 -789.73565000 226.26718939
-46.74172249 -765.52591675 127.97867297
-74.17264000 -730.09629000 174.92385773
-73.80798276 -793.25507969 224.43454112
-70.35840389 -800.68914265 200.09983310
-37.81800055 -770.54506143 51.52371887
-46.69513333 -757.02190000 87.39162273
-52.38039005 -748.82729760 137.32424125
-51.40099024 -751.45999794 119.28085200
-74.08066818 -841.07333636 240.59115455
-65.52888082 -787.53590205 195.04418095
-59.17535208 -778.03750833 182.05944981
-72.96068333 -720.62926290 180.66500767
-72.72649137 -831.27386942 229.46519815
-68.83470478 -740.75465789 162.35072775
-72.82025294 -839.24473848 239.47865827
-65.57436818 -784.63196818 177.44453818
-62.32864000 -796.17858000 180.71832273
-39.55779696 -740.08709834 23.23910284
-73.10293750 -804.77721250 211.02546023
-72.99013739 -841.98518193 242.57834276
-66.79633278 -814.77705655 209.46649027
-63.95587423 -782.43580307 173.37964220
-57.54806667 -771.25832381 154.93755538
-72.68076364 -724.09051010 178.00860859
-73.83387500 -847.13243571 246.67796201
-73.37075018 -789.31669858 224.16675404
-73.13091800 -736.10429000 172.09203673
-72.46435376 -736.68047124 170.07870704
-72.44882648 -812.38409338 215.34383038
-55.89627804 -752.37193668 128.14980450
-72.15165055 -806.32469222 209.38897145
-72.16633472 -803.41550111 206.40307217
-71.85584771 -820.95650675 219.15869815
-72.60460000 -801.44636125 205.46491148
-72.57830000 -825.94680000 222.78422273
-57.46332358 -779.10782233 155.56523077
-71.67925128 -739.09806923 166.16852529
-71.72976667 -837.55598586 238.31383687
-72.09590435 -791.25678857 218.49753706
-38.62501098 -759.50940122 51.99213980
-71.69416731 -817.45405128 216.37952145
-53.37388727 -765.82762545 137.07663182
-41.15779231 -741.75149615 37.36756888
-41.83826203 -741.74844810 37.71716197
-71.62356377 -802.44653406 204.26827490
-63.31431705 -748.63351705 146.13871649
-48.03464504 -755.56673144 86.29283802
-71.57899220 -805.61288098 207.19786322
-71.63556978 -812.11744422 212.97054707
-71.47725077 -795.20104000 194.46483811
-60.15759402 -784.32618859 173.49544827
-71.45613437 -814.23052812 213.61410398
-64.94931446 -782.78822972 175.45761590
-71.42779545 -789.45190682 216.52980909
-71.35464000 -735.70495333 168.75903606
-71.33850000 -720.92975000 180.88617273
-69.69447397 -828.41969522 226.77318113
-38.95836011 -735.27258564 17.42546794
-68.89846067 -789.05638705 185.02866325
-52.53030802 -764.27792562 122.36085575
-48.84570571 -752.47161876 119.31275377
-38.20000000 -742.24110000 25.04402273
-70.59951698 -806.64684187 206.08379022
-49.22138547 -778.89175385 149.53788221
-71.01617771 -787.55413200 217.80351873
-70.82576361 -839.24788889 242.18025745
-63.79337124 -818.44759731 215.30495981
-70.27497824 -835.60411656 236.91630550
-70.72237183 -809.62216185 209.04835119
-63.01877318 -779.69141028 170.17522573
-52.30629645 -770.01152995 125.47105115
-71.02613372 -838.21655116 240.26038668
-66.42862591 -811.29403725 204.27159196
-71.14614200 -807.58825800 208.14859873
-67.99449306 -798.39117569 193.30411648
-53.39537792 -770.38772987 129.42620325
-70.48637156 -719.70680869 181.88166080
-70.90167004 -816.15293260 214.33584475
-48.62345158 -767.17208632 119.33986308
-69.98824376 -836.46555263 239.07839764
-69.86991608 -824.10881994 221.41039788
-70.85508777 -812.74558343 211.68753456
-56.34891429 -771.63420000 144.68445130
-50.48410645 -763.45546774 107.90436789
-69.99198305 -829.39065780 227.97234425
-51.15095728 -780.22794434 149.40174829
-65.24470000 -744.96606667 153.85372273
-70.93314023 -795.34104828 193.57064687
-70.01199840 -818.55391775 215.39354348
-69.79494988 -833.19336647 233.37995780
-68.56275652 -802.35765391 198.34801055
-49.98294919 -787.19604758 168.12635740
-39.48018485 -743.24528303 29.24169758
-70.53977927 -798.08281814 197.05365167
-51.65762857 -750.86832857 117.41493701
-71.13955333 -804.44781067 205.20205073
-56.21858333 -774.93393333 168.34622273
-69.48324494 -809.34765713 206.43535668
-57.59613435 -776.54899599 164.36641223
-70.81049412 -726.81452353 174.64036390
-66.88065082 -788.06414856 200.40568857
-70.73655174 -788.28948807 215.21790933
-38.60935430 -766.95121589 52.09333134
-70.50473073 -803.51504367 203.09565763
-68.43233469 -787.67077143 183.53455334
-68.01306667 -804.33404510 199.33283515
-71.26440000 -834.94985000 234.69867273
-52.03649272 -795.24801141 181.77055792
-69.49635289 -797.47146171 194.45737536
-62.15164547 -785.06336976 181.55109756
-51.14039818 -761.28696909 113.46296418
-58.44056364 -777.77548831 187.26518377
-59.60774840 -776.53833558 158.65120798
-52.38959266 -748.32900559 139.85394650
-69.94833292 -721.17898012 180.98928670
-70.64778144 -832.23244021 231.37962685
-57.82100329 -797.64574218 182.28688041
-71.28060000 -787.46600000 219.83932273
-69.22686091 -727.13209442 175.17194151
-54.80595945 -782.10969309 152.33294992
-70.90782667 -823.03291333 219.71881606
-69.36104493 -737.67096501 164.75757442
-70.76349394 -792.66773636 190.28519545
-70.38278915 -790.59562881 212.44563832
-69.19485328 -800.31295425 197.41481993
-53.08807317 -772.02763659 159.09356907
-69.33952607 -806.29571498 203.47514526
-66.64003148 -743.35019176 158.29626846
-69.24125848 -803.26487656 200.49159204
-70.10522889 -837.61720000 241.20672939
-69.07660592 -793.58530132 189.27667273
-69.11800244 -817.46481911 213.21620769
-68.74731176 -796.49502549 192.22813155
-67.21877869 -791.39550934 184.99012568
-69.52981858 -790.25983717 209.55854662
-35.87577855 -764.47147208 55.58022501
-47.40826842 -753.99306842 78.71911746
-69.04230756 -786.02109477 212.27999627
-43.73127801 -751.29965532 68.42818798
-69.04419310 -729.62908966 171.46759169
-68.81132863 -814.67047882 210.02913253
-68.71900000 -831.75230943 232.02634914
-66.96462895 -785.35468748 203.33144464
-67.25464189 -800.57089597 194.24260139
-68.78442273 -811.54668636 207.20510455
-47.98533635 -766.75333577 134.69996915
-61.59348918 -814.33276797 210.19492965
-68.67695116 -732.65397907 168.52786924
-45.99115412 -758.48037851 104.36198589
-68.61146490 -799.38338940 195.37595452
-68.58642955 -834.70818864 238.10238864
-59.98214301 -790.68929948 170.81876677
-68.42967895 -786.63129737 207.26624641
-51.50540769 -767.64646878 140.31164580
-68.32965000 -814.04325000 207.75777273
-67.91928846 -789.40819936 184.25633234
-66.70417784 -829.75079155 230.25975988
-66.84833111 -821.22420560 218.40315372
-49.39887984 -768.66603217 145.83073591
-67.12093981 -809.60331904 203.15906121
-40.85035677 -741.57698865 35.00449172
-66.93430798 -812.49824317 206.36401128
-66.50398667 -730.68795957 170.45600258
-67.79709072 -833.34485309 236.09004489
-67.59287846 -736.96736525 163.57729330
-66.84907240 -732.25618042 168.03130848
-68.00561849 -807.39764706 202.29427567
-67.66005156 -832.33610035 234.04051615
-66.67249610 -825.27786912 223.79087944
-34.27841893 -758.80898623 55.83030431
-66.72574192 -727.52532209 175.95092479
-67.24199836 -806.47617550 200.13517490
-67.40685833 -729.66210208 171.66991023
-50.24915909 -750.85657273 128.74040909
-66.92780419 -826.34807067 225.15657468
-67.73328050 -742.75920075 160.47980523
-67.49755962 -740.34595783 161.06550528
-61.84874015 -788.97355985 172.70943219
-66.79065495 -818.90328860 215.23721655
-66.75103581 -737.85292838 161.95262513
-68.04519565 -810.47046087 205.19834881
-53.37605926 -765.80518519 139.70198939
-56.28040000 -774.90600000 158.29747273
-48.64352175 -758.68161876 95.51492443
-68.20270000 -790.01730000 205.32367273
-66.58165066 -822.54815789 220.23118391
-31.17259731 -776.31190215 56.90370637
-54.81317049 -790.92010343 170.38242563
-66.11532269 -799.95717970 191.68037541
-67.37366316 -820.04401053 216.71788764
-53.06399928 -754.90577554 115.75371553
-67.53285103 -786.43317268 181.58291809
-65.11032551 -787.55267143 193.53205436
-68.05100000 -789.96590000 204.53342273
-66.02029659 -797.23512119 188.73833439
-47.87642246 -772.41653263 149.49994434
-57.29616151 -773.41405635 149.40424243
-65.99582183 -803.08951244 194.81975737
-51.38723256 -768.29017860 143.36374831
-65.97302328 -794.15514453 185.58746301
-58.91265752 -778.21001353 188.34498852
-66.79867586 -745.12058391 157.33393652
-66.41977687 -785.37537138 200.45138130
-65.89849580 -791.00027465 182.63786705
-66.11587297 -745.54651351 155.21486237
-48.44638713 -755.16647152 95.47186091
-42.01083585 -743.00299420 23.74910550
-65.70839375 -729.93108750 171.91493523
-41.46897299 -740.43699453 14.55667711
-66.06394574 -783.57489612 205.98321575
-65.78585476 -828.71796548 229.08292749
-66.47212500 -727.00075000 177.92412273
-66.09804652 -787.86313883 197.47445240
-65.76435141 -744.01139806 155.93744544
-65.38100000 -790.01990000 180.81862273
-56.42437500 -741.96826000 154.51418773
-65.70177452 -783.47672115 203.34837417
-63.93816462 -732.13089363 167.83452178
-65.66202414 -783.09909023 176.81584974
-65.62595487 -746.46407695 152.74018864
-63.80554886 -785.38394718 188.28002937
-65.50077412 -783.69837765 200.74133449
-65.47185806 -785.86509770 195.05121950
-45.62536349 -751.18801546 65.73440003
-65.55475238 -735.54640000 162.51707987
-65.45923182 -796.14106818 186.66893182
-65.54805000 -819.86782500 216.91554773
-65.47425294 -805.23626471 195.48745508
-65.40750435 -747.47262609 150.61254012
-65.37175000 -801.94257500 192.70722273
-65.09987868 -829.27543750 230.28934993
-63.79036903 -806.69431339 197.27954228
-47.78345818 -760.04515091 114.31042091
-64.82294299 -788.71445052 178.91696714
-64.40936991 -827.35991581 227.19848139
-51.49267436 -777.38836090 142.97400606
-63.80975749 -808.76115030 200.50249413
-64.08219429 -807.77763143 199.03084844
-64.52066584 -785.59973582 176.28430032
-55.48121638 -770.44884573 140.49294116
-64.25522827 -782.57780232 200.18609404
-54.86543435 -773.63791469 164.26278093
-61.07068279 -817.92876041 215.67469205
-64.81808955 -828.60827015 229.24823691
-63.75258275 -805.32669158 195.11754757
-59.47564800 -781.44624400 159.51721073
-64.77875765 -792.07829734 181.58302073
-63.26523257 -785.41141339 173.34089061
-64.77135081 -745.72213659 151.94922232
-54.26866842 -774.80604868 175.32916615
-63.76448824 -800.40670469 188.55585736
-65.20714878 -784.10244634 196.55335687
-63.29974932 -813.65493986 208.25593827
-63.96499926 -780.37247481 172.68989458
-63.67747821 -816.13852022 211.99610580
-64.16144757 -817.21362184 213.40964409
-57.44309745 -779.42824812 158.22514947
-65.05755184 -785.04440980 193.84481232
-53.10056301 -801.47290822 190.54249533
-63.73140076 -782.37502939 197.23801051
-63.76970097 -802.92457874 191.63595886
-64.48243306 -739.74566290 157.72757273
-63.81397473 -797.35703154 185.32984472
-63.82820028 -822.49209829 220.33159196
-57.93353333 -771.84333333 157.00488939
-34.76071107 -757.45997675 54.49974524
-64.76818986 -800.98724686 190.72556186
-63.84618704 -791.53104059 179.30056983
-63.83873501 -812.54935398 206.36315614
-64.02855909 -735.67019697 162.34061061
-48.77218968 -764.20578710 110.18645724
-45.23396811 -755.22466283 92.32899827
-64.19210246 -733.27984836 166.31468502
-49.07951056 -759.80543732 115.19537061
-64.03228507 -729.98635970 172.00368989
-63.83708848 -794.33553954 182.21643251
-63.83717964 -811.24597055 204.32791764
-60.80835033 -815.17561011 212.44992451
-60.72817710 -804.42451486 193.58808934
-65.22990000 -782.92890000 205.16762273
-58.41564869 -773.37485306 155.46119532
-64.64677917 -748.12143611 148.40473384
-61.68114353 -785.75102896 170.06370779
-63.40305672 -740.52647194 155.46455467
-63.78829242 -743.80452780 152.45921713
-63.52968333 -729.83440333 171.69617939
-57.99688000 -745.29744839 142.47853499
-41.74993356 -756.13310993 49.08282136
-50.88471013 -768.72597595 145.66094425
-64.59994296 -785.37591191 191.36923235
-46.36886201 -757.72551135 92.48770788
-50.52645417 -750.99547778 124.85256023
-60.86815000 -733.09091000 166.10733773
-55.05419275 -779.72099119 149.13226729
-64.58551538 -787.29959952 191.45176503
-63.59870309 -737.98515637 158.50489995
-63.70085774 -788.46339142 176.34662945
-41.99262500 -741.53386230 35.22913384
-63.19611795 -801.98264359 189.59055606
-63.77315686 -787.11725784 188.55885900
-57.84310083 -743.64852472 146.25917912
-62.88835983 -793.67139003 179.93986093
-62.98602920 -799.48819197 186.04711105
-54.80610486 -773.99658372 167.37367685
-62.79491518 -796.82326771 182.84264562
-61.16777713 -779.41552287 164.36319879
-63.01845098 -785.33874580 185.37975630
-62.75592967 -788.04111286 173.83208465
-39.69030605 -735.65838279 14.92222319
-62.78618571 -782.30564935 170.57429892
-62.84969592 -744.47605204 150.01186048
-62.68799289 -782.91845529 185.39507360
-53.33840000 -765.82595000 126.75302273
-63.08659167 -786.99735833 186.33283106
-62.53736598 -785.08534523 171.19224347
-62.47695600 -741.08619800 153.52579873
-62.45567698 -779.04534460 168.37667740
-62.41786667 -789.96660000 174.79235606
-62.34050000 -780.92320000 168.71272273
-62.31930000 -786.99380000 171.82827273
-41.21062614 -745.97740227 49.92662614
-61.58621716 -779.61795602 167.12643259
-47.26474000 -774.95910000 144.65804273
-61.67187004 -749.17338489 143.34301234
-46.44475837 -764.31423041 122.22896727
-62.02769330 -781.49332627 184.96333640
-55.33667556 -747.43143092 134.46490527
-62.18683690 -781.01009048 194.44957154
-47.16405156 -753.80014844 113.51781960
-60.81128081 -806.58163151 197.28082168
-53.01917500 -769.08716667 141.03378939
-60.72418121 -739.71726342 155.32173883
-61.26338098 -794.92646646 178.92241532
-57.75467495 -789.19783103 167.02807445
-60.89834677 -801.16448296 188.13113293
-61.90982186 -782.25934719 182.16185931
-61.99107249 -823.67066667 221.38529892
-60.77693763 -742.93249763 149.11443194
-60.61746746 -734.19487897 164.64653185
-61.72056047 -791.94260145 175.96340560
-61.95638641 -730.85068315 169.54298903
-60.71982832 -791.44990250 173.46106969
-62.09336957 -745.18841739 148.02550968
-25.94645000 -779.91590000 60.81957273
-61.03211100 -788.32274017 170.39819145
-61.54060810 -746.30174456 145.96302880
-61.90158864 -742.41352955 151.40700114
-60.97965447 -808.54993249 200.66088907
-61.11498688 -782.07834468 167.58869266
-60.83379250 -803.15203363 191.38487179
-61.77437925 -811.02163962 204.54185669
-60.91246873 -805.33403347 195.08404583
-61.48895833 -735.72719722 162.54560328
-60.60041184 -741.68838158 150.37378457
-62.25261000 -792.74363000 177.95778273
-52.30524529 -774.02914529 170.25036431
-48.83836888 -770.77125054 152.31173378
-61.10264514 -819.46248514 217.18331358
-48.37571854 -773.42168774 137.42713309
-49.13316944 -763.47840694 107.43546578
-48.02032831 -779.89684972 155.09838902
-62.23890000 -824.85805000 223.18887273
-61.06333169 -798.65862022 184.21732273
-48.30151960 -763.66901278 125.39410489
-48.82866534 -752.66349177 116.25547027
-60.41640316 -807.65922789 199.34250694
-61.43359762 -782.39862869 179.37458346
-61.81329733 -780.73357733 196.28462806
-61.65145681 -784.77872090 179.39949765
-60.92117494 -785.48693274 167.30809980
-60.87853634 -782.36460055 176.44434751
-60.24471201 -779.49105460 179.36243544
-57.62405331 -787.87866132 164.50166802
-50.74930550 -764.07390917 110.37349796
-56.86999975 -770.51394677 152.16373890
-59.95478469 -743.74776750 146.35390616
-60.17599674 -793.12160761 174.54786838
-59.91700830 -788.06914960 167.64810228
-60.35492118 -776.48591796 161.44016884
-59.98679755 -785.01721340 164.62119424
-59.97558444 -779.58775833 176.42487371
-60.28356108 -782.35997348 173.32765254
-59.87276061 -782.42757263 161.72449101
-59.62294853 -739.12721029 157.49736979
-59.77603051 -779.73399445 173.49245076
-59.86505673 -774.38651250 161.28780927
-59.66248889 -810.71165370 205.29367273
-57.72622977 -804.19896086 194.02736919
-47.69961966 -753.34674944 89.27247722
-59.66333611 -813.62216944 211.36816995
-46.56278058 -770.61236000 137.24767638
-59.61086000 -747.51436400 141.28251473
-57.30452667 -784.16323333 156.35879273
-59.63354651 -779.06168256 158.60548707
-59.46884545 -784.07426061 162.37791061
-59.50449487 -744.52238333 144.63424965
-51.71581103 -785.48522986 161.26137537
-47.38020000 -762.95706667 120.57753939
-59.46788644 -774.40720847 159.25806002
-57.92470506 -808.80979352 203.51482146
-59.14674395 -778.12542038 176.27468770
-59.18008851 -777.98715747 185.41935491
-52.65622333 -784.02609667 156.48384273
-59.15606143 -778.04337929 179.36916058
-59.00579032 -748.35947742 139.24674531
-59.02622904 -778.59992374 170.23048308
-59.10985283 -735.36315472 163.97818688
-58.31204978 -785.51095453 161.43907014
-58.64994170 -737.97031093 161.42009034
-58.41025823 -805.14533544 195.50794488
-57.93333806 -792.36176046 172.82939917
-57.32521301 -776.59661123 158.17333111
-58.86444215 -752.08117674 136.53297040
-58.15003093 -782.36285212 158.36247993
-57.87115938 -795.54974128 178.51631390
-58.07124965 -740.03149258 158.16435612
-58.05505248 -744.42532828 143.57448803
-59.24056071 -783.52977143 169.19340130
-45.52081001 -755.39460392 86.20357628
-58.93195698 -811.17458140 207.34210994
-51.38216327 -766.98204000 137.36755252
-57.94465654 -799.57230866 185.64555736
-58.42743247 -749.47856089 137.18237808
-59.12202069 -738.73466552 159.52778135
-57.84557434 -796.33342777 179.91041359
-41.95427273 -745.01510909 30.34105909
-56.00642184 -775.08492299 170.45374572
-57.61132744 -793.21307287 174.21949102
-46.32945193 -764.29210905 119.41633110
-59.19490625 -778.66900625 189.99391648
-58.71280000 -801.96614717 189.64070386
-48.01469301 -774.02443614 140.14238706
-57.70735080 -740.91561285 155.42937470
-54.90431493 -781.14415224 150.23335109
-59.09844000 -789.80668000 168.88176273
-57.44997055 -798.69464726 184.27328917
-51.99724900 -784.59886751 158.71480422
-58.99368571 -741.87731429 150.75490844
-54.47567292 -784.10753542 156.43171231
-57.62068329 -742.71957207 149.27746387
-42.71634533 -746.25803922 50.25928773
-58.98434407 -813.17583559 211.52493290
-38.22044568 -741.22726420 22.80875730
-59.23126000 -784.00906000 169.69984273
-45.59975164 -749.39702769 62.37563976
-57.53392481 -790.09611783 168.52237622
-58.06173826 -777.36647826 185.17989650
-57.70638957 -776.74952237 176.37320451
-58.77428065 -736.42552903 163.23951950
-39.82557067 -742.23165894 14.56558893
-58.56448227 -779.44188328 164.41455470
-36.60334045 -770.31483582 53.13207687
-58.45266484 -781.89626168 164.43454567
-52.69793456 -793.27041106 176.96326420
-58.03798267 -739.24723067 160.25910806
-57.67434869 -776.50764439 167.37032442
-35.46444651 -759.49384651 54.96668319
-57.73336892 -752.44567987 134.27966427
-57.53477201 -782.41852554 155.40238088
-40.33455000 -735.81645000 12.46427273
-57.71684686 -784.83899498 158.61178423
-57.38644933 -779.27509511 152.49424762
-57.77168580 -773.36209758 152.18741094
-57.21157969 -749.40769080 134.41910740
-57.91882273 -810.73871364 208.24545455
-57.25459431 -776.23264360 149.32164500
-56.69131518 -807.62636964 202.45914505
-56.83720270 -801.85309730 190.00127408
-56.58023146 -779.38126729 149.24147569
-56.85326477 -754.08616591 130.72506705
-56.69390490 -773.40047639 146.36295458
-54.82945593 -800.61680265 188.44725455
-48.45157495 -753.41853327 104.30995639
-56.61436159 -775.85164106 146.99836246
-56.55983596 -750.08712456 132.20033062
-56.50748146 -754.32621523 128.46562604
-56.42183333 -804.86023333 196.00493939
-52.63273112 -755.48796352 113.31679798
-56.36041961 -772.83293137 144.64473645
-56.32390000 -754.91850000 126.76692273
-32.08179189 -764.96828446 60.54981327
-55.67489083 -776.43417248 146.16864933
-56.21806400 -754.19566800 127.34298273
-56.23125000 -751.27885455 130.19110909
-55.64243306 -793.08823226 174.34537595
-52.84577148 -746.81426953 143.07202781
-55.82503735 -769.85457265 146.34218361
-54.87612428 -788.04540685 164.43532634
-55.88534840 -773.42498870 143.20936966
-51.11205720 -752.34994920 113.55280593
-55.03295643 -748.80944807 131.15616726
-54.92363833 -802.47542255 191.64160469
-54.61573327 -746.46832539 140.35036436
-55.80058808 -770.37448587 143.44058630
-54.87897737 -793.74426137 176.28163820
-55.04965876 -768.00056170 146.20215448
-48.73971045 -772.68210025 134.37345059
-54.78738443 -796.94593005 182.30755545
-55.04924811 -743.70508598 149.28944943
-56.27182857 -774.98984286 155.21280844
-54.84086135 -770.30180061 152.00453561
-56.21218182 -779.67299091 154.39254545
-54.59035590 -798.32093090 184.78287013
-55.81621158 -806.31286421 200.18281080
-54.57025985 -785.17061297 158.59678008
-55.58022440 -796.11876726 180.33986677
-54.65790326 -792.15548456 173.17046140
-55.10064375 -804.61960529 196.42323378
-55.12204415 -744.41693275 146.54992594
-54.75585126 -747.08090236 137.42541487
-55.83415398 -769.49629646 149.40835783
-52.96072550 -765.51866450 139.86922273
-56.26378750 -741.84828750 155.62286023
-52.37753781 -770.82369226 128.00685325
-54.72229140 -786.33580760 161.03198973
-54.77636603 -783.38134359 155.01818106
-51.85040061 -750.64544908 119.59367764
-54.55821521 -745.69349620 143.22481626
-54.82321747 -787.06030482 162.49136128
-47.45280488 -753.77294146 94.69497395
-55.10019216 -799.30527843 186.17128613
-55.12672470 -773.16975697 155.55056456
-55.81943824 -744.77425882 144.31694626
-54.02072361 -748.14390370 133.99559541
-55.79213242 -776.31613705 149.44464989
-55.36326119 -747.74811940 132.17519288
-55.52903333 -773.79344147 149.44470257
-55.49145050 -768.51969505 148.83282421
-54.50386284 -774.20203649 170.35334750
-54.96154406 -778.28637413 144.02716818
-55.20992109 -773.38221418 140.45334927
-54.25675068 -774.51231781 173.27891670
-54.72082388 -776.31546067 140.66652526
-49.10285036 -752.06096344 122.36115051
-54.20217319 -767.05424854 140.42657496
-49.53333162 -772.84476176 161.26689718
-54.21370093 -755.00969379 119.17269074
-32.41030000 -778.12763571 56.39039416
-54.36306239 -770.37223028 134.40202364
-53.69747222 -792.75938519 175.22349125
-54.02053177 -773.38465886 134.50971537
-53.88438145 -767.33577345 131.22753291
-53.61169307 -755.59530594 116.64206332
-53.61624267 -753.19975200 119.88048806
-53.59725950 -772.68859504 131.56700372
-53.54995515 -767.15792957 128.45755429
-53.45846923 -795.83467692 181.09276119
-53.43291250 -765.67030500 134.35988398
-53.40998000 -771.84235000 157.19551273
-53.36247451 -765.68383137 128.61023449
-53.35578000 -772.04216000 129.65162273
-53.38300000 -765.88460000 142.14262273
-53.33440000 -756.40746667 114.78382273
-52.42357206 -787.42928453 164.82624444
-52.91012556 -747.51636806 140.76756245
-52.46196400 -797.66172800 185.20655651
-52.64574702 -765.10180980 137.33569743
-51.75106759 -750.02543191 128.27250358
-51.06220370 -756.15908642 104.55198034
-53.20210667 -768.27405778 127.23307828
-52.95175268 -767.50414132 125.32831011
-52.86862632 -774.99883684 173.42339641
-51.66237562 -749.81272174 131.38456248
-52.56680938 -772.13403281 129.31563210
-52.26501805 -763.91577757 128.36917435
-52.12227004 -794.04700661 179.43987294
-51.88368938 -790.97573007 173.45153430
-51.50015559 -772.83941866 164.42265910
-53.20673913 -802.10412174 191.60690099
-52.00707458 -781.10567458 150.58192951
-52.13839583 -775.27961583 137.94587773
-52.84886984 -774.49993095 172.65898741
-51.72343524 -770.33042930 152.40954396
-47.34353333 -753.92043333 109.61918939
-51.60986957 -774.56589739 136.52609925
-50.41443125 -751.01877500 131.99220398
-51.98755694 -750.15955063 125.36831053
-51.58086925 -771.43046862 158.21514009
-47.77847855 -770.14830870 143.47775563
-51.87995688 -773.68654424 134.11151269
-49.36988018 -758.52607613 107.28759075
-51.54700811 -778.94666332 146.34565323
-51.83878497 -769.20682312 146.72414700
-51.09868342 -767.05660326 116.88869256
-51.46630403 -781.76441210 152.58392394
-53.15016667 -798.99121667 186.72928939
-51.49974553 -751.95001946 116.34977370
-53.18760000 -765.88960000 141.85682273
-52.28559279 -767.50662414 122.24502680
-52.08138040 -755.55144497 110.31989986
-52.30515000 -798.81422000 187.01447273
-43.03037185 -749.33363468 44.54080707
-51.66380307 -769.37601472 122.82325463
-52.20076575 -764.39071005 119.33040264
-51.39615575 -766.36196283 134.65379618
-38.67552562 -769.39360868 51.16282521
-52.45240000 -748.01560000 141.89082273
-51.24441930 -761.65443509 119.36029246
-28.57862239 -776.55423578 59.96773031
-51.70285650 -764.37474050 116.30830523
-51.16061843 -762.40294924 125.30983844
-32.11615183 -771.42162356 57.60298294
-52.02050000 -768.96115000 120.72242273
-51.75792857 -766.00234286 132.44843701
-51.26310451 -761.45597857 116.41516446
-42.20959028 -758.46927672 49.35352374
-50.52388974 -759.36864103 107.83337145
-51.65445294 -757.00471176 104.63310508
-51.07223777 -756.24512500 100.91893071
-51.03044907 -756.01099491 98.65363430
-51.54800000 -756.90250000 102.37677273
-50.69170000 -751.00980000 133.03962273
-49.97756036 -773.44662036 163.86161145
-51.00326100 -792.61380900 178.36970273
-50.85265294 -762.64577255 128.00931979
-50.94369216 -766.16859804 114.09945214
-50.72095146 -752.98331930 110.66905372
-50.84052803 -761.36143333 110.39211402
-50.52822444 -780.71496667 151.37604051
-50.47377736 -759.62112642 110.10305669
-50.43805625 -786.81005000 166.13272273
-50.46273559 -761.52379775 107.63031011
-50.41698750 -759.82698750 112.37123523
-49.78405338 -787.90593885 170.29760167
-46.78053356 -763.34674765 110.70376702
-48.54372984 -764.44410553 128.32828488
-48.90259401 -761.77035833 122.09845153
-42.02554236 -741.00669704 29.33090918
-49.88887483 -762.37322041 128.10069824
-49.73020795 -784.35843438 161.62062330
-48.96085049 -761.78248447 106.58446350
-49.40386012 -772.21295060 132.04185785
-48.78720881 -765.19002767 131.31941268
-49.42985962 -751.65597288 125.27497273
-49.98299533 -789.20626636 172.96770217
-48.94262745 -782.23069351 158.44511141
-48.32182775 -760.38521140 116.30140391
-48.07394375 -770.17903107 146.36884552
-50.17840690 -790.06937931 174.40389514
-47.25552000 -778.75356000 154.45600273
-48.98867854 -766.50488569 116.98665754
-48.57176250 -754.06731000 106.91008398
-50.09737049 -751.12850492 130.52285387
-49.34085090 -775.58729488 140.68267092
-49.44512403 -761.97309968 125.09612013
-49.70938522 -771.56209450 157.95484231
-49.75116400 -769.08250000 123.56622273
-48.37937751 -768.17513301 122.36660502
-49.36427935 -785.03564037 164.37821841
-48.67434432 -758.83477656 110.31981833
-48.70393087 -769.47123261 125.50906186
-48.86079652 -752.76583681 113.33026736
-48.53383392 -759.48638116 113.34040464
-48.81380127 -754.72012236 101.38192104
-43.50387007 -746.34447077 47.52969510
-48.75091376 -783.04876223 161.13994194
-49.74863679 -758.68790536 104.37223201
-48.82899561 -761.13034317 101.42489248
-49.52769450 -758.66721550 101.47690473
-48.44387100 -760.39872598 98.48592333
-49.34486667 -786.79020000 169.05925606
-47.74634719 -765.68376180 116.06845756
-48.09740104 -753.62820694 101.67319669
-48.20531765 -760.01775882 96.50372861
-48.40240137 -758.03481399 92.47058007
-48.16014224 -772.20872328 146.51843911
-48.38496789 -755.35956024 89.40178175
-47.68814063 -774.28665078 142.92080788
-47.81480000 -763.19539763 122.69286415
-47.64644681 -753.79528511 99.16190145
-47.59639794 -771.33838969 134.12808664
-40.67799091 -745.03353636 29.65901364
-47.60985000 -753.60117385 92.12237965
-47.67500462 -769.56905202 137.88005394
-47.90410677 -772.52566617 152.43395957
-47.98817500 -757.04228750 87.32081023
-47.70923408 -753.07506480 86.23916910
-47.51221374 -766.13115038 132.09644486
-47.65690628 -752.95398454 83.33195123
-47.53690989 -754.39579780 80.49258921
-47.54396654 -752.91990316 79.89310804
-47.40716020 -752.80005510 77.99183722
-47.39056842 -777.68348289 151.72189115
-47.23987778 -753.86395556 110.69325606
-47.37290000 -753.08410000 75.13232273
-46.48743116 -752.34911576 77.40903196
-47.20805278 -777.26612870 151.62889125
-40.69378750 -754.31200242 48.60743039
-46.10881213 -755.37731500 98.57885011
-43.05684499 -744.30594088 50.26655260
-45.85688990 -752.98481114 89.21600594
-46.96379136 -769.66080399 131.54604266
-46.10196955 -755.03196656 101.31708375
-46.49015515 -764.93033638 125.26099161
-45.46503892 -752.47876087 86.00395761
-46.38465224 -754.50283259 107.33772571
-46.46982776 -761.64458513 116.05751878
-45.59782893 -751.82626961 80.35182878
-46.25312193 -761.33553241 113.52983719
-46.07932505 -761.21342602 107.42281515
-46.01217278 -754.75805148 104.02128307
-47.29130000 -768.77975000 139.15502273
-31.03733058 -767.64629738 61.42099074
-45.48663427 -750.53484328 79.98327945
-46.60043986 -762.37028897 119.27933376
-45.20713534 -752.04347336 83.38039361
-46.83046506 -772.52179808 140.47274805
-47.16430000 -770.54617500 142.86063523
-47.01351176 -760.07715490 98.96369724
-45.78448648 -755.24934995 95.78084541
-47.21006400 -768.40184800 137.01926673
-47.18785000 -778.11529000 153.08775273
-34.09034923 -775.44411734 54.35404595
-46.67645153 -760.38684643 101.44089977
-46.11601847 -758.16742579 95.50445567
-46.93407204 -753.70553978 94.83476251
-46.95346418 -766.30538955 119.62220332
-46.43313039 -763.74505000 113.51185643
-45.26183716 -754.81627069 83.69718192
-45.89167765 -758.40713215 98.52795893
-46.90455556 -759.72472063 112.54591638
-46.75730698 -773.50013018 143.35513534
-46.60171879 -754.30754255 110.17453585
-46.54144376 -752.42824891 74.37216923
-46.66090748 -757.23711308 89.61729749
-47.04086667 -753.98968333 115.70490051
-47.19822500 -765.98510000 117.45539773
-44.08836325 -750.53738675 77.14648959
-47.24410000 -753.46280000 118.57362273
-47.15833333 -762.99940000 108.70378939
-47.07586667 -753.84516667 97.12115606
-44.37643333 -744.75808333 51.15033939
-46.78086923 -754.11520490 113.07911573
-45.78249977 -749.60729664 74.29404094
-45.84230985 -749.26110331 71.22596296
-45.17479847 -755.34372305 89.16544341
-46.00956012 -761.31017821 110.35195874
-26.16078095 -779.01583016 61.11664495
-45.94400366 -749.13654002 68.29829104
-45.89642875 -751.55811179 68.38682224
-45.90911155 -749.36509858 65.47775105
-45.74469750 -750.78657750 82.28813773
-44.97186888 -747.36173178 65.41191315
-45.03728573 -747.06464040 62.30262979
-45.41407500 -750.96154167 63.35811439
-44.89473993 -748.77856684 56.34646961
-44.87071249 -746.63509287 56.21132796
-44.56919305 -748.39807047 53.52048923
-44.66914806 -746.52822616 53.29364388
-44.74470000 -747.79956250 70.27043523
-40.28151282 -740.77518425 14.17359196
-44.45846758 -746.47057456 50.67644886
-44.41483500 -748.01003500 51.55584273
-44.39922714 -752.40719714 47.41142701
-44.40644000 -755.00567500 48.14898773
-44.37115000 -747.71420000 42.84677273
-44.33802222 -757.31813333 48.09465606
-44.34780000 -747.71950000 42.83832273
-44.31260000 -744.82730000 51.85152273
-42.87270051 -749.15612516 65.40293415
-43.30330068 -748.60924321 53.37094162
-44.14450788 -752.32508923 80.11088109
-42.33956718 -746.09702412 53.35813866
-43.97297215 -751.95144448 77.63350736
-42.76900799 -745.95318785 56.29911364
-44.19906393 -754.65328197 100.75368502
-42.89885703 -755.28270000 48.45209361
-43.72529326 -751.57017150 71.43887143
-43.93799412 -747.69423476 67.60370882
-43.53430595 -749.41720241 71.21085630
-43.25325976 -746.85261193 62.22369502
-42.97153224 -746.41511901 59.33046376
-42.56161919 -752.50300406 47.33363068
-43.43127772 -746.07535578 41.44552256
-43.53645860 -758.26547953 48.49352017
-43.55492504 -747.32533370 65.15805517
-44.24697143 -754.02304286 86.47786558
-42.87194100 -748.82005015 56.26266314
-43.51995475 -748.24958975 50.53876673
-42.71939592 -749.10344347 62.45563069
-43.42584916 -746.41599196 44.21890729
-42.84521762 -743.52838371 44.36195338
-43.47695625 -744.79058750 55.29202585
-42.87064438 -743.27224603 41.34108919
-43.02220928 -745.88000069 38.29840555
-42.93171457 -743.14041178 38.50040963
-43.57380000 -750.93100000 63.39742273
-43.06257211 -743.31905719 35.44552624
-42.84782404 -743.36421436 32.29228617
-42.05918482 -761.42696006 49.59472662
-42.52296948 -743.45819477 29.35729136
-42.10696239 -741.25761522 32.17534989
-41.98951056 -740.86516644 26.10883380
-41.72485365 -763.89432007 49.56353349
-38.14900641 -757.37793205 51.69310093
-41.80610541 -740.55059318 20.30374579
-41.52254135 -742.23453654 17.82510638
-41.68549044 -740.53708725 17.54291979
-41.36317500 -740.19941500 12.38197273
-39.93909455 -758.29603185 50.73694099
-40.29193559 -764.47702035 50.92412965
-39.30654578 -739.83342725 17.49690992
-40.32583757 -761.34477635 51.04961673
-40.48381000 -745.57330429 35.35737082
-40.94865795 -745.71089282 47.07462632
-39.44954444 -739.69705342 20.45720164
-39.54802648 -740.63151415 26.26279927
-39.92688702 -742.87276961 20.35413903
-41.19291944 -744.60589444 46.61593106
-39.60520858 -755.53311176 49.83386000
-40.41123804 -746.45458279 44.23361171
-40.36988801 -743.29053778 38.40199529
-39.93614817 -740.96231021 29.22923401
-40.17037275 -742.58590419 17.32077363
-40.63031054 -748.93083265 45.05317822
-41.25635000 -746.54694375 52.29761023
-40.40203314 -745.88390174 38.26755296
-40.37354063 -745.97954697 41.53804463
-41.22990000 -748.04130000 42.83192273
-39.27621751 -737.46451547 14.38913767
-40.36185304 -738.75941043 19.74576273
-39.55998809 -743.08712787 32.38158060
-40.74130000 -744.93245000 27.46752273
-40.62200000 -738.88320000 22.26582273
-39.47590274 -742.06366986 12.04164738
-38.82536578 -753.13824297 49.26486041
-38.90097214 -761.48077713 52.31344399
-37.08178445 -767.48194476 53.44127334
-37.28114740 -755.01365770 51.15544078
-38.16071008 -740.72333750 20.13275499
-38.17770536 -738.69388214 13.70734594
-37.41484362 -764.49773499 53.75985167
-37.32019726 -761.32639274 53.68620246
-36.91289566 -758.44436074 53.14245303
-38.27420000 -741.72815000 25.16742273
-37.92748989 -750.20772447 48.54035571
-38.02483277 -740.22953771 17.10298331
-38.30460000 -735.95060000 17.95402273
-37.86773906 -739.98122230 14.27346889
-37.92556875 -751.16691250 48.72411648
-38.18670000 -741.94253333 24.19798939
-38.26760000 -768.84805000 51.80152273
-36.21691898 -755.98516390 52.44209239
-36.96829167 -772.01950833 51.77664773
-35.92848288 -772.83771197 52.98784847
-35.79152162 -761.65248131 55.41219480
-35.65820688 -767.00255792 55.26928898
-34.64647044 -764.42304754 57.12047601
-35.00910599 -770.84159243 54.55124576
-34.67327122 -773.57553756 54.23330517
-34.73563831 -755.92734627 53.37350297
-35.17578000 -754.37717333 51.64914939
-33.63101979 -770.34065435 56.33448511
-33.31867291 -764.42925135 58.87753800
-33.25810918 -761.92728120 58.52994226
-33.12464922 -767.35546776 58.66048453
-32.91252185 -776.14275422 55.56425039
-31.49122877 -770.62662249 59.43892697
-31.63330058 -773.52587440 57.11703842
-31.64161724 -765.66893103 61.10780204
-30.39134133 -773.30378563 59.22784609
-29.84820334 -779.04135227 58.39651270
-29.75128539 -776.20964466 58.47138660
-29.56007086 -772.51257086 61.29399930
-29.07490952 -771.37363810 62.56593293
-27.28043586 -776.05284525 61.72357363
-26.17431795 -777.09058718 61.71939965
