-61.98256409 -734.60624365 141.05396151
-55.93010000 -750.71200000 154.10503333
-40.40125909 -738.60682273 37.67991742
-66.91207824 -778.45599560 221.54949240
-59.23236650 -753.02596128 155.40077896
-77.36708537 -811.27835203 264.25951138
-78.09188387 -724.03701290 169.30111882
-48.04073511 -745.65435511 83.45449057
-39.59895628 -728.47474726 12.25288254
-76.85321444 -776.71457430 224.43520270
-66.57718826 -758.28435579 194.31967645
-68.53314972 -725.72699040 158.69966893
-96.36013686 -680.42143029 186.76301144
-56.96020236 -751.74182317 155.36950192
-91.19530980 -687.24199216 186.74410196
-47.71763185 -746.45099438 95.43853685
-63.81806594 -757.99743845 176.44812675
-41.03639908 -739.76768704 20.52606282
-51.41860416 -746.10877527 104.22239460
-50.10010215 -749.46700669 119.57536806
-32.67178268 -767.25759476 71.37247354
-37.44139231 -739.01283077 17.53057179
-69.30380233 -773.77975791 209.21109217
-60.91023649 -732.64193919 144.34082523
-59.65786119 -737.30115845 134.44900322
-33.37987035 -733.93524847 13.20291004
-56.84602287 -740.46236398 125.40899686
-54.56812772 -737.98933625 134.46050711
-33.44161261 -764.26201731 71.40610991
-80.63806456 -705.98367595 181.05399030
-35.86629502 -730.91979297 13.07809720
-53.90341315 -751.64078164 125.47929169
-35.61475955 -755.38231468 68.24823220
-47.93490985 -743.14362924 83.36103283
-40.76441462 -738.19823821 17.74684843
-57.43148420 -755.24487552 146.45522951
-69.44746337 -767.36821965 200.42187250
-49.95060390 -747.92831429 98.76016450
-68.20055487 -758.73511981 200.21555265
-55.97882247 -750.04693315 143.43748221
-77.38060000 -813.67380000 268.10663333
-59.15300255 -755.15066061 152.48685231
-58.70567053 -757.17965263 153.27761228
-55.44052077 -757.92588986 175.94119710
-64.32615172 -774.58761379 223.23409540
-36.45672191 -728.72311643 12.36220778
-69.16414286 -720.80138571 165.93697619
-69.56599742 -781.45812516 224.47881204
-36.46690121 -729.39270607 13.05089244
-68.09937311 -783.32143595 232.98153938
-64.33458830 -775.04034415 218.46185887
-45.74395616 -745.06265567 74.53230624
-72.12760831 -770.21626094 209.35412929
-57.16706348 -751.64129783 152.51807710
-37.20083677 -761.50439805 66.26719384
-35.60546376 -731.37862352 12.71166382
-81.19666816 -716.20851579 176.49795810
-63.11633823 -730.47067106 149.20238258
-38.94128874 -740.26369069 23.51603128
-41.65617070 -738.20764725 32.46491026
-35.90130809 -734.10170278 13.28456709
-61.38590286 -759.50876571 166.65689048
-40.93514594 -738.22699912 20.28683528
-38.90232086 -737.17518471 17.70166979
-60.28618015 -740.53039430 134.35218058
-61.92766833 -771.48279056 209.14236000
-57.82012954 -742.88508411 125.41957159
-76.88919130 -723.20665942 168.50508406
-67.25075986 -784.38045070 238.94782629
-39.00387794 -740.30906587 20.33694132
-55.38806154 -753.63744359 166.49808974
-73.75727773 -769.94657287 213.25502443
-38.81456071 -737.02836371 20.19338588
-77.81469192 -722.14579052 170.38994504
-38.52161627 -740.03024269 17.37718740
-70.21255000 -733.24302626 154.40133636
-67.48710000 -785.45130000 241.34473333
-42.21737667 -734.33039324 12.14428278
-79.18279333 -798.18335111 250.41638444
-45.94489341 -741.54277946 77.18974845
-61.76408947 -771.58775132 212.15287675
-74.36092152 -781.23972152 225.28927890
-72.49911194 -767.59418850 209.19730131
-61.99665313 -762.93907812 173.99478333
-56.14509235 -762.36036412 190.75054451
-47.24170000 -741.72300000 82.42400000
-53.08472796 -749.08776801 116.51473893
-74.98251224 -796.19958017 246.33494177
-43.19913624 -741.01868748 62.49884434
-92.82211340 -698.11215211 185.94268470
-64.62400000 -732.26278000 147.69605333
-56.73344000 -744.87572000 121.24961333
-86.03797598 -710.08051310 180.66804469
-69.22431635 -733.77643964 152.50984925
-55.31862090 -750.66217761 148.71057662
-41.93567596 -740.36610832 29.52047059
-94.10350000 -696.78890000 186.90353333
-46.74843417 -741.59927167 77.24603417
-35.80366101 -733.95668050 12.79338553
-71.89124000 -798.50312000 259.07308333
-57.07715413 -760.75499421 170.48821763
-40.11924375 -735.69347500 18.65213333
-44.57497910 -749.60116119 55.97739512
-78.61347500 -786.56984167 238.17647500
-69.88422623 -839.16932156 283.75793074
-62.27539727 -732.40482842 144.18336011
-74.97961598 -722.30693428 167.30814132
-63.96007915 -724.52943128 163.52984992
-37.31583313 -737.39810337 14.37020235
-41.68265888 -742.76681018 47.30702834
-40.82097110 -739.47838670 17.73839572
-48.08823178 -743.20618384 86.48967032
-70.30941635 -790.29362212 245.58358526
-65.05212950 -777.19194789 226.97325785
-65.56388686 -776.28228014 218.32345248
-65.01415443 -737.72160601 144.27911276
-57.45722069 -734.68757674 143.38007738
-79.66946667 -798.08192000 250.49614000
-73.57270000 -828.73910000 280.09003333
-43.89026881 -740.50090863 47.36518422
-68.96897018 -775.82754405 212.55096080
-34.06115523 -731.80736279 12.28604438
-59.74169749 -742.32918301 131.26101857
-50.74654453 -748.34391533 104.30651180
-71.50960747 -835.90171157 282.39828273
-33.20280328 -734.16070601 12.35763880
-39.68024039 -740.37722725 35.42072157
-48.96528259 -748.27735274 107.44904726
-62.51304620 -737.60514171 140.34029628
-70.03644115 -827.21770917 278.95924805
-57.22771469 -737.50187161 131.19603220
-60.34381030 -741.98307511 133.87112475
-34.76297852 -756.27821111 70.30362222
-58.41571412 -739.13047882 130.23601098
-33.80615296 -732.00201146 13.25532148
-79.19449450 -701.55766606 184.22813792
-61.11023659 -740.23570074 137.02251294
-70.87695556 -816.49364444 274.00695000
-44.99373723 -740.77219023 65.45249823
-32.73568896 -771.92489091 72.41518074
-75.23838491 -792.48471321 241.36097390
-70.45354286 -823.32630000 276.73548333
-39.47491474 -735.51541538 20.94592115
-62.96129081 -734.10253857 143.34707706
-54.21385200 -749.15910144 125.43435301
-56.77922891 -761.36345683 179.48145059
-49.72504067 -745.70429851 92.71346505
-40.46058571 -725.43567143 12.95466190
-34.11046552 -769.59362000 69.57927402
-88.56160000 -687.51950000 188.12953333
-71.53825298 -839.21444845 283.99430088
-40.57130000 -741.78380000 46.55233333
-44.81038340 -743.22999771 59.59811921
-55.77404510 -750.12368824 134.58958627
-42.19545321 -737.21126093 12.20820853
-42.03541251 -740.31083256 12.09005041
-34.83955556 -758.29257368 70.39099337
-76.73666000 -783.95108000 231.71281333
-47.65852911 -746.26664053 98.31700376
-54.47051529 -749.22819814 131.37330009
-39.62802051 -763.97265255 62.95112229
-65.63637188 -728.81618753 152.70086225
-70.13686933 -824.41194987 277.87393120
-52.18022750 -741.57228917 113.82136750
-56.42113205 -754.52244865 140.67184376
-66.17315992 -758.27592060 191.36871748
-44.09847236 -740.32456058 50.29439103
-97.86857917 -679.27272083 186.84277917
-41.28013728 -740.12339704 23.60651543
-74.98512240 -800.13055645 251.62660000
-46.66285562 -742.88962938 69.22296521
-73.70287778 -804.56402222 259.17858889
-48.47757341 -744.03733971 98.28092678
-32.91463428 -770.42487108 71.31960367
-59.58989723 -762.36470254 173.36366220
-55.92144554 -750.19021831 146.44061643
-41.09705125 -738.10796938 23.61978292
-53.78228335 -750.02707916 140.39820941
-49.98295458 -746.09444888 95.42456269
-83.95961466 -707.51569413 180.38409682
-45.32490000 -744.77660000 66.31383333
-76.77596000 -717.69688000 171.76161333
-72.13833154 -728.39840587 161.47987991
-98.04066124 -683.15754570 187.78327008
-64.42431170 -775.14232234 223.67728121
-57.67688895 -752.12193903 146.37830812
-31.10175490 -734.47930000 13.09682157
-70.65428182 -723.31079091 162.72846970
-65.98018224 -776.12579573 215.47914441
-39.10608889 -729.17270972 13.00035833
-54.58318124 -743.43134640 116.47765266
-71.71317140 -722.51258819 164.48035935
-70.97678779 -791.99498321 250.88381196
-72.30978583 -809.27766097 266.37382127
-43.90365882 -742.26152588 47.44984098
-79.65331154 -800.98042308 253.76145256
-59.85206852 -753.50930165 173.17725267
-75.32189954 -785.82622385 232.70079985
-36.95543478 -764.42459863 66.19709408
-62.05090599 -760.81283473 170.75933573
-43.19440967 -742.59237862 62.57106456
-42.96776122 -740.06199695 38.38528873
-43.87158159 -755.54940932 58.08018648
-56.69751566 -759.18497277 161.48386153
-35.28907361 -753.40550069 67.38804306
-37.75715625 -750.47735833 61.14916875
-56.11505154 -750.07050700 140.08898319
-72.41061146 -803.27686175 260.39719651
-38.95169747 -737.37290495 23.12941584
-38.15349918 -755.70242479 64.60937323
-71.85789218 -797.57431706 257.10394613
-36.49257738 -750.11110887 61.98312823
-68.40089185 -767.05463179 197.46868850
-72.29262011 -730.43898995 160.88888687
-51.22707546 -749.31798695 128.40483418
-32.04803148 -772.12674074 73.33508889
-71.44564744 -813.02621731 271.41235449
-70.24197627 -822.25190508 277.15953333
-49.60680000 -744.41950000 90.37653333
-40.43783058 -740.71665670 43.97541340
-93.02186451 -692.37900518 186.39874331
-42.47826366 -740.15346870 53.39286249
-44.47565268 -743.41402571 71.29216977
-47.72741531 -745.45447959 80.40587619
-73.16418860 -805.78273684 260.91258392
-83.03830971 -715.52109892 178.68018873
-38.70526303 -735.10606429 23.25101611
-41.43906072 -740.53802386 26.14538105
-46.68230323 -741.65022581 74.60158280
-39.18898462 -744.47758269 55.11341026
-41.25774945 -738.04438895 26.27544853
-38.30111541 -761.13902554 64.86691351
-92.61175133 -689.20562876 186.43791519
-58.36797683 -742.35537744 127.33896870
-39.45970707 -738.01256624 29.37288767
-71.22465000 -843.69725000 285.93458333
-36.02447846 -758.24215180 68.47317648
-67.81507143 -726.49495714 156.57319762
-59.65935803 -735.10844429 137.60232714
-64.94875306 -758.46116188 182.56325695
-64.88338824 -723.97698235 163.34937451
-81.37025398 -702.11243633 183.44957659
-53.24802143 -747.70374286 124.81261905
-35.90420735 -737.50163071 12.03867717
-78.89780000 -789.39513333 241.28170000
-68.35070092 -769.55128874 200.73910023
-37.67595714 -753.66798571 64.01579048
-61.34819868 -771.41084605 214.54671754
-42.95037395 -740.64567796 59.36803862
-46.66163529 -741.67688235 71.85378627
-59.76259485 -758.00077066 158.62275147
-60.12429771 -734.16520413 140.46138276
-56.42468333 -761.72440494 188.25362994
-79.23915122 -795.23652317 247.50334431
-41.45909050 -738.12428618 29.13192858
-56.08683678 -759.32578413 164.32655954
-41.20819375 -741.88384792 29.65199375
-42.66510713 -740.30268510 35.25608150
-67.72648571 -759.60803714 194.44675905
-80.78490724 -718.74289389 175.79910799
-67.45153864 -765.30705000 193.26040492
-42.23810464 -740.38960750 32.32309387
-63.47383706 -761.30904534 176.41098385
-41.28190227 -741.91747273 32.94498674
-41.74381916 -739.71609695 44.52862081
-46.29144725 -744.47234835 104.76309267
-41.41517511 -741.98671048 35.38971936
-39.26217047 -734.36086661 12.55679834
-41.60283058 -738.25440683 35.47433657
-47.50253930 -743.07983572 77.45994968
-35.37295588 -764.08310562 68.19681528
-41.68887705 -742.18020328 38.55928579
-68.35689418 -786.15279309 241.92453915
-41.57533711 -738.38950142 38.41115316
-47.70102967 -743.05454931 80.36005819
-52.14623652 -740.17346130 128.19485942
-42.50364216 -739.63348162 41.51256504
-66.90818889 -783.61186667 238.10475556
-41.71080610 -742.36440675 41.46353137
-41.91673220 -738.53679365 41.51195102
-43.64421395 -740.86836279 42.15564729
-43.74889565 -740.70539891 44.83308225
-54.59538065 -752.40850597 155.38238696
-55.97496313 -750.03169531 137.73956115
-55.81267537 -752.03629258 134.59627666
-76.84217054 -778.42736339 225.34261726
-41.77925865 -742.55065246 44.50312769
-43.70395882 -742.04114902 45.12921373
-51.15768288 -748.65339069 107.49356126
-42.20287021 -738.61970355 44.16383262
-51.27329398 -746.75666054 113.44966827
-55.88512944 -750.45086653 149.29669140
-41.80886862 -739.85090934 47.39518252
-77.33753183 -719.58513065 171.10604556
-42.52304189 -738.66936892 46.95244685
-44.14033161 -743.22091140 50.20250509
-58.09176654 -732.03693840 149.33754816
-74.98300156 -712.55759630 176.22839326
-72.67309005 -815.08414973 269.66014699
-44.62117816 -745.16079195 51.32433793
-50.33055628 -746.19541338 98.29700935
-42.13533579 -740.05342943 50.35121538
-41.69731832 -743.16778483 50.56178754
-75.88316916 -707.43220327 181.45233427
-42.96990000 -738.67318750 49.84774583
-52.84618000 -748.36442556 113.54679778
-38.56266386 -752.58590488 62.04536812
-33.18406667 -759.63717500 73.00711667
-44.72920500 -746.15437300 53.12367433
-51.80226725 -746.29933833 107.30404030
-49.87618411 -744.41765140 98.51353380
-60.19947720 -770.00809112 206.40284451
-48.98938681 -747.98469890 101.58804652
-44.32116682 -740.12618068 53.65589083
-44.35830100 -742.70713550 53.69661633
-74.75487440 -820.59619710 273.17120290
-41.75697143 -745.00529286 51.63938690
-56.16810545 -738.46780545 126.05897515
-44.28076911 -754.69138618 57.49551328
-55.89780860 -759.01879240 182.12453973
-41.35129437 -746.07214150 53.80677815
-45.20220833 -747.55895000 55.06252500
-68.88267462 -785.31333731 236.23909520
-83.09382000 -705.64942000 180.86863333
-60.03866004 -767.00059505 194.33732275
-65.82569264 -774.14011636 209.22065828
-65.68875862 -756.56998621 193.77897557
-44.24303149 -752.39693380 57.04579374
-44.67137252 -740.39037191 56.47115367
-55.61818000 -751.02526000 132.54779333
-62.63965234 -764.12627981 179.60296174
-44.69043100 -742.92853282 56.69117443
-41.82345985 -743.43198542 53.11000663
-74.14418222 -763.06641444 218.54770111
-41.09973566 -747.32247829 55.25431008
-60.00843471 -764.44052952 182.36693829
-73.76493636 -807.49729091 262.07209697
-42.13464740 -749.26055217 56.38536450
-72.69879949 -820.48860102 273.40266905
-40.06305251 -743.89009288 53.61281354
-43.82956029 -757.35626555 58.23929697
-42.99800000 -751.35313284 57.40638167
-66.44191837 -726.61168163 156.48784354
-40.26155714 -745.24985165 54.54775201
-43.64475714 -753.57721429 57.96166190
-56.22652665 -736.40695735 140.32442157
-42.43803519 -758.19516029 59.97341533
-63.29946366 -772.70360458 209.53627023
-40.77254778 -763.13593667 61.57424889
-64.76986170 -756.50463617 188.73212128
-41.62069208 -752.50817000 59.01543479
-83.58335756 -700.16005000 184.25199384
-42.09569819 -755.16721207 59.82495023
-66.68793807 -778.94383466 224.61283788
-59.35475200 -740.30844652 131.64607829
-49.44059677 -748.71986022 119.07034194
-44.77777281 -740.32675183 59.52889772
-61.21918000 -728.14793551 157.79536150
-39.11378599 -746.49539983 56.23269030
-41.96687886 -760.70037114 60.50383305
-49.19597911 -747.25232711 113.41505778
-59.11518846 -735.61632115 135.23550641
-39.90943914 -748.55920860 57.38856795
-54.34491246 -753.27605367 134.01120106
-70.61877778 -764.45301111 201.79251111
-51.25096307 -751.36782056 125.44347654
-40.90133810 -750.63555714 58.09729524
-98.66044169 -680.15459769 187.54234656
-72.02061629 -787.36899091 233.86592652
-56.96538567 -738.07990833 128.64438233
-38.94701721 -749.51875995 59.06010364
-41.11031248 -761.18952320 61.53831719
-86.76069848 -699.53578182 183.76779242
-73.32404839 -814.09369355 267.56501075
-44.90042937 -740.53181798 62.44467155
-77.59470294 -808.55666471 261.01407353
-45.06812230 -743.35962932 62.49205962
-37.99260650 -766.48855993 64.79202286
-39.83108911 -751.86932378 60.02647603
-87.14858444 -701.31681793 183.35997147
-70.90924878 -759.61360244 208.51922846
-62.32922025 -726.95445823 160.34680928
-35.52875000 -750.72110000 64.00518333
-41.14651921 -758.37968446 61.49441134
-37.37058462 -739.52317692 13.60199487
-57.17492410 -752.47437230 161.47874496
-40.91059966 -755.75865185 61.28355455
-39.87001604 -761.29409655 63.00754369
-74.44658781 -803.87845914 256.91769360
-54.18559874 -740.00443343 122.33202634
-37.40626333 -747.25041333 57.56564667
-51.37735984 -747.58727459 122.01447268
-40.67184000 -741.99424000 27.73321333
-37.83781538 -747.64036923 58.09220256
-72.00891711 -797.31972774 254.38704928
-39.45506961 -755.14275241 62.59409772
-45.13103229 -743.56912847 65.43656819
-37.31227143 -747.57126071 58.25723333
-76.06982692 -726.90060000 165.97957949
-53.21595520 -739.20223548 131.13116703
-46.93824649 -745.08876108 74.71136252
-39.89097578 -758.27883795 62.93909762
-63.00296764 -772.95887891 212.31184000
-37.01637951 -748.77943989 59.85864196
-37.43950000 -739.12843333 19.64653333
-38.64397273 -765.99961136 63.71138561
-38.29018376 -764.24071845 64.75564134
-38.34012301 -758.22912000 64.96125078
-78.20094829 -794.32871514 245.51972648
-44.99798434 -743.50116721 68.19996269
-64.53960000 -774.78740000 213.76693333
-75.61123172 -776.24241631 221.48478922
-45.75220682 -744.85606364 68.80929242
-50.98166467 -747.01818713 116.44355848
-45.07665418 -741.01552011 68.37027513
-49.52438750 -748.93627500 121.65687083
-36.93866746 -751.62571250 63.13284109
-63.78532301 -755.76596825 185.32266109
-46.68320000 -744.87990000 68.63943333
-55.18828987 -742.91335065 118.79768294
-53.04250867 -747.44891267 119.38761867
-60.07870565 -767.79030460 197.37636527
-36.94600016 -767.05755066 66.19481301
-78.21625826 -711.07081739 177.22168551
-36.12208067 -752.60848138 65.21536446
-72.57136667 -834.72300000 282.94746667
-59.60274168 -753.16765205 164.35176053
-36.92423895 -755.06587779 65.98199358
-71.57278306 -767.31677453 206.42892267
-57.48058830 -766.46530766 197.48675801
-46.87169932 -743.05022767 71.43068240
-51.78221289 -741.40464025 119.56031509
-36.41890000 -768.89515000 66.77927333
-64.39845455 -726.71858182 156.75236970
-45.42324190 -741.19991728 71.32922544
-35.31805725 -769.62217513 68.52420432
-57.26388552 -760.05651448 164.83469630
-45.89744779 -744.93074265 71.58407230
-71.44870417 -786.28078861 232.73814194
-37.28695908 -758.23984785 66.50471881
-35.48625744 -767.21624218 67.80733830
-78.09398269 -716.50639486 173.56075567
-35.81686984 -761.28955365 68.49437175
-47.21712217 -743.10233269 74.51450358
-51.52907485 -741.19217895 122.44104600
-71.50302995 -794.25055854 251.25208460
-36.25859656 -740.52639171 12.10145994
-58.49560000 -753.64750000 172.24513333
-45.75989333 -741.33799829 74.28163810
-58.77796950 -753.13813700 149.66089383
-34.02417458 -767.22987910 69.32749138
-34.29936225 -764.77174582 69.49314861
-67.48549677 -757.73506452 199.21839785
-52.14102376 -741.46301271 116.43327477
-34.77405983 -761.02752798 70.34241616
-69.40021130 -784.91326956 233.55966398
-78.23242843 -806.99514772 259.69068054
-53.60353853 -739.31146102 128.23667966
-47.32732470 -745.28287287 77.44439157
-33.90266189 -761.33745945 71.67505711
-51.31449353 -749.59429403 113.44527139
-34.13382460 -758.52126059 71.56089233
-57.31988133 -752.22886266 143.24007372
-34.46775000 -756.45099474 70.66455702
-59.01201367 -768.60151079 202.72640743
-63.95342578 -737.21569070 142.97049981
-31.98963548 -771.40581290 73.03147527
-53.58313602 -743.49721951 113.52399431
-58.23939167 -759.80761667 162.63320833
-46.87260000 -741.64935581 80.12384961
-50.66794630 -749.93171616 116.47047251
-61.76130182 -771.60168364 215.17020242
-61.21848611 -765.88032500 186.53097500
-78.20670929 -707.81888115 180.16295820
-32.68422036 -761.57948054 73.55907548
-61.51633000 -771.82903000 212.42051333
-32.10928870 -764.10791000 73.82679853
-50.83655744 -746.03606609 101.53505185
-50.26695193 -749.10665325 122.34719655
-31.79762749 -766.65665261 73.29360442
-74.99944355 -821.93834785 274.50322957
-48.24705882 -745.89628353 86.59204342
-70.24976261 -767.65408783 202.68124965
-70.36537857 -821.14326173 276.31843384
-30.52133126 -767.32313202 74.62834010
-30.57845390 -772.13986170 74.15718759
-53.57717030 -754.39068959 140.45965338
-30.21169469 -770.30806211 74.19091169
-31.17763160 -764.91944788 74.99168215
-50.93877766 -747.35312564 119.35014212
-40.34944400 -741.88485600 29.55848933
-48.25010502 -743.46952103 89.37446053
-48.49511466 -746.10702426 89.36904612
-69.00833903 -779.80289473 221.27217068
-48.08204364 -743.71062313 92.38611586
-47.91350666 -746.36261837 92.24315553
-91.09935630 -684.01108593 187.61831704
-49.67299020 -744.54516863 92.99607843
-48.23341639 -743.88454494 95.24811695
-49.75461266 -744.48374177 95.59419156
-50.36315347 -748.07934514 101.48928611
-49.99672070 -744.29086560 101.51262313
-52.98022941 -746.08296029 102.26830980
-48.71851439 -744.23811203 101.26540314
-72.94301490 -812.02691859 266.82713625
-53.20232657 -746.03067552 104.65449522
-41.81118571 -723.61269048 12.93830952
-64.64513333 -774.69321667 215.21715000
-50.43320722 -743.91661856 104.46919055
-61.08374298 -758.58343410 164.06092732
-53.30588374 -745.96361380 107.41035603
-69.23777067 -760.64285000 203.49001800
-50.90594286 -743.50434557 107.53313930
-59.09273368 -757.57909008 155.46960875
-53.74293396 -745.59380234 110.47172537
-44.55989818 -743.29701760 74.48569585
-70.77528333 -786.62291667 235.19840000
-51.54488657 -746.88166007 110.57652177
-70.13678707 -780.98204052 222.56344368
-72.47596016 -830.97920396 280.41991434
-54.99666667 -753.91016833 135.17115500
-51.56138510 -748.93858293 110.48521386
-51.23541641 -742.93467903 110.35497634
-70.96607337 -818.52624164 274.59212314
-66.02121079 -736.88343198 146.29717965
-67.73198155 -758.98329854 198.27331197
-52.97693581 -744.15182635 111.06145968
-54.45214572 -745.67540465 113.37110888
-74.96016546 -793.63351811 242.82182219
-50.81006848 -742.52161173 113.40807291
-73.28095588 -799.36138750 252.09932010
-54.47993284 -745.97952537 116.21869124
-77.14870123 -724.88979692 167.67959144
-49.65336000 -747.84662000 96.41947333
-52.92348302 -741.55504528 114.10117673
-73.67558788 -762.11367879 216.40224545
-53.45324053 -741.13317249 116.65502890
-65.59352666 -779.86641324 230.17729564
-55.67182593 -745.31303086 117.23885309
-87.05230733 -709.92849397 181.10422773
-56.02608315 -745.04859728 119.10528007
-55.94025123 -743.87509829 119.83769026
-51.12105697 -743.40511019 12.00941001
-71.72336963 -775.73375185 215.26582346
-52.75523333 -750.84874444 117.52305556
-53.49508697 -749.15517056 119.40677191
-71.96488327 -781.72077714 224.54736231
-60.42075702 -755.19579714 158.62286294
-77.32198800 -714.27659333 174.49848400
-53.03145673 -751.07686731 119.70225064
-70.14929750 -845.24911000 285.37612690
-75.24513403 -805.58309870 258.04500242
-53.91347959 -740.66218386 119.56036302
-58.18612667 -753.36112725 169.97279652
-68.57791452 -728.62874919 156.22672325
-56.76483988 -743.34669017 122.40456151
-62.75223513 -758.23398367 170.22431438
-83.84894053 -713.22878611 179.48252523
-55.95303281 -740.66470158 123.11541634
-66.79377167 -760.23089442 194.52649342
-67.01899219 -731.37368281 151.68012630
-96.36490707 -686.43138225 187.45263059
-53.11763333 -747.56286857 122.19633429
-53.90400407 -749.24358645 122.45232656
-53.55364966 -751.33141966 122.62621333
-68.88424785 -761.18227285 200.21668168
-58.95232698 -742.75040086 128.52065046
-59.02057506 -753.02689565 152.40669535
-68.33065442 -731.89102426 153.01922397
-57.96185009 -740.23476422 128.22980757
-43.30993695 -742.54307389 65.22640147
-54.48200586 -749.20499222 128.53471355
-54.47465316 -751.88034337 128.56472219
-58.77094144 -741.21767027 129.36254144
-75.44134027 -718.92330990 170.05322298
-54.88014814 -752.24875928 131.36720500
-73.27416121 -728.10947845 163.29128678
-58.88341543 -737.99961143 132.17229905
-46.19847357 -744.01985732 89.15904066
-69.10127276 -723.30113806 162.21129303
-55.61005000 -750.51908571 132.66451905
-63.94992553 -729.62101277 150.58336312
-67.08048770 -761.15025319 191.09732889
-54.17072122 -749.20326826 134.35494452
-60.45222726 -770.59920342 209.30074311
-60.89563373 -737.34714299 137.19965804
-56.32913210 -752.24439284 137.40127698
-73.33120000 -798.84720000 249.88143333
-55.64100000 -753.90268000 135.81571333
-61.76925753 -738.07978172 138.69715968
-62.74251447 -739.59148330 140.27936320
-53.97801874 -749.59256461 137.47250266
-60.31522437 -758.45937718 161.44174707
-55.97952688 -754.15894086 137.71203118
-74.52934817 -823.94258991 275.92795260
-52.48644722 -753.94126111 143.05653333
-64.18608933 -739.14755333 142.37738667
-73.68013333 -774.97140000 216.80096667
-64.81661200 -738.99772400 143.30003533
-56.93941018 -752.07573266 140.57669187
-64.11122283 -733.76583587 145.51981703
-65.49385632 -734.84623632 146.75884414
-56.91601113 -754.79637195 143.34279477
-69.10155189 -722.00640915 164.19404232
-67.70639692 -761.88466564 192.44071744
-62.99271522 -731.62150848 146.52138555
-66.84064044 -734.18405904 149.17836610
-68.15934460 -734.93451906 150.24230348
-54.23108210 -752.21864414 152.36591108
-68.03119612 -736.17274341 149.26516434
-72.76918520 -793.37612527 243.03210445
-65.62916242 -731.45267485 149.75621545
-67.50158000 -732.92708000 151.04581333
-57.61257459 -767.50687029 200.34539214
-69.03741728 -776.91366911 214.89615724
-64.89940286 -729.47532000 150.46153619
-54.78141470 -750.48788638 146.24406595
-69.64045600 -828.53986800 280.06915733
-57.63451824 -751.81210713 149.38216939
-58.80753889 -754.56642444 150.20872444
-57.93201431 -755.82754874 149.24056003
-41.83768000 -751.35381600 13.08002867
-69.59340579 -731.38942917 155.26708852
-70.82079130 -732.35863841 156.46732101
-70.89055137 -733.22134590 155.58621038
-74.88626952 -784.72705741 230.72328072
-57.33762647 -756.93693824 150.13037843
-76.61486667 -775.64073333 222.82270000
-66.07746963 -727.55171341 155.27856923
-71.80278754 -827.32660562 278.03231768
-41.52845336 -751.26219440 12.24863930
-70.32897114 -730.39107315 157.24262327
-71.29480127 -731.20171373 158.37403354
-66.54582251 -761.36959840 188.49672017
-88.70742857 -690.97438571 187.00774762
-64.76431596 -758.74061809 179.98626454
-58.47332581 -756.40266290 151.51412527
-51.73469380 -740.70128834 125.36019041
-57.56116906 -757.36227986 152.39686535
-69.57423304 -728.23156344 157.87129787
-53.01506190 -753.65592381 136.65343095
-79.74735217 -721.03156087 174.38154203
-71.02570000 -728.91235379 159.35533189
-61.58840000 -753.71230000 177.41033333
-55.87336585 -750.63409146 151.83067480
-50.91109765 -748.42949038 12.01815094
-59.80813464 -755.20498037 155.39968318
-69.15964393 -724.58095000 160.81165328
-46.36658333 -745.07448667 103.69907000
-81.08101014 -700.57135395 184.68882285
-71.67673146 -725.73225869 162.10249249
-59.38586156 -753.04857035 158.28375887
-65.64264615 -766.94101722 191.60858883
-72.80539818 -725.18221854 163.65209686
-67.81235349 -780.56077209 226.65601473
-74.83070563 -797.58724286 248.30136840
-74.65625967 -727.67962514 164.70341565
-74.54518422 -725.49878639 165.22063767
-84.57894157 -695.26698343 187.50413566
-57.19908900 -752.13317606 158.28595148
-76.31769200 -780.35453600 226.39764800
-73.88813291 -723.43058228 165.49283080
-75.67137472 -725.04159534 166.37357100
-73.29088000 -729.84566000 162.96943333
-76.34249014 -721.23303239 169.19056714
-78.75228246 -719.18380630 173.07595102
-60.83628004 -755.11584343 161.37764857
-54.24768955 -750.24384229 143.34444378
-60.58115452 -754.03609472 176.55932178
-79.07554945 -721.55120364 172.80427079
-79.78887667 -719.44237278 174.53920944
-64.39260216 -775.15227194 221.33526355
-77.38375764 -782.11581678 230.54435011
-66.18483549 -764.01022203 188.44747040
-77.91942014 -709.63740379 178.67811248
-75.04382396 -710.39044279 179.41806683
-74.93588222 -814.39337651 267.22365175
-54.85831594 -752.69762301 158.34566812
-59.50535494 -753.15008368 161.49918414
-69.84966378 -833.20185726 281.56522746
-72.67749236 -712.15116597 178.37724236
-71.88827159 -833.14881455 281.28058765
-75.05095161 -709.12019032 181.06498817
-73.31726377 -711.51891449 179.19816957
-61.05925911 -754.68756031 164.34244313
-66.44343333 -717.70536667 168.85930000
-69.88025565 -835.93124821 282.51909345
-55.13951614 -752.94727623 161.34976181
-57.22534321 -752.74540082 164.30876361
-54.63751433 -755.23825598 164.35662127
-61.74889831 -756.07476186 164.93269393
-71.96419492 -812.29670665 269.31499403
-71.59638287 -809.81516067 268.68729036
-61.81722825 -757.38407514 164.93216441
-59.86506007 -760.37702882 164.57145104
-72.03045054 -715.40985538 172.89786478
-59.51483250 -759.93553750 162.10893208
-59.55661714 -753.17660130 167.51604944
-61.07685559 -754.37986918 167.28990735
-52.38036226 -752.80013416 142.99643774
-49.41783333 -747.56711579 115.75167719
-61.99920175 -755.81978950 167.45179833
-58.95379275 -762.66109565 175.43578986
-70.75525455 -789.50214394 241.75166970
-62.17673358 -758.19565018 167.60451119
-58.64073846 -743.57060000 126.74447949
-57.61638142 -753.05969654 167.38673807
-60.61992769 -760.77188745 167.37755365
-64.59450000 -735.60490000 144.80753333
-59.69024326 -753.31808792 170.39630391
-61.18312940 -754.27046719 170.34490787
-62.21393951 -755.58003067 170.49362078
-73.86452069 -798.42897241 250.44572299
-63.96724634 -774.05974539 221.12413593
-62.42345966 -755.56320580 173.49940894
-71.71143333 -795.62481667 256.16621667
-63.35002345 -758.21135356 173.32477195
-60.08046482 -761.72682789 170.36868208
-60.57067599 -754.06100179 173.41166237
-62.61468882 -761.28900295 173.44374747
-62.73956331 -755.45250544 176.38694859
-60.73406604 -753.64796887 175.62323050
-71.95044000 -804.51800000 264.95259333
-63.06394967 -755.40522939 179.41747183
-54.09076138 -754.08414074 137.62833915
-64.12243260 -757.80668494 179.29086067
-62.31583591 -763.45514710 176.68072214
-61.13846667 -754.28727316 179.03698831
-70.46763867 -764.19352000 202.31406000
-65.30443297 -758.27757391 185.49087362
-64.17587562 -761.52773993 178.95434641
-93.78130251 -683.65980854 186.71468007
-64.77107704 -760.65415306 180.02320068
-63.32578619 -755.50526712 182.28053161
-64.65644444 -756.54600000 183.32121852
-77.01794476 -815.46513636 269.06211166
-65.21085479 -761.00693602 182.50102663
-72.19509674 -773.16697898 212.49037106
-64.86457152 -756.50483974 185.55426578
-65.86874902 -761.08869053 185.49485258
-64.90653770 -763.28912787 183.31977432
-63.00163681 -764.76959306 182.39966931
-65.28114187 -763.99005663 185.76009960
-64.22308500 -755.89356094 188.15593521
-69.74292117 -837.15047591 283.14722384
-65.62662626 -758.13818827 188.44419732
-63.51932759 -765.36731274 184.94994324
-64.53283333 -755.84513333 190.35773333
-71.80485849 -803.68971614 263.08248532
-65.06795545 -756.35222333 191.28772909
-63.02245291 -766.06482888 185.87253916
-71.77830604 -800.63373132 260.10624004
-67.11226943 -764.21743477 191.37456976
-64.90095732 -766.43045244 189.11944858
-38.41757133 -734.64275333 13.02002333
-63.14498930 -766.74241276 188.35007981
-68.19495527 -761.57036077 194.37945301
-67.67965532 -763.37606064 192.53710355
-68.09306129 -764.10484183 194.38772325
-67.16903794 -758.27503566 197.10587859
-68.80710671 -761.43536168 197.51000198
-49.58316667 -745.51080000 90.84246667
-66.51074504 -767.42524839 194.19505974
-67.31506863 -760.32150706 197.00960314
-67.79625625 -768.88837500 198.68761458
-69.10519431 -764.25112044 197.39526341
-73.30253282 -768.25674580 211.56379822
-67.88307836 -766.33477661 195.31713216
-70.04032191 -764.21912080 200.37878687
-65.24206440 -769.20188691 195.00882443
-69.18069861 -759.05824083 203.32678333
-70.93713784 -764.63393202 203.44453271
-73.13714400 -817.21249600 270.57432333
-65.89639495 -769.73386956 197.46296898
-70.08239433 -759.35478144 206.06614003
-70.07967260 -760.82995992 206.21085992
-70.89398659 -766.99168024 203.97495333
-70.64685909 -759.59130000 207.41820152
-73.08043476 -802.76529198 257.72978307
-71.23038477 -760.99365770 209.48523959
-42.77069565 -750.61192174 12.98962899
-70.71566078 -760.46960000 207.48660392
-71.50596699 -765.27346650 205.92390955
-69.34920857 -770.15355643 203.44255848
-66.11125778 -770.83407285 200.32355538
-71.90033252 -785.25108911 230.43492961
-70.68185926 -769.09788519 204.70515556
-72.16156806 -761.34011099 212.27944433
-72.07213333 -765.73426667 208.02503333
-43.60210000 -741.88610000 41.53503333
-71.17584762 -769.82723678 206.72766158
-70.11718567 -770.98060255 205.81622442
-73.11754074 -761.70718642 215.09145710
-59.61116104 -768.29886660 200.29528584
-74.93761056 -795.10607042 244.91167770
-57.89237405 -768.43588192 203.14571030
-73.15473458 -770.56897665 212.05611925
-34.62748750 -762.97651875 70.00339583
-74.08131264 -762.18647088 218.09795641
-40.23355045 -740.46926456 41.33518469
-60.23773300 -769.45681568 203.46874884
-73.69765263 -768.58422632 212.68677544
-70.35696535 -790.49809291 248.20509121
-71.24961577 -772.47591980 209.84405548
-74.27987871 -770.77647053 215.19370406
-71.92009415 -829.87193353 279.36621501
-62.23330404 -771.21686200 206.18186302
-60.90249539 -769.13702829 200.77700439
-74.07337430 -772.80537430 215.67197048
-73.60402500 -772.01997500 213.73093333
-73.01312874 -773.78928362 214.57941839
-74.97275323 -771.47565645 217.37797527
-43.58060000 -740.16960000 39.49113333
-75.07192402 -773.32577533 218.38397320
-60.85606210 -771.04355565 212.09474140
-92.13094634 -685.48227073 187.04031260
-74.29403890 -775.70493342 218.76136840
-64.42152881 -774.92000169 215.90322486
-79.68153571 -799.71472857 252.24028333
-75.94324384 -774.14721133 220.95504466
-77.28181429 -777.62144286 226.29681905
-63.04233149 -773.26503847 215.42687277
-72.94745641 -780.47806667 223.14465385
-78.14674308 -704.39649793 182.49099645
-63.36101073 -773.58490983 218.30238203
-52.54056667 -753.86470000 145.31693333
-76.18216364 -789.66546364 238.22105152
-76.37676601 -776.60150719 223.37059216
-74.49251093 -778.57971286 222.06753687
-75.57177103 -779.29684861 224.29344643
-33.27823047 -737.84707554 12.32799814
-65.47798406 -776.55118687 221.36794865
-77.29582291 -779.43798344 227.35568674
-68.77157769 -772.72373367 206.67927755
-64.57770000 -774.71810000 223.22983333
-71.48223882 -815.45247353 272.14720995
-65.19158876 -776.57391521 224.35294424
-51.89687580 -750.04195186 134.29950089
-75.18302326 -782.24092699 227.50972705
-68.28312378 -780.31052051 224.06166923
-77.78093137 -780.37167843 229.53527745
-76.90909496 -781.21727899 228.32611148
-66.14030509 -779.14508270 227.31789009
-78.02360000 -810.73030000 265.04923333
-69.03587295 -782.24935170 227.64505430
-79.04831864 -792.24198475 244.36263164
-41.91082828 -725.25186650 12.32249644
-48.44986005 -743.91413676 110.35489167
-77.85605966 -783.00619655 232.83606540
-67.33774000 -781.00581600 228.24514333
-66.79487020 -781.45795368 230.84894752
-68.58430300 -782.79522293 230.29892608
-77.44480813 -784.63724092 233.61629512
-69.87328550 -784.32650763 230.87805903
-78.14910132 -785.61912796 236.04793004
-76.75665217 -817.10843043 270.57435072
-65.23292703 -780.56832973 232.16599550
-66.32071456 -782.16653036 233.32002451
-89.11023596 -701.84278740 183.67224278
-77.31142137 -787.60519466 237.00136539
-66.56681663 -783.21177922 236.04636047
-67.74961250 -783.64993750 235.23799583
-71.68549093 -788.42466926 236.45691815
-78.25637994 -788.41269722 239.18824599
-67.25260932 -784.04400248 236.71910352
-71.32550000 -837.97130000 282.82963333
-75.12307617 -788.72587942 236.52679795
-68.83006243 -716.54055958 170.85262720
-70.24195685 -787.19595959 236.90793196
-68.43271419 -785.71864764 239.33979178
-69.91297495 -787.72609079 239.60717698
-71.06181959 -789.05038168 239.20192087
-72.60929444 -789.95058148 237.54864630
-72.22408052 -790.76376793 239.65234316
-62.98870000 -765.82582500 183.63382083
-56.53261818 -765.51749091 196.40062879
-74.97194143 -791.11018310 239.48356500
-78.27307926 -791.38805077 242.36834881
-40.21223750 -741.84193750 27.07263333
-69.56892941 -788.16636884 242.45858340
-71.64853942 -791.34347628 242.33603682
-69.60632292 -788.61399778 245.24695348
-77.14553506 -793.26249870 243.32496190
-71.16888370 -791.66241962 245.31426023
-69.96447866 -842.22892357 284.56427505
-72.10550082 -836.76304321 283.31654362
-72.42922354 -794.13877286 245.53568625
-70.01505664 -789.35544867 247.55256165
-70.91004778 -791.73993621 248.31925673
-77.18843621 -796.07156897 246.58411092
-78.02785681 -797.10622218 248.38925473
-89.23321050 -688.94778714 187.37475092
-71.81781703 -794.35555820 248.38761656
-73.16757059 -796.01606863 246.54839020
-79.62197500 -796.55855000 248.89030833
-72.92018963 -796.61271083 248.66751651
-39.80069524 -738.18077429 32.26064571
-76.13351429 -799.02631429 249.81296190
-76.99973529 -798.94818824 249.78610392
-77.93552710 -800.16436516 251.70396914
-71.55226751 -794.75991735 254.06318444
-72.53219831 -797.31675644 251.49468181
-79.00243976 -801.20448072 253.66974779
-85.88342000 -694.14183529 187.38610980
-72.89709199 -799.99680409 254.56143316
-74.32001705 -801.16622868 253.70427054
-77.89190887 -802.78034858 254.65103901
-96.10830585 -678.09803450 187.09054035
-79.63380769 -802.22730000 255.06118718
-75.10126008 -802.69825101 254.82818595
-72.35345661 -800.30924012 257.36141498
-49.04223333 -747.87483333 99.37927778
-78.52162235 -804.09788882 256.58458922
-77.87080779 -805.67178009 257.85527186
-81.22811881 -710.13500000 178.55877486
-74.52895548 -806.78790772 260.05683010
-75.21913379 -808.45004768 261.17848756
-72.51446867 -806.27424286 263.36069324
-73.10803489 -808.91079467 263.96344889
-73.43995000 -811.06538571 264.53857619
-77.87887000 -809.87623462 262.98262756
-74.64376508 -809.72705000 263.00254317
-80.76106353 -713.52032074 176.90702582
-72.00186139 -806.59192131 265.96147447
-75.17426286 -811.36302800 264.22787476
-77.48789440 -812.62840431 266.08216911
-74.68527648 -812.71595905 265.82988071
-70.30508600 -713.97118200 175.41180533
-77.14187358 -814.18777925 267.51551069
-74.69274896 -815.83390964 268.77091849
-74.79166304 -817.44577432 270.19149676
-76.65022000 -817.66882000 271.25494333
-75.19687578 -818.86205781 271.79639036
-72.11617506 -818.17122274 272.52788284
-82.29580000 -697.30295000 186.95703333
-65.89228673 -772.23272589 203.29807605
-71.58763102 -821.38472068 275.06443310
-72.04222215 -824.02806329 276.06136609
-70.65512000 -822.53020000 276.98489333
-74.58833906 -825.24303750 277.30130677
-70.97569896 -824.83798750 277.28249115
-72.77084706 -825.96005588 276.77220098
-74.00780885 -827.26946538 278.52924795
-73.68162222 -829.06420370 279.62532593
-40.88446779 -737.71745065 14.18095775
-55.79308120 -758.60381606 179.48252163
-73.57810000 -828.72160000 280.15813333
-73.66069583 -829.42772917 280.11097083
-70.18646571 -829.41457048 279.62522667
-69.83234455 -830.49522525 280.45927739
-64.33908487 -723.14032941 165.01390056
-71.22776079 -842.26942763 284.92432491
-70.45540000 -761.78967143 208.19128333
-70.96604778 -844.69149167 285.56082944
-88.07226341 -700.00609024 184.00716504
-58.22846776 -766.02945082 194.87307814
-71.05564643 -845.77885071 286.21937726
-70.84765010 -848.23751448 287.01123181
-70.76792010 -850.34569849 287.86413685
-73.69226000 -810.57236000 264.98869333
-71.43115000 -801.69545000 262.09648333
-77.30423394 -790.45780826 240.03867095
-76.07347303 -783.20587865 229.72026311
-70.60290000 -771.88485000 207.77278333
-64.47958750 -765.59058750 187.05403333
-58.94358200 -732.96170300 145.50837033
-92.66591087 -683.12373551 187.22862826
-64.48600000 -762.60923333 181.20825333
-64.33752745 -757.71538711 181.91997199
-61.70427059 -759.99108529 168.40277451
-53.75789855 -752.13851958 149.32267694
-61.72912546 -739.95598919 138.50757509
-52.40882381 -739.69476667 130.38542857
-52.61858182 -748.13558182 111.71568788
-49.27745000 -747.81878333 95.63950000
-34.65720526 -771.14953684 70.31590175
-46.69248000 -744.85187333 72.35318667
-99.61178235 -675.19935033 186.73938562
-73.66233333 -762.98150000 216.78186667
-52.72375583 -750.96173500 141.12515083
-55.39835997 -756.06133884 173.27160420
-44.93994557 -743.16364498 77.44759496
-57.64055735 -763.77493991 188.43710336
-65.70565434 -724.53054262 161.18608889
-58.66640000 -765.73364000 193.31185333
-84.83940743 -696.11054686 186.44814362
-52.46099744 -753.05038462 145.88728462
-75.98197308 -763.65703077 223.94021282
-66.12373207 -773.36344270 206.48470090
-51.56256660 -749.67540344 131.40373860
-100.72636364 -674.36184545 186.77559697
-74.91770385 -762.57061923 220.68991026
-85.76994000 -711.98195000 180.80560833
-51.40653990 -751.13576313 122.52664141
-38.88221289 -731.31594327 13.05020382
-57.00789773 -761.04958045 173.53990494
-66.29373436 -775.44519734 212.55591513
-37.53420000 -734.68975000 23.93530833
-72.16290801 -779.69621853 221.54115687
-79.27109111 -715.17906444 175.10717778
-55.77546994 -759.32867411 173.58969911
-58.25879333 -732.59930222 147.60319556
-62.80634599 -770.97374965 203.28350499
-59.86438864 -733.36399716 143.20525251
-39.40450930 -731.25397632 12.55286314
-39.98250000 -736.04451250 12.78750833
-41.87823017 -725.24016746 13.09874418
-41.59365707 -727.42368272 13.23691501
-38.96486766 -736.82439717 14.34529456
-38.71083213 -740.04586368 14.26311564
-42.03830092 -728.36294843 12.24511357
-42.24975870 -731.29707754 12.27290326
-40.63375000 -730.66437500 12.93028333
-40.93798662 -739.26135352 13.85122277
-52.24520781 -750.38258047 137.09237904
-39.02320789 -741.03908982 12.39167583
-60.91518375 -762.98804125 174.18620833
-43.37239118 -741.31892706 65.02377922
-82.92948571 -696.98363810 187.02240476
-56.99407406 -764.80306166 194.14705097
-60.67482572 -728.97184033 155.31180228
-40.01481556 -752.15574000 13.17436444
-90.40521319 -701.18712219 184.42989240
-31.52087368 -769.65194211 72.81212807
-61.51906667 -736.01083333 139.17276667
-67.23969900 -736.35959600 148.29824933
-67.10709737 -768.31459000 196.63359912
-66.08461231 -771.56447538 202.29062564
-68.03260714 -772.05074048 204.48379524
-59.98330312 -731.17775944 149.42888237
-59.79520034 -730.24600357 152.17208248
-81.13375521 -704.28176890 182.03506172
-58.44185313 -730.98361875 151.32948958
-60.95457672 -729.50848621 153.04747644
-63.05742624 -729.06158688 152.58612041
-62.83551010 -727.93407355 155.48273685
-63.84032043 -726.32527370 158.78476029
-62.48460035 -727.33453198 158.12065426
-65.97282340 -725.76027371 158.51977634
-63.57527513 -725.76389036 161.35954909
-66.74189636 -723.51054909 162.20314970
-65.98814943 -722.53440064 164.48830779
-69.11087778 -720.64768333 165.65470000
-69.15059543 -719.41721438 167.48523790
-72.89941951 -721.25689854 166.49662163
-66.39783000 -719.34236463 167.61302285
-65.51601655 -721.27225655 166.21055816
-71.68163745 -718.21669841 169.32392656
-72.27448764 -719.71513244 167.69258432
-49.24313371 -743.07745899 116.11760974
-72.01577115 -716.91654860 170.95706061
-69.19741000 -717.98126250 169.14621958
-74.90678454 -717.21535262 171.08978944
-67.21295630 -717.13676975 169.65523754
-75.28538997 -715.77369304 172.66689573
-82.69267500 -716.44637500 177.85758333
-69.41264006 -715.36975643 172.69129269
-74.99490757 -714.15036574 174.24562776
-72.16708164 -714.43328841 174.29874396
-78.26504171 -712.88814229 175.93416971
-72.18304651 -713.24048034 176.37692107
-69.83880093 -714.48852037 174.28102778
-75.61529103 -711.42135655 177.42176023
-74.67002947 -787.28446842 234.27987860
-80.20244167 -711.22017167 177.60849333
-84.12704814 -710.30888687 179.77630256
-87.22701603 -707.17999038 181.54484423
-86.04777742 -708.37023710 180.75488011
-81.19369659 -707.34177648 180.02898953
-89.11023214 -706.65789500 182.55512440
-40.41403333 -741.14738333 46.87008889
-84.81475235 -706.32095824 181.07529922
-76.31257857 -708.43301429 180.60045833
-87.07803197 -704.22054796 182.38240993
-89.53990029 -704.19437467 183.35960262
-84.16929660 -704.25924307 181.81094488
-60.27270907 -766.52799720 191.55009240
-82.55960000 -705.42240000 180.89843333
-60.68668975 -766.14767200 188.57957758
-77.71758524 -706.49328095 181.33733048
-70.49287000 -850.43557600 287.74913933
-90.64793014 -703.64283582 184.17433546
-76.45486333 -705.41278000 182.08126000
-84.24172864 -701.47264773 183.21645681
-92.08901451 -700.69040157 185.43385373
-78.81561720 -702.40654839 183.64916559
-90.06768871 -698.28203196 184.80736983
-90.19161694 -695.38217952 185.34462495
-87.18212667 -698.24750879 184.41890258
-85.36635000 -699.68435000 183.77958333
-84.03659077 -698.22239134 185.32620492
-94.35189890 -695.24187033 187.01603773
-81.69194903 -698.77851086 185.83350715
-93.04139722 -695.37917798 186.19130135
-87.04021729 -695.21628972 185.77560919
-73.56450000 -777.72990000 220.04693333
-94.73017778 -694.94902222 186.82960000
-51.26728126 -746.25938711 12.22693166
-94.82660345 -694.41302328 187.18856437
-95.21382786 -692.14980572 187.47866915
-90.01188833 -692.14583439 186.03138485
-87.82588540 -692.78207518 186.49878881
-87.01264248 -692.15708532 187.78910887
-95.89283080 -689.17130616 187.68252612
-90.47423761 -689.56381703 186.50604143
-64.07732551 -771.97521735 203.79107160
-54.76448906 -757.30086679 155.60591937
-88.09187353 -689.90894471 187.92319245
-92.98677182 -686.26244503 186.67600862
-90.30212205 -686.27898839 187.56366138
-97.72462449 -685.30038163 187.96162313
-96.71137321 -683.35195452 187.22904642
-95.47067935 -683.07787613 186.76336624
-94.40543750 -681.47790000 186.83172083
-93.64473212 -680.79429161 187.34444355
-96.14051534 -680.24039425 187.09852320
-99.18014337 -677.66585325 187.15017502
-96.84472946 -677.45556899 186.71891163
-98.69094246 -676.75944070 186.75496625
-99.78530333 -675.31342167 187.02189000
-82.19046277 -712.95819177 178.18516537
-55.37514545 -738.63009455 125.85034970
-79.78699178 -716.97554521 174.75144566
-71.44578571 -732.81800000 157.11157619
-49.05271722 -748.41153301 110.51929601
-46.12421860 -741.64782326 79.74562636
-40.40334286 -753.91812857 60.79576190
-52.19490824 -752.34433707 140.46650277
-82.44497170 -715.65560377 178.06540503
-63.04915623 -767.67391841 191.48635812
-66.06447308 -771.90034231 201.65794487
-68.20500348 -775.12024609 210.22487246
-70.14460000 -774.48425161 211.37053817
-70.98324054 -775.10597568 213.29590225
-56.92282303 -761.26658111 176.39870184
-73.75476000 -711.84197000 178.13435333
-75.11884015 -763.31783796 221.40391946
-72.47008049 -777.01176370 218.02937506
-69.15614259 -777.95767593 216.42751481
-69.16979134 -778.68174098 218.48164560
-71.36508604 -778.27776151 218.75474013
-70.42513824 -790.01492059 243.32104510
-70.49426279 -819.09800000 275.39214961
-70.40642958 -848.14694155 286.44010728
-37.42994158 -737.56203366 17.27840462
-55.89756479 -759.34753324 167.24316995
-43.50631667 -741.57120000 67.38875000
-39.17622935 -737.85185304 26.33787989
-32.39895714 -737.69270536 13.24791488
-40.28362857 -741.56531429 50.32927619
-37.47600000 -738.27572222 19.28414444
-64.92414068 -774.50385085 211.89401554
-43.37908762 -742.46239429 67.89438381
-41.94694422 -749.23356474 12.05023333
-44.79466187 -749.11785050 12.08649604
-53.45307897 -745.84893839 12.15614140
-53.21996992 -752.11139629 146.49769048
-55.51360345 -758.54581379 181.93327471
-61.96594022 -768.57293152 196.58541159
-55.42507821 -756.51732821 175.44671538
-55.65696375 -756.41082875 175.99611083
-40.14575764 -738.40413333 35.34848333
-57.84775000 -768.75950000 205.37628333
-39.98358907 -740.29968714 38.39057417
-95.15615366 -685.76649024 186.86230894
-40.08683974 -742.43275641 51.12040256
-42.73004115 -740.38802584 56.40384657
-46.63630000 -741.68078000 69.05287333
-45.39271391 -743.01307038 80.32035382
-45.71742262 -743.26830708 83.36026317
-45.96238493 -743.62514257 86.24479667
-57.97297151 -735.54517558 138.02597054
-46.36580189 -744.39621887 91.81463899
-46.38493750 -744.65616250 94.35125833
-46.48954000 -745.00824750 95.05933583
-47.85937700 -746.22982243 101.51148648
-48.09485273 -746.12462808 104.12537233
-48.29487025 -744.32666156 104.52059855
-46.39180000 -744.22265769 106.43017949
-48.17303502 -744.16583122 107.32859304
-48.88428248 -743.50867898 113.36007728
-50.56992583 -742.38441624 116.29299635
-48.96171218 -748.12785192 104.39487756
-49.41628750 -742.65426875 118.43053958
-50.38313791 -742.19830149 119.20611095
-49.35740535 -748.51971806 116.33471761
-50.45211895 -741.94982632 121.78954386
-53.89016876 -739.57267098 125.32966550
-55.10621063 -738.54032687 128.48930771
-50.82959862 -749.10884538 125.39507982
-54.62057028 -738.31476751 131.45778195
-53.49658571 -738.95163265 133.45828844
-57.06270283 -736.68905308 134.43850322
-54.98774576 -737.55940617 137.33735056
-56.67991548 -736.36185972 137.36652322
-55.40817531 -737.27190123 139.34516914
-57.63534692 -735.13822777 140.56120451
-56.45005360 -736.02252960 142.62913973
-51.60666737 -752.10940226 134.57908672
-57.61567613 -733.61253092 146.21412805
-60.08543815 -732.15963798 146.60282393
-51.88029918 -752.20573546 137.45385787
-52.49088095 -750.67091429 139.30393810
-52.89287506 -751.74540171 143.76491108
-71.69271818 -720.43650000 165.74306061
-53.72600931 -755.32069416 152.36067655
-53.89802897 -755.29972344 155.46852183
-54.07524003 -755.23860832 158.44535213
-54.32733367 -755.26425765 161.41124073
-55.26066801 -753.33291176 164.16896495
-54.99502008 -755.32481869 167.50902349
-55.23379896 -755.57905725 170.29244103
-59.81159456 -764.95759570 185.29314270
-57.10696515 -760.39508375 167.47837814
-57.89508409 -753.97610682 170.57281288
-55.78819286 -755.44826786 173.52603333
-55.85149295 -759.38759378 170.34148645
-55.71923849 -758.59930098 176.50792497
-55.44148176 -758.15260541 179.24564685
-60.20118402 -763.25105400 176.57252135
-58.23107333 -768.87311833 204.47161333
-61.52320000 -754.54596667 181.17816667
-58.39900204 -762.86905510 177.26942517
-58.20578343 -763.05819849 179.60648906
-56.62146205 -761.37102579 182.26231053
-60.02222679 -763.83940024 179.40984781
-55.99937034 -759.46784322 184.56841893
-85.45833333 -693.75476667 188.34596667
-56.51144067 -761.32080292 185.38391081
-58.03385869 -763.28026687 182.46515910
-57.80934924 -763.50626678 185.48029185
-59.26474804 -765.24868360 188.31944442
-57.31806601 -764.08982360 191.47324719
-58.92919646 -765.50186566 191.05617222
-70.30904000 -846.54714000 285.92285333
-62.77764587 -768.27594026 194.13309752
-63.99668945 -768.99608342 194.88069916
-63.20196509 -769.40017485 197.54715391
-63.04528946 -770.27108545 200.50282380
-58.29684561 -769.12169123 205.90333246
-63.69305200 -772.39242100 206.55012558
-67.13118261 -775.05938696 210.20533116
-68.23626667 -777.64627500 217.17993333
-67.13374219 -778.09439453 219.29706302
-70.84855833 -780.87944792 222.53431042
-72.14702088 -783.21569258 226.99963993
-71.67538621 -784.08002222 228.26988506
-70.45137143 -783.85793571 228.62191905
-73.90573529 -783.92364118 228.70102157
-74.43672424 -789.95420303 237.75198788
-70.49427500 -791.27880000 250.37960833
-73.42547857 -802.03907143 255.51824762
-73.55640000 -771.74470000 214.04063333
-76.50840000 -786.72780000 234.92883333
-61.39143182 -768.89246818 198.63017879
-52.57130000 -753.31130000 148.02573333
-59.57193571 -729.87953571 154.24065476
-43.64528333 -750.95240000 13.06250000
-49.20070846 -748.50240721 113.44358412
-46.43807537 -745.22445149 91.94646841
-43.48506364 -742.39478182 70.62108788
-52.50576000 -753.87154000 137.53622333
-39.49451745 -740.42895629 32.38600492
-39.37462599 -740.42646908 29.24779863
-39.20508366 -740.43325325 26.20712502
-44.37515833 -732.23858333 13.44575833
-33.01288889 -739.03832222 13.02521111
-31.27185417 -736.88330417 13.19631667
-64.50443333 -721.75840000 166.06376667
-69.26420000 -837.77180000 282.80763333
-53.52731714 -754.70630803 143.42980687
-31.48003333 -767.82276667 72.75590000
-46.01515620 -745.35517209 83.35074109
-53.48600891 -754.96975215 146.51820545
-52.78059091 -744.42137273 12.95939697
-55.60060000 -744.68185000 117.86973333
-40.49182800 -741.89920000 32.26639733
-40.50883636 -741.85639545 35.88291515
-40.49291961 -741.88332745 38.43533922
-52.47247500 -750.78397500 117.67398333
-40.49948621 -741.87438621 40.99303333
-42.93090246 -742.80462377 56.47803798
-43.01861415 -742.68033317 59.46902626
-45.72799346 -745.14628885 77.26110410
-45.87584462 -745.28539084 80.34061859
-46.13328105 -745.32321411 86.46955551
-46.29698375 -745.32929417 89.34273667
-48.63706985 -746.61050438 107.33323179
-48.89407587 -746.87655594 110.24748543
-52.03383750 -747.69956250 124.36503333
-51.27450220 -751.62683022 128.44926932
-51.39370869 -751.85161573 131.48028967
-52.48825231 -753.85180923 140.63503641
-57.55880952 -732.95131429 148.20234762
-53.64230174 -755.22815716 149.35903464
-54.88110364 -757.00666455 152.71086061
-54.85321881 -757.58096114 158.55825883
-57.06023838 -758.69512458 158.56805286
-54.94831652 -757.76283373 161.42431016
-55.01781745 -757.80820744 164.45575215
-55.09745450 -757.84786362 167.44341835
-57.36565000 -753.79445000 167.78428333
-55.19689175 -757.88538088 170.32071105
-55.37045570 -757.83929496 173.51479228
-67.22192500 -717.91000625 168.97368333
-74.30868071 -720.11221536 168.34014012
-64.45678644 -757.06532712 184.62467740
-86.00740000 -711.99870000 180.95916190
-94.33278082 -692.22657534 187.03224292
-94.62200000 -690.28740000 186.89283333
-100.76300000 -674.61146667 186.95905000
-70.56110000 -726.77650000 160.15213333
-60.93160000 -741.84710000 135.94123333
-51.87761298 -750.95314962 119.71263639
-43.79250000 -750.65800000 12.92223333
-31.45085000 -771.98465000 72.88648333
-55.05668571 -756.81232857 150.77193333
-61.54942500 -771.82272500 214.37258333
-73.37202857 -762.89358571 216.12771190
-67.48640000 -783.86200000 234.66053333
-70.50253333 -786.86616667 234.65796667
-70.10584545 -847.22736364 285.74876061
-73.50690000 -807.88636667 261.72776667
-73.54930000 -805.13210000 258.82933333
-73.54285000 -762.94390000 216.94038333
-62.16118261 -729.91262174 151.13406812
-37.48210000 -738.34150000 22.36273333
-40.52153333 -741.88636667 44.34533333
-57.05249196 -758.03542768 155.39611101
-94.36582895 -689.69123158 186.99757807
-61.51963333 -771.85946667 210.84216667
-65.27130000 -726.79510000 156.92588333
