-37.72080061 -747.37538940 44.40218371
-41.36535118 -740.24486471 31.83703660
-41.61619415 -743.17957323 37.44563346
-34.81541226 -748.14853659 47.34916090
-36.20505714 -737.55108571 32.74360559
-37.16536393 -737.44246154 23.13104223
-32.77649893 -744.09217540 41.93971858
-40.10640013 -747.17412389 44.33020327
-36.90222472 -749.41141966 52.28550423
-35.86688462 -740.87479316 26.64335583
-39.63232194 -748.15526537 46.68203656
-32.28881842 -746.00123684 53.44768604
-35.97527530 -736.40313524 43.84492986
-30.74092776 -742.82741825 44.17998009
-37.20027274 -736.98844350 17.69689437
-37.63272491 -738.51137902 14.46328696
-39.46868011 -737.96166584 50.40507693
-40.49439045 -743.04719545 35.34504096
-40.45760421 -745.69203525 41.36108112
-37.06670929 -741.03991263 26.53417471
-37.25472627 -737.25416373 32.40133748
-37.68138376 -744.94574685 38.63674885
-39.13238750 -736.20557500 52.45352880
-31.35135774 -742.19467525 41.02608352
-36.13399020 -737.47825686 20.65296777
-39.53872883 -737.00195141 50.65328475
-37.14222553 -737.17210413 20.13538690
-36.16852941 -740.65937647 24.65075601
-38.03994613 -736.28477677 47.19204122
-39.85821759 -737.71904673 52.61434457
-37.23367716 -737.33917096 29.72218543
-39.55341724 -740.92564138 29.54018786
-36.04249203 -737.08093455 16.88198034
-38.11398274 -743.92062024 36.00359837
-40.43983333 -746.63756250 42.73609547
-39.31339384 -737.86556967 47.92286619
-35.92303028 -737.45773944 23.37320609
-34.69875686 -750.21501331 53.40320810
-32.63265614 -750.19526886 53.78327308
-36.65723383 -749.83670343 52.48265340
-33.60118052 -750.60464675 54.93777962
-37.48327918 -739.03124474 20.50141573
-31.87202062 -748.55617494 52.60428745
-40.25857629 -744.44053137 38.55683628
-37.11033232 -737.36771148 26.46611683
-36.67775307 -749.73856318 50.84440275
-37.60910434 -736.70725684 41.57765401
-35.56759586 -738.87244603 23.45820016
-35.95834830 -738.50177693 20.37561638
-37.77482395 -739.09610177 23.29266070
-30.20126000 -744.21500000 48.06191130
-39.85231069 -736.86723951 53.06877094
-40.42619264 -741.83127715 32.69736204
-39.68936507 -743.79436718 36.20771952
-39.43284135 -738.79834252 27.05813823
-36.15841719 -737.46642969 35.44394912
-32.88290336 -747.16687047 47.81035943
-38.02121092 -738.36976823 41.50799681
-35.60577641 -738.19088294 38.22376481
-39.26420000 -737.98075000 45.80254130
-32.00790325 -741.62666507 38.34438708
-34.99028001 -739.27947037 26.34659247
-37.51888320 -736.92913888 38.36239690
-37.66750190 -738.09043857 29.57836384
-37.78885122 -738.28737038 35.22193919
-40.31132863 -739.26109978 29.05301135
-30.79934477 -745.68961024 50.34992775
-35.77170000 -737.03538468 41.36474114
-40.33918387 -746.50932500 43.00096792
-39.86284667 -737.14254000 54.94415797
-40.03560000 -737.57890000 54.90909130
-32.22055415 -744.83787855 44.54029425
-39.32799435 -737.28066022 47.91724104
-37.67271822 -746.04631493 41.31671579
-38.29229376 -739.01872489 26.08713689
-38.92388382 -738.53146103 49.62880050
-38.04324694 -738.63311987 44.38618881
-38.52808184 -738.65673375 47.14485623
-37.82114799 -748.49164668 47.17535466
-38.68932523 -736.04886238 50.03256908
-37.68745640 -743.29829453 34.56774452
-37.85345202 -736.54861726 44.42053940
-37.51705612 -738.60350552 17.37572767
-37.65118572 -742.51664362 32.33722294
-37.43215340 -741.64147115 29.42733908
-37.41997481 -746.69067346 42.61711111
-37.19270000 -746.52356667 42.88692464
-37.60178068 -749.19540540 50.03219554
-38.00175367 -738.27511198 38.26128023
-37.13166930 -736.94107550 14.00127378
-37.14444532 -737.05777164 35.15511499
-37.67793272 -738.34046543 32.43657916
-36.70419024 -740.77196260 24.21924049
-34.99988738 -745.38678932 41.59678184
-36.12717015 -738.33173909 17.39254964
-36.00069311 -738.00234371 14.86780793
-34.97610432 -741.84327766 32.50162797
-35.42800028 -749.76919457 50.96235952
-35.45083585 -741.24307990 29.46707201
-35.26120998 -738.79124603 32.16697399
-34.25225399 -739.28282805 29.35323709
-35.32260929 -744.34333152 38.79199774
-36.00754815 -737.33071778 38.58282390
-35.07744115 -747.14885367 44.95571611
-34.97460984 -742.69721233 35.12943789
-35.89831293 -737.23130462 14.50130239
-34.36411414 -749.05723556 50.05021568
-34.34133296 -746.10565678 43.68807469
-35.86285167 -743.71510750 36.34119130
-34.13821917 -749.44629333 52.41512714
-35.92542395 -738.39092093 35.48679433
-35.37801410 -737.76744359 40.42748233
-35.05966094 -737.48469844 25.75003974
-33.94621025 -743.18352460 38.07111591
-34.04744444 -748.98716667 55.14663575
-33.04578161 -738.34082759 30.27111659
-32.66536472 -739.34436020 32.59641609
-32.58632052 -748.08571756 50.53574398
-33.14971818 -740.69907727 33.56974130
-32.70207961 -741.09863925 35.72461038
-31.19175189 -744.96032276 47.49022889
-32.84079922 -750.75486094 54.94778974
-31.97115063 -739.81680308 35.05282790
-31.08364706 -740.38652206 37.54777954
-30.50643026 -743.36641579 46.15002815
