-55.55357390 -750.13209124 60.35781951
-33.08397047 -755.38863188 52.96687325
-57.70101333 -763.03530583 58.00919823
-37.23585238 -761.27632325 35.73521261
-37.71995453 -742.98589409 14.31593879
-35.35565456 -740.93119778 62.54478755
-21.73889269 -718.47673744 61.29464990
-17.61485000 -761.33299000 45.01760990
13.32931697 -764.60926472 48.04505327
-31.07308265 -758.44197070 46.47923474
-14.22314641 -767.41062830 47.73924302
-26.02944113 -772.68845943 46.46473086
-26.39924863 -729.47964824 51.41175637
-34.55209597 -793.10325538 30.73905269
1.12535026 -777.26048034 45.36701065
-52.50826458 -756.36876002 57.54119142
11.28174611 -780.57772665 36.32220133
-1.52453188 -791.48561336 39.40477262
-36.79951651 -738.58308410 64.76660705
12.81640000 -780.94000000 24.49594490
-35.30441229 -745.85698511 23.69530571
-64.85142628 -749.47797102 62.53985634
-36.72777333 -756.69646667 33.81347323
-1.26482375 -747.32867900 51.44446307
-19.74226128 -767.33382685 47.56233051
-24.48105714 -723.51882857 54.82813418
-49.84811731 -752.23312972 58.33244069
17.51191896 -777.25014078 36.30605964
20.84982727 -775.41101818 33.83047444
-58.30399597 -758.48629355 58.07806909
24.53922697 -770.01566556 42.47326720
-23.52710000 -733.00793333 51.67791990
1.03467262 -790.30986302 39.80582931
-40.51126562 -788.10280772 32.75303613
-25.15151817 -778.94498489 43.14068115
16.06646592 -781.17558474 29.12601195
-40.96066680 -778.89395093 36.99395734
-41.07361454 -751.93276217 55.70368898
19.61943206 -774.14237501 35.53702088
20.54806667 -774.65128056 33.18151341
-33.22892000 -792.93258000 30.73307990
-6.00715577 -778.03140481 45.76119105
-33.95772894 -742.88224335 34.80016535
17.77060000 -777.87660000 24.61051990
-32.55010791 -758.16528946 51.09936990
-33.85454069 -787.06975441 33.75677480
12.55121881 -763.32698437 48.82889901
13.47499200 -780.29792080 35.66734249
-33.19751912 -779.06411765 37.87292284
-34.84061683 -788.55720681 32.80045788
-1.86500825 -775.82360464 46.03698224
-33.09029668 -790.90863389 31.71578767
-51.96830575 -747.53214943 60.56154231
-15.17576702 -772.50236809 45.21131777
-44.54085026 -746.54642444 61.82164159
-18.81761906 -758.05135191 45.91218998
-24.80128894 -780.37333766 42.48559777
-42.45506923 -771.56227692 39.60005066
-37.29391667 -762.56354762 36.78581037
-43.79404946 -767.29214581 53.86276574
-28.57570222 -750.05467396 47.33119066
-24.96896074 -774.05682743 45.17568385
-28.81780810 -731.32250578 50.07236415
-33.10939194 -785.47912949 34.74861587
-4.63325269 -779.13885113 44.89827324
-22.46746295 -764.63170267 49.86393274
-24.16885000 -750.90245000 48.16721990
13.68389687 -777.70405937 21.41178552
-52.89151340 -744.52142307 63.21021266
-36.12801667 -745.20659167 17.79061156
-41.50555734 -766.54192867 53.20977969
-43.73128052 -752.10052901 56.33990389
19.14165072 -769.68917282 43.18836742
0.51820198 -791.50668135 39.37906996
-13.61131912 -761.04410299 47.49108224
-49.87775496 -747.58233215 60.44794553
-46.92288359 -760.10572615 57.47238810
24.48091149 -769.42163856 43.06384686
20.80579900 -775.37581900 32.37150790
-31.91035042 -752.13700996 47.85240152
-9.37670000 -771.75557500 48.58211990
-7.31492271 -787.35610750 43.10454740
-31.49832638 -729.61243000 51.38615734
-4.22444195 -749.99572805 51.41650821
-37.74982962 -773.55504470 37.93117375
-22.30346125 -755.41233583 43.30699101
-53.44716569 -748.35237633 60.83974925
9.04117021 -759.99181064 51.76573053
10.18617234 -784.51683719 35.97607302
-7.01454907 -767.62237788 48.82631261
-35.03682588 -752.09863283 53.18183111
-16.98881018 -775.86796557 43.95836908
-2.74518632 -748.42726923 51.78257374
-26.71818414 -752.24306586 39.22354921
-58.81689985 -747.06623425 62.01506987
-5.16831278 -749.01267824 52.11465571
0.90360780 -775.86726580 45.99568623
-36.07075827 -738.68147402 64.58311045
-15.05397534 -771.58767123 45.54044866
-37.86873775 -758.34639120 53.32867155
-40.75567098 -782.38379356 35.58066975
-40.61119686 -761.63514729 53.96341065
-43.39537774 -758.34575403 56.86008081
-23.63783000 -753.73010000 42.76018990
0.93434922 -752.34440507 50.49007834
1.14245870 -782.04801346 43.05558499
4.17029811 -770.37633269 46.94404950
-50.39466855 -744.27498448 64.43882728
-8.33916278 -745.64070860 55.27652192
21.93739173 -770.65812028 42.39494828
-24.39670000 -715.56090000 60.18461990
-9.66632391 -773.81431357 48.29638820
7.72727615 -771.48811859 45.35700810
-33.63235662 -741.29436838 37.13883313
11.86010541 -759.16107027 51.74437530
-29.19412286 -762.96616286 48.27337132
-47.55104002 -760.77222185 58.09383450
-52.74383681 -743.76607019 64.70720002
-31.62189008 -745.81318662 58.29888192
-37.97399906 -770.56125324 38.50754599
-35.52047331 -796.36212801 29.39595241
7.36503851 -761.66837175 50.92185358
-37.29146970 -794.00960045 30.04667202
2.61276667 -773.98586667 45.57811990
10.21987564 -761.39014088 50.28117868
3.26657346 -746.22760167 51.29161858
13.13434215 -778.83587259 38.00645673
-35.13398316 -794.34758813 30.12087366
4.28731428 -768.00910604 48.15624698
16.66497880 -780.60206050 32.64718900
-55.24903363 -758.42231277 57.52929352
-37.73363254 -792.55910024 30.51665923
-37.74653456 -791.10389165 31.18509286
-30.15457520 -745.97707680 58.45470870
-23.16912071 -772.25507417 45.81609240
-34.48960494 -747.06564217 57.15185394
-34.99930294 -770.57958910 38.61579697
0.04824228 -793.21630488 38.98993209
-28.12398599 -722.67201884 54.11292763
7.12870692 -760.52148500 51.83638980
-43.28255448 -761.69008609 55.39205437
9.42833695 -784.34159314 37.15040351
-57.62453333 -762.88515000 57.57818656
-42.95969630 -780.76253889 36.58806434
-32.85731293 -741.11178095 38.15074234
-0.03734111 -757.20043741 50.51232582
-30.18767200 -749.28134667 52.60246190
-29.12174000 -762.53126000 48.68893990
-35.87118226 -792.61888925 30.55130645
-33.99792500 -747.40125000 38.16549490
-7.42128982 -770.88091686 48.34137084
-37.83148806 -788.34428944 32.54580721
-25.83076208 -725.47612082 53.30060854
-34.71098196 -791.20800175 31.52016731
1.36808972 -746.62329327 51.23172861
-20.63329000 -779.15785053 42.43430255
2.43236667 -744.81993333 51.62695323
-42.83395427 -773.80481522 39.01905757
-33.20108667 -793.22131333 30.47562656
-40.96247968 -750.38071422 57.18720080
7.22606622 -773.39486482 44.32557124
-33.57810900 -757.68942300 51.37815690
-12.17080556 -759.28865000 48.53701990
-70.47847126 -751.81445050 61.31857275
10.87686511 -782.36334496 35.60597843
-5.54670769 -769.70425385 48.70568913
-33.19170209 -776.41025393 38.74243927
-56.44605000 -763.06129398 57.87499881
-7.85673749 -758.28919121 49.94718881
1.23069126 -785.28048846 41.74237555
-40.22830393 -786.62010094 33.51450999
-45.85999905 -767.12907921 54.85032307
-16.89990069 -773.32649106 44.88492077
-43.97185681 -755.39921242 56.32343120
-40.82110157 -785.19027269 34.35398772
-62.46958095 -754.00234762 60.76470561
20.17987194 -765.67701173 45.50272602
-37.82688313 -786.47330720 33.45866530
-37.81690201 -784.98174405 34.18305233
-58.75782586 -749.43762231 61.42252398
-15.08363158 -758.95431053 45.48109884
-34.90325914 -782.44654101 35.82432970
-36.30970000 -748.82300000 27.98291990
-7.69425087 -778.40318117 45.95019359
19.70298333 -777.04921908 29.33813984
-33.86560547 -754.95177595 49.67572486
20.80246418 -761.00450746 49.11446467
-42.94288246 -782.19230661 36.00973421
-54.86187624 -756.56809505 57.52991643
-51.52087500 -745.01272500 64.44666990
-37.51832705 -749.69110258 56.64301672
-24.98200391 -748.37609758 52.15574783
-55.85173907 -755.29210626 58.40504681
-33.02710678 -788.68684442 32.86083043
-43.14163829 -779.38208853 37.26536690
-6.14610000 -764.88043333 51.66138656
-13.70298396 -772.01461444 46.95806107
-35.70303391 -786.64936055 33.55793720
-37.73681026 -782.37082737 35.31639716
22.18380737 -767.31030672 44.10511999
-34.73946966 -785.26790917 34.51373609
18.46639862 -773.46102655 37.56489158
-40.37081181 -780.13467471 36.39567447
-50.67098388 -760.35241202 57.09749339
13.17620448 -781.19188691 26.48515460
-61.96228538 -752.06634169 61.29319100
-4.04362566 -743.80561415 53.75918883
-33.06514000 -787.08807111 33.76834212
13.24786463 -761.28798824 49.67176766
-34.77632898 -755.43537159 52.85303798
13.15371352 -767.09505789 46.68739065
-6.11428661 -744.34564567 55.33654273
-49.78186484 -744.68096011 63.27218719
-37.76420228 -779.71724617 36.27026740
-61.75021537 -755.34914274 59.51630862
-28.05074353 -749.32441261 49.44623872
4.16366932 -766.53716632 48.99264782
-9.90221645 -747.54376484 54.47884312
-11.24604341 -754.42834918 51.89039036
-14.51860579 -764.81082595 48.35400547
-33.31040000 -729.71080000 51.00331990
-47.19081961 -751.37997920 57.99086982
-22.66865463 -773.60161265 45.03298401
-16.85992355 -771.66121437 45.55910843
9.34092028 -782.19036247 37.78388203
-72.45635250 -751.06627500 60.82503740
-58.87345950 -755.33498389 59.01686695
-48.65259132 -760.98832355 58.18884200
-37.63674443 -763.85545796 52.85939812
-40.91582287 -776.39217688 37.77682964
-22.55601802 -767.95006695 48.12686944
-10.78307715 -758.32971006 49.70480722
-37.59771810 -778.35137769 36.79459104
16.10741771 -764.38515263 47.36761165
-72.64796079 -750.03684484 60.97879475
-30.63338734 -760.59747380 47.62336531
-37.50127327 -741.08876605 63.02073031
-37.49750556 -744.34155556 24.91981434
-46.79289123 -752.62034659 57.20702063
-66.82619778 -747.69840778 62.82205323
-49.61421653 -755.75269853 57.44266927
-1.80248732 -788.37504103 40.43692277
-34.54756913 -779.10897469 37.32337965
-36.64560000 -752.71095000 48.56276990
-1.82774401 -749.32594623 51.11068319
-41.52444420 -770.45375797 39.70038584
-70.76673169 -749.92905066 61.91325967
-23.37280262 -766.73946751 49.22989614
-23.84112549 -722.25535616 54.16285715
-67.83833747 -752.32456292 61.55501341
-44.16356218 -747.47803109 60.14046997
-14.97367053 -757.11273895 51.79854305
-67.52964390 -754.14566784 60.80312647
-33.17150751 -783.01593121 36.09044186
-52.85343676 -752.39850822 58.95427461
-56.10865581 -749.02622590 60.97498488
-67.12471864 -754.42867753 60.31523662
-35.71951516 -780.16401102 36.39124260
1.20616882 -764.39399083 50.68118834
-37.78471323 -776.44319295 37.26936345
-34.77673008 -748.84381303 29.41898869
-55.16540437 -761.29039265 57.52868210
-64.66554144 -754.97885892 60.00012081
-40.93285919 -773.40919780 38.63858368
-22.42041497 -719.33998621 56.35516369
2.28050000 -777.93620000 46.35011990
-64.99606604 -754.08798396 60.78292070
-37.26509115 -743.61089212 20.14077759
-33.78650690 -781.30617694 36.84972270
7.15198913 -764.36401536 49.56688335
-50.53770083 -754.67867667 57.76844427
-35.76337023 -739.51145205 64.14031770
-33.21601515 -781.35624242 36.85219262
-64.85808793 -752.33018604 61.50589673
-33.15761429 -747.15237143 31.76940561
-36.13997500 -764.68923333 37.63940323
-57.07158551 -751.10719275 60.75831990
-13.75170526 -751.50317719 55.23860401
-27.10926000 -751.62609333 45.47832656
-67.76302526 -749.61240202 62.59722917
-44.41444774 -763.99450422 55.04302332
18.57021843 -759.59841714 50.25344404
-34.83032671 -776.41073789 37.98718404
-35.82382169 -744.26672530 22.95633496
-7.96759956 -769.94686196 48.82709889
-28.87616727 -734.58574338 47.75593136
-43.00790276 -758.57927323 57.74105572
-25.79178333 -754.10962500 43.72402823
-28.85441731 -752.49306593 44.87986364
-60.58636923 -756.91313077 58.67165066
-22.33975750 -724.38907413 54.95343141
-55.78806804 -752.31152560 59.65405230
-10.63656274 -755.67409494 50.96569345
-31.32962766 -728.28249506 52.56573296
-52.72008000 -761.30184000 57.92669990
-18.68125974 -762.69602338 47.18501600
-34.91500421 -773.43117596 38.37148031
-61.71511985 -747.12599227 62.49609080
-61.48258038 -753.29871651 60.37504357
-31.15170000 -751.46102075 38.25661696
-31.96028339 -755.30920509 49.37492061
-34.89815432 -746.43603136 29.45127045
-30.67793856 -726.17754329 53.79042216
-58.64626796 -752.66854115 60.09305713
-33.70086361 -748.99641169 34.83671405
-39.83152916 -759.03348283 54.24168747
24.08682323 -765.59064293 44.71286005
3.01904444 -760.31750635 54.74891037
-7.82602007 -749.32083163 52.96208092
-56.06794524 -758.92066990 57.73752844
-52.76524035 -758.40174781 57.34267494
-52.88421880 -761.04278633 57.24961485
-40.56763036 -755.65805005 56.07201900
-61.76650417 -749.37686905 62.07987556
-59.16857786 -751.47994603 60.91441146
-40.82189786 -748.91303246 58.76726782
-33.20519439 -773.88676542 38.92348438
-29.32267047 -750.51682441 37.90372541
-32.75975021 -749.58387113 32.64105546
-64.57474452 -747.39757538 62.77165215
-49.86018962 -758.19818683 57.18332714
-29.11358333 -724.25544167 54.72651156
-28.63414108 -755.07695519 45.84078836
-20.91437421 -719.56325849 61.02505239
-43.23387638 -764.62742875 54.21673615
1.21439903 -783.40403101 42.45933349
-52.82626111 -755.01356537 58.01160124
-29.50757939 -755.38831443 44.89943523
-24.52526364 -781.03648636 42.24327353
20.70955000 -774.27148333 33.96883656
-24.56428349 -768.52058208 48.31661707
-23.46957447 -781.16089693 42.13502297
-27.19820000 -750.57100000 39.21411990
-36.80644286 -744.29629752 22.63818076
1.08808523 -749.21352653 50.68486202
-22.61791201 -779.91486212 42.38751269
-31.88567343 -739.40165944 40.91103878
-13.31632149 -752.74835109 53.69068243
-6.50625915 -787.34163662 42.46529313
4.17303488 -764.42610232 50.21188738
-33.25795000 -771.53863750 38.69965740
-23.03530210 -778.63661723 42.93100918
-1.81509597 -779.39645488 44.39438562
10.49966437 -770.87622257 44.91071125
-40.88778827 -764.24283931 53.43890665
-8.26416138 -764.54454341 48.32113210
-37.52647050 -764.53449897 37.32327993
-40.98614060 -758.31119109 55.87586010
-35.44945669 -768.01024862 38.43170986
-46.96468957 -758.34514318 56.98783012
-25.30391243 -776.50461097 44.12037696
-46.70937969 -755.10522187 57.81498552
-28.76392779 -729.35927684 51.32106177
-16.77615748 -767.46489969 47.28042395
-34.86059334 -743.85580058 59.77032728
-22.85855164 -776.41967780 43.75224932
-19.91893403 -776.35029046 43.52459707
-46.80354571 -755.37753924 57.11229594
-3.99430933 -790.49118846 40.29601374
-42.61312613 -762.55139820 54.51371179
-41.70803617 -760.84161844 54.98448861
-23.88109574 -753.45824202 41.71479995
-37.50783198 -767.34986007 38.15584240
-52.69316031 -749.66463771 60.08400221
-29.09421726 -757.17481320 45.40711025
1.21771220 -739.72642214 54.91277875
-49.78681275 -749.42436148 59.69452993
19.42583656 -770.95472525 42.39942182
-20.36706361 -778.24315639 42.76941531
-4.56623651 -788.35756759 41.23119753
9.15513079 -778.68082622 40.17412711
-56.05907396 -747.23650176 61.56664509
-40.40814370 -770.62992349 39.19652112
-25.65412500 -735.93892500 48.68964490
-37.86267930 -761.38912845 53.17209594
-35.73085486 -764.01844776 52.77034513
-34.74471030 -758.10985121 53.21317117
-1.81243457 -757.55864887 50.14979549
-5.20686499 -765.34163901 49.01587611
-25.51046967 -770.59790551 47.37780535
-2.42787089 -790.60954883 39.77754000
-41.94271250 -757.89261250 57.74244490
-31.62953185 -732.98581852 48.73391545
18.21064583 -766.23207022 45.92122036
-35.67019676 -761.42845188 52.66646883
2.85425405 -748.20572027 50.75139422
-0.77094862 -793.06246740 39.05029448
-52.47632021 -746.08181163 61.81158748
-28.22793305 -733.30114423 48.90581713
-22.86684295 -716.54138288 61.48697531
-19.76424704 -773.35940335 44.88673187
-28.72947719 -736.43120657 46.38490651
1.24327936 -740.94563699 54.07985385
-7.61473445 -785.23571702 43.58877346
-22.93949199 -725.70266646 54.03848732
-22.76943605 -770.37142437 46.80222758
-1.53292841 -789.73885795 39.59621649
-1.92894307 -743.36599436 53.29054852
1.12495599 -773.50786084 46.51094619
-21.23360000 -765.93564000 48.67249990
-6.37511250 -786.68351250 42.60011990
-4.44882642 -785.69861815 42.15077602
15.64289838 -773.07980305 40.46312430
-46.69788875 -749.30049757 59.26891876
-33.34810000 -751.05390000 34.70101990
-39.09760435 -757.61920957 54.84152337
-12.01839404 -749.91833872 55.04764883
12.91727968 -778.42876367 21.26506378
-13.03498000 -753.93364000 54.95819990
-5.18198767 -784.54953710 42.88930228
-49.79981663 -746.13294202 61.93519303
-23.94400526 -731.84353280 51.33696739
15.09053177 -775.59388809 39.96447982
-38.60514648 -755.34922955 55.30687481
10.20849677 -767.35882842 47.29567273
-19.87465011 -770.26226190 46.34679930
15.61299518 -781.16791374 31.98259213
-19.40675611 -771.69920528 45.57313962
-1.82031643 -766.54838228 49.10577824
-32.23507165 -747.09764124 57.11112695
-1.74787356 -785.42173345 41.74026916
14.24657429 -762.56952929 48.54349775
-2.01183023 -746.05784535 52.15046704
1.09204202 -788.40344398 40.44942546
-44.92759221 -751.03272987 57.78368353
-37.45404275 -755.52549326 53.41999078
-33.15967143 -751.78018143 54.22802704
-29.48377194 -761.44181335 47.99721250
-24.73829674 -767.40957640 49.69886910
-4.71300240 -782.52430067 43.53981877
-37.59374000 -763.51051667 36.36595823
-24.19872222 -750.75495556 48.10779767
-23.20847316 -747.69133684 53.58585990
-43.95225357 -749.12387479 58.71641570
-15.21130000 -775.30666667 44.25988656
-39.63730000 -747.96725000 60.81816990
-39.58839921 -751.15582047 57.78770887
-37.35147680 -741.43946760 16.54347270
-7.51400954 -744.09801390 56.04290615
-46.82774877 -746.29696660 61.51450487
-46.56677807 -747.46416273 60.38837949
-23.57668984 -748.44642869 52.65814482
-40.25488664 -752.52483767 54.20385688
-43.28505890 -750.52834173 57.30839640
3.73484494 -740.79500013 53.87462413
-12.73856667 -752.25966667 51.51085323
1.26567022 -768.15356276 48.22848903
3.07263339 -787.87176989 40.72713522
-16.84290288 -770.15143366 46.24786235
-32.99192180 -758.45517297 53.29626786
-50.08748229 -745.05051257 63.84350961
-1.75747898 -782.12923014 43.25253428
-4.90171144 -752.36634752 50.93432395
-48.44243333 -748.65275000 57.14208656
-2.71889054 -784.53795811 42.76414422
15.86091373 -771.18015721 41.92543037
-37.30827188 -752.48842109 53.39976392
-33.14741000 -743.91912000 32.73343990
-1.18646326 -783.54613958 42.49110228
-37.87433654 -751.67327089 55.99273697
-31.37129390 -757.46988211 45.31200933
-16.79795338 -764.38591433 47.92404011
-29.36911917 -758.45191028 46.50864183
6.02518361 -778.01761148 42.74485760
3.20344534 -779.68579525 44.33594317
-31.58455385 -755.20867750 44.47468014
-20.72348301 -720.24251177 59.60832902
-14.15655949 -770.34932744 46.94205559
16.31681178 -779.66190232 35.22307395
3.34103127 -785.23966184 41.87148836
-38.08370810 -740.97783720 14.07187537
-39.03971463 -751.20921951 57.77446786
10.17049218 -759.34361949 51.86055292
-20.24194337 -763.94224492 49.21543441
-30.22465882 -753.47214118 48.94272578
-7.71186264 -776.21187614 46.76817184
-7.29933893 -779.75320924 45.23086898
-19.28030103 -764.90308740 48.29160897
-38.37888945 -748.64612677 58.24411910
-7.54456687 -746.77818855 53.94494588
-35.08146685 -752.09562779 49.51538484
-4.81368722 -773.43872373 47.19141071
-5.01304625 -776.23331368 46.18934325
13.01355555 -770.20502170 44.14679597
-9.50284211 -775.11480760 47.75706259
-25.16915350 -754.36129837 41.46805719
-40.32520816 -747.40248511 60.03920039
13.66381647 -768.43083985 45.35049269
-4.25671715 -777.53661235 45.49691304
17.84057778 -781.01107778 31.86609767
-7.87728512 -773.39822431 47.73457558
-15.67478841 -757.06097754 51.77281917
-28.07123383 -752.17151271 40.57102204
-32.05521745 -754.60384294 47.90353441
3.26171979 -783.55401542 42.49797491
11.86094872 -769.31941282 45.90740964
-31.82719564 -752.64295903 43.97663173
1.22022762 -779.35138942 44.31622125
-20.06669353 -722.92696574 56.58552808
-33.77844216 -751.01290378 55.07233990
16.46930321 -767.99143891 44.82017802
-10.40938132 -749.55540062 53.75226431
-36.68230447 -749.87497184 53.61070669
3.35146667 -738.80804167 54.98240323
-35.47590015 -750.29599278 53.85559971
-72.50293421 -751.14745263 60.47702253
3.43712357 -782.22272946 43.19887572
-40.37801942 -746.78309048 61.07744072
-34.78755536 -749.15332286 55.59274525
-19.55798063 -757.54863740 45.00518821
-30.14206984 -754.31586032 48.97190005
-45.55949257 -764.93989114 55.16855590
9.86809429 -764.00000399 49.03904717
-19.54668007 -762.03951954 49.62643648
-1.67553375 -777.26321612 45.37569149
-31.66954711 -751.76866331 49.17663535
-37.67992529 -746.49749886 59.25855041
-24.56506667 -723.92703333 54.72118656
-32.56808013 -751.18987183 55.87398278
-33.86657143 -750.63504416 50.00354327
-31.85400791 -750.17630446 50.20605505
8.48037746 -765.73625211 48.58700299
-28.79554976 -751.74023191 38.67353994
-38.69317025 -745.35385868 60.85833560
-31.98240541 -750.49291622 47.53775176
-33.68464400 -750.32191600 41.20637590
10.39437791 -779.38258709 38.29143281
-28.30083037 -752.12964642 46.14225582
-9.49626296 -771.39142963 48.80182360
-17.52698947 -763.28313684 48.72981990
-32.53006801 -749.44879021 56.32427458
-35.16660000 -748.27652340 26.70324968
-23.37764714 -714.77885714 61.79284990
-25.85283813 -753.09087656 40.86618519
19.05782587 -764.43464143 46.69148199
-17.94334049 -761.64550458 48.91942271
-16.70960279 -761.40079969 47.54782507
-36.63278872 -747.44741128 57.23721425
-34.99798426 -745.74109804 58.39772693
-23.39935414 -754.67944846 42.13572143
-54.28850000 -762.96780000 57.27891990
-1.79766634 -773.51810793 46.88757852
-26.41633590 -751.69533068 46.47146092
-4.69224081 -770.26698562 48.02893797
-24.01382077 -749.55161752 50.80077794
8.44794907 -782.07240117 38.95780424
-31.09872220 -749.23451380 52.53667263
-41.23280909 -741.67586364 16.57021080
-28.92639057 -750.54600503 44.84700040
-21.57626731 -756.99566731 43.51234490
-37.74083025 -743.20978821 61.64304045
-37.15213715 -739.70591975 64.16368868
-27.45146502 -772.97459886 46.84323130
19.01298339 -762.28188597 48.07787705
-20.29095113 -756.20687670 44.29129396
4.80436734 -776.00566050 43.89353866
0.55398200 -745.31204160 51.87411150
2.77994545 -752.24093636 50.60870171
-7.62668705 -782.42907242 44.40293713
-36.95321651 -744.38414013 60.24159231
8.20038740 -781.09821016 39.90785689
12.69750415 -781.92264685 34.40614760
7.86585230 -779.21541399 41.16085847
-34.36091286 -746.67240420 31.65978643
2.30386977 -760.35683488 54.75411176
13.85875558 -782.39622252 32.56866095
-26.27963145 -750.41618050 47.83951254
-16.80890884 -758.70291343 46.45059829
8.75563333 -781.00347778 39.71054212
8.56619600 -780.61922400 39.49875990
-17.35458513 -758.02309525 45.32243429
-11.20115968 -762.12943988 48.08786710
-10.30430297 -763.61794647 48.18825834
-1.95110859 -770.09676682 47.77704470
-20.52049429 -772.02332286 45.69623704
-4.73621943 -766.69710554 48.87641846
-36.87511758 -758.62255978 34.49859990
-32.84014087 -747.11281826 34.80827990
6.69767240 -775.92617948 43.07585863
-25.71074431 -749.42904854 50.08899427
-6.78451058 -766.80202854 48.45264605
17.85814038 -775.30837700 37.03097248
-4.81121156 -767.76042566 48.40218319
1.16992744 -766.65257336 49.21692239
7.77254127 -776.82532151 42.09670574
-35.22327694 -742.46526925 61.18581884
-14.03595516 -759.29950647 47.70546732
-42.38890000 -786.53080000 33.45975323
-23.00248055 -728.32753386 52.95494250
4.58740026 -773.78609584 45.06058307
-32.11432573 -744.44173883 59.18859465
3.78001794 -772.60470067 46.00900751
-32.02615605 -750.56108726 44.26158869
-7.75034663 -764.47368883 48.88823884
-2.02675145 -768.00967936 48.32628538
-33.65066329 -731.66663696 49.58502268
-5.28376573 -765.43493034 48.47494293
1.32115828 -770.21350118 47.45875714
10.15931708 -776.41910728 41.36863486
-15.69712197 -757.72571876 51.12307253
-0.48994308 -762.64158923 52.12248451
18.46220937 -779.50725768 32.22246731
-13.69668807 -757.97457151 50.27993969
-8.93895254 -762.75179661 48.35027413
15.04188049 -780.99877561 33.98921136
11.19564855 -777.75744682 39.51493781
-13.90374724 -755.12735480 52.32627452
-13.21992032 -756.39760956 51.30556195
-10.00021446 -760.85567525 49.42041321
-35.80530000 -743.26774091 17.78665171
-18.97642703 -755.52000270 46.65751179
13.62577806 -777.58820378 39.42936162
-7.88485221 -760.45614680 49.61106659
13.07613329 -776.19057499 40.70207190
15.60815246 -778.60796876 37.39688757
1.86968000 -762.74350500 51.57824490
9.47742479 -775.05761368 42.76126178
10.19136730 -773.25154117 43.47672408
-1.44364169 -764.83606953 50.45828116
6.20872812 -771.99005000 45.82223240
7.03612922 -770.14931786 46.42886315
17.86125769 -777.66618077 24.50031413
11.28452126 -774.38966868 42.51551702
16.30168214 -776.46519491 38.12098523
18.12747714 -778.75045545 34.40838992
-33.49128000 -742.04292000 36.78531990
-6.08998647 -760.32999294 49.63141460
13.41676550 -773.52260322 41.87265160
-4.98001096 -758.14639413 49.85913684
16.22979544 -759.54273998 50.42357310
-7.75460234 -755.33170521 50.50703836
18.65030426 -776.14028446 35.08981399
-31.46391325 -737.15959521 44.37376822
-25.68123976 -719.85015207 53.33411970
-29.75793478 -737.01152406 45.23908482
-35.55810162 -752.63233961 31.31031860
7.35188575 -767.53298601 47.87831406
12.16426756 -772.40427470 42.99651260
-10.83861490 -752.47430538 52.68091702
9.86262769 -769.69015547 46.10180377
-1.52117617 -741.30409273 54.33535382
-0.64764496 -763.05217209 51.79494315
0.72456210 -763.04395431 51.78441973
19.67699656 -776.42077463 32.27470616
16.98052299 -773.73832945 38.76532325
-31.42368996 -736.06125405 45.92533495
1.45162123 -761.79608329 53.01446365
-31.65066111 -734.41944623 47.53932866
-4.87996428 -755.31555995 50.29714647
6.58072620 -766.28722042 48.84901961
-8.10613191 -751.84408695 52.03148614
-7.12908750 -754.47720000 51.77988240
-32.23836045 -749.87767253 38.21942175
-7.32433902 -752.98619316 51.21768953
14.21037503 -771.36677956 42.29249446
-13.17402775 -750.08889790 55.71195089
-26.46807833 -736.26818000 47.71066365
-12.50005644 -750.63513069 54.43841593
3.39911724 -763.56549655 51.80919921
-31.63620887 -731.27997760 50.04290962
3.46958390 -761.26801979 53.04052815
4.69938126 -762.24029436 51.26142912
-3.43386667 -791.46757619 39.56048180
-46.36245789 -759.22031053 58.49272516
-1.79806873 -755.35378828 50.10897715
-26.57225501 -735.20217347 48.32843175
3.79665714 -783.97435714 42.71153418
16.09489304 -769.75656372 43.49277679
21.59577899 -764.90009250 46.31480963
10.58397046 -765.22637337 48.38111414
-25.63007011 -734.09413006 49.49227559
-0.03136918 -755.79003967 50.31832940
-1.79297512 -752.41404477 50.49533724
-39.67216911 -768.53812358 39.06455648
-25.82802517 -731.36981943 50.68653039
-5.83369560 -751.19202088 51.76241880
-23.97091945 -733.47595029 50.86868316
-9.78999537 -746.47442156 55.17082362
-45.09230000 -754.45996667 57.75898656
16.00899317 -766.52325248 46.19676413
19.22276583 -767.47542680 44.55843124
-28.65661477 -727.88261425 52.21084458
22.02416926 -769.64641858 43.08876629
8.29431707 -759.73152764 51.98327924
-4.71650567 -746.42892546 52.91119746
-27.48145352 -720.60590845 53.81515229
-28.68063750 -725.48220910 53.38562290
-23.05380659 -730.78934807 52.28536925
-25.71233419 -728.11698234 52.34759199
10.86300951 -759.63815406 51.40481108
-23.31252357 -716.54970102 59.27844585
16.46925285 -762.33723959 48.29465991
-33.67779234 -749.56949574 38.29542713
-24.69694944 -730.09143596 51.74183225
16.20307213 -760.92669236 49.46311532
24.78223937 -767.38845968 43.95911696
22.49231924 -765.39153258 45.15835709
13.06348322 -759.55193676 50.94752862
19.07150837 -760.83609995 49.39145386
-20.70394385 -727.79964042 53.87727242
-25.90786272 -722.46901331 53.65091466
1.18256785 -743.39130233 52.66283232
20.77160833 -761.69595833 48.55058656
-20.35214349 -726.10598390 54.33758152
-36.00080000 -741.82710000 19.18431990
-1.46118820 -740.61946005 54.81584715
-22.44721692 -722.46133814 55.98077192
3.64473571 -745.11574762 51.72518275
-35.95471111 -756.62244815 33.86328656
3.62615475 -743.35548753 52.45234913
-19.90701680 -724.61613649 55.23678679
-40.17455385 -742.18099615 16.16164682
-22.68023132 -716.90880697 56.35939255
-23.49597953 -719.27515419 53.77106014
-32.03263527 -750.14762300 40.71192910
-22.17632525 -719.17551969 59.04125350
-19.81582056 -721.59076054 58.59333363
-18.22268333 -723.23545000 56.58136156
3.54870239 -739.38629085 54.92600607
-37.55701682 -743.18894325 16.97542207
2.24221667 -738.84198333 55.14983656
-6.03845333 -745.49684000 54.91695323
-15.73298440 -755.79177327 52.59678039
-24.73063571 -747.76409286 52.94636275
-48.63103991 -753.37454178 57.54943257
-35.68204667 -744.70108667 25.30284656
-45.11612097 -766.41247097 54.77897151
-56.20733137 -761.45951277 57.83689113
-44.61126563 -769.12303527 53.96491811
-45.76310050 -769.17105327 54.33881286
-57.98999118 -761.63905750 58.07648806
-55.83776129 -762.99732258 57.55534570
-38.02062500 -777.84297500 36.63526990
-43.09450689 -776.43994334 38.29267523
-43.37196053 -780.96580658 36.67611200
2.92280000 -759.83505000 54.68093656
-33.26917500 -747.55842500 40.98811990
25.49460000 -768.86100000 42.64331990
-33.76365060 -733.08466265 48.76162953
-33.62838675 -733.78725361 48.20496206
-22.71970720 -717.50444492 53.84426100
-31.80102098 -738.37859510 41.81354857
-21.46600541 -720.98909189 57.80522530
-45.76813201 -768.02922805 54.50835221
-36.90509647 -751.76789224 50.39827190
-34.49014240 -751.94702281 47.94537114
-42.56034896 -784.74158268 34.67330442
-39.39730000 -792.91300000 30.03871990
-41.96240000 -786.91813333 33.65975323
-36.42760000 -746.20550000 29.38814490
-40.04440967 -790.85565036 31.30364107
-39.58548880 -792.31707360 30.42267990
-21.56178507 -762.69398657 50.28329751
-18.04076667 -756.70365833 44.91777823
-36.52625816 -796.11431429 29.31971479
3.05498333 -744.83501667 51.62798656
-0.18460000 -789.81410000 39.64281990
-9.39488000 -753.71805333 51.58513990
-24.44140000 -747.71990000 51.37301990
-30.26790000 -747.56210000 57.58561990
-32.84435000 -741.75800000 35.77751990
-36.27670000 -761.27210000 36.21351990
-36.34140000 -792.89870000 30.65221990
-36.70560558 -755.75914785 32.75849929
-64.55310574 -753.59029344 60.48856498
-68.12609231 -753.58568829 60.44079749
-70.87236113 -752.29777283 60.47673386
13.89455142 -781.92702632 29.17120988
-3.43652381 -741.76501905 54.52152466
-34.77858468 -744.65725495 30.01523611
-21.06224000 -755.27878000 42.50121990
-32.28261667 -751.02751667 32.36860323
-57.40873750 -759.44135000 57.59580740
-47.58684000 -748.34250000 61.04259990
-9.09580000 -751.37188000 54.80470990
-36.70962222 -744.99703333 17.52507175
-9.83079398 -772.47911205 48.73067170
-13.12521143 -761.35804571 50.06948561
20.78248667 -774.62297667 32.95948656
-37.15018000 -745.82493500 14.52653490
-33.33742500 -754.16387500 45.47666990
-39.32477500 -743.65757500 61.78319490
-7.15960000 -781.78473333 45.78258656
-31.75352081 -752.15489385 41.02325401
-21.19265714 -720.65907143 57.44899132
-49.48823636 -757.58910909 58.37752899
-36.55890588 -745.35143529 19.87730342
-35.84050921 -745.99887763 20.44159753
-2.49450000 -742.21233333 54.71542656
-35.31030545 -743.99577636 20.64056899
-33.10611720 -742.96362357 35.19843391
-36.82730000 -748.35017500 32.28371990
-36.74377764 -745.44865359 23.77617981
16.48854333 -777.66849485 23.51095383
-21.38793077 -765.42629231 47.92358913
-35.42177283 -746.24029368 26.05405717
-36.58716721 -745.99124534 25.96056807
-35.54137643 -751.63806857 30.10549918
-36.43984444 -753.52635556 31.56124212
-35.97590863 -755.02460660 32.42549147
-32.80088421 -748.23366316 29.94358832
-36.80997692 -757.38931648 33.35094077
-34.18766065 -748.63975978 32.05501105
-34.35897109 -744.07965532 32.42803527
-36.02767143 -757.60034762 34.39478180
-34.37140952 -747.23090476 34.30763894
-32.44403844 -749.78577322 35.45194639
-72.88849474 -750.33929158 60.53196305
-31.07819783 -751.08880543 36.05758620
-32.77210000 -747.81100000 37.45071990
-31.13169907 -754.19997685 41.97336064
-53.60815385 -758.34413846 57.69362759
-33.71743519 -751.58448416 44.18279562
-44.56439167 -748.60439583 61.00971156
-45.13643333 -769.24273333 54.75801990
-45.84870000 -768.98090000 54.66466990
-3.08422000 -765.73382000 48.51289990
13.20100221 -779.29173690 23.15409649
-38.30203333 -757.29818333 51.17960323
14.30551045 -777.75092537 21.96549900
-37.11005000 -754.45413750 51.12113240
13.42377299 -780.68001171 25.21555536
15.91639501 -778.59956794 23.93290355
16.57531786 -779.71977370 25.70160088
-49.35812500 -747.90117500 60.66636990
-54.44232230 -743.65383237 64.49300982
17.62797778 -777.75043333 24.83819767
18.81459547 -777.52058358 26.24310688
18.22965726 -778.55707036 26.59763263
-32.02543333 -729.91580000 51.67215323
-14.13009761 -764.29032207 48.78932586
-36.28870000 -743.70130000 13.90771990
-31.04072000 -747.95002000 57.87719990
-8.15121471 -773.72237353 48.92598754
-8.48257000 -775.15777000 48.85791990
-9.66722467 -763.48006447 48.77241759
-15.60860000 -756.78804000 51.55527990
-28.55570000 -722.83584894 54.68791990
-4.18901667 -757.60288333 51.88140323
-8.91405625 -748.52103125 54.82816990
10.18583158 -766.22242105 48.87002516
3.39033333 -769.58936667 48.94788656
-13.27874783 -756.50791304 48.27127207
-13.46440000 -765.94600000 48.66011990
18.53165076 -779.48328648 29.11973722
17.47161063 -780.75513819 28.84782029
-33.76010603 -750.58208995 43.99366060
-33.49176667 -746.85915000 40.64035323
-32.85948182 -742.06785455 36.94857444
-34.01290990 -741.69026931 36.30118722
-36.14178889 -757.51456667 32.97926434
-41.76905000 -781.22300000 36.82041990
-30.06900000 -749.92025385 36.36759682
15.68178726 -781.10903603 26.88383451
-35.44060000 -748.27263333 20.60163656
-47.37900000 -748.78140000 57.30748656
-21.14115000 -723.80265000 54.43386990
-54.43881034 -744.32657241 63.31333714
-36.11147500 -741.40877500 15.81754490
-39.93908387 -741.03068710 13.47396506
-33.21140000 -746.37470000 23.52071990
-33.12990909 -747.43050909 26.69991080
-29.64622952 -750.19783911 41.52451399
20.75600000 -776.06116667 30.05528656
-26.61974500 -750.01116000 43.79432490
-6.44652500 -744.73235500 54.42552740
-34.26498750 -750.69284375 47.10729490
-37.45875000 -750.69647500 50.69157823
-2.98946923 -770.21107692 48.97888913
-57.61829643 -750.55121667 60.57411156
-36.37720000 -750.71930000 43.09811990
-36.56897273 -746.72049091 31.26726535
-32.98982078 -747.51793636 29.59085106
-39.98790000 -742.45606667 14.69715323
-58.13013673 -762.69703878 57.53709745
17.80853043 -781.25555217 29.49376772
17.11480000 -771.80520000 39.41541990
2.85370000 -759.73940000 54.63701990
-9.42584000 -744.83278000 56.14233990
-21.58215000 -771.86245000 45.63086990
-27.37974706 -771.63156471 47.42911401
-33.42808529 -754.86844706 47.56386107
-31.51655000 -747.21762857 49.20079132
-42.41412143 -771.53864286 39.68026990
-32.62290000 -732.85310000 48.62531990
-23.74130000 -714.83030000 60.38641990
4.08590000 -738.83280000 54.61821990
12.40340000 -777.89030000 39.69341990
11.56575000 -778.77550000 21.39331990
11.62030909 -779.41789091 23.00791990
-36.42364000 -749.38022000 36.55029990
-30.18384444 -751.02000000 36.38267545
-29.72236250 -754.55970000 42.18989490
-33.47830000 -750.92113333 42.28758656
6.25277500 -763.28380000 51.73421990
0.72692667 -748.80932000 51.73497990
-48.21966250 -744.79876250 62.72318240
-24.32820000 -715.15660000 60.75821990
-3.33780000 -741.49110000 54.80701990
-19.53230000 -777.54170000 42.60531990
