-36.52408488 -740.02165077 16.46877228
-33.16122727 -727.96201818 33.67984203
-33.99922398 -738.36564600 27.95815963
-33.04155000 -754.59862500 25.28019203
-36.47898543 -736.38254821 29.00529136
-34.17466592 -736.21635980 28.90773601
-35.90885049 -740.09490680 17.43877019
-35.22339068 -756.11535118 24.83713508
-34.55752694 -745.46664431 25.51026509
-33.68191998 -730.00698623 31.51514172
-34.29103710 -739.85249951 26.92367470
-35.76336057 -741.57190171 20.68389917
-36.88604895 -756.18389979 24.77351316
-32.43868431 -738.53467729 28.18275134
-32.58227311 -732.04327647 30.83275548
-33.01357609 -745.91219457 25.76661377
-36.27223333 -740.59276667 18.75064203
-34.11591718 -731.05974204 29.92092802
-32.77682159 -739.89165764 27.18257808
-36.25491316 -741.08984211 19.34724730
-36.51360316 -739.38434402 27.19661630
-32.01801790 -733.30351695 29.93112092
-37.15964644 -739.32697893 14.03070244
-36.50831935 -740.86207097 17.08832429
-35.15337063 -742.26391815 23.69373040
-35.85926250 -740.56415000 19.05846703
-34.84731691 -741.00302486 25.68126712
-36.18505588 -742.67959118 24.46942733
-36.00651000 -741.08384000 17.75120203
-36.66356467 -738.23826940 27.98982815
-32.24766063 -736.16339823 29.26865775
-34.36590712 -733.19811963 29.71773633
-32.20581259 -730.63798420 31.99316818
-36.15102558 -734.37609767 29.67119785
-33.29794839 -731.91089677 30.86363558
-33.36629494 -728.45102025 33.33233697
-31.07088000 -731.61996667 30.56093537
-32.36440000 -728.65523333 33.43910870
-36.11485000 -740.88905000 26.02779203
-36.32768077 -758.96046538 23.73203242
-35.91445690 -759.08740000 23.72812824
-35.44503636 -757.48964397 24.37084589
-37.25546121 -751.15081101 25.97299957
-37.17523331 -754.03738645 25.39749113
-34.92341558 -754.13628373 25.38548696
-34.88880366 -751.23310554 25.93645429
-37.06163125 -748.32069119 26.07158595
-34.67009942 -748.20062213 26.01308075
-32.96817205 -748.20632882 26.26083767
-36.65827982 -745.59812135 25.83360154
-34.62809487 -743.81443077 24.48920870
-33.05522308 -749.98802308 26.36772665
-36.59783807 -757.53786758 24.34314895
