-36.20301942 -741.28679657 29.99462982
-47.74888889 -747.44992444 13.52294056
-34.56908076 -750.38855539 26.10587673
-32.07067639 -732.74304555 38.06895068
-31.80453172 -734.72721599 35.65402230
-46.43823152 -744.38462690 12.50005455
-46.47464437 -747.02015245 12.13192511
-33.94489400 -733.66511240 34.20086300
-36.20670676 -739.44563694 32.30738266
-46.56243524 -741.28742610 12.14790367
-33.11642500 -751.88025000 25.35757500
-34.46147501 -741.47039555 29.81684191
-34.00341385 -744.67853072 26.12720619
-31.58089742 -752.19898103 25.45099936
-34.25048440 -742.58630908 27.35734082
-36.05024375 -752.18625000 25.82100625
-33.42617685 -733.32285744 35.63486448
-34.30977188 -747.50701951 26.26621286
-38.59585059 -739.35884941 12.04455204
-38.51885691 -740.17749113 12.36869098
-34.15497337 -753.87797767 25.01855705
-38.04906939 -739.57281357 14.44412298
-33.77951240 -746.31166942 25.23417128
-31.52608153 -757.59640971 21.97716449
-37.77705533 -740.42500030 15.03349135
-37.00791257 -740.98785474 17.66154158
-49.42889494 -745.58374825 13.55961099
-32.64749562 -742.59209813 28.19230625
-36.29249021 -741.79567275 20.17094272
-34.09471477 -756.32488745 23.64333823
-31.64548795 -740.15198549 31.60343705
-33.24413237 -734.52020425 34.76004523
-48.53556667 -749.05533333 13.91735833
-36.23595078 -740.13817422 31.64814297
-35.76223703 -742.18920639 21.29457312
-34.12757171 -735.50972551 33.91784886
-35.55272375 -743.13526000 21.85239875
-32.16176247 -741.31936235 30.08697439
-34.78053433 -752.71979457 25.63399583
-35.16111700 -742.60894028 23.72270111
-34.60488823 -744.18039928 24.55103119
-34.23479897 -738.59537790 32.69051649
-34.75508677 -740.10889747 31.57075318
-33.96654000 -757.98776500 22.49654000
-33.53259920 -758.70243399 21.51418883
-33.38326383 -757.82710691 22.31082766
-49.55968826 -744.51020251 12.93199755
-33.15718017 -732.53020647 37.69538664
-32.06627816 -758.86526374 20.93785854
-31.73680982 -756.07012025 23.37628178
-31.64778352 -750.46121945 25.76450527
-31.76784286 -753.67754146 24.83069855
-31.75130839 -738.46874593 32.84821105
-31.29791788 -736.19731674 33.83739860
-31.88696491 -733.68691944 36.97994598
-50.36349379 -739.39932516 13.75944301
-57.03460000 -745.78873333 13.64392500
-49.31609835 -738.62482672 12.60230625
-54.32010909 -746.16302727 13.47501136
-55.87446111 -742.63389444 12.98156389
-49.32010169 -747.32012309 12.90374893
-50.24949537 -741.02071674 13.53107223
-52.57306358 -747.62174387 12.60474075
-54.69798333 -745.09126667 17.28276667
-37.79016190 -739.77655238 16.68244405
-52.33816995 -739.60132318 13.99861595
-52.34873643 -738.61031425 12.48941003
-54.26437279 -739.70375735 13.75257059
-49.28850159 -746.49830397 13.57646944
-52.62679231 -741.52286370 14.21025407
-54.82460530 -741.45826761 14.78397706
-49.24166702 -741.33752757 12.88431930
-51.74420573 -741.74868089 13.24675303
-32.07101445 -747.78829574 25.85106584
-54.84341021 -744.82927822 14.48749152
-52.63413723 -744.53499355 14.22731115
-51.54536752 -744.26517877 13.25348996
-55.11760976 -745.40826488 13.02048402
-36.08162143 -750.76063571 26.12921721
-52.14571302 -746.77830761 14.41106967
-57.06805000 -745.83290000 12.98567500
-48.91195500 -749.25871615 12.02083308
-29.97463333 -756.11993333 23.09132500
-47.82402000 -739.74332000 13.41030500
-32.43595769 -758.10128846 22.53512885
-50.66028333 -745.76033333 16.56737500
-47.85497500 -740.19692500 13.57967500
-50.76910000 -745.99393333 16.43549167
-52.54008235 -747.94719412 16.43804853
-53.58423333 -743.50005833 16.39559167
-47.69644000 -745.39324000 13.40184500
-32.77536000 -746.38129333 25.30886500
-30.49527143 -751.55681429 25.35688214
