-26.88010981 -752.82567421 28.68090255
-29.11579137 -752.28234673 28.02564509
-31.07621152 -727.19684403 41.95515614
-31.85557747 -734.25345885 36.84502836
-32.93107512 -756.06560653 25.98995282
-32.45401893 -747.04232687 28.48885949
-34.46840000 -757.22780000 24.56265554
-22.41982500 -753.19657500 27.57484400
-28.60695510 -746.81821701 30.70993686
-36.97357489 -742.81466476 14.99455303
-33.76392354 -752.33557358 28.59928762
-24.54700826 -750.88413858 28.49668123
-30.89961000 -745.40405500 30.06812400
-35.16613637 -735.15516091 36.42730015
-36.99912904 -741.12364192 14.40385943
-37.43710000 -740.95580000 33.31679400
-30.40373361 -729.24582488 41.10228438
-35.66750767 -747.26788307 28.34734863
-38.64792000 -739.24603333 12.73300733
-30.74678715 -740.83296294 35.15529844
-35.97830265 -763.33269558 18.42449931
-34.27746190 -757.19761429 24.54827019
-22.07490882 -754.92456434 27.88690576
-30.87650785 -763.06178448 21.00556097
-29.41239923 -749.97932987 28.17645292
-29.99654093 -747.05361877 29.55646953
-37.96947533 -741.25940936 14.02885810
-35.62334694 -762.22606138 20.30317201
-35.65807283 -738.10949761 35.54077246
-29.38399131 -737.28353169 36.74196572
-35.94037806 -741.82704069 33.23149170
-35.51560949 -745.90004261 20.96640644
-31.71536299 -731.71133328 37.39981577
-30.32837451 -766.76019186 13.25838651
-32.08908896 -766.65763903 13.11546667
-30.82089857 -749.51150457 27.27769049
-37.60735722 -742.90523041 15.15457854
-34.64559672 -753.07595712 26.39514912
-35.32472026 -745.27701536 22.80591165
-34.75292144 -744.88354392 29.08968987
-31.13798913 -748.36837717 27.28581574
-30.84909458 -758.88720757 25.25400406
-37.48479242 -743.01868182 16.07124653
-34.10376780 -744.91376744 29.46427729
-21.91659044 -754.07369779 27.46867341
-36.62528996 -743.41155654 17.41627751
-37.58112867 -741.83426993 16.02646323
-35.74566445 -760.87633318 22.05085377
-35.95819182 -744.45943366 19.93730188
-34.80283787 -748.84189083 24.03899370
-27.38698421 -745.41956316 30.82409926
-34.92114272 -749.92596133 25.66742630
-33.24244811 -747.70164452 26.42921843
-35.74803594 -740.26192283 34.22362005
-35.42841414 -743.32528138 32.19497690
-27.55787045 -745.94004261 30.75095963
-32.98343962 -735.18252969 36.30130272
-34.71257227 -732.83524685 36.11966228
-35.80055953 -757.90790467 25.09980234
-34.98081625 -746.84436809 23.43050152
-29.67783567 -730.74362715 39.95143188
-33.12102027 -731.96285773 36.13921644
-26.74475189 -745.39377264 30.21672136
-34.91583604 -745.23910480 26.62445526
-35.02910654 -746.75429726 26.01190267
-32.85725701 -765.84408710 14.53881631
-31.26827462 -730.23484538 39.38465785
-35.69161481 -759.49472369 23.51360740
-32.46758374 -729.98000029 36.23588021
-32.88051775 -738.06013662 35.42368293
-31.74192652 -728.43864863 40.48190979
-37.40971667 -758.02750000 24.77336067
-32.38904550 -763.67061551 18.97643718
-31.55020091 -727.31579273 41.53004582
-32.66867757 -740.62264722 34.34766529
-34.14075542 -747.59722720 24.22966226
-35.45017438 -756.32493065 26.20692701
-33.38900105 -741.93838436 33.24174443
-32.95429032 -743.47406744 32.30045807
-34.29591573 -748.80804607 24.02574569
-33.04483101 -749.54391134 26.69400396
-31.91115366 -729.47776269 38.16543816
-30.33091109 -765.00442448 17.11322254
-35.05328982 -764.09905293 17.39935226
-37.48515385 -760.60933846 21.97740938
-36.63660591 -748.83882449 28.34481376
-34.51832196 -752.61457249 28.58757495
-33.64989183 -753.35298468 26.53746957
-33.23847467 -750.70803345 28.28247941
-34.86411857 -763.51324714 18.68480543
-34.53847840 -765.18316235 15.20705264
-32.50614026 -758.14356837 25.02431985
-29.93741904 -731.88705694 38.24330522
-33.08341005 -759.48453044 23.79441379
-32.81781133 -764.52136504 17.24036488
-32.55810030 -761.17405824 22.44869392
-32.93955526 -762.52706303 20.47715090
-29.98430588 -734.56852911 36.82806240
-29.90076512 -735.44825497 36.50259359
-30.48325044 -738.04000652 36.18332535
-31.55480598 -742.62417094 33.71271879
-31.01976188 -742.70479558 33.85667411
-31.17434539 -743.27228050 33.32631776
-30.62557604 -767.28987224 12.00605825
-31.93859845 -767.04262483 12.19183968
-26.93084505 -750.21244679 28.73967073
-26.52420811 -749.71508649 27.52589400
-31.02564209 -756.90283418 26.04713992
-30.28471081 -766.07012239 14.69317630
-28.44517586 -733.32066897 36.54724572
-28.22780798 -731.98657314 37.63755810
-29.53647568 -753.35225685 27.24587663
-27.99872800 -753.60838800 27.56490600
-31.06202076 -760.21424195 24.41999485
-30.47151884 -763.97406551 19.41866786
-30.87266177 -761.76528524 22.94598306
-27.27346007 -746.66184404 29.89120264
-25.73845443 -754.73320000 28.07129189
-23.90064629 -752.96525211 28.81488258
-23.87246272 -755.14719363 28.30841143
-23.20016868 -756.31226923 27.39540719
-32.76177500 -763.36026250 18.17458150
-21.72082866 -755.77187664 27.05781922
-22.10639227 -753.88400198 27.89259400
-37.41185000 -760.90105000 21.41669400
-35.13688065 -734.71671613 36.64803271
-37.47302976 -759.42876369 23.30990471
-36.79369732 -741.96463568 16.70944337
-28.32250000 -733.77570000 36.63769400
-32.66976667 -736.98343333 36.91252733
-37.38180000 -742.96520000 19.14129400
-37.43118235 -748.61080000 28.42339988
-37.48720000 -748.29303889 28.56130511
-33.58860000 -760.44890000 21.25179400
-28.28611042 -733.94290764 36.11063081
-28.16694061 -732.99690000 36.40514491
-34.24650000 -744.97275333 27.15020733
-30.55883333 -760.56166667 24.64859400
