-89.62609695 -714.46243831 50.94662305
-60.17687310 -693.41165148 51.70167863
-92.66278839 -758.96043907 50.96608677
-75.06652763 -728.76011259 51.73990507
-48.22159980 -758.96546288 51.64798289
-66.10273282 -693.24151537 52.03166973
-71.15019452 -693.70869726 52.55313205
-49.15585548 -711.62316301 51.34869327
-72.63417802 -777.02710738 50.10875198
-21.43301212 -734.29906667 52.43532242
1.80313161 -737.96844130 51.88622599
-68.68203333 -736.79460000 52.42798000
-65.41550686 -740.19857108 51.67113049
-0.70940479 -752.99214246 51.52648245
-46.24265909 -743.81563347 58.60638165
-58.47867558 -743.67941243 51.72260778
-81.58707070 -755.93248184 51.43552512
-28.63810912 -757.17331324 70.15486529
-20.97505294 -720.39186039 52.43213373
-86.82136953 -713.71996551 51.45888192
-54.86175769 -750.36614890 54.07423490
-31.99056667 -739.52425000 79.51689667
-47.95465395 -750.16420184 54.26856342
-51.28982330 -783.20294218 50.29870343
-87.04774441 -716.90589815 51.36530529
-36.22328761 -747.50412717 48.40917318
-22.28573766 -696.68538792 51.88950712
-66.38269025 -779.87881442 50.06320710
-84.08349284 -716.67043543 51.64395155
-81.37655759 -722.92050070 51.47206390
-36.06469756 -725.95967759 53.38189527
-67.65163571 -780.64045000 49.33359071
-60.49676268 -719.97967986 51.74356172
-21.34321877 -728.88293828 51.88912208
-43.64216713 -719.51931442 49.08642992
-71.45889412 -733.86097721 51.47244103
-57.47603039 -710.92210897 51.67554709
-12.13442143 -747.01301741 51.74173936
-84.27146521 -719.97604696 51.52548029
-42.56655250 -761.99742083 51.56409042
-78.38415362 -725.80605501 51.71531821
-41.92877850 -731.61590144 55.11091624
-84.23800604 -722.91100364 51.74495076
-39.28178129 -734.84066754 55.53158877
-81.28160682 -725.86090610 51.85700729
-60.44707552 -744.05676999 51.51658073
-78.02692814 -728.32841527 51.70186683
-72.27182238 -759.07786498 51.38248548
-11.32367170 -761.41596164 48.75829321
-54.89644444 -748.83310385 56.30455644
-48.38451053 -794.49827789 51.02052807
-9.56256635 -767.99028089 51.46078708
-51.56120172 -785.69951582 50.32396765
-48.61741391 -749.32114508 57.40371126
-74.90355831 -731.49695000 51.95096505
-67.31124012 -694.63587500 52.46730791
-38.94058268 -746.81988325 54.59239080
-54.90279141 -731.69713884 56.06921103
-27.28790303 -776.93320337 51.11667576
-68.37116133 -736.92234533 51.81823533
-72.23418459 -704.89715795 51.66725662
-59.25645569 -747.75047904 55.07868838
-18.13273101 -734.53410906 52.43933575
-48.39084283 -782.83592274 50.63447341
-12.49696667 -740.19273889 52.39836889
-55.84443333 -743.88006667 58.30444667
-37.81183333 -739.73647778 57.83024000
-72.03552877 -731.42493584 51.95780595
-33.43384112 -716.92504337 51.91094588
-42.27594730 -774.02560689 51.24270487
-69.05042003 -734.68145223 51.82065902
-48.12356748 -720.93294737 48.32391765
-16.97778571 -779.55255714 49.21743714
-36.42543458 -768.11626696 51.40022442
-60.31537502 -737.97211900 51.18848480
-39.11438653 -710.89005048 51.81948711
-27.04525172 -747.88916897 49.13918517
-6.42777562 -719.95720803 51.20773218
-36.19680558 -740.31598377 77.39614523
-30.54637464 -759.00950359 51.60083699
-51.28752754 -755.82752629 51.70976337
-66.62683078 -738.12181956 51.43977286
-75.35669842 -762.09930297 50.87697062
-60.21138574 -792.25667624 50.26473831
-51.89335200 -753.79244400 52.47426800
-21.32372757 -747.02632505 51.26606498
-63.46946458 -741.18165000 51.68040625
-68.25661250 -745.11820625 50.69769875
-81.23089462 -707.84314851 51.43297822
-63.09071236 -744.03366541 51.40791191
-27.52846946 -779.97730644 50.95551945
-75.39834853 -716.94229502 51.60848781
-15.54899082 -716.98508988 51.98998894
-12.41275867 -734.81288516 51.84160431
-39.40222449 -758.91876453 51.52337155
-30.26116179 -711.00553402 51.66821730
-78.21556191 -722.95788510 51.62921204
-90.69657927 -749.94911898 51.10781701
-57.31918929 -747.03456870 55.69792192
-70.22460552 -774.80428161 49.09680253
-24.25419261 -758.90600645 51.66937111
-52.03409029 -708.45210005 51.61408352
-60.47904564 -746.89696775 51.37827835
-22.37132387 -785.40103112 51.18931622
-78.32260968 -759.20407778 50.86245820
-12.31617531 -722.98496763 51.50951629
-30.67686818 -699.06809250 51.65118674
-75.55526290 -758.90189010 51.18576414
-51.38077575 -758.95690697 51.56929295
-12.35267715 -738.08534149 51.59558335
-58.24286398 -747.20419978 55.03456246
-36.61619189 -732.65048108 55.52157459
-57.03729711 -749.55587630 54.65029060
-15.44748698 -755.94694479 51.10634246
-69.43665961 -699.02673730 51.77054877
-74.61703894 -696.82781928 53.50031943
-56.76877827 -749.66513662 55.97014969
-33.55808038 -755.97868751 51.18556587
-0.65317100 -720.07575856 51.82294733
-90.53447670 -747.51079570 51.27344606
-53.67111146 -751.24314331 52.08532522
-24.31176512 -782.82974680 51.08929372
-54.36559021 -753.09428373 51.77166739
-51.40570703 -753.10507448 51.78523348
-48.47300406 -756.04847107 51.91214770
-24.31978397 -761.92015155 51.43320884
-34.40437603 -733.21033719 87.31234860
-51.86500025 -723.14945065 51.07672736
2.12805954 -746.57083155 50.98440496
-50.75741274 -747.92662642 58.26587104
-54.45002709 -755.91373927 51.76940954
-57.80773723 -743.41677154 53.32879011
-45.54997459 -758.94232733 51.79378993
-86.02848000 -769.58154000 51.04096000
-12.52267278 -773.86498723 50.84980662
-57.11375663 -731.77075631 55.90851747
-75.25219097 -725.82904658 51.67058267
-43.15782245 -747.68023878 58.47554531
-49.45067490 -738.96282274 58.54420259
-45.33564896 -761.84134017 51.60631478
-34.56505173 -742.07633097 68.81320982
-35.35620000 -742.50065000 67.19043000
-39.41929313 -756.03512036 51.48438148
-42.58477858 -764.92203859 51.66940625
-18.38481719 -707.98089323 51.02397141
-39.46036765 -773.91944821 51.28239820
-8.73359655 -738.36748276 52.45423172
-39.44430083 -764.99976778 51.37468742
-39.55621387 -767.88751528 51.26864065
-3.43870861 -764.97680445 51.48664417
-27.28726543 -758.96997041 51.73725515
-29.80008908 -743.85779531 49.83620754
-36.39525347 -771.03550260 51.37165887
-24.56441071 -716.92426548 51.81304518
-63.25076926 -722.87744125 51.81472472
-33.57362483 -770.89931555 51.49305309
-30.89714310 -714.02645517 52.46028603
-27.30127809 -773.97165348 51.48782773
-36.63943202 -794.83303943 50.50800800
-42.41407414 -741.13176465 56.35539619
-33.51425078 -773.95425806 51.59189086
-67.99263804 -691.25792826 48.58821913
-30.52569411 -774.05260859 51.49429550
-51.33986240 -738.77880462 58.73708222
-21.30717485 -743.89767189 50.88098495
-34.24454897 -740.71557624 54.30297718
-30.26632258 -776.76752988 51.31140266
-34.30819490 -748.98266970 49.06050919
-81.27020791 -719.81742146 51.68291217
-9.57282154 -764.92169859 51.29240508
-48.59754273 -751.12424303 51.68126848
-24.57041419 -779.93120591 50.99514470
-36.55320692 -719.69680647 51.99982989
-57.50275088 -722.91320582 51.74241658
-24.29858765 -785.78573211 50.82828613
-47.50319077 -747.14527876 58.15682162
-21.75711361 -782.85189782 51.28353817
-28.83633000 -714.91300000 52.54799000
-55.08344936 -751.74934383 53.31406213
-63.66831765 -728.24313235 52.42153294
-15.64823248 -762.08663789 51.31304694
-39.45567911 -800.52150646 50.29100201
-84.61785809 -767.88583964 50.36517489
-16.61174500 -725.26903500 52.39770500
-36.39743109 -744.05696701 53.94742751
-86.91995705 -719.92242328 51.68130000
-51.51242276 -714.00308639 51.38546680
-88.96740000 -715.48910000 50.83490500
7.36654286 -726.66850000 51.35798000
-35.94913971 -735.38958316 81.64760622
-18.32581608 -758.96248992 51.44581129
-58.74007000 -745.78310667 50.96816500
-21.65107626 -758.95493057 51.70136510
-12.31292075 -743.77991494 51.60014423
-57.61547985 -752.97804171 51.50522936
-59.08713947 -746.68402895 55.45537079
-72.22010493 -728.88881106 51.90724608
-54.55509110 -725.86764038 51.66870330
-28.80178667 -760.52929333 67.62360000
-69.56433129 -731.91503165 51.93396015
-66.61223444 -734.50847457 51.59683302
-63.68622729 -702.06276240 51.75501483
-78.51569589 -773.89715515 50.12244464
-63.21326645 -737.84307013 51.46163931
-27.61774793 -699.06143175 51.91858020
-54.50614062 -713.95945829 51.55559132
-60.23573711 -741.12323829 51.42069959
-64.58347500 -719.70353000 52.63594000
-55.13261094 -748.01345396 56.70131252
-36.44582163 -739.20581881 79.08188000
-51.15638684 -750.99995858 51.82229574
-66.20775645 -744.23354032 51.23229801
-48.46330343 -753.18427722 51.80749634
-60.23085439 -707.25114211 52.60256947
-57.25684876 -744.72217479 56.26016657
-32.36079063 -712.14164062 52.42330656
-45.09382235 -749.29598031 56.50625573
-85.25460000 -724.89340000 52.37848000
-56.94647500 -745.86331215 60.81626715
-71.14161429 -784.70807619 50.72633556
-6.62220487 -725.73841092 51.60282974
-21.79980000 -697.33040000 52.37288000
-24.60253118 -722.95813738 51.88326421
-21.40292693 -776.87790337 50.77941206
-45.47116949 -756.00751594 51.69760351
-48.28596971 -788.72726319 51.06765388
-54.31949029 -743.95435345 60.23632387
-52.32577500 -758.42008750 52.40270500
-42.34527093 -758.92616888 51.64463551
-39.47822408 -761.93639773 51.66137880
-24.47645895 -711.06216962 51.33147017
-34.51680606 -721.06820909 53.28323455
-72.57519773 -696.49239924 52.63478682
-36.57020104 -764.87864812 51.46904286
-39.45824454 -729.01955436 54.57249845
-51.95816091 -749.91893765 53.11666873
-24.99398658 -788.26151974 50.51869871
-33.38024118 -767.93156121 51.45062502
-27.40974754 -770.96103037 51.67628078
-30.45753479 -770.93491017 51.50044037
-38.16879028 -697.16563750 51.59150778
-24.42039322 -776.99588283 51.22633907
-31.27114085 -741.26039108 52.62588282
-21.61891983 -779.98447982 50.86058658
-50.80578704 -734.95014976 56.31847228
-32.34399286 -757.57143571 70.57984429
-55.78278605 -697.11668837 51.86048465
-69.11014279 -716.88009710 51.65344064
-24.48268182 -695.93466513 51.74632976
-60.66515551 -750.00010338 51.50956644
-86.89437447 -711.39890088 51.61465079
-35.16179091 -741.71981299 68.11092870
-66.43517730 -710.90713851 51.81980720
-21.43587842 -761.95126417 51.59812431
-38.25662029 -747.60752603 51.38181716
-39.35481298 -753.20228901 51.54287427
-57.54878097 -794.92300280 50.55033387
-81.46388352 -717.00650987 51.75185442
-37.04118000 -735.76357333 55.40578000
-39.23560924 -789.05797524 50.19514382
-15.59294078 -768.00625849 51.45729396
-54.43072622 -773.88450649 51.03272745
-78.37034230 -719.92813655 51.77898295
-56.40384251 -746.01380673 61.63086930
-15.02819158 -731.66227789 52.41565368
-3.92672818 -767.45558120 51.23629771
-51.33073708 -729.51003420 55.82103708
-18.99216323 -782.22257639 50.57539794
-12.35479396 -771.00501397 51.04772730
-51.95380000 -705.18010000 52.38161333
-30.54948844 -729.26575595 53.55260301
-33.09463702 -721.78532000 51.70336745
-54.28355788 -729.58828945 53.93415549
-84.56026058 -714.02477377 51.40667418
-21.52358167 -704.90124070 51.16730691
-75.34036998 -723.05043352 51.53310097
-42.49127093 -776.79318924 51.28208434
-72.44364285 -726.02134488 51.63923837
-18.57614845 -744.21692563 51.44624719
-60.34898696 -707.96203422 51.81621228
-69.45968512 -728.97157143 51.77930120
-66.62028367 -731.83764591 51.80397688
-45.47546957 -716.97441197 51.32637832
-36.45977924 -737.34170571 54.22157875
-53.82729715 -746.80121741 60.26173406
-47.57236250 -758.26250625 52.40370500
-27.45012621 -719.96388927 51.06596695
-57.47532308 -704.92825953 51.78801548
-63.50888193 -704.85646258 51.56738961
-63.34802249 -734.87045060 51.51607893
-47.31214939 -722.14756032 46.02144923
-45.80545714 -751.93218571 52.65482286
-53.46982667 -748.54210000 59.60223667
-31.03183544 -793.90704474 50.21558360
-57.66052503 -740.83501113 51.32991522
-63.44261005 -713.93220003 51.84554336
-89.94227815 -764.45103037 50.75058222
-39.23547997 -791.91147869 50.43055677
-56.59179601 -743.75515465 60.38868864
-53.81854983 -747.65454917 61.63061564
-33.35835970 -702.00016289 51.74093806
-70.09725854 -698.45761951 52.48021659
-5.60288478 -714.26068043 52.43892783
-18.36940446 -776.93028607 50.63191910
-31.91990000 -739.60610000 79.40728000
-56.72942132 -743.84766691 61.53574397
-50.39904286 -748.74468750 58.50411393
-48.18742951 -780.05339891 50.98783012
-45.36646125 -753.07758128 51.69506708
-52.08270000 -748.36265000 54.44018000
-72.47798023 -761.93321677 50.98043280
-55.16454672 -744.56198456 61.52452517
-9.69298563 -753.19737585 51.49321054
-26.98797459 -725.47993701 51.83760053
-42.53799406 -755.88947570 51.48465400
-39.46020622 -794.87845359 50.78886242
-19.24902064 -699.83691144 52.00578535
-51.67812086 -746.55259516 59.48830060
-42.32313824 -749.63088971 54.36960941
-36.40007528 -761.96675376 51.51657959
-42.82887712 -732.04459734 55.70155964
-57.35057853 -758.89313841 51.39940533
-74.70859493 -698.66658520 48.42732820
-33.39483919 -764.93556199 51.54000033
-30.39631435 -767.85352623 51.60749389
-60.58139492 -779.94770168 50.05188854
-54.22628708 -722.81532485 51.71283055
-46.17938779 -714.66346676 51.45229194
-56.94674118 -741.20888039 52.66181137
-24.43746704 -773.95311189 51.41340555
-66.32720558 -759.00327824 51.31445188
-78.39263745 -713.95839083 51.65137454
-69.48880717 -758.89631355 51.37543651
-3.49204146 -747.59500474 51.37757837
-18.32989686 -779.97951641 50.72119783
-84.37089239 -711.00613526 51.35193689
-49.09371464 -749.04516523 58.82007585
-81.47853189 -713.93337187 51.54830429
-78.21389715 -716.90090493 51.66000321
-71.15043125 -748.23833750 51.63418000
-69.34972936 -692.91056953 48.10684482
-45.51478119 -789.03781059 50.95636950
-75.29114767 -719.85200095 51.66407152
-55.86465000 -748.17540000 55.35588000
-40.33026151 -731.65867397 55.51937172
-50.54408419 -748.96866032 57.99475226
-40.41202139 -729.84675954 55.49856902
-0.42319583 -722.94480704 51.76294671
-27.13509677 -750.50530000 52.43655742
-72.36574828 -722.92986966 51.56535943
-55.54833333 -739.79187778 53.25191175
-7.89482500 -759.14385000 49.33610500
-68.42347493 -785.28611509 48.94039914
-64.87772500 -690.20444063 52.48173938
-24.17728283 -725.76849610 51.65239300
-69.46292996 -725.98728639 51.59621931
-66.69167375 -728.89515587 51.77709607
-39.23661595 -741.15610023 54.73205873
-58.21259062 -735.43695277 51.62775923
-73.65909400 -698.14766400 48.47256867
-30.92015000 -712.40700000 52.46393000
-56.80080417 -742.11545417 61.50298833
-63.37118777 -731.80962727 51.33552404
-32.23416000 -712.92360000 52.38910000
-60.27512070 -734.83928835 51.44797829
-60.39732024 -713.97353938 51.79623724
-30.26794390 -758.80607729 69.34422075
-24.67121379 -707.95718862 51.40530882
-30.39368084 -755.98915788 51.53604225
-21.51046374 -767.94128508 51.36333203
-56.37460135 -741.62778446 60.35737054
-45.33427853 -731.97814521 56.39832459
-57.39542123 -738.06735805 51.18244404
-37.17387582 -746.69291933 50.69022209
-54.24522477 -741.10422867 60.05239782
-24.36682611 -702.02222396 51.24219154
-78.43719120 -707.89403320 51.27583943
-44.99433136 -751.12218795 51.56196045
-42.43588036 -752.99891801 51.49412405
-36.28479056 -745.71425189 53.64585992
-51.54446470 -743.77116376 59.18329865
-15.49131639 -776.80928587 50.63496672
-48.36955939 -746.77967491 58.72734809
-36.69494863 -758.96067641 51.45729981
-45.67651408 -750.30841574 54.50621527
-30.37590448 -690.08813566 51.63666252
-72.46722600 -701.88692086 51.72845715
-63.51529008 -756.07753460 51.45319505
-33.50264567 -761.96620030 51.62146786
-63.29982588 -750.10778977 51.40572108
-35.20191648 -734.00705008 83.39214894
-27.49811861 -747.05795600 49.75532833
-30.46723805 -764.97392348 51.57623390
-27.37559773 -767.93935791 51.62935793
-43.54980234 -721.93484063 49.00521359
-86.08590000 -709.43860000 51.02928000
-66.32066181 -725.83111962 51.68788689
-36.52193509 -734.89235326 54.36941915
-57.74263601 -731.73973542 54.13667583
-24.39591264 -770.97685233 51.38865710
-36.55648776 -726.81168980 52.30925347
-84.01429339 -708.44200545 50.65078139
-72.20027029 -699.27361732 51.81311899
-21.54969146 -773.93740110 51.26096346
-58.72939355 -722.66157742 52.52469935
-73.33756308 -701.18807692 52.41702923
-81.41371099 -710.94429620 51.42103248
-30.48503195 -693.19940062 51.86026824
-54.48700027 -720.03945096 51.69409583
-6.52345985 -761.95920500 51.24748716
-72.52084811 -719.85625134 51.48916184
-89.86597052 -741.19526413 51.44798860
-33.42035228 -779.85922796 51.39776265
-56.73308856 -730.19602447 55.82502067
-69.25976812 -785.75629074 50.31835530
-69.45767815 -722.90810774 51.54755193
-69.36703997 -710.92022445 51.83796515
-2.61001429 -725.70597143 52.44992286
-28.87129167 -736.81110000 52.79269667
-15.69030121 -779.22519035 50.43949674
-38.33565000 -800.85040000 49.35118000
-27.38443066 -714.04951861 51.55875458
-63.52234787 -728.76060801 51.75621652
-60.53511705 -689.47727053 51.48624358
-60.44080828 -731.90537633 51.59659033
-33.23745947 -707.91285148 51.74407191
-66.13129541 -747.20578262 51.31129700
-42.80495758 -729.21404150 55.55669183
-12.39710476 -740.88184381 51.67797799
-61.39421429 -684.71552273 52.13666701
-56.09257500 -739.35157000 53.36407000
-18.31126841 -734.84888099 51.89948958
-54.20442374 -737.74277275 54.65428457
-12.73900445 -750.05470203 51.57849912
-27.11597938 -755.83201378 51.71542346
-67.80892837 -691.26674512 48.34209395
-36.25378269 -773.83486233 51.65006970
-75.05831000 -707.22389000 52.38925000
-50.69988374 -744.73873495 58.15197664
-76.63951667 -700.65627000 49.12222667
-55.63969782 -737.78376070 51.32502017
-78.18552648 -753.24620112 51.73747841
-37.39690219 -738.97552573 59.98698391
-49.60226250 -724.91007500 48.82990500
-51.50492302 -740.80941432 59.22092641
-25.58749659 -727.18206591 52.83215614
-18.54849566 -749.97012927 51.58193965
-48.59799094 -744.09216681 58.65418735
-15.66067667 -752.85202073 51.17500284
-45.23321669 -746.74334487 57.87804341
-54.32245812 -764.89864959 51.21784888
-42.43483194 -750.80232896 50.61168000
-57.30993414 -728.38557518 51.57631505
-23.92811177 -729.16837375 51.49165886
-16.48098571 -778.86206190 49.07788952
-0.78873513 -755.93683808 51.58171416
-78.49231544 -702.07937652 52.81065348
-20.90306901 -717.21487606 52.39907859
-36.60103272 -755.99000931 51.52187288
-3.53333425 -749.88238620 51.59958537
-16.25520242 -702.99920333 52.09727970
-66.52883597 -705.01597740 51.73425599
-81.60552563 -770.95905363 50.17554996
-48.55394924 -770.95764148 51.37495391
7.11125000 -730.50125000 51.55473000
-33.30050285 -759.02705265 51.53602876
4.77402500 -724.38620000 51.34378000
-30.47636764 -762.03088843 51.62891774
-23.71267500 -758.15647500 52.46485500
-54.41544798 -710.98066617 51.59404523
-29.65401348 -746.75605157 49.75029061
-51.47747056 -710.95136136 51.38049760
-48.35274331 -728.22254682 55.00262316
-78.39425353 -710.96118582 51.63746067
-54.51116910 -791.70113047 50.61893894
-51.35379545 -797.94647078 50.86008552
-75.40058821 -713.91126345 51.63185303
-54.66997294 -737.86747434 57.10693816
-53.85952536 -739.20639346 58.72220654
-27.40230862 -765.00619593 51.56241630
-24.38232378 -767.93127588 51.34302425
-83.80462500 -707.57597500 49.26085500
-21.53279568 -738.01636913 51.31856705
-3.24625218 -731.93733569 51.62824854
-15.48188597 -758.94398935 51.12545518
-72.48107994 -716.99186992 51.59611750
-21.50721547 -770.90823038 51.33421178
-13.45236443 -705.88295006 51.57521302
-51.30290285 -768.10557588 51.28310517
-66.39100997 -773.97696580 50.84836696
-51.29285366 -728.75980701 54.67384761
-69.54241340 -719.85714069 51.63340067
-3.45790496 -740.78111047 51.54372934
-18.18146670 -773.87780541 50.85156682
-66.26543927 -722.96912107 51.84280083
-63.45581880 -720.04816238 51.80644402
-57.26801296 -735.11239201 56.79204634
-56.52272603 -737.08894070 57.51564547
1.77176390 -720.20618866 51.60143447
-57.50791364 -696.22855816 51.86547580
-66.47581791 -696.00323969 51.77575423
-48.49388678 -713.97401601 51.41104649
-48.36975538 -724.22146505 54.42517032
-75.19064696 -753.16815489 51.69027800
-40.13672277 -748.92346202 56.31824902
-63.43894573 -725.91491122 51.84691318
-50.53117435 -726.61367435 53.79500218
-84.37541339 -725.89205369 51.84775071
1.83925325 -755.98457581 51.50380439
-45.73224055 -719.14899727 50.34190279
-81.40802833 -764.84034326 50.87807957
-60.44324554 -728.77232949 51.66513134
-58.82764186 -731.88831163 51.88217302
-15.98272727 -778.33376818 49.17912545
-72.32161684 -765.02391330 50.78730389
-47.87689763 -743.53474034 58.15919636
-42.18965150 -748.89082763 57.60444397
-55.29128872 -735.72694997 56.18448952
-56.36196942 -733.84358678 55.18203207
-38.40669437 -737.76990634 51.45918000
-49.11043721 -740.93651199 58.60307879
-15.39241579 -774.11816363 50.41246667
-50.07281563 -740.33726562 58.28719875
-83.13083333 -772.51770000 50.90441333
-45.35481805 -744.11211999 57.75546796
-48.38081896 -737.87594122 57.70339890
-42.43116312 -747.02099529 57.24244768
-75.47442969 -710.95901360 51.76722471
-39.34056633 -750.19724978 50.21602261
-69.29184171 -708.03060541 51.81055617
-36.69051096 -753.06769303 51.54464924
-9.57981517 -716.93118924 51.61846840
-78.62755914 -704.26959800 52.43182029
-58.94530000 -732.09890000 54.10968000
-67.16655789 -728.99651316 52.42697474
-12.75805464 -776.33670166 50.85278596
-51.07782625 -737.62308289 57.66589282
-48.01070770 -740.84224587 57.97246830
-63.50149528 -776.90921955 50.14235395
-20.23284000 -736.71332000 52.42976000
-27.33254626 -762.12287245 51.44590694
-27.30114117 -749.95894723 50.97440764
-83.02489412 -706.11297059 52.01654471
-37.43680000 -800.11873333 49.26721333
-81.17094812 -705.32930376 51.99211398
-24.33482320 -764.90432118 51.53319078
-81.04076775 -762.22832250 50.91950742
-18.29339209 -770.93061782 51.31369262
-61.12771908 -687.09144276 51.64640618
-72.27179425 -713.90284028 51.69308696
-21.40868944 -753.00073250 51.54885012
-81.37983586 -732.08292082 51.39201278
-66.37576059 -719.82443110 51.75201590
-54.06379396 -734.82011620 54.74089989
-72.30850000 -704.76260000 52.37198000
-18.33450721 -767.89501140 51.31482558
-36.64593237 -741.41148206 54.41049819
-12.26313928 -725.96299302 51.65065755
-81.74906615 -704.82878307 52.70167360
-60.56061429 -725.77707999 51.76667330
-52.71788879 -736.77808103 55.07065672
-52.44074326 -732.11052533 53.45468125
-48.71946893 -754.17432427 52.45605476
-78.20463965 -774.91412379 49.14074211
-48.60092927 -719.56352527 51.12686019
-56.66556618 -730.17319624 54.83621324
-45.37265128 -759.51506154 52.48597231
-63.49963209 -767.93965431 51.14529441
-27.41205288 -788.99373581 50.78936116
-51.75406417 -725.27120120 50.95790207
-34.20711299 -746.02540026 49.82125662
-54.26676230 -731.69066211 53.88396043
-57.26608997 -755.89484468 51.53281470
-52.21504884 -734.76547772 54.81092519
-18.45180060 -740.74801728 51.47667138
-63.11903333 -723.08501667 52.38288000
-60.48546081 -705.00018892 51.78789868
-38.52339753 -749.28317160 49.05235469
-24.32695025 -749.79658615 51.57472075
-54.42474820 -716.95164518 51.69997515
-45.46245324 -740.79685166 57.15354141
-25.50415519 -728.41083862 53.19750637
-35.26330333 -733.33988333 86.04014500
-36.32295605 -750.41704224 50.06758343
-63.45211259 -761.95655772 51.33607727
-54.38553057 -770.97630518 51.29200877
-23.83164000 -721.72394000 52.39234000
-69.57049669 -695.84423510 52.48010815
-6.38934555 -758.86993358 51.00226522
-42.39154934 -743.91001297 56.61192444
-27.68340811 -744.01124583 50.00678447
-15.26062098 -749.88603619 51.56445913
-40.22423221 -746.86696464 55.76051491
-10.50685000 -752.97057500 52.41870500
-33.54020577 -753.04142067 51.55330876
-27.59932001 -726.35601496 53.00013225
-18.36841747 -746.79424333 51.66613980
-78.17571278 -705.15284312 51.72563433
-75.45652867 -707.94282745 51.06231678
-34.12485942 -688.28793333 51.80388435
-39.39629756 -748.97943951 53.76053834
-21.42601944 -764.92488897 51.27135739
-72.25327990 -710.98234189 51.75666650
-39.30805162 -725.88552604 53.89106712
-57.61075422 -707.98057744 51.65161148
-63.49467643 -708.09399593 51.64635439
-69.30550656 -713.97502507 51.83626915
-36.35512424 -749.05688069 48.91957099
-69.42661970 -704.93286218 51.64800338
-66.39205211 -717.00513519 51.53237327
-72.08656245 -698.80785402 52.48109149
-15.44986352 -770.85525517 51.24363552
-80.36722857 -704.20450000 49.00688000
-45.41897919 -726.09432124 54.65280664
-60.60021043 -723.04890323 51.76759065
-27.59965120 -710.93719336 51.49530240
-69.36932254 -782.61527097 48.95924189
-18.43801208 -764.99478833 51.32205718
-80.89415749 -773.79201137 50.47554060
-45.46217028 -738.02026257 56.90063659
-57.58708102 -725.98742514 51.53371637
-72.56719475 -770.95077921 50.49537835
-65.50461071 -720.35637738 52.51019548
-37.87550000 -737.83268000 51.75058000
-71.14925714 -709.28130000 52.43310143
-22.40630556 -731.21901667 52.44932444
-38.01785714 -748.38034286 48.71712286
-80.21611885 -702.99515240 52.63204262
-48.49676414 -735.12253681 57.20089887
-63.44865180 -791.41723159 50.11410917
-33.90089663 -750.31265362 50.03001801
-24.54983855 -753.06924349 51.48311808
-40.07008046 -744.17403866 55.61785531
-54.92382774 -728.11742405 51.71300743
2.52723544 -732.14718089 51.69852981
-75.56939652 -705.01817686 51.23207796
-63.42823276 -773.94400590 50.76817126
-48.37236502 -785.82136029 50.73294395
-49.85860000 -721.61985714 49.52492286
-51.27399613 -732.06120241 56.83939072
-72.27785537 -707.82302252 51.50426712
-21.46761597 -731.97406754 51.90972651
-27.63216883 -744.33701169 48.66524234
-48.31004571 -800.89883114 51.04190943
-77.26378247 -700.10818041 52.00118000
-66.40432206 -713.94621691 51.84993135
-6.64748747 -714.13217629 51.90367059
-38.95801258 -744.09079129 55.05201007
-34.16857675 -743.14928610 69.23226721
-3.18377263 -729.00635387 51.78012415
-33.46104572 -735.11557345 83.59646405
-39.08914885 -704.97485031 51.98699931
-63.47879815 -716.92136778 51.61171265
-10.19348349 -773.34464234 50.90629603
-78.47493086 -702.36100076 52.05082598
-48.54302245 -731.88577271 56.71535078
4.25023784 -747.50469730 51.11831514
-22.69068696 -751.82360435 52.53765391
-75.48849407 -770.96346705 50.30736653
-69.79628336 -779.88376800 49.97039809
-0.62865495 -743.94007241 51.26385606
-70.86318571 -694.54458571 47.78753000
-45.35960832 -734.97439691 56.85055169
-33.72661466 -747.14422804 48.50914299
-33.43711164 -782.95285031 51.27058279
-42.78521937 -737.72093105 56.47514798
-12.33718906 -719.96522461 51.75764393
-39.35320562 -741.18118822 56.09705979
-37.25863875 -718.04174375 52.60698875
-53.58902133 -728.72617653 55.63666160
-35.24398128 -745.11886895 51.57693708
-48.40067777 -729.57908549 55.73924929
-44.89161398 -722.07184241 47.22106857
-33.67694448 -690.00404261 51.82063212
-57.64640307 -702.17473170 51.88699233
-55.23854439 -699.13422943 51.89617626
-75.15461555 -702.07740170 51.87509269
2.11515177 -725.87919976 51.72217294
-24.42894236 -755.99670071 51.65173543
-75.15663239 -701.40870264 52.50586504
-18.32057073 -761.95512306 51.37679064
-68.97039341 -780.10328749 48.98223687
-49.10901633 -761.08100816 52.68669020
-15.45091844 -764.92376219 51.12162066
-42.35459440 -723.47449781 53.58753831
-41.17763991 -739.88504798 55.07813830
-33.57228765 -776.99391549 51.56718511
-72.15324186 -750.46829697 51.66898682
-72.00228666 -695.92005275 51.60719230
-12.35229042 -767.91341748 51.35017279
-60.26406450 -716.84989183 51.71390153
-57.57943937 -717.03873750 51.83592295
-69.52628900 -702.10845465 51.65213492
-9.49709688 -770.80520547 51.35589630
-63.84303354 -693.27805985 51.76724554
-30.36643942 -701.93099598 51.65173133
-66.48435869 -764.93390962 51.22091044
-57.39989286 -719.86996281 51.78175777
-59.59628290 -796.98746528 50.77251212
-32.12353226 -742.28918065 52.14969613
-77.45474878 -701.09098537 49.14707024
-57.39477189 -783.13106772 49.60251832
-41.39337699 -737.91460123 55.14158092
-18.32838563 -731.97217734 51.88235973
-59.62317692 -702.66966923 52.39600308
-42.52236149 -735.02823943 55.98639735
-27.26695707 -752.97235159 51.74438725
-42.42821485 -801.01618287 50.84171540
-39.01362174 -713.94735846 51.52334557
-45.58194403 -791.86200802 50.93451308
-46.74254167 -732.94177778 55.31476056
-36.64241783 -789.05267190 49.77773912
-12.73536786 -709.80243571 52.48093357
-34.01481782 -744.50589076 51.19525687
-66.66388636 -713.27025000 52.41139364
-77.16952672 -699.90282834 53.03669700
-3.32730856 -761.86009230 51.27228816
-54.87040723 -705.28093605 51.79949242
-38.59217901 -740.09866914 51.15477444
-36.49373752 -720.32515271 52.83913797
-42.27957223 -728.91567162 55.00661438
-75.87961855 -698.53374705 53.26942269
-24.56467245 -699.01510612 51.50860382
-39.25922462 -786.05574494 50.42833560
-34.69550000 -743.40819667 52.67599159
-32.93095100 -755.75821660 71.14335121
-21.47317153 -755.99316634 51.50482522
-29.93944803 -741.49387161 50.95016141
-66.38358103 -707.96661786 51.74878316
-39.12375290 -738.06013732 54.45369329
-63.45651259 -711.00645483 51.84973405
-12.41045907 -764.99343711 51.08444345
-75.04412586 -698.81535747 51.65783828
-27.52851248 -704.97345241 51.44995127
-21.44050782 -749.88626667 51.68029729
-31.03666672 -723.68118871 53.28663510
-32.92150000 -745.41243333 49.13331333
-60.46416636 -711.00649427 51.82294986
-9.85669656 -746.72045220 51.76229618
-7.15732147 -770.44316308 51.17615256
-48.27406620 -725.98288725 54.34692724
-71.31054324 -694.16793694 51.96093285
-45.31196269 -729.52759289 55.63986459
-21.56188050 -734.94388740 51.78298630
-41.58804877 -734.69403019 55.20334419
-38.61941351 -738.61735294 56.90734747
-24.17333722 -753.38620444 49.14364944
-45.42549469 -728.50096426 55.11781668
-39.16125295 -734.44271066 54.77211737
-18.52031636 -755.91748094 51.48619924
-25.40332857 -751.07782857 49.29976571
-56.97367072 -782.69981445 49.31741954
-12.39471269 -762.28319754 50.67870409
-30.13516386 -791.94853044 50.20861897
-57.41049469 -713.92943638 51.69616852
-38.60746364 -736.38287273 51.17273455
-46.81480000 -755.10207778 52.43419111
-66.31641563 -785.97527910 50.25190867
-53.75825714 -748.56015238 61.86344667
-6.57229479 -767.77227250 51.44598054
-51.43980200 -719.95589090 51.57049710
-30.24561565 -743.84556344 49.18169259
-48.56123960 -722.40706960 47.69084222
-90.03980764 -756.21146318 51.09033242
-50.18270000 -764.40087500 52.40150500
-39.39070487 -731.97451139 54.75747654
-60.38710042 -776.97404590 50.45004432
-17.85601250 -705.42485833 52.43696750
-73.98396667 -697.35486667 49.11151333
-13.30937358 -725.98395094 52.56898943
-72.31725469 -696.18086193 48.65525920
-30.30129187 -717.01668563 51.65083342
-50.05505541 -722.28432027 49.25362054
-22.69022857 -751.22721905 52.48497524
-18.48698651 -752.98529655 51.46220044
-66.46654936 -701.92778633 51.71198216
-45.33313889 -727.18290000 55.51888556
-32.45052725 -758.12122484 69.75552382
-12.40549077 -758.91932812 50.79520863
-9.38147324 -762.00105098 51.02152537
-6.34329961 -764.93447804 51.44711240
-51.30558810 -716.93854614 51.38082955
-44.78371718 -724.00914717 53.87892514
-62.48612400 -791.42477600 49.31382000
-42.50660217 -726.00291208 54.31588706
-12.10545000 -760.35110000 49.35183000
-3.40617294 -755.98758294 51.56911090
-10.55375224 -761.06709179 47.79402328
-68.81793235 -711.36075588 52.46971235
-36.64816944 -731.85226687 54.49251215
-27.56227123 -740.90619619 50.62131598
-45.68800149 -722.05092425 46.16351470
-28.56086471 -741.68807647 49.06296824
-12.49504762 -756.03681387 51.17600204
-69.24198277 -693.11291045 51.82317075
-9.55835461 -758.94820388 50.52986400
-69.21971011 -696.18786025 51.94479895
-33.58035263 -734.84387444 54.27400958
-66.56181694 -698.93355906 51.45137993
-71.89354620 -775.78060949 49.08336354
-9.08050453 -759.31066558 49.00236244
-45.33130721 -720.45590790 48.06530154
-48.51683747 -716.97597668 51.04357400
-46.44340000 -721.39320000 46.34788000
-33.19204435 -711.00099973 51.79819415
-66.38892404 -753.15959120 51.45822894
-36.46561978 -728.97718153 54.04934048
-30.16944052 -737.23836362 53.30171155
-21.41452790 -708.03637295 51.08490183
-29.38615000 -738.60852500 51.95676125
-71.01508667 -694.39542667 48.31172667
-33.41384297 -719.90513704 51.86139559
-10.19156111 -711.24043889 52.42080222
-12.22812966 -752.76774122 51.47733490
-9.26969070 -755.82671075 51.30016037
-1.13794097 -764.22323696 51.27330734
-63.42145116 -698.90883914 51.32290979
-60.32657320 -701.92265615 51.84016409
-54.34515475 -707.91124498 51.63365060
-30.66263241 -734.74802391 53.90407594
-6.72605061 -756.19305984 51.42838128
-60.44170491 -773.90034722 50.79180830
-48.39182815 -761.81166337 51.43147144
-41.91297643 -721.76140810 50.59377881
-30.03160348 -757.31576828 70.27976665
-42.23677809 -720.11412390 50.44803409
-0.82415523 -737.73888175 51.62318329
-39.49928923 -723.06201065 53.70107658
-69.53958727 -692.84818315 52.82039619
-33.51544778 -728.91446667 53.49442900
-60.92424000 -699.32024000 52.42652000
-33.26713900 -731.89783427 54.38503359
-38.92529254 -701.95608210 51.80350196
-28.62403000 -734.53907000 53.50223500
-15.25981247 -710.91231521 50.91129532
-21.58021662 -740.98224989 51.01929193
-15.72247881 -747.10339936 51.54537126
-59.75281250 -716.35700000 52.40373000
-67.74196000 -783.91034000 49.33642000
-57.76945593 -717.25732373 52.43549356
-3.59241491 -759.14657143 51.36240265
-21.41692561 -726.01229456 51.91134347
-0.84988935 -762.19761862 51.22799726
-30.66796582 -731.70597900 53.80272697
-15.44238508 -734.90449554 51.91087109
-63.82398052 -696.05751936 51.21190937
-60.72252166 -699.18873582 51.72453616
-24.25437263 -740.89665505 50.73790642
-27.87041384 -702.05131234 51.77844174
-40.50792707 -721.67510175 51.78884812
-89.56843939 -737.92598838 51.41352520
-43.11448438 -717.69266580 51.63633521
-18.49732160 -705.00093463 51.61102474
-27.46216381 -722.62166340 51.71591678
-39.54373208 -720.07383848 51.68302597
-12.52276010 -710.98655636 51.80212418
-51.38943694 -777.08836059 50.94917802
-67.17368134 -693.38171586 52.55312180
-36.24724223 -723.18443873 53.39179735
1.90108720 -723.25221943 51.85884978
-26.77282325 -735.05151608 51.77102726
-50.02767500 -725.36385000 49.30750500
-24.22624087 -737.92038954 51.09373385
-68.92317273 -691.26986727 52.53359727
-33.60076004 -726.06412937 53.51373891
-87.70689711 -729.05894747 51.47678554
-63.63807895 -758.90646646 51.32792043
-34.77568889 -741.91545000 67.12606889
-27.41716910 -782.95205587 51.04496263
-15.57665478 -743.99243065 51.46208593
-47.14243571 -733.68377857 55.23398714
-50.82150000 -767.52700000 52.98428000
-13.88432000 -706.28132000 52.43464000
-24.26752835 -735.03693385 51.71949804
-0.85662475 -746.96309508 51.02084458
-9.65098815 -750.00639043 51.76785766
-18.35730774 -737.91658513 51.73077475
-6.61403821 -752.96784598 51.70592329
-38.83188028 -721.23784423 52.92545549
-28.03814414 -791.19304084 50.50364798
-1.03738156 -717.63031955 51.39528447
-0.80990655 -758.98993229 51.51946344
-68.33369436 -691.11931418 51.68797782
-16.83520000 -712.60159091 53.08709818
-44.33490000 -718.44680000 49.25818000
-6.89902372 -743.48277374 51.58897055
-49.89602500 -724.78882500 50.04868000
-22.98290000 -752.72020000 52.67234667
-47.23585500 -733.23848500 55.27545750
-64.44068519 -714.67205556 52.43042074
-60.92950000 -724.85975000 52.40198000
-18.34502865 -719.96448569 51.90343011
-30.57523167 -780.10012842 51.29287697
-45.28783081 -746.44009824 58.50608861
-27.39435636 -717.03173395 51.57555820
-30.24156542 -749.81892434 49.98338759
-41.73144796 -727.03905102 55.48495857
-67.86980000 -691.51440000 48.31518000
-9.65143238 -740.91747161 51.73359509
-76.31873333 -712.52223333 52.42098000
-66.06319735 -690.43227200 51.97105868
-84.74470037 -731.96960792 51.34890314
-28.13054122 -731.33321176 53.91173990
-63.04953435 -687.28896534 51.68633756
-30.26367852 -704.89605017 51.49637942
-18.57957782 -710.85326596 51.24328608
-33.44150455 -705.13792439 51.98726529
-33.60717944 -794.82400428 50.02718354
2.14190557 -728.84573618 51.64024156
-36.26057055 -707.97440940 51.85153295
-36.20229149 -710.98920443 51.65543611
-39.13107229 -717.06009558 51.80602441
-24.52977263 -704.95793120 51.10923164
-46.90570000 -742.37790000 58.49138000
-52.50522500 -728.01193750 51.50133000
-69.19256639 -747.23245082 51.02348219
-28.23352105 -723.96295789 52.88100105
-74.98318442 -751.05678961 51.75006701
-54.51974881 -761.99432695 51.02860881
-78.68756949 -756.13570590 51.24051581
-81.26663848 -759.04276231 51.07798477
-84.45805049 -761.99876836 50.88962316
-78.19829809 -776.42202673 50.39521655
-84.21370073 -765.25366981 50.50699586
-87.28813392 -765.02172665 50.54963919
-86.65115026 -767.86407431 50.71608276
-30.33498801 -708.08582534 51.81036316
-36.19370634 -714.08008181 51.54637647
-31.89364444 -745.18384444 73.53050222
-66.05784348 -722.71505652 52.48509304
-69.15705263 -750.28243555 51.12531036
-72.41926810 -774.52880984 49.08112921
-92.03015714 -751.70539714 50.98996286
-72.10912879 -753.17343070 51.54429666
-75.20906939 -756.13002107 51.43655734
-69.45194350 -752.92659847 51.51448013
-19.35842727 -729.12496818 52.42449023
-51.31183139 -762.06573516 51.00745394
-66.16875756 -689.52783690 53.05455823
-14.56378000 -741.64454000 52.43986000
-84.88840000 -763.67835000 49.31245500
1.37280000 -725.54540000 52.40263000
-21.54799305 -699.13736274 51.74360548
5.12416933 -725.81499958 51.33849639
-86.64250000 -766.40090000 49.22308000
-86.72892308 -766.70646923 49.27440308
-36.33691904 -716.93737890 51.81371866
-78.48621239 -761.86354550 50.86829928
-27.46963851 -708.03147292 51.57488649
-33.30012300 -713.98131499 51.80146022
-39.01318105 -707.95214942 51.82257012
-63.40561578 -747.00613835 51.29643560
-18.24907079 -723.06994499 51.88864049
-66.42614012 -749.95473482 51.24943593
-72.38117013 -755.89387302 51.32571396
-21.41605807 -702.00898771 51.49904407
-33.61437302 -723.16566901 53.36535416
-48.41386895 -804.09203306 50.70278726
-78.27426887 -765.09402340 50.89465683
-14.96972222 -729.55766111 52.41913000
-81.35067823 -768.06618459 50.44006425
-57.54008105 -779.89338676 50.15111679
-83.71526924 -770.64320230 50.40997565
-60.37978155 -770.95004622 50.99152245
-37.73562034 -738.80534492 57.87126983
-30.41716553 -713.97383645 51.96138547
-69.28717143 -756.11243714 51.42214861
-18.64392081 -701.99459108 51.95065726
-15.55000423 -705.18568830 51.91951388
-55.84133571 -740.14660714 51.45774786
-78.40183388 -767.89535793 50.77010817
-65.33894558 -791.02256093 50.58140000
-55.43845070 -740.07511127 58.07580676
-75.52948036 -764.88876538 50.84558378
-24.23850898 -731.96885975 51.87894202
-33.17072222 -716.72768889 52.39715778
-66.52891353 -755.91631369 51.40627061
-15.37619814 -740.99572877 51.65007019
-33.50785840 -692.91083193 51.71137160
-59.04340000 -722.74005000 52.38898000
-36.65919754 -721.93866721 52.14687262
-63.58113883 -752.90496637 51.37857144
-3.57160957 -717.14101528 51.90238818
-46.79441053 -733.74020526 55.19206947
-78.26494549 -770.95560402 50.44161295
-7.23518133 -711.97109585 51.19711361
-75.43091421 -768.01470853 50.62014911
-60.25568502 -768.02271554 51.25509706
-59.77397890 -748.78256361 54.71268336
-30.39064885 -725.70124030 53.05926821
-69.38877653 -761.96269134 51.07215335
-71.89069819 -782.64046424 50.31647735
-30.26611308 -719.90471529 51.23286201
-60.28537007 -753.08901135 51.31438216
-60.59170707 -761.97521750 51.37838279
-72.02620330 -731.29873187 52.45606571
-24.45546353 -714.04817120 51.54178729
-21.63349726 -716.94943106 51.95347052
-71.18264087 -729.34366435 52.48034957
-21.39688338 -711.05565363 51.22468955
-58.19376433 -750.55162190 51.61869677
-69.47268620 -764.84249496 51.07519400
-72.42703357 -767.92796173 50.79962309
-21.56882755 -713.87893995 51.46051007
-27.47055625 -758.36631250 52.41373625
-30.00183167 -722.35642790 51.21770812
-92.03212537 -751.05370746 50.92979642
-26.97875840 -738.30082224 50.87578297
-66.48309968 -761.94065109 51.07590775
-74.36450000 -767.95955000 49.20401333
-60.51961082 -755.82774420 51.26695148
-15.42709815 -707.84810918 51.06856285
-80.11179863 -775.67468219 50.96852110
-75.47056069 -773.90768762 50.15200125
-69.53446627 -767.93128300 51.01560457
-15.01260225 -704.72969459 52.45065838
-9.37788649 -735.00779831 51.57185940
-24.78486874 -719.86170705 51.79493340
-56.13599512 -752.02800976 54.34780439
-60.58567480 -782.92895629 50.02825477
-27.65611379 -693.14064191 51.72272050
-60.44378226 -758.94478882 51.26036651
-18.47946988 -713.91109175 51.50876391
-12.67825631 -708.16247855 51.77026919
-77.62250541 -775.99754459 49.29693811
-29.75106703 -726.80312486 52.12696541
-75.29917191 -776.97416855 50.03453435
-9.83414126 -728.86022796 51.79520038
-66.36451253 -777.01870106 50.27956474
-72.72642603 -773.59126750 50.01358708
-16.85351176 -711.71181765 53.69188000
-17.00257500 -711.61408750 53.90545500
-69.36257989 -770.86416853 50.82904872
-23.66113279 -720.10222648 52.47529242
-66.47725518 -767.91870453 51.24773429
-18.45797432 -716.89544178 51.91420822
-21.51380304 -719.92692902 52.03159665
-51.27668236 -773.76602468 51.36015892
-63.47028600 -764.87555377 51.29311575
-42.70869412 -803.25597124 50.94033033
-15.70960598 -714.05346825 51.61646036
-73.95740000 -773.98580000 49.33948000
-65.78615263 -708.63265789 52.40856421
-10.22344885 -708.77909000 51.44490396
-46.43650000 -724.49260000 52.23318000
-29.18618528 -727.95508712 51.87794748
-48.50126533 -774.06312188 51.37459924
-28.26774981 -727.96693074 52.12116852
-74.80909854 -779.45827051 50.25354161
-21.55750155 -722.96316852 52.00147653
-69.18643453 -773.61825843 50.15673963
-66.59249959 -770.94555869 51.02495670
-12.35845267 -713.91232009 51.72402199
-3.41113228 -734.88854152 51.79682966
-9.76562476 -711.02619329 51.75382454
-60.38682994 -764.98805862 51.40750974
-74.93515714 -777.44605714 49.33619429
-26.89129019 -728.91730792 53.04931208
-57.35421172 -765.10340221 51.37514037
-57.25409623 -761.85137575 51.24346702
-54.48363219 -758.95613622 51.58394803
-45.79689514 -779.83356939 50.63830280
-33.46170184 -737.40725035 54.21218745
-72.38718321 -780.04932393 50.12730050
-69.79007227 -777.12462174 49.07801047
-63.47207400 -789.04575440 50.11241867
-54.31306145 -800.87542410 51.13302910
-15.50837578 -719.98654255 51.87755250
-54.70895079 -794.99047129 50.91153174
-42.64659598 -770.79665536 51.45432616
-63.40105067 -771.04453657 51.10865514
-12.17815894 -716.99290720 51.66144673
-15.53888690 -722.89957989 51.89981159
-33.22220625 -738.27007500 56.15819563
-9.53008280 -714.06573611 51.86133927
-68.97070815 -777.25569064 50.02539251
-26.47356526 -732.32987018 51.80637912
-18.40218656 -725.86706411 51.97524146
-57.32410623 -767.97810342 51.26853822
-12.29176794 -728.95855838 51.80762078
-21.10967500 -725.74562500 52.45803000
-69.76239429 -783.15785244 50.01480834
-18.31838541 -729.03326979 51.72465459
-15.44225892 -726.02697412 51.87412944
-54.79958800 -755.58402400 52.53207600
-18.02626107 -725.69350458 52.41318305
-15.55731742 -738.02471163 51.59025343
-87.52999693 -755.93639489 51.14120947
-57.47943701 -770.88531136 51.08885101
-20.76659286 -729.33820714 52.40689429
-9.49096048 -719.99219799 51.46064399
-54.54607773 -767.99610361 51.23873174
-16.94303333 -712.60140000 53.12238000
-6.45601763 -716.99520047 51.54630533
-51.40008545 -764.85802735 51.13287397
-4.18329341 -714.89488609 51.76596265
-45.12023774 -797.98209200 51.16128104
-66.35188134 -782.97672612 50.16362814
-15.51611367 -728.90539576 51.77775678
-63.33728552 -780.00658271 50.14423967
-45.36607448 -767.91395157 51.34166667
-87.46738646 -734.89337888 51.51639372
-9.50418349 -722.97874697 51.50942353
-57.46513785 -774.03196281 50.83986456
-35.98471238 -741.35991418 75.57473311
-64.78130000 -778.32245000 49.25742000
-48.43685928 -765.01708564 51.33146129
-67.53121500 -786.10634975 48.96620600
-63.40807495 -782.90274076 50.25980248
-15.49551328 -731.92627664 51.91511130
-6.51119212 -722.89285695 51.60065524
-9.56412539 -725.90175448 51.65771731
-57.47440938 -776.90687067 50.69096849
-3.37942887 -719.93308334 51.68004466
-48.48030681 -767.93528016 51.33991321
-51.27600549 -770.94894211 51.47493360
-22.65278947 -783.10683684 52.46689579
-42.52651928 -797.80625964 51.06356812
-45.37054551 -764.98271399 51.28098767
1.94091960 -734.57368732 51.69624933
-68.24819372 -787.75430524 50.45858471
-24.35588079 -743.99457033 50.48158283
-60.71855578 -788.70063837 50.44058862
-66.26016135 -788.59824041 50.37240249
-12.36233073 -731.89147592 51.86023936
-63.44285556 -785.93033376 50.28339049
-18.00588261 -701.79997935 52.41032457
-3.45713075 -722.83869095 51.69200087
-54.44260180 -776.94100343 50.72607711
-24.43699365 -747.07871901 50.64250281
1.33598435 -761.53473282 51.46388420
-6.33958101 -729.05338164 51.62509982
-9.67018958 -731.92187306 51.74220305
-3.25613980 -726.04908509 51.60997667
-60.45312697 -786.01508397 50.40704677
-54.29915623 -780.01580442 50.50653480
-42.32007360 -767.98319144 51.44010318
-45.27342794 -771.00532376 51.20011790
-18.82982500 -768.18697500 52.61808000
-6.37149169 -732.01465196 51.56049736
-0.37075978 -726.03962863 51.67449207
-54.63016637 -782.67838267 50.00059004
-57.70694901 -785.75094634 50.11102945
-51.25758218 -794.76295045 51.12139057
-48.69473999 -776.79626108 51.32713210
-76.17756667 -711.83591667 52.46098000
-51.89872956 -779.67668661 50.58695902
-45.64329378 -773.74021026 51.18705432
-62.71329123 -789.90801930 49.22086947
-55.57823696 -782.82714348 49.33279522
-66.05231714 -710.04149429 52.44119714
-9.53474601 -738.01060908 51.71563364
-6.43292894 -735.01937853 51.72947930
-0.56150546 -728.91346135 51.75124186
-54.14083609 -786.22752812 50.27290744
-81.85651629 -752.98043594 51.45186147
-57.06727264 -789.31855358 50.45231178
-39.26792034 -770.97704559 51.15974836
-45.30538912 -777.04083249 51.12259626
-62.45013113 -794.02599338 50.44110517
-0.62498876 -731.86027942 51.65897921
-6.55147343 -737.94368127 51.78377436
-51.34487731 -800.92312654 51.08522615
-60.98755000 -792.67944000 49.33017000
-60.48070656 -794.55588788 50.32436985
-51.51977518 -788.83244244 50.68823365
-54.68407783 -788.66268399 50.55913823
-57.76785721 -791.71061347 50.42103494
-68.19412500 -700.49077500 52.41308000
-9.48720431 -743.91324104 51.64258831
-6.49776145 -741.03727688 51.66628278
-3.27741193 -738.05211845 51.57026747
-39.53718274 -776.91060036 51.45115537
-0.44295214 -735.08011583 51.77995635
-42.35033183 -779.55884722 51.06913887
-45.91778542 -782.77002502 50.69010482
5.72125128 -729.56462947 51.44116880
-57.72831370 -797.78423053 50.86784712
-45.52520789 -786.06169956 51.01624050
-90.08393434 -742.91770707 51.36254566
-51.52944204 -791.90995563 50.95693924
-42.27633282 -782.88277360 51.05046268
-19.80662000 -721.25346571 52.40390571
-39.40065140 -779.91120425 51.25462260
5.10875940 -731.45270166 51.40946958
-55.45606667 -716.89714667 52.48830667
-16.62258936 -735.15319362 52.45650340
7.71986200 -729.30993160 51.41803080
-55.97760000 -740.68920000 58.11468000
-84.37902919 -759.01374753 51.29487075
-87.09972814 -762.05387631 51.05754486
-46.05928182 -724.16594545 51.89915273
-33.33269356 -696.13172705 51.52275693
-32.97489345 -698.72537380 51.13493977
-30.34122636 -753.28664635 51.68975715
-30.40175982 -782.87621633 51.20830622
1.83891358 -740.92224058 51.82270886
-30.47754872 -785.87274775 50.90765231
4.20449286 -752.96535714 51.54089786
-30.19276548 -788.91650370 50.38089742
-33.20958454 -705.36482990 52.47502948
-68.72130000 -732.28410000 52.36928000
-30.63079746 -695.99769949 51.79882023
-53.76355221 -704.27988230 52.56353664
-31.71286667 -705.85471333 52.42958000
-27.38800814 -785.86297796 50.85553922
-30.27773333 -688.41670000 51.72418000
-27.85862977 -690.43656961 51.50047097
-27.62887472 -695.93730470 51.87792060
-29.36865000 -697.36485000 52.38048000
-10.35280000 -729.86487500 52.41280500
-31.29970000 -735.14334615 55.89661077
-84.12049636 -749.91394886 51.45689199
-25.90372500 -691.32360000 51.60995500
-25.23492733 -693.41395333 51.71530249
-23.66935676 -731.36945541 52.45503811
-23.30162000 -734.29246000 52.40181333
-20.50528824 -698.60606471 52.40805941
4.40099615 -756.37076731 51.14687808
-20.39332788 -722.06414615 52.41565019
-20.12041333 -702.93390000 52.41089333
-19.40461935 -699.56716452 52.41864129
-19.71923077 -722.09544615 52.44465436
-36.28751897 -776.84624085 51.45454037
-18.78230698 -731.14048372 52.43147070
-19.52091429 -717.79564286 52.40982286
-18.59285000 -736.48390000 52.40348000
-16.40511071 -702.61630000 52.41564071
-16.61766154 -723.66421026 52.42220051
-15.97940000 -719.21237500 52.44055500
-12.39158421 -708.79998947 52.46814842
-87.84758717 -749.84897714 51.24765697
-13.24109286 -732.37597857 52.42957286
-12.91445556 -719.21761111 52.48420222
-12.05974000 -721.63954000 52.41218000
-12.00774000 -727.53636000 52.40028000
-10.51170000 -731.20252500 52.43120500
-81.17780000 -736.48200000 51.84248000
-9.35576250 -716.79237500 52.50940500
-6.50609847 -749.98364280 51.62924281
-8.96932759 -765.59512069 52.53190069
-6.80587600 -747.16736701 51.75825439
-89.19283029 -735.01930054 51.52431164
-8.64587292 -763.20781875 52.45784667
-8.80417500 -766.51665000 52.40935500
-4.63912000 -769.51664000 51.16792000
-3.25314982 -743.85983286 51.40474018
-3.30823414 -752.94756140 51.57357250
-4.77678312 -714.15942338 52.58581506
-6.52783333 -767.46290000 52.40931333
-2.14251364 -717.19187727 52.40849364
-80.97532424 -706.97399545 52.45817242
-0.72231946 -740.97775740 51.63368943
-0.71339064 -749.94525185 51.35845202
-55.36718065 -725.69394194 52.62958000
-1.87250000 -717.33950000 52.38568000
-40.59605000 -802.61148333 50.49483000
-34.31900000 -740.09210000 55.40528000
1.78606803 -744.00168401 51.39033390
-35.13905959 -733.71107466 85.78477932
2.17026343 -749.91834403 51.12118093
2.00386236 -752.87675368 51.36406674
1.91657436 -758.81946193 51.05968730
1.22107500 -718.37020000 51.38278000
-16.81783889 -736.77896667 52.39912444
-33.61437906 -785.82770119 50.66896325
-33.62172680 -788.93891728 50.04337546
-33.61960413 -791.96876674 49.93497880
-34.56633270 -796.98823892 50.20655541
-36.68321517 -779.97003234 51.22998462
-31.83211447 -740.05510921 78.04185697
-36.22929861 -782.86027124 50.76690412
-36.75779380 -797.78322234 50.41934627
-36.53330026 -785.97696079 49.99014704
-36.31107741 -704.98230721 52.04590831
-36.47795680 -791.99613377 50.24708095
-36.19959720 -701.95030645 51.85715498
-36.19626249 -699.02940700 51.67669066
-36.06865292 -696.86960219 51.51383839
-36.51076667 -705.14186667 52.40401333
-37.51761250 -799.80311190 50.14139786
-39.36957686 -782.68976063 50.85415106
-39.29175358 -797.95314038 50.49756792
-38.70857603 -699.19230149 51.76257916
-44.16782267 -749.11509942 58.70272012
-40.06484286 -705.08634286 52.41756571
-43.65944623 -748.86325943 58.52709887
-30.57172857 -756.98601429 52.44155143
-28.17430000 -752.05058846 52.41369795
-14.13170000 -717.20750000 52.38583000
-0.35550000 -720.55050000 52.37718000
4.56310345 -758.58391897 50.77916793
4.28582340 -750.10264681 51.21451617
-60.49798889 -713.08755556 52.41938000
-74.21608551 -697.15434348 51.66962348
-54.47522296 -719.42702370 52.54014000
-56.09770000 -700.60740000 52.45168000
-64.52333529 -711.79164412 52.43336824
-30.53340613 -755.73651775 71.17237470
-52.63485000 -721.95050000 52.38878000
-20.80880000 -760.28160000 52.39198000
-16.32650000 -770.54530000 52.39008000
-47.65662500 -727.33672500 55.44785500
-59.81936667 -719.51673333 52.44162444
-37.60531429 -753.79930000 52.42603714
-69.88809615 -708.73411923 52.41046269
-62.92831111 -718.00943333 52.44008556
-34.31560574 -742.12210297 71.95926287
-38.68541333 -752.21008333 52.40576000
-80.25478519 -703.18270444 52.20289407
-61.13157500 -730.02020000 52.40628000
-70.36198667 -720.23103667 52.44651333
-78.12493846 -711.80859231 52.46006462
-83.05205065 -705.77488701 53.04957221
-59.18132663 -732.52075435 56.30442783
-48.19165986 -755.28699155 52.42986310
-59.07733892 -734.04467485 56.53773269
-78.38711429 -720.67331429 52.43810857
-70.85298491 -729.60400000 52.50830264
-68.13881000 -734.23978000 52.43895000
-82.56313333 -717.38713704 52.42362815
-50.41221765 -756.41691176 52.55760353
-42.29360608 -786.08990476 50.85412889
-42.56766478 -789.00100571 50.77394053
-42.45783975 -792.03405988 50.94620703
-42.38834296 -794.87846192 51.18255988
-49.76435161 -765.32366774 52.61283484
-45.47177710 -794.45227327 51.07608365
-45.25333427 -800.85830376 50.91120958
-45.56219483 -804.31031552 50.81689379
-47.86877675 -791.99396062 51.02403743
-45.88200476 -806.14590952 50.70665857
-48.48043972 -798.00517896 50.96153343
-48.29685463 -806.06784444 50.76787074
-50.84013000 -805.99695000 50.68231571
-51.38608988 -803.93895304 50.73992008
-54.31064828 -797.89288259 51.01327393
-53.85292609 -803.15762870 50.85625304
-56.49309681 -800.16491915 51.14138532
-63.16910714 -727.24703929 52.53046393
-67.11853750 -702.41485000 52.53275500
-65.79955000 -757.64090000 52.43673000
-70.47680000 -715.36985000 52.42433000
-72.06953333 -709.73206667 52.41134667
-71.48898462 -752.06936154 52.44831846
-77.11900000 -778.56800000 50.74148000
-74.74139474 -754.77857895 52.40218526
-78.19962297 -750.69481284 51.65740838
-74.07836250 -733.76875000 51.71510500
-79.30330220 -734.23293187 51.70072176
-78.97022287 -731.78090194 51.62560248
-75.48273548 -719.15383871 52.52145742
-82.04596288 -749.83009345 51.39579528
-81.57412413 -734.51136566 51.58097768
-82.55788900 -748.02049100 51.24225700
-84.41866064 -755.83450608 51.38152807
-82.13421634 -728.49607426 51.45157505
-36.48449617 -740.22900394 63.01207926
-84.22481271 -753.05390114 51.53955395
-84.27379120 -747.78967546 51.39915500
-84.67081760 -728.91785020 51.37527478
-87.16043081 -758.97676403 51.07091580
-84.86713158 -737.61166526 51.59340421
-84.82467079 -734.91511168 51.57195486
-87.86969757 -752.97624175 51.30043906
-85.47786132 -740.84882075 51.60187717
-87.62253478 -747.58881658 51.31226098
-29.75477541 -760.92655738 67.14285541
-90.32392763 -761.97251226 50.89489496
-87.05873279 -740.84330916 51.56742446
-90.05919471 -758.89671880 50.96950855
-87.23452446 -738.04774321 51.45642607
-87.64595500 -731.82876270 51.42421446
-90.26231743 -752.85106733 51.25451149
-87.54506316 -725.97772173 51.70784316
-92.82892632 -761.18648745 50.90604721
-87.07084695 -722.87849963 51.83418980
-92.61316529 -757.04642066 50.91658496
-89.04600368 -732.38927421 51.45747526
-86.91165882 -743.66524265 51.59160500
-85.55498378 -743.59761622 51.41796108
-75.32330000 -728.38790000 52.39308000
-74.13640000 -753.45063333 52.44751333
-33.57513386 -741.44552342 75.25321556
-60.39422465 -695.97549670 51.73598350
-57.49580343 -699.04120657 51.90438853
-57.39695909 -704.24145455 52.43977091
-54.86183837 -702.12869678 51.94821797
-50.25328000 -763.41924000 52.45138000
-67.77010000 -700.45670000 52.41618000
-55.41653333 -699.99763333 53.08144667
-40.05064000 -759.44030000 52.38708000
-61.74113750 -705.21983750 52.43179250
-65.40749571 -688.01068357 52.56115571
-65.34097308 -688.23083846 52.32034538
-64.12842168 -689.95370215 51.57493000
-64.20651471 -687.28751471 52.52608441
-22.94360000 -783.32460000 52.38428000
-48.54586667 -718.31956667 52.39111333
-58.04058408 -693.03351163 51.79921020
-61.65852500 -684.94632500 52.39006333
-52.32404591 -705.13495872 52.11644121
-58.43233214 -690.96224464 51.92229786
-52.90050000 -703.39790000 51.96818000
-30.75820000 -757.51380000 52.55108000
-62.25230000 -703.23140000 52.37128000
-61.01620000 -710.71420000 52.42928000
-41.01413333 -776.68743333 52.46901333
-57.31870000 -755.31305000 52.38933000
-38.14483278 -739.69421278 58.83446056
-38.15663409 -739.05297102 58.78526655
-37.32924882 -739.93379484 60.31812510
-35.87915367 -740.94668010 65.25018946
-35.10416720 -743.06592560 68.77113360
-33.61314621 -744.07786132 71.83719117
-32.62536142 -746.02136623 73.82541984
-32.74037728 -745.18922644 73.59590873
-35.01232857 -742.24915714 71.80922286
-34.93940000 -742.47320000 71.65338000
-33.47916276 -746.94358773 72.10674976
-36.65590900 -739.26642765 61.90380476
-33.26075040 -740.17452952 77.63439591
-35.92325327 -737.58058999 80.64053302
-33.39714928 -739.19433282 79.01216938
-33.10069033 -737.92342033 80.60940302
-31.86330000 -740.76440000 76.34414667
-31.77254806 -738.15016785 80.55166498
-31.78320408 -739.34527143 79.21778000
-32.81501373 -735.94241778 82.03316261
-32.87323927 -757.28108691 70.27185539
-33.53822508 -734.14982057 86.31234234
-31.76273067 -735.79163440 81.71232187
-31.82482083 -734.96878889 82.78745639
-35.47298933 -733.39001867 84.48562267
-29.78270618 -760.66214724 67.81859258
-30.61889706 -757.56700882 70.55442265
-28.63974600 -758.64285741 69.07151299
-33.45063273 -752.98798685 71.94509194
-30.62200258 -753.10790472 72.14649589
-28.72420502 -756.13746602 70.86831689
-33.43813861 -750.04364371 72.37304662
-35.17061677 -749.94673113 72.33777103
-35.07660047 -748.07624810 72.42502479
-30.91637607 -749.99542179 72.59910002
-31.31922944 -747.69427249 72.35486940
-35.08943464 -752.25531255 72.01025987
-28.91850000 -760.61070000 67.31498000
