-79.49812169 -756.06399916 72.00703973
-114.55071769 -729.85099796 72.12666361
-76.82487730 -765.48757245 68.97855708
-118.12973974 -735.42674161 62.29725211
-112.67144824 -738.77271847 59.81578633
-16.92438626 -804.67908526 46.58064468
-72.37790843 -737.06176747 65.86997238
-37.74703156 -776.74970807 58.98321028
-64.22620559 -788.51639848 58.47276492
-69.96841572 -788.95204796 55.91816102
-63.97440790 -761.52821634 73.48661851
-82.91703765 -692.98855412 75.00702619
-44.76505734 -789.49550138 60.01276258
-91.63007890 -738.67764610 42.20877106
-66.74195574 -734.02769139 72.24412867
-80.24267264 -746.07965472 39.28555135
-115.86110488 -735.74834589 62.91414223
-66.72792093 -731.95912727 72.20645410
-49.87295125 -738.57410526 22.81396322
-85.64111083 -740.95085355 67.88065848
-36.21526942 -777.79323388 57.47147798
-65.36641751 -789.63729808 57.39030853
-41.45971174 -754.94211080 73.01454215
-91.39493577 -741.30242377 65.33993768
-100.19640757 -745.76688909 36.95956546
-97.50635585 -746.23959047 37.20752779
-64.64834142 -785.95813184 59.69494518
-44.66986755 -838.53247417 27.93972796
-67.26663614 -785.68562861 58.86625402
-40.29937731 -784.99274860 58.58103081
-47.23937619 -808.48981667 54.82545952
-64.53204204 -791.87962228 56.69241664
-77.31260184 -753.86285512 73.88810808
-81.92512093 -707.52115283 78.53333709
-76.52929613 -716.61978514 77.87900397
-55.67850977 -747.33076599 71.83304956
-115.29577573 -734.33679547 64.97188196
-26.91800000 -772.82820000 48.79519286
-10.99137730 -815.58533348 34.83450398
-109.21289078 -740.00827008 40.19725105
-103.38923342 -739.89597211 40.25543348
-69.12323000 -769.51088000 70.45648786
-99.97588385 -716.83916138 75.93213365
-48.62108054 -784.63459329 60.29595662
-112.44371636 -739.64103001 58.57886685
-73.45997805 -782.67312876 61.91975588
-86.64823644 -747.99995763 60.51001150
-115.22809556 -736.97883763 61.58456194
-108.50072683 -739.14305732 40.61641725
-75.64129267 -748.94309700 73.47276886
-60.99801500 -826.23000000 39.63539286
-94.02435499 -697.90523320 78.58809815
-47.23503650 -750.05602293 73.07016301
-115.58478935 -738.21759838 59.22136545
-106.45222800 -741.35070531 38.74231710
-25.58532280 -815.53034481 43.77786732
-85.31571097 -768.62832059 65.45246697
-106.10218759 -743.08457427 37.35572799
-75.95796818 -741.69522500 38.99572240
-53.52020140 -782.93588598 63.84569005
-79.56798914 -743.74434696 68.20014872
-28.45939574 -812.74538370 47.08263431
-64.02956983 -773.46449517 66.38931493
-81.14588000 -745.37875000 66.77585286
-109.99846938 -739.04613002 60.20341314
-101.20460653 -735.79984041 69.27979245
-43.87465744 -814.88014614 49.22034069
-64.30190762 -794.39496488 55.34848261
-24.53862260 -810.83252755 45.43631484
-67.89129854 -728.73272155 73.33548108
-117.28907687 -698.91867687 69.83134248
-67.69595160 -761.74995309 68.87162938
-79.28531464 -713.97029689 78.38022090
-102.72506175 -745.53280717 36.51566298
-55.73598710 -821.56333029 43.91556630
-103.40257703 -743.71380727 37.36579707
-20.66383636 -748.49545091 42.76730195
-108.51889040 -742.70889920 37.46378806
-22.23313848 -776.64140957 41.80479996
-103.73287382 -744.93532170 36.55761605
-61.72730000 -766.30413333 72.95535952
-78.56772869 -776.11619754 61.48006809
-58.17759277 -774.69832197 63.11722976
-60.03700000 -727.49430000 66.64879286
-52.37633075 -742.76004958 32.32773637
-88.16722892 -769.06546508 62.33906544
-78.44640794 -778.68513354 58.36223936
-87.76818909 -769.82065040 61.65527220
-55.00734573 -761.01428690 70.03422584
-106.27807309 -738.81678431 41.13941327
-59.83002619 -728.34866429 66.94160714
-57.62707258 -758.37879191 69.99412412
-85.41610329 -770.41611855 62.02859893
-57.59290909 -750.05055455 59.91457468
-66.03316667 -724.10400000 72.56419286
-110.13081632 -739.48505660 59.74208591
-15.60580270 -808.07765811 42.51212124
-134.56274762 -687.32818095 60.49163095
-34.45520092 -806.77586350 52.84324552
-61.41922903 -725.97693226 68.47223802
-85.56194194 -771.58160034 59.37241575
-40.45576012 -807.07529766 54.02542722
-75.74042866 -779.45399528 61.67920439
-40.07283714 -798.87767714 57.06495857
-115.37440109 -716.86263545 71.27551799
-84.53350021 -772.72928167 58.48788730
-58.77604681 -746.71014716 70.89356041
-56.34549742 -711.39137423 67.33207224
-69.83412417 -786.67138883 57.24645852
-82.52206627 -773.77258651 59.16371263
-58.40631255 -722.79694539 65.91829249
-70.82375506 -722.57558638 76.59230438
-67.36752051 -824.10136751 43.36944612
-38.23935544 -737.69298703 67.67147959
-116.61778869 -693.46072083 69.46505536
-81.30597787 -775.81893981 58.04832241
-100.48091542 -743.74958247 37.77472019
-91.53486548 -696.00768235 77.83821034
-66.29029777 -725.97366607 72.53399375
-57.69535849 -823.05728365 42.43741173
-70.68065276 -785.86142752 59.32896902
-49.44198974 -816.68164707 48.13617201
-79.64222315 -776.82968663 59.11231791
-86.20023025 -742.02139877 66.46305582
-85.66323641 -738.90879329 42.43569286
-76.92119648 -780.07571301 59.80241648
-58.04847329 -713.86885822 68.56446363
-79.31446853 -758.85675197 71.25037061
-19.26692607 -816.46322362 38.94614899
-81.62252292 -772.78267529 61.11873588
-23.55613333 -776.67785556 43.21185679
-82.82503451 -696.12529246 76.17639655
-73.28333080 -765.95105563 68.76100792
-120.52240522 -738.07079290 56.37756446
-50.05365810 -744.16827651 72.36282598
-84.18508000 -736.25030000 72.65634286
-76.12832397 -782.62480749 59.16226333
-59.04576519 -743.76525212 76.00882643
-123.84015972 -704.70088385 67.16832636
-40.54583811 -801.33113403 57.26047059
-50.90581667 -762.92746667 55.06370952
-41.22291164 -755.53581927 72.38421358
-41.06115511 -776.41520862 61.25568771
-100.88911667 -746.15823422 36.58241997
-98.22402857 -746.91132857 36.65296905
-115.52398570 -713.85972009 71.26530167
-115.30978182 -704.66668993 71.28438081
-74.70822523 -783.73269416 60.19232737
-61.07247237 -748.07362685 61.42401309
-94.75919911 -735.46035747 72.17631136
-55.33448574 -771.64225550 65.86830610
-72.85677048 -784.72432613 61.00081571
-76.70893902 -758.79503332 71.82943848
-68.44946840 -787.01179080 57.53371166
-100.73681614 -704.78848031 76.65142283
-64.27185005 -755.98511447 67.34994561
-73.68335079 -785.87972659 59.54633125
-66.55254950 -768.82165995 69.44898415
-87.33925683 -767.69904388 66.87579645
-53.36096507 -741.32852894 31.92468738
-85.38938132 -716.69870436 79.56871314
-38.71589659 -771.76263977 60.86555422
-83.61549780 -759.96752784 69.43362289
-64.87695997 -740.72340797 61.62943958
-67.56155481 -788.94957975 56.79334463
-100.47358179 -719.68540183 76.40902513
-71.46118255 -784.88304780 61.24360905
-117.60457540 -731.58444516 70.57625415
-11.43247490 -743.42998549 39.95399599
-56.03249458 -761.12327995 69.50637187
-67.34508630 -791.67464935 55.67548793
-14.74544324 -811.65870000 39.94018745
-103.50161811 -741.35670020 38.89841310
-109.17516582 -741.27353023 38.92197845
-98.60000714 -710.45226169 77.53200065
-120.61621893 -718.67585971 71.87081276
-43.18343792 -803.81905021 56.06484620
-106.43804157 -739.84763213 40.24235786
-117.49146870 -734.26249771 64.26739286
-40.51381276 -803.80635388 55.90512982
-90.23635915 -753.71076009 66.88943746
-36.55553586 -779.93090380 57.30822123
-79.44131203 -770.56305778 64.81168249
-75.12284759 -781.81399103 61.04117700
-60.49399545 -781.11639318 63.85420649
-73.70246489 -764.44867102 71.10298055
-83.51380532 -771.95693456 60.29732284
-44.77340000 -737.55875000 75.73081786
-58.37249249 -781.13342948 64.39929459
-80.11014563 -783.42966598 50.45021240
-30.67897845 -801.99784224 54.42803424
-45.54907041 -751.86673669 72.21563960
-102.33505977 -745.44308966 36.78086987
-112.44866662 -737.51369916 62.11311602
-54.82671909 -814.09607636 51.61167922
-101.02226667 -720.91400000 78.81539286
-111.17029063 -694.97212656 72.82974754
-121.39249059 -704.69250730 68.51463912
-87.61099718 -768.24314346 65.94030614
-29.63777692 -784.59930385 48.97374670
-71.59512010 -782.92315653 62.50350323
-85.95609797 -769.05567500 63.34901313
-80.32361023 -774.65928977 59.97813894
-81.19940000 -709.41646667 78.67080397
-26.32172321 -781.99370536 45.40759643
-82.50192089 -771.30686895 62.42467889
-94.41890909 -733.97582893 73.35872950
-70.66427391 -741.78209130 38.51258764
-77.63548043 -777.90483430 60.24646629
-133.26517679 -692.90948073 61.94468723
-88.45454327 -740.35707682 67.75142879
-82.61831015 -722.62905710 78.17928500
-121.56844694 -701.83810225 68.28095343
-31.49808479 -803.81334801 53.38737109
-76.05627419 -786.00376554 57.03959697
-76.57992826 -776.88744961 62.49808044
-88.71769835 -744.58210659 62.76442875
-64.28787956 -768.57235985 69.44409603
-67.58497357 -783.68847538 60.18226511
-73.96343198 -780.19006524 63.04319188
-85.16926296 -767.78973742 67.12060777
-118.81686086 -698.80269049 69.24923105
-79.24777503 -773.58517702 62.00094210
-38.19975778 -813.14741819 49.91657827
-113.47844156 -736.11959091 63.49724221
-61.34899028 -785.37357684 61.18866714
-73.26687874 -749.64710306 73.00018034
-42.37878863 -744.22182622 69.41588102
-72.21299490 -772.52827551 66.81086633
-31.10370261 -783.02767592 50.41010350
-60.52483333 -775.42084286 63.92178333
-40.17386374 -740.90728374 68.76798230
-98.91180000 -702.10220000 81.80209286
-84.38201373 -769.43670343 64.12861475
-94.09344896 -685.90858644 72.50119568
-66.52072061 -787.67244505 57.92765488
-84.76457854 -748.90095970 62.35619360
-36.19996596 -741.93771702 63.47313541
-115.78575172 -733.18484828 66.41206527
-101.27332583 -738.78837983 66.29875135
-66.13766774 -717.92368387 75.58351221
-112.59361035 -735.11486083 65.17863138
-109.40887727 -738.10120115 62.23348836
-82.27803680 -769.99044200 64.44079035
-97.92525536 -738.20095256 69.02776888
-5.19830458 -740.66201239 37.30645432
-69.46421472 -783.51182016 59.86214165
-61.60003405 -820.80777382 46.42029972
-76.39468896 -714.50159792 77.84813182
-117.18853600 -732.31384800 69.52377286
-88.51725056 -771.50422549 56.30500149
-107.03021985 -696.55391002 75.16299305
-55.44626583 -791.91025546 59.26682927
-82.58952105 -768.72884584 65.90045211
-79.86361452 -771.88505574 63.04172972
-101.58623699 -699.71264384 77.02946455
-38.61130302 -740.40842566 67.23993965
-63.29975071 -790.62147270 57.85924534
-115.18167950 -732.42328325 68.45801261
-70.58970158 -758.51813139 73.30670204
-130.30900934 -689.94943900 62.87939908
-35.23338865 -782.45468282 55.38740579
-77.35965645 -774.17315714 63.38117760
-21.39701301 -771.85267805 42.39381806
-78.63254706 -694.19594118 74.82389286
-43.65472404 -746.62791204 70.46651419
-121.49063032 -713.12283884 67.60950698
-51.99604000 -743.71198000 75.82736486
-111.53031880 -736.60875414 63.95498835
-34.14066210 -804.30326694 54.09855881
-72.98175582 -779.09742825 64.30895530
-40.72068684 -820.45532807 42.83765163
-81.54777631 -720.17034900 78.52250109
-64.59281538 -770.75501900 68.29001544
-67.69917021 -739.49158936 63.92270881
-106.44440671 -701.80347434 74.38844555
-59.44296000 -725.58614552 66.42403906
-61.31044104 -791.11878459 58.30944940
-91.22621433 -742.54569408 39.85009628
-82.60777938 -742.96032763 40.10576116
-77.14475868 -756.72855377 72.42303977
-64.03315294 -796.35001176 54.48190462
-35.15745981 -818.05440538 46.26288431
-91.47698839 -728.79242776 76.57572642
-75.40150490 -776.26438432 64.20393018
-70.68687723 -776.68469691 65.90843797
-73.67218778 -776.94788351 65.14736666
-99.41003497 -739.54145734 66.95855300
-49.17737083 -746.16690556 72.80837758
-58.68754054 -765.53524741 71.63870540
-58.59257432 -791.80790939 58.65965159
-99.12783571 -712.01070000 81.16841429
-62.77255000 -750.44032500 70.12398661
-115.56000697 -731.06421321 71.00904625
-82.38254645 -767.47861007 67.60072765
-58.46892589 -771.88335690 66.28046092
-109.39063877 -726.01631358 76.18325670
-64.33515556 -825.32427996 41.33048542
-94.47522416 -740.74109139 40.54014207
-12.82210980 -810.87701912 39.28984825
-33.91916816 -770.79295636 56.72409582
-69.77690690 -759.92801724 67.56577562
-71.81296914 -780.98812593 63.43143113
-46.52798078 -741.09394752 74.81078252
-88.65470979 -726.07319468 77.88049399
-106.43518256 -725.75966847 76.38238685
-73.47547589 -761.79746809 71.31156805
-80.06323375 -754.12504500 72.24721786
-61.56259009 -788.93579903 59.29878475
-92.28984184 -745.03932857 60.30726429
-128.41140333 -690.11800689 63.45632967
-112.86018449 -729.75062540 72.28114328
-53.54933367 -775.70100306 61.01326633
-73.45345219 -756.15057210 73.72044197
-114.44200182 -733.45639455 66.91519649
-52.28177434 -750.23968735 73.77087239
-88.93399549 -774.87655822 47.73743082
-94.52980638 -701.79108386 79.57386233
-95.22804697 -690.72769242 76.24155043
-111.68691799 -713.67329872 72.96493779
-41.83947000 -743.02229000 69.90176286
-57.35620000 -760.31850000 69.69939286
-103.67770045 -738.79075446 41.36406362
-57.42961250 -753.69726618 70.39044175
-103.83031344 -707.76888656 75.26955728
-111.36881453 -708.24627009 72.81776437
-56.70047545 -752.06898982 68.92944316
-100.54779571 -741.63456653 39.05483850
-96.60580087 -740.23814942 68.47238149
-97.59910505 -743.85332245 38.23107768
-98.76950000 -708.62850000 81.73499286
-70.93812961 -779.94577193 65.12067560
-70.47649484 -781.63883491 64.91181349
-70.40346386 -742.63042892 38.39104466
-109.13548292 -736.77328416 64.65455717
-104.52618696 -738.88529946 63.41096351
-81.49246522 -761.78147816 69.95788495
-100.28189456 -737.62307463 68.18568211
-22.93123845 -818.11688122 40.30778123
-86.52652847 -753.39418932 69.45036190
-62.59465147 -714.82344706 73.09689727
-111.92784892 -733.70476607 67.56032895
-106.97973177 -738.25409428 62.65786498
-65.40330161 -754.96621619 70.48609883
-73.04066082 -787.95981669 58.24515922
-76.08488481 -773.68364077 64.57538597
-103.67769350 -719.51074220 75.18127217
-70.62487255 -764.82014064 68.37229073
-109.66192219 -735.62372578 65.91925619
-70.38861695 -734.08008176 73.62952869
-67.08851873 -782.90392375 60.98188974
-87.64453182 -780.85716023 35.91982581
-112.32897141 -732.62493984 68.72297410
-79.53422290 -768.76235089 66.29679279
-34.08724912 -839.61893041 23.97136069
-83.75010000 -748.02739487 63.53622491
-73.12254254 -791.34203816 54.16712721
-61.57608529 -765.05017050 71.99947031
-77.69678741 -772.09705926 63.55243582
-90.70342596 -745.53990561 60.91958724
-32.42897490 -770.61023612 55.44536372
-94.55814059 -746.48960302 37.69123566
-61.31906772 -749.03821915 62.16486754
-91.55845769 -744.07048468 62.21494164
-76.45341520 -770.81360192 65.32620935
-94.29174961 -750.27228715 53.75012334
-89.29527373 -699.55734989 78.89643502
-25.63940487 -770.91175318 46.97116860
-120.68501236 -717.22552742 71.29728454
-72.83313333 -781.33093333 64.54099286
-93.94478028 -751.47312615 53.04919607
-65.89850000 -760.19430000 70.46989286
-73.78713938 -773.88152987 66.08510285
-85.12597006 -753.38610118 70.23639554
-74.41876942 -768.94437365 66.43975959
-37.34937433 -825.84873391 36.12341431
-58.19840000 -745.99090000 45.42549286
-74.54565286 -733.70539500 69.92792714
-65.51167848 -784.08911076 60.50776627
-55.14921480 -813.24126767 52.33869905
-82.30249174 -776.62563430 55.93919793
-129.97658328 -712.84329453 64.86986489
-40.78650239 -746.85273026 68.11241542
-27.70616047 -779.91605890 47.80496971
-109.76161560 -732.90995000 69.32575870
-100.47673036 -740.16433308 40.41359812
-90.37328421 -748.43722105 37.77980865
-95.89254687 -693.49740938 78.76880223
-11.28713848 -812.21261572 37.43521589
-79.53000694 -767.45540212 67.62975047
-133.31689586 -695.97933869 62.42503965
-94.50450487 -738.66896202 42.01855454
-64.30369360 -783.19263191 61.63333931
-32.16189173 -768.57438041 55.47157935
-93.84529150 -748.84855199 55.40396021
-88.42083316 -734.11725017 73.69642189
-59.80807500 -775.43172500 63.78739286
-61.87361207 -786.65274076 60.29150451
-82.74918613 -719.49097702 78.92956668
-63.22848000 -772.22584667 66.64405952
-63.62499145 -755.49704969 66.42210263
-57.50484286 -770.09902857 70.00616429
-59.79685238 -787.15672857 60.64269762
-130.06551660 -710.70727032 64.98608964
-40.59774925 -818.86683839 44.45696277
-109.16930087 -734.15638240 67.95263215
-75.40455692 -736.88721692 72.73521132
-106.28628741 -737.03815731 64.95141243
-55.53753605 -737.79436480 76.97383649
-63.65242462 -784.64123909 60.88905333
-94.94481776 -769.08744826 56.30686776
-101.72314907 -718.96071304 75.62594689
-58.59804962 -788.91706917 60.14611313
-30.08264286 -829.66334286 36.83526429
-58.61789352 -767.48647470 70.71133222
-82.33677309 -743.47717684 67.53345579
-55.53470246 -746.86737630 47.21257899
-127.40114033 -713.06651764 65.39656923
-112.10434174 -731.10687110 71.05742683
-103.44780069 -732.18431406 71.73194061
-47.05543181 -783.02339408 60.18879994
-133.51553226 -687.77895742 61.25151286
-16.58022458 -806.74785181 44.29072569
-103.41412775 -740.83350172 62.77683932
-108.37775000 -739.35110000 60.76349286
-33.22097059 -814.15169412 48.61138109
-97.61896371 -741.85210532 39.31647366
-94.42280804 -743.67150644 38.81664530
-92.48740000 -751.40599459 53.87236313
-74.23076250 -741.25530357 39.98757143
-90.72924193 -755.14597224 66.10182085
-83.27647640 -744.75374957 66.26688851
-81.53392886 -765.94255650 69.38018554
-106.46998133 -735.99978467 66.33658236
-92.23481019 -750.73189028 54.32205327
-64.65618048 -823.92472321 43.43477130
-97.01307120 -701.92653686 80.03736802
-33.77127143 -814.45508571 48.76773571
-59.58871125 -744.84174063 71.45586598
-91.02877920 -753.83097212 66.10865857
-89.72820658 -756.41086316 66.56452444
-88.18635845 -755.65377832 68.13811425
-32.55487209 -798.73314031 57.94210604
-40.93129435 -805.66638739 54.93336003
-45.08443478 -838.43328478 28.05707981
-35.77274135 -740.61423462 63.94360151
-34.46270642 -737.84666612 62.32878569
-24.68415310 -802.04828938 51.42512383
-93.79953267 -743.36783021 62.53147878
-34.45994682 -827.27621632 34.85755905
-67.55185992 -754.75921417 70.65856182
-58.05883620 -744.52194711 50.25495153
-87.68407056 -757.92726535 67.82280435
-28.85765882 -832.38055882 33.80499874
-101.78857759 -741.50946307 63.33050655
-56.36892387 -766.02269369 71.69862664
-58.58156113 -770.41295624 68.02219753
-72.42461111 -736.43187222 67.10407619
-22.85386837 -771.18358872 43.89936427
-82.00571940 -735.09989789 73.63103075
-85.59292389 -758.82383856 68.90019012
-106.57991509 -734.75035395 68.02975199
-79.12273606 -765.60078834 69.22084040
-71.23526558 -774.58866861 66.52725832
-109.60357089 -713.83015408 73.69562910
-71.18421978 -735.37768591 67.50705844
-76.75596755 -768.98925303 66.40652188
-64.91975864 -731.85044218 70.93487277
-74.10144354 -770.68267141 66.37871292
-35.01542799 -803.03294157 55.15368454
-24.33446656 -771.16257525 45.21692195
-127.57207321 -710.85166089 65.50445677
-97.31754509 -740.29632704 40.62528732
-93.67243947 -742.46374079 63.82113233
-90.13482245 -754.84331769 66.81420102
-102.86465043 -736.89486815 67.20041699
-67.02395306 -755.67717959 65.49143980
-84.46352727 -760.50516136 68.74312104
-46.27587879 -835.80446537 31.26761017
-12.50056733 -813.91854133 36.49129019
-75.24446230 -729.11914590 75.38059450
-81.40951859 -763.78553236 69.91349458
-38.76543333 -745.82708333 66.91547619
-34.40407047 -833.80759657 28.92043951
-103.26993603 -699.02938062 76.30287575
-70.34707840 -773.77758090 67.16033204
-89.87147500 -682.16655000 70.48749286
-76.47462902 -767.55586445 67.78484443
-94.01672057 -728.47136159 76.23228268
-61.45200657 -782.94664305 62.59994336
-64.69948712 -827.36513768 38.27737346
-9.27968545 -741.79826909 39.53114922
-91.48624698 -701.76429714 79.39750894
-58.40122949 -785.79720645 61.69103069
-65.26265111 -758.21524981 67.83886693
-77.20582891 -783.24684690 56.87585510
-58.28280557 -821.83287733 44.30647987
-49.52370503 -749.97372364 73.84999192
-58.07988430 -787.60568125 60.84571379
-109.48096422 -731.59856628 71.00973741
-103.68336472 -738.05531363 65.18135953
-32.29436475 -824.66332889 40.65012954
-102.62571838 -739.77343199 64.28844876
-100.89919570 -740.27803274 65.15863039
-86.89149412 -685.01452353 71.96432227
-111.73687969 -740.53129687 40.00864286
-60.41594510 -781.59001111 63.83180070
-94.11493968 -747.37880811 56.77829392
-91.31032382 -749.48112807 56.05541932
-55.65718366 -782.37335038 64.09094637
-36.65395076 -805.00146061 54.51136861
-88.41448204 -753.56998138 68.30170518
-72.48945250 -750.80029972 72.62864869
-125.17019260 -711.03139604 66.31230327
-35.03686165 -768.92773949 58.09573547
-82.93118125 -761.12293351 69.37925295
-68.72085682 -776.43159167 66.50300195
-129.65192035 -708.86083081 65.22963239
-109.61164521 -719.73827874 73.41679056
-94.63846642 -742.05375049 39.50134139
-60.91278656 -745.93225428 70.44467383
-86.51283697 -756.26198307 69.17780110
-112.59691808 -701.81492487 71.96912170
-46.67168518 -815.05686858 49.50498764
-94.15307582 -739.48037033 69.92725220
-79.76065964 -763.88893864 70.00568745
-36.30696538 -786.29291581 54.33419799
-105.62238639 -733.50437075 69.93333912
-110.96180000 -694.01080000 73.03389286
-94.58051314 -716.71043069 80.09179359
-73.33585163 -747.75306400 73.37384568
-72.78112575 -770.84749683 67.04680243
-124.47733514 -713.10975581 66.19637464
-111.59354014 -728.35207245 73.53703980
-62.37140000 -747.86566667 64.64794841
-16.53030578 -740.40267130 43.36666494
-57.81439231 -775.49773798 62.56151690
-66.17163421 -741.52948684 60.31958496
-92.15264663 -747.73938978 57.12936939
-35.73317963 -775.85549630 57.89773267
-53.64300095 -744.42499714 43.65026810
-69.25566000 -775.48134276 66.90986251
-100.59171803 -725.78082692 76.96696773
-98.65006235 -708.23620679 78.01362310
-68.60523455 -775.80842774 66.99490308
-52.68403787 -753.01111529 72.33711317
-71.60392000 -790.20331333 54.66779952
-117.76003709 -713.65290412 70.17817198
-88.68553992 -710.73267883 79.64512009
-55.33020292 -788.12229416 61.08097788
-36.41676135 -743.57578589 63.33045543
-112.62590995 -707.53964188 72.39978998
-109.81420669 -730.02297071 72.50966733
-70.45554537 -728.87281680 73.93392552
-34.55901816 -785.64059120 53.02846972
-68.18832670 -769.54464205 70.30176104
-122.71302368 -713.94010000 66.61059023
-107.27381700 -733.13209900 69.50776986
-61.03533506 -742.93762393 73.23585260
-97.74388535 -717.09743654 76.56085703
-102.19467979 -710.18979468 75.76798541
-119.17122241 -713.46866801 69.04701820
-94.42758214 -770.31556667 54.41223720
-89.03084145 -735.58562691 72.19915286
-103.54556550 -735.26114935 68.56690578
-92.70762449 -742.19909592 39.58925204
-96.54819475 -716.49847221 80.03042284
-96.18836207 -769.66840690 54.25533079
-54.42029302 -749.07697841 73.31007698
-30.37338942 -779.86659898 51.25012187
-89.49325711 -749.81049241 56.88353628
-95.36747338 -738.97709481 69.50121948
-74.14271015 -738.28012791 72.12199074
-84.53684333 -757.88981545 70.00241074
-82.35298715 -758.67268016 70.51018817
-29.04562031 -779.73264923 49.84410481
-79.41898487 -761.83905139 70.56084130
-74.22496544 -716.17712158 77.43870301
-94.66071901 -699.21453091 78.97694013
-77.12833029 -719.33578151 77.35627927
-73.39797598 -767.64342799 67.60851301
-70.46022996 -770.61043856 67.81720236
-122.20725200 -692.84172518 66.31240951
-127.42800142 -708.38494028 65.81206418
-33.90049836 -782.84241074 53.79219644
-106.54277826 -731.89280229 71.27535831
-64.85388352 -719.57950420 73.84846963
-49.55207463 -746.76115889 71.98199734
-30.93300188 -743.19290104 43.36549849
-111.28195529 -721.60540706 73.67307168
-30.05845000 -811.14610000 48.66374286
-48.58637817 -741.36043190 74.22893890
-74.42568732 -737.38178028 72.80059286
-84.85921629 -755.70329529 70.09567841
-16.65081936 -743.84632584 41.83725668
-103.54560935 -730.84941913 73.04728087
-118.22782439 -710.76659673 70.34771903
-36.29836667 -736.26260000 66.09305952
-67.02003078 -773.39817880 67.55985100
-31.94017083 -828.46641528 35.35624147
-49.37060272 -771.70644082 58.11727857
-58.79806803 -783.42658735 62.90407139
-75.08039565 -730.85481739 72.87720590
-55.50666793 -785.82097782 62.16742170
-91.65364121 -743.78124624 39.14963835
-129.31233286 -696.59203143 63.78130714
-88.50936408 -716.82605630 79.22771863
-22.69390038 -803.61706595 49.77330426
-118.69206683 -718.81635444 71.67971397
-85.34797775 -742.88271893 39.97876034
-70.16743627 -737.62421892 65.60312757
-94.53070153 -731.85346490 74.56981323
-55.52580366 -815.85401196 50.50419925
-40.25952187 -835.60739427 30.86361317
-19.57639757 -818.31042424 37.96778131
-109.30849653 -728.49919882 73.99236637
-84.09004379 -778.74460178 51.92676209
-93.82978047 -745.88731612 58.68774017
-91.35621406 -746.63660187 58.98102993
-91.30144057 -710.78682926 80.30729554
-61.04746140 -749.52718925 67.94410996
-60.85636684 -722.89320434 68.77666633
-76.13434212 -764.21162118 71.15961167
-62.07802334 -768.62986941 69.22872752
-112.78780439 -716.80535411 72.17770400
-26.08758956 -801.93713655 52.21838121
-82.43409981 -755.81487383 70.98524877
-117.15387500 -691.53823750 69.82784286
-58.24958893 -781.89508765 64.11257379
-90.27742424 -748.46530909 57.94141407
-90.17445909 -769.07273636 60.84537922
-59.08164301 -796.61061904 55.69368181
-67.74462315 -725.83617867 73.39910390
-32.00776356 -812.25976723 49.16753989
-53.94790000 -733.26980000 77.91299286
-88.37202006 -749.02543940 58.65270037
-21.58855880 -813.63214981 42.27097675
-70.38686269 -752.40077821 72.01950966
-34.40793667 -830.40227527 31.83800938
-27.89643230 -804.59564809 51.37711702
-125.12745410 -701.62529354 66.17809251
-55.46178546 -743.45224630 41.47866109
-85.56665603 -722.13758482 78.86761620
-76.43427994 -761.73152564 71.36407198
-118.40007051 -716.81832794 70.95482493
-100.18166757 -727.41640270 75.84026763
-43.90185736 -749.71073791 70.48788119
-111.82239520 -727.00135200 75.41110806
-96.20170000 -769.16890000 54.63119286
-61.84147593 -792.53605442 57.24163391
-33.40408182 -741.30417273 42.86123831
-128.34405896 -692.75958748 63.48791270
-93.29300714 -742.46879107 39.74492143
-113.00666501 -693.31842933 71.81087056
-98.92500000 -739.91630000 66.56689286
-84.82822576 -782.29874438 44.10860193
-88.80926329 -747.34979591 59.82040676
-133.41539817 -689.78813638 61.54868005
-70.87778097 -768.02544196 68.93334501
-37.95866181 -779.69334165 58.34967829
-67.43750827 -770.89131164 68.31546616
-52.31208849 -788.60946543 61.11229951
-123.32036943 -712.93247006 66.80022598
-34.13772500 -742.78889167 41.95610327
-43.46363251 -754.91224650 73.28033631
-111.53942870 -726.43891652 75.90911373
-118.44787748 -695.84168186 68.95738723
-103.30455494 -733.88891792 70.23326312
-34.21294419 -821.10204635 43.45012193
-124.42084736 -690.01243199 65.33982440
-95.18916352 -729.65591415 75.38151078
-55.33943035 -783.68749482 63.37124417
-131.10143815 -698.84186445 63.35220790
-61.26166218 -763.72850284 73.13736102
-110.75502500 -719.86555833 72.14803452
-76.53502748 -740.63326052 70.56053286
-52.57953835 -785.71250738 62.32422085
-106.83006780 -721.94572171 75.01858456
-66.60151990 -759.24773309 68.37629645
-50.63365968 -754.13528387 72.61301705
-91.56699058 -734.11135767 73.39992816
-74.70456918 -704.08878239 75.30012934
-106.52133485 -729.08233128 74.03032158
-103.75740660 -728.82186308 74.52686521
-66.90449261 -822.81405704 44.86628863
-41.21520000 -841.14561408 24.50929567
-67.12594610 -761.97330768 70.75056863
-57.68499356 -711.73653416 68.69636464
-97.38262128 -704.71449324 80.92471962
-93.83962066 -744.91189742 59.94154655
-43.40177583 -812.81732859 50.75051445
-55.47251135 -818.96416501 47.27188742
-94.53082254 -693.17493752 77.54498030
-65.02834991 -762.21754854 71.83992150
-65.11514988 -773.17834331 67.15446401
-60.04634000 -726.57602000 66.65867286
-123.73226297 -710.69931599 67.04405266
-47.27338167 -757.49698667 71.36324286
-109.77730286 -727.06091024 75.41482810
-121.18941928 -696.13022987 67.46357358
-19.73357978 -738.97134794 45.09795203
-91.50597450 -722.88351352 77.09388433
-106.05294824 -730.53526457 72.98827728
-10.50560000 -740.59703455 40.72152714
-125.16551016 -707.92702662 66.47192035
-133.40291139 -698.66896704 62.26945255
-77.83053789 -780.44456547 56.61480677
-132.59779209 -700.82602095 62.35815649
-121.46086437 -710.80579234 68.37381138
-71.60235652 -724.83179826 75.84584851
-115.54619468 -718.81576853 71.19268409
-121.18491190 -690.62735258 67.23275635
-109.50665396 -716.72961069 73.32595125
-94.98823281 -740.40630962 68.86209762
-47.71924667 -746.12536000 72.81249952
-46.33734141 -740.01453535 75.74131811
-94.07879043 -742.14546064 63.38113647
-26.37149447 -776.53433872 46.51004243
-135.20480946 -697.81578243 61.04559286
-43.16819237 -834.79646590 30.31338013
-54.20341081 -775.82632973 60.51318745
-100.26074154 -734.48588485 71.01107483
-61.36523620 -741.83611380 73.73416648
-86.62630194 -749.09214276 59.90040711
-82.70741366 -753.70589602 71.24145387
-127.22951389 -703.96629986 65.16169705
-43.99079066 -752.19514374 70.77730538
-130.56917521 -701.41902613 63.23082267
-23.01810223 -778.86051173 42.29006604
-73.22645384 -723.01108980 77.59451117
-52.76037559 -749.81738189 72.20648223
-45.15428090 -796.99187865 58.62669286
-93.48107055 -741.71579029 64.29905629
-69.63910353 -767.87952489 70.01411480
-135.45036667 -697.45083333 60.65535952
-58.51859243 -820.58169743 46.23227583
-56.42595631 -747.91184078 62.37131810
-91.62281435 -735.43740985 72.19659200
-88.12551837 -746.20209737 61.54092902
-81.35455279 -781.53972189 52.01378299
-32.70208659 -822.92354512 42.22584652
-91.84378038 -737.71247956 70.91767106
-45.42516852 -837.12191197 29.41336859
-13.52074282 -812.84568141 38.06193709
-77.58501882 -730.00901765 71.67260815
-49.20284721 -774.10366946 58.70272702
-34.53764369 -822.52684690 41.70399584
-110.92842500 -707.20197500 72.68346786
-67.62822995 -767.66180428 70.58541882
-53.02258057 -783.81478181 63.33997626
-66.72079212 -793.74396368 55.02828466
-62.97480000 -796.29000000 54.60109286
-123.72866436 -707.87189087 67.13614470
-22.45897255 -738.92968162 45.45206908
-58.01920569 -768.84897805 69.40457985
-51.46370000 -742.37796667 27.51262619
-129.22566286 -703.48537143 64.00686429
-94.74823364 -719.89426750 76.95106862
-84.30841875 -727.51398750 74.33886786
-97.06273241 -737.03831954 70.44133509
-61.41183444 -773.44640472 65.14329114
-91.52305493 -746.67981555 38.14382432
-124.86355887 -698.63519468 66.04376676
-53.16993142 -743.21653755 34.99750435
-49.55290233 -785.97768739 61.56020176
-113.50193288 -739.90154110 57.55667505
-14.00458808 -809.87884695 40.80205492
-129.30281460 -701.83395221 63.83699374
-58.48766667 -752.13236667 57.12139286
-95.84935410 -695.84242459 78.74918794
-72.58365988 -751.73176948 72.42539228
-106.75350199 -727.09232781 75.50845842
-91.68583859 -731.91448582 74.97487154
-41.38413527 -752.00754589 67.96933875
-101.88291250 -712.02438750 75.67914286
-64.57304945 -767.24444715 69.97938066
-37.43239403 -773.80743321 59.35708789
-60.61751998 -758.53436482 69.08147467
-86.37390000 -699.59660000 78.72369286
-101.10422348 -732.70212092 72.24518824
-90.46319971 -739.97218986 67.37599952
-97.79502376 -735.18743798 71.44607344
-31.12590644 -773.67242180 53.67732204
-50.08039272 -738.34652893 20.04964810
-91.05586945 -742.75610209 64.16601713
-85.84938870 -747.05374064 62.58474162
-27.33124000 -739.17509333 44.88595286
-111.36358966 -694.05045172 72.81040665
-66.44193221 -729.04592649 72.40759987
-100.28545828 -738.70239129 41.80885469
-70.89460608 -764.14673041 71.28971029
-46.84648659 -779.70832175 60.08152161
-86.83556939 -775.04349116 51.29852483
-70.89619963 -759.72813471 72.09142582
-127.55991825 -701.80587317 64.66835281
-82.71501585 -746.74070982 38.92543772
-60.30060000 -774.83813448 63.59308768
-121.67276336 -707.90004700 68.60195073
-119.61889150 -711.18127947 69.48797321
-58.37830924 -815.10429266 51.97432492
-112.53024321 -719.01363207 72.09262566
-94.79515470 -738.04269402 70.49360915
-53.28598106 -743.52127083 41.12599968
-73.59468755 -759.27014858 72.07797050
-41.41095665 -750.00242101 68.52386041
-49.36917519 -810.28570881 53.72435512
-29.97850000 -834.73865000 30.57694286
-34.75914775 -828.71950969 33.23354510
-128.95320000 -701.30995000 63.67701786
-32.24710215 -799.12511828 57.52700576
-125.20283164 -704.86063164 66.24364612
-76.03898415 -747.49072762 73.77679200
-74.65825781 -702.96224375 75.10193348
-111.68316348 -741.31879739 39.21664764
-94.31760407 -713.89048812 80.55582107
-111.36388288 -720.31364241 73.15589830
-115.64807350 -707.88052766 71.58129706
-85.64921999 -704.84696135 79.00860994
-68.72442914 -792.96387550 54.60202332
-61.48142841 -772.05252451 66.43090372
-74.79442857 -730.09974286 72.57982143
-109.65066791 -721.92439612 74.18612557
-118.17088564 -705.01829006 70.26193281
-70.46252736 -731.81322545 73.96565944
-63.21362353 -817.16723333 50.79906737
-30.56478219 -817.56317260 45.17107916
-100.51398346 -731.29123220 73.30210889
-83.13514635 -783.60685731 44.72190817
-78.00920000 -782.11350000 59.04089286
-88.38474696 -743.20405222 64.70528688
-83.31101419 -749.19379031 63.15576760
-37.55370141 -827.03177611 34.63994864
-70.59294322 -761.58379691 70.99129635
-60.46255238 -760.62843333 68.83804524
-32.83271774 -779.00255161 54.83642189
-88.96374892 -720.30895884 78.28578575
-67.51240899 -764.83893335 70.77227547
-31.58684178 -835.47276712 28.12237231
-61.47055371 -770.64344125 67.84608662
-84.72989686 -742.94699967 66.89190474
-58.66349432 -773.29271184 64.89516317
-79.14308825 -745.86801566 67.14516123
-66.44742963 -753.00578148 65.82180026
-79.29024821 -753.00051749 73.88998245
-78.47483069 -754.69725446 72.99712751
-106.66240703 -707.79769881 74.56667040
-79.43297719 -740.38130049 70.30642637
-37.44330983 -836.91363623 28.87224195
-45.38040440 -794.52269407 59.41053308
-88.76618648 -741.64232568 66.00633278
-88.44927529 -730.98983221 76.09094624
-86.80032941 -745.07059176 63.47350580
-61.05614194 -772.67384194 67.44329608
-123.32929498 -699.22708201 66.86376775
-45.78912145 -831.64918187 33.32415932
-76.77689029 -737.74658615 71.75422068
-66.83025556 -748.23850000 73.01223730
-82.70545865 -741.07887929 68.75292942
-45.00580000 -797.68820000 61.06069286
-49.92004828 -740.75606414 29.51862320
-129.68419796 -698.91331800 63.95657319
-109.54562610 -704.86814352 73.40701292
-50.91355000 -820.38931250 44.82271786
-100.52935918 -728.82818442 74.78206869
-63.12659556 -729.41945333 69.51721508
-98.64754483 -733.15569310 72.58201700
-73.10677543 -757.90797185 73.04122021
-55.64015121 -772.91643398 64.40205187
-76.12884142 -755.73057827 73.14994353
-99.42700800 -702.75763900 81.26927786
-130.73462382 -695.67273149 63.24511206
-73.41024395 -734.60762797 68.88002646
-49.13526644 -776.73274424 59.21736330
-111.12349371 -704.70639580 72.75657258
-104.19273529 -727.24655882 75.62921639
-24.70814895 -773.80180309 44.73415562
-60.43412381 -719.82073452 69.23745913
-82.06889399 -782.24587820 49.87970886
-66.73989189 -749.09734970 72.91061253
-75.63109375 -757.98591944 72.84478938
-103.27522783 -725.81367518 76.79026238
-75.41141217 -728.01515926 76.09916164
-85.50077810 -743.95608392 65.57235275
-43.14636599 -801.48465621 56.94808835
-42.53865768 -777.00323168 61.88170823
-48.43074227 -828.23271087 38.36433585
-84.97333508 -746.21270565 64.30825485
-94.41240710 -695.84614048 78.30990740
-18.94052223 -744.12351614 42.40775316
-69.41349390 -762.74359350 68.89359448
-27.25865614 -807.92658596 48.53268759
-65.06092614 -733.96530456 71.08724711
-87.21156842 -781.58118947 35.19409987
-14.93290000 -805.64160000 45.82394286
-48.47356107 -782.67774658 60.04445836
-127.33083047 -698.92439714 64.97040503
-46.72712589 -785.87587618 60.25324937
-127.31623647 -695.79694598 64.43916341
-97.31909922 -731.75757681 73.90645825
-82.49788100 -746.73546873 65.32345927
-48.75895667 -779.76297907 59.75667499
-49.84868312 -740.20715558 20.15984666
-82.53164073 -748.60976331 64.03756262
-47.61245575 -832.58903628 33.93622826
-55.57681065 -775.64113156 61.63218181
-68.86426190 -763.48077619 68.54622619
-79.31097493 -735.85351488 71.84727248
-40.51482812 -830.62222620 32.76645946
-52.59080826 -774.05242985 62.08972950
-82.43673504 -737.75655829 71.29937746
-103.37533711 -713.74408530 75.14723280
-105.77270868 -723.24633816 77.05357549
-96.54777664 -733.66816131 72.92282716
-103.58257736 -742.40551887 61.78490135
-45.73690148 -744.19599774 71.94627703
-62.29935421 -741.72334324 58.92647664
-102.75210840 -701.46584177 76.01166990
-73.75481190 -789.04843592 56.34660057
-64.44674249 -764.84768266 70.96530184
-56.32077695 -794.81057842 57.26414203
-55.45588145 -774.38688633 62.64579838
-77.19057000 -742.09623133 69.54747819
-124.36478210 -695.83371626 65.70391943
-119.87593333 -707.61407500 69.66101786
-46.16698438 -788.50889672 60.07429846
-51.81013097 -775.06346000 60.35309995
-115.39265178 -710.72528836 71.62943751
-120.19884848 -708.13611515 69.82226659
-13.49982666 -741.09013767 41.80441664
-118.35189307 -707.73576729 70.57012268
-53.37377563 -771.70934510 65.34953375
-61.56400250 -753.88567500 68.55915119
-59.50078378 -756.08657560 69.27102771
-113.06462091 -713.91059085 72.34075557
-87.67392174 -772.37008696 55.75989720
-37.68420000 -787.29390000 55.32659286
-81.30851789 -728.50289158 72.35598128
-111.25495911 -716.49471200 72.78145552
-74.52324641 -727.69440608 75.87906689
-103.03896875 -727.33617500 75.77538036
-57.56203068 -737.99811965 77.28951012
-58.06331118 -744.12681175 75.17310904
-71.36120338 -756.39407800 74.55833954
-29.42182588 -831.00305335 35.05732864
-123.66238157 -701.84169863 67.13838913
-106.43472164 -719.80457419 74.37492972
-18.29250909 -819.21013636 36.61992468
-130.46743090 -692.73497045 62.75569633
-79.32938339 -710.67818073 78.17920506
-56.36193684 -716.31232857 65.55961617
-21.90122658 -774.04261408 41.98206355
-103.47351935 -722.99736969 77.56209885
-61.01152967 -747.32613943 68.75383442
-88.22279282 -739.09534462 69.29017645
-97.59652265 -729.01321989 75.20073948
-86.09885558 -774.41315767 53.39991058
-88.28826140 -738.20198266 71.01474666
-80.75284643 -746.56028143 65.98211000
-57.19335714 -742.94010000 41.20530714
-126.86349981 -692.95323946 64.03845939
-61.35690862 -767.30126432 70.67930709
-55.69864992 -770.25051200 67.64509865
-69.32828515 -760.52527921 73.04632058
-68.49899211 -760.63257737 73.21399023
-52.26101887 -775.63442509 59.78220889
-128.61984944 -694.72772247 63.59288612
-119.54242787 -704.56206479 69.46056572
-66.80391180 -717.19050906 76.33484077
-75.26995161 -790.04266129 54.55767673
-68.63458319 -759.90940714 73.89401387
-59.59385200 -727.80706500 66.40206086
-64.15082500 -765.05029531 69.33963348
-8.31839459 -748.40808108 37.31214151
-113.15972052 -710.87237310 72.41254015
-53.62157336 -759.09277370 70.86694026
-106.56881462 -716.79820820 74.28768055
-79.88886582 -743.18213848 40.02938703
-104.85487500 -721.38165000 75.43214286
-97.44070766 -725.62078412 76.88277414
-79.54493689 -707.83892069 77.85275499
-97.22179559 -727.60806029 75.89595536
-88.51202291 -728.73402852 77.12020134
-29.92785000 -777.31828333 51.88667619
-86.37503333 -739.13704000 69.60104619
-37.17589064 -820.56525146 43.05884607
-60.46153488 -747.54924767 56.43370797
-71.12662671 -736.65895548 67.02995998
-88.71997460 -687.72890286 73.04669508
-62.36125000 -743.36627000 61.70027286
-51.27164211 -738.75874474 20.39177619
-53.11092436 -772.76448109 64.08663965
-97.75649409 -723.02690569 78.14682011
-54.97781023 -820.17055000 45.55023149
-100.34461306 -722.73813777 78.15590988
-43.94660157 -737.63489477 74.19644534
-72.42392941 -721.10756471 78.62154286
-87.06580000 -753.44990000 69.70379286
-85.43151405 -737.87100037 71.18693307
-121.38957605 -698.70293162 67.85962901
-31.43865723 -809.74931103 49.92793131
-111.61874542 -711.04468187 72.95683500
-42.38261064 -811.14238298 51.59327584
-17.83175000 -742.38025000 42.71624286
-77.24362321 -746.16713276 67.28272596
-16.61806634 -815.71049143 37.93189094
-103.88620979 -704.76076664 75.21122872
-102.82730776 -720.75249224 76.08452131
-114.38033931 -739.58159655 58.00579700
-47.66026033 -777.22336667 59.26769286
-123.02600000 -697.26090000 66.69789286
-119.01711287 -701.64529577 69.39325768
-62.60640142 -762.94391773 72.48727513
-81.80625805 -695.28462285 75.46889623
-99.44575219 -704.76632810 81.35853264
-56.25402565 -768.82780803 69.10036358
-54.25285462 -758.47733529 52.97973571
-84.66256538 -739.36671538 69.78383132
-69.95212761 -754.60908582 71.76848390
-63.19736000 -730.44196000 69.56145286
-115.76753000 -690.94180429 70.96727810
-61.45078578 -762.68704156 73.44988350
-25.32972748 -803.74464308 50.78046793
-83.78381875 -705.92643906 78.74252567
-33.35594537 -737.56150833 60.01546693
-109.44700667 -710.72581991 73.66863825
-106.51916957 -713.70467383 74.62169249
-53.14829906 -755.99394400 52.28385380
-87.35856471 -736.58708529 72.88614580
-117.58294713 -739.42011954 55.98235837
-72.57023293 -733.62392934 73.97635453
-72.95706346 -751.68020385 73.04865632
-55.50090482 -767.27222177 71.13149663
-43.53080285 -831.04138573 32.96445606
-43.70415247 -817.84311550 46.24023919
-43.29931829 -839.71955963 26.25948885
-117.56924361 -701.68450383 70.02577481
-103.44737446 -716.75474246 75.10512961
-101.06893726 -701.93848651 76.83442155
-102.29081000 -707.65562952 75.78664952
-93.27630000 -730.33356250 75.72893036
-86.06158732 -736.44485070 72.86078581
-81.88638357 -739.80540529 69.87019258
-100.52891770 -707.81306035 76.58976268
-94.47822207 -725.85091567 76.71568279
-34.95357212 -740.76217596 62.41437266
-90.84895189 -730.62313746 75.88079251
-94.11224151 -718.99208616 79.53323772
-111.07958226 -702.12358387 72.73900253
-88.53204293 -732.43124923 75.14037312
-14.98840000 -805.23550000 45.43809286
-49.01593972 -743.73492940 73.31019561
-85.09792202 -735.81231858 73.14877657
-106.38713455 -704.87749664 74.50559269
-79.71412313 -741.81434145 69.42351454
-66.56807579 -819.80187143 49.70446706
-76.81356673 -743.45878206 68.75477744
-29.28538093 -767.84840000 52.47808332
-66.09214667 -755.85590667 68.33109286
-55.26346190 -741.77273333 44.15531667
-58.29137090 -749.98600684 67.52598321
-59.34352584 -763.69737862 73.28103295
-56.62183571 -781.20402500 64.40673214
-124.43199452 -692.76198363 65.22846583
-56.87486000 -715.43483000 66.97975286
-23.32592826 -773.42580963 43.32993494
-70.39426275 -749.99286570 72.37486588
-85.31625710 -698.71363915 78.02036094
-55.78027231 -748.46481538 65.20446670
-67.42576158 -752.78119167 70.96314733
-75.66005368 -704.21620261 75.54029048
-122.47525442 -695.09376955 66.45544001
-7.06361333 -739.18318222 38.83028397
-59.37666572 -762.93490361 73.86813203
-26.56364060 -779.69249499 46.50948985
-115.51099707 -701.82889439 70.87016499
-109.46817559 -698.76700459 73.33015697
-112.63036080 -704.78009026 72.16136694
-109.55092516 -701.83343373 73.39324726
-71.37796873 -749.00439567 72.84847067
-53.68992500 -767.36325287 71.30802278
-85.47050159 -710.67263758 79.48723237
-40.49501553 -834.66697476 30.48866373
-48.68260000 -772.56425000 57.54456786
-51.93615271 -747.23196101 71.38313791
-127.05815183 -689.68704681 64.17613465
-51.60263457 -766.88057531 56.44086076
-109.35389844 -707.85498145 73.55039300
-83.32850450 -774.65204507 56.69252257
-79.31142115 -729.15810399 71.96353931
-106.45986715 -710.70403222 74.51420632
-117.07518889 -697.09465556 69.72142619
-49.07159091 -771.11087879 57.48346558
-31.60355172 -743.71624138 41.94383768
-101.42221156 -716.47338422 75.56023241
-87.36555404 -778.83384102 43.32011361
-62.69373590 -725.64531487 69.92177747
-79.39753525 -737.76957412 71.19308066
-94.28305868 -723.31664917 77.28631517
-31.53893586 -815.42592100 47.15000466
-91.43646275 -725.83528730 77.30869841
-86.75163704 -732.21181481 75.40074224
-84.20811954 -775.62572126 55.05407274
-75.31997796 -788.15806111 55.92591739
-81.95529134 -736.03773863 72.48583618
-57.72005394 -760.56859576 69.21764619
-71.47946854 -748.08611931 72.94675267
-67.57566814 -750.36499301 72.06846934
-64.57992303 -752.46663151 70.72028625
-58.78311650 -758.80513640 69.34905450
-44.09334577 -829.71626197 34.01030694
-1.59260166 -741.04630926 35.05416060
-97.39612885 -718.94894009 76.54669374
-66.30287200 -752.72203467 68.53261019
-64.68798092 -753.59405592 68.87118223
-99.10909474 -712.52717895 81.05795602
-39.80243940 -777.12174061 60.15728743
-40.48648949 -779.72082221 59.68823498
-115.50058825 -698.81506370 70.42732007
-49.26376680 -737.62226932 14.10214166
-46.68954322 -753.07852501 74.34044592
-62.64408849 -754.91752518 65.94041588
-61.10469353 -755.69520584 68.67867355
-71.49670000 -752.33554444 72.76955952
-43.32471561 -809.73081146 52.82939768
-86.51732116 -730.91913776 76.18175385
-14.31486808 -814.82936515 37.14283879
-103.72283388 -710.91387711 75.19391013
-84.58789669 -725.90850358 75.28977412
-101.68835385 -714.43004231 75.54706055
-64.39821165 -716.73491892 74.30782780
-120.83914523 -692.59760708 67.13677939
-66.84059434 -720.15464394 75.20203410
-80.82880000 -697.09680000 75.72412619
-86.54543387 -728.92943126 77.23886901
-91.49200983 -704.84420061 79.78245672
-76.08960667 -742.55238000 69.88888619
-74.53277500 -740.12632000 71.47576786
-73.40167522 -741.57952389 39.07264861
-61.94472196 -753.20257432 65.11558610
-42.06142857 -775.21572857 62.20469286
-100.45648400 -713.74328007 76.20565873
-80.14923393 -735.15039058 73.45779826
-77.63862500 -718.27295000 78.74589286
-82.98653604 -708.02011037 78.90757520
-65.04055230 -750.63047266 71.42878899
-58.40936267 -746.29507350 53.80842013
-58.79253571 -751.61077143 64.43310714
-91.41368512 -683.90742617 71.24115882
-32.59064157 -784.88521011 51.97159848
-40.31438529 -774.17600034 61.49181315
-61.13248690 -753.92644207 70.49616803
-88.93671964 -684.07426175 71.27406017
-10.85860173 -813.53372595 36.10138248
-63.23302500 -765.02637500 72.71799286
-122.54678119 -690.49698548 66.36793642
-71.75774286 -720.89896667 78.74984048
-55.59445545 -758.86968176 70.42353243
-97.61377018 -707.76183072 81.35337586
-118.63793263 -692.95058112 68.50476389
-115.17660082 -696.04962430 70.16814438
-88.55196030 -689.81359577 74.27782290
-30.80820696 -741.34768565 43.57182242
-79.42660956 -779.66303023 56.18219278
-58.21575547 -756.04307102 70.41536298
-53.09808972 -761.36623300 70.30127578
-50.59782931 -765.10099138 55.71822389
-116.39920607 -695.35138757 69.49151424
-66.69050192 -826.22830000 39.57492747
-112.57965754 -698.84819984 71.86660779
-26.70071017 -769.95804746 49.39337930
-94.20380870 -707.72396434 80.73322421
-60.92224176 -754.63897854 70.09686757
-65.86470345 -749.12612414 72.81526872
-19.97623919 -806.05334424 46.20482263
-91.32882615 -699.56227831 78.87941764
-23.51403559 -802.15719322 50.85890981
-39.21707021 -774.75510567 60.50246307
-58.44793943 -752.65977056 68.89117107
-26.46175570 -767.63318993 49.30318313
-100.45617046 -710.77947669 76.42956402
-40.62220809 -827.61059167 34.81957527
-49.44833894 -752.75149603 74.06126439
-98.28332043 -714.22244355 77.00318721
-76.04753462 -742.72655769 40.10773132
-95.81107692 -717.98698923 77.12790516
-61.46185638 -728.41250598 68.32370833
-37.08118111 -771.21796588 59.56161427
-61.17474722 -751.89985926 63.12382434
-78.01590000 -779.42400000 61.04119286
-34.65220209 -779.70720760 55.99063271
-22.51308819 -743.77923936 43.30415917
-49.83309190 -740.72697905 23.31549167
-92.05923350 -720.83258750 77.26529486
-88.61337980 -722.95769529 77.18101152
-104.57777490 -699.50984183 75.47770322
-86.06447315 -725.38089397 76.71311943
-76.70331595 -734.77628899 70.98394684
-46.74928085 -827.48552792 37.86463946
-34.49045485 -776.96666680 56.44403525
-110.92845000 -700.83732500 72.67961786
-55.11128197 -740.97226395 29.75686668
-119.60592708 -691.08719167 68.06157411
-47.02000664 -743.35788772 73.91349574
-120.17124681 -736.17070426 59.30430137
-91.53316211 -719.22227961 79.38198852
-55.50852086 -755.80750709 71.27803750
-55.45045306 -752.87701175 71.56109041
-112.53982748 -695.81854538 71.73509752
-97.16640215 -713.68975944 80.75277140
-34.12515111 -812.55075111 49.92239350
-104.07505599 -702.00017800 75.28209500
-60.71374516 -750.29780596 65.36422437
-62.67890000 -757.62570000 66.51515952
-38.81580756 -773.04753782 60.86165672
-111.10293529 -699.16753725 72.75010658
-82.08268479 -728.15805888 73.94442966
-62.75393188 -727.99093333 70.27739576
-37.76164643 -839.16183754 28.43495543
-30.36307647 -816.95976324 45.47065315
-39.25704746 -772.01768475 61.06771998
-115.27577782 -692.65565554 70.52595301
-28.11412574 -810.12662000 47.95144094
-31.80960022 -779.60857110 53.17010293
-64.07473693 -741.46252045 35.56512297
-97.35325891 -710.84299596 81.30307144
-65.44481992 -722.36855226 73.31215639
-91.49866081 -716.76855550 79.69971819
-94.19792498 -689.49308136 74.24902967
-99.34557925 -736.53131321 69.81754569
-85.52854356 -723.49832471 78.18606776
-82.83103775 -726.62529154 74.30017192
-48.77069420 -735.53490628 14.20658030
-51.21645000 -820.90430000 45.95869286
-67.44146577 -825.45224906 41.34760158
-80.10324260 -729.04252130 73.17571896
-36.79363888 -737.67480161 65.73006029
-78.85411285 -731.07702972 71.99159469
-35.57706899 -773.58448554 57.99496951
-32.65348133 -776.44239585 55.01862771
-81.15794322 -717.17493729 78.65678608
-31.28417726 -777.09149308 53.15588950
-110.90849167 -697.57514167 72.64863452
-76.41133172 -731.95814479 71.27822232
-64.60200374 -742.69106075 36.07141529
-59.38079896 -749.03056678 62.46920704
-116.27829602 -739.04505060 57.31889365
-58.79982737 -749.40271739 64.95104708
-52.72629113 -755.52196750 71.76084518
-34.15011924 -773.70254779 56.77526074
-87.42079632 -722.15599559 78.80711602
-79.22069875 -730.51417875 72.88701536
-75.40244839 -734.50628387 68.91579447
-65.59388261 -741.60775652 36.82193634
-88.09661166 -719.42943579 79.08493535
-66.89255337 -740.39192891 62.49159983
-110.86281379 -696.86814483 72.63268941
-102.36739838 -704.56290486 75.90418097
-83.45477368 -780.62993630 50.37032900
-37.72324516 -785.63352755 56.20451229
-69.27360000 -739.34380000 63.78699286
-69.14935556 -739.50107778 63.45851508
-64.38686597 -725.79629896 71.25614058
-109.56030268 -696.26091390 73.62464630
-73.18631181 -731.65755643 73.92011370
-86.37824276 -772.06854320 57.03424189
-106.45298886 -698.79287278 74.74992030
-91.66846413 -713.65842504 80.10151647
-69.21636667 -739.12720000 63.58089286
-74.51562240 -732.43711136 70.72599065
-67.93277547 -738.18390781 64.57693286
-63.98764483 -741.31463172 59.97856240
-56.60268721 -750.33842922 68.45470747
-11.99830000 -745.21640000 39.64469286
-64.08037468 -742.81435266 59.37045789
-105.11091333 -697.57362000 75.74669286
-94.36304855 -710.82011529 80.82883307
-82.53641537 -704.75342870 78.22969061
-87.81941921 -779.36450513 41.30877618
-96.97839490 -698.68819271 79.19642750
-85.43377232 -719.86996704 79.21771652
-63.44106216 -743.72929730 57.02443069
-20.75660000 -805.52230000 48.73359286
-59.35865148 -747.59814004 68.33775972
-52.96820000 -748.29910000 67.99699286
-35.36499693 -770.62493370 58.25887936
-56.41888913 -744.68136884 49.95327112
-37.56807310 -803.54344737 55.57998743
-55.34452646 -741.95441164 75.55081825
-60.22595926 -717.90638519 69.47961138
-32.50594685 -773.74044865 55.21681394
-35.58696734 -737.54047081 64.36324979
-56.87194286 -720.52801429 65.03967857
-29.07020555 -776.74962986 50.13118025
-52.07290395 -816.95106008 48.32868930
-73.48194464 -732.95720000 69.38748929
-69.79371918 -735.90205342 66.28266135
-22.38953566 -810.01726713 44.85594164
-66.57090811 -738.64242510 62.98851100
-62.02849649 -742.98669935 58.62685931
-61.01471656 -744.40233648 71.85567449
-57.99636861 -747.75997018 64.86669532
-57.34818394 -749.17496580 71.23134260
-82.48979234 -710.79366598 79.12295570
-55.38067205 -749.76659350 71.28650019
-74.60905000 -745.47695000 38.29084286
-30.12817692 -776.91398269 51.50298004
-83.73559583 -784.42477639 41.61285767
-35.77970000 -736.24230000 64.44289286
-61.12036069 -743.53598143 56.36667237
-48.19240667 -826.57710889 39.87322619
-63.36965833 -747.29667500 59.25056369
-49.39866943 -755.65450591 71.79160368
-27.58275063 -776.56644968 48.01826286
-93.43386667 -680.47736667 69.62769286
-99.19827465 -706.86734225 81.32251680
-58.04429224 -746.55693394 73.56418001
-68.93607500 -736.20717500 65.43671786
-64.76883602 -738.84565376 62.02563802
-28.65681506 -774.03797610 50.12820090
-104.74068000 -736.25832000 66.66465286
-21.72147586 -804.90549852 48.34665936
-88.43293739 -713.76158762 79.47405867
-83.57146667 -721.98544630 78.79749286
-73.34166542 -728.94359488 74.46990441
-51.89585771 -752.07100732 73.57724940
-24.85361407 -776.88100459 44.54171273
-56.62671553 -713.30342136 67.18737829
-47.73295714 -826.54268857 39.83404714
-46.62090118 -756.03628581 71.98400411
-44.44425540 -740.28387727 73.12561615
-30.92526135 -771.10287124 53.56955870
-25.21566785 -779.65374045 44.44773607
-79.97669657 -722.03957117 77.39164608
-48.87193979 -754.53466702 72.84309757
-91.54004640 -707.84577558 80.19863611
-33.75264415 -768.73027943 57.02460189
-27.30039179 -774.15633429 48.11266393
-80.73534902 -716.81166078 78.71733992
-106.38248804 -695.68923457 75.98472525
-79.55483556 -744.54743778 39.51998905
-53.25518462 -763.71355385 54.39010055
-60.24828878 -743.93517366 76.31703822
-29.44194579 -773.06655105 52.08852286
-68.21064197 -733.93977921 73.03113350
-58.50971996 -819.47163038 47.65454700
-34.53109773 -800.85617469 56.50196962
-55.17193583 -746.21403109 73.39759591
-26.10730624 -773.78281036 46.73391740
-28.56169070 -806.80032713 50.21721662
-75.44919872 -725.84734005 77.12031046
-29.52694737 -770.76541250 52.11391303
-104.68185455 -696.76027273 75.92179156
-40.39863206 -812.70871585 50.28438011
-28.20470716 -770.74054547 50.62794563
-25.90654271 -805.97327375 49.42120765
-68.17879546 -731.95037118 73.19652576
-46.46443529 -754.75347924 73.19454025
-94.46498773 -704.71301457 80.20568168
-53.69774803 -822.74949342 42.34470996
-85.51772634 -713.87790146 79.52435033
-45.92505996 -819.74769156 45.00107771
-82.52409324 -716.87195707 79.09575975
-79.63837233 -719.66430952 78.03318704
-73.67780677 -725.56726254 76.31167279
-15.43579818 -816.76112273 36.33025013
-55.47789379 -743.74754334 74.78664517
-52.85711880 -746.24771537 74.08915267
-86.38841921 -686.34385254 72.39395105
-43.61720838 -755.97042919 72.30278390
-30.78100704 -768.11208057 53.97205835
-72.73264144 -726.59892671 75.38241169
-75.97023390 -702.77138237 75.44822472
-57.88495602 -740.81193850 76.32969602
-27.16971154 -771.79086538 48.52421593
-10.83310273 -748.60915455 38.34672649
-75.32190879 -724.02301538 77.76635549
-62.83740000 -737.69370000 61.77639286
-50.14119907 -748.65895789 72.52126314
-53.90406667 -770.61980000 67.05341667
-88.74853938 -777.81959856 42.15658121
1.48678547 -743.73337783 34.15629309
-27.90072451 -767.93594917 50.84111071
-88.39087513 -707.79181742 79.47317905
-79.49827312 -716.79797951 78.43272374
-23.23810000 -802.52250000 51.73064286
-96.15891379 -696.17388621 78.66752044
-69.75804672 -791.01815843 54.93692039
-70.35700796 -725.89398640 74.74621662
-33.41913919 -739.93250946 60.10852259
-82.47047704 -713.81397515 79.23541171
-55.52992929 -740.55931880 76.20072016
-52.56489228 -743.90672905 75.06800360
-44.08666321 -753.86133318 74.04644207
-20.65224904 -775.79675192 40.83154670
-20.43112116 -773.85367016 41.10841203
-45.97813859 -749.57651934 72.06374663
-64.56538561 -728.80804584 71.03012963
-55.89878744 -823.97006812 41.16107132
-88.48478380 -704.78581021 79.37539655
-88.47272969 -701.81224078 79.06257725
-38.07083256 -746.76241860 65.14938871
-52.48153241 -812.40632039 52.57771077
-49.67960357 -812.08735253 52.36540875
-85.55683646 -707.75963158 79.18223548
-72.73558859 -790.43110805 55.48531903
-80.57505519 -713.62520401 78.81080441
-49.87001086 -740.96637204 25.82833266
-25.66136592 -768.21849162 48.12653699
-93.27637895 -769.05057368 58.02174023
-53.26801336 -741.69823015 75.53196232
-46.48611240 -746.80927080 71.50657993
-25.21571391 -738.98601261 45.30585894
-59.30807162 -826.60222664 39.18822255
-97.06907230 -695.89437241 79.08193146
-52.72155313 -821.10719919 43.87567569
-69.62409023 -723.46119060 75.35801165
-53.26444907 -740.30793267 76.06267606
-42.72848285 -752.23434059 68.98053386
-54.66690877 -751.66540000 48.28777180
-42.64970469 -750.19313062 69.19125114
-62.79889000 -730.62443000 70.27518286
-29.82160000 -805.47247500 51.73846286
-34.24941180 -837.01384888 26.79481070
-25.69434596 -809.68902188 46.82599433
-89.56521379 -771.57436207 54.60464803
-80.65822014 -711.27774700 78.81078968
-41.60259167 -829.36266667 33.75347619
-72.23759032 -721.06112903 78.73599286
-85.56067227 -746.79181351 38.62062600
-67.44992284 -722.75608904 74.48710984
-94.30381832 -687.29599547 73.18341542
-57.17601429 -735.85926735 77.86486633
-70.03368726 -720.78801382 77.02428771
-55.31142716 -734.83521101 77.85467315
-96.75176000 -690.98648000 78.64454286
-86.74456098 -781.00542866 38.71607761
-53.39340319 -737.70730387 76.91138397
-19.36675317 -804.44696979 47.67358641
-96.65981622 -693.01128729 79.07845024
-91.65425177 -698.14838511 78.49693071
-41.75007647 -749.45780000 69.89148992
-68.88480769 -721.55539231 75.81319286
-64.17854201 -723.05564408 71.78626448
-42.29628834 -746.92300497 69.41709156
-86.21050119 -702.38490507 78.84779539
-74.37911937 -714.74812712 77.46886864
-91.78642868 -681.61232184 70.28705602
-65.64532032 -715.98206471 75.94874366
-58.40281577 -794.89663008 56.71074549
-67.96359030 -719.54908310 76.22757533
-43.74542738 -743.70618784 70.68850214
-84.32943485 -704.42719023 78.60873585
-21.22980000 -748.76590000 42.65272619
-53.75244984 -735.26472039 77.57594690
-41.81541786 -747.09864286 70.21158571
-55.03195897 -732.81510848 78.19868832
-96.05520000 -691.64495000 78.48789286
-88.21697519 -698.50537866 78.49225505
-87.48673913 -700.44049565 78.66622764
-44.00637660 -740.43489149 35.56997264
-51.36956579 -738.40896842 17.06031128
-77.59329742 -709.93228839 77.40974318
-50.65836818 -766.75981364 56.57207468
-96.55630909 -691.13596970 78.82094134
-85.01507717 -701.49885728 78.44765809
-39.33082807 -746.68448231 66.21047163
-84.98211667 -784.38235000 38.83772619
-91.33321489 -693.11444655 76.34162530
-39.06630000 -748.38577500 66.55904286
-38.68216522 -748.60281739 66.49309720
-88.41147724 -695.58232388 77.58701612
-82.38166818 -701.64260369 77.62146095
-7.41537429 -743.83699447 37.96011341
-79.34914978 -704.65805226 77.01799522
-76.92925586 -707.39151586 76.67175629
-62.29578389 -722.57045394 70.36818463
-40.63241638 -743.93840679 68.28364486
-91.38550098 -770.67119565 56.09766777
-91.71257682 -769.08383666 59.43162278
-45.08324444 -741.99508889 72.59185952
-43.34803929 -741.09494158 71.49386286
-93.67319420 -691.55025362 75.39221025
-63.49597469 -720.27028937 72.22898473
-59.69159450 -725.08074862 66.87451855
-91.47020781 -691.69108216 75.40459434
-43.25258361 -822.13098007 41.62437175
-83.36222046 -777.38066312 53.78239685
-58.23853971 -743.79588971 44.57873256
-45.40377791 -738.27687055 75.51905175
-91.54969396 -689.69621529 74.06691482
-88.52164501 -692.99855919 76.40384319
-61.91878677 -719.88219985 70.72127498
-59.49958343 -722.57026308 67.40477425
-12.99483105 -748.79299919 39.31432874
-39.12197708 -744.38907083 66.51390952
-37.74740822 -743.64548607 65.34053589
-85.63253619 -695.92922542 77.17247718
-82.58361270 -699.02671943 77.09233851
-79.83301642 -701.91211085 76.71678789
-76.94170167 -705.04381475 76.18164845
-45.60554207 -738.30857805 75.74340078
-31.33572000 -817.34168000 45.79967286
-82.57116431 -782.87598756 47.06641424
-41.54695622 -740.33870871 70.35993892
-43.27003936 -738.97425851 72.47099711
-88.88350592 -691.51465197 75.57021852
-56.97010000 -742.45080000 75.70609286
-61.13073000 -781.17457000 63.61421286
-38.49254103 -743.65118718 67.09154158
-91.79592843 -687.57678319 73.03663352
-94.07439204 -683.96345692 71.53187303
-85.85065057 -693.30974146 76.15771769
-79.97729854 -699.21744279 76.13888775
-77.35186544 -702.88544926 75.87383183
-63.05906667 -717.92005833 72.56787619
-43.67062309 -836.69392777 28.89026724
-72.19330000 -721.34025000 78.70219286
-61.41043225 -716.80613111 71.27607527
-59.03908124 -719.87301327 67.72264206
-37.25583139 -740.84612992 65.42585472
-45.05325000 -736.16020000 75.56839286
-40.65991183 -738.64567609 70.11839697
-58.44187135 -816.38467518 50.91237789
-91.43974079 -686.10846512 72.27935068
-43.72882461 -735.42306796 74.95646592
-62.55502793 -716.20624414 73.05306313
-57.74711145 -720.23431183 65.91365622
-56.77432500 -721.91990000 65.21286786
-119.33652743 -736.09501858 60.36607870
-39.63654398 -738.20400863 69.01182599
-47.55265000 -738.80690000 27.57429286
-35.84631176 -743.20207647 64.38874580
-85.26022569 -692.10608481 75.33446026
-63.33326264 -715.07421099 73.55612692
-35.49919825 -742.76970175 62.62205309
-53.76672826 -745.63872826 41.58989286
-85.56963909 -689.81452717 74.21767782
-83.84500000 -694.18017500 75.71261786
-79.33506818 -695.95205563 75.01816173
-78.95463918 -698.09260537 75.39510144
-46.25042000 -754.05100000 75.81667286
-77.87972941 -699.84107059 76.04745756
-10.41236400 -746.76678257 38.64431452
-58.60094848 -716.75249798 68.07807165
-93.63221028 -681.56674019 70.30643772
-88.56389630 -686.21443881 72.13787772
-77.56698548 -698.23651505 75.16229339
-38.77260000 -811.34490000 51.75639286
-61.06612845 -714.28935649 71.54878708
-48.26782692 -833.04888077 33.56820055
-59.73101053 -715.82338947 69.93705338
-57.48140000 -717.53940814 66.22694518
-83.53794762 -740.96980476 66.23827381
-85.88539914 -687.72343793 73.09162993
-83.44364326 -690.40249362 74.09962832
-77.34233916 -695.82962465 74.76196558
-59.43758740 -713.58868626 70.13606614
-28.35433032 -743.84754419 43.68650874
-27.36544771 -745.61105321 43.64239194
-25.28613286 -746.33920427 43.59997246
-85.19835344 -782.73731544 41.27972584
-77.61470000 -694.15425556 74.74248730
-28.52159065 -740.74104268 44.28220741
-25.52707552 -743.89687519 43.67675087
-22.49929934 -746.95382141 43.13660011
-37.40604736 -833.79508315 29.71261490
-21.97038235 -748.46870176 43.00752756
-52.66283777 -818.54122818 46.92886028
-55.48819715 -713.82651306 65.53766958
-32.72204605 -737.73809342 58.84851259
-19.35940602 -748.75268212 42.21297625
-25.41605985 -740.80906947 44.53565383
-20.78208333 -747.57965083 42.76847952
-29.45288585 -781.98586785 49.20721858
-19.48821037 -746.80468148 42.23235969
-21.09542500 -746.47807727 42.66348149
-54.98735000 -711.18802830 65.66774569
-16.53128959 -748.81350204 41.09800234
-48.14214545 -825.81316591 40.46617695
-53.93550000 -712.96540000 64.61459286
-86.34924970 -777.32222699 47.33873169
-16.65481936 -812.36397733 40.52420046
-22.45575087 -740.74207138 44.43064051
-20.08309924 -743.29214885 42.92850507
-16.46295980 -746.80762177 41.15128337
-14.28493242 -748.71212253 40.01248228
-19.61174422 -740.85704334 43.89199213
-14.03540710 -746.81706702 40.16553133
-59.45772290 -793.12837786 57.59054858
-65.57585000 -715.26880000 75.86099286
-87.48886000 -690.51696000 75.81813286
-65.94490000 -733.30690000 72.70199286
-34.43636667 -829.42713333 33.90965952
-58.50508000 -742.18757333 75.64275952
-55.60844368 -747.52238161 67.85654228
-48.24078000 -757.39448000 71.22643286
-79.61775902 -740.40940285 41.65214381
-61.97833933 -742.07266292 57.14838162
-83.63268333 -724.38786667 78.15555952
-67.07685762 -827.12470266 38.55863847
-39.02295000 -771.42635000 60.57884286
-85.42878000 -724.15412000 75.58215286
-75.82518571 -735.91708214 72.78628929
-59.07762500 -751.39650000 61.48664286
-60.62766765 -746.65668824 50.21087815
-54.79361593 -752.71609150 50.27588241
-33.28032424 -780.78173212 54.32546558
-60.90097500 -748.41990000 50.97736786
-124.85247143 -688.21910000 65.24557857
-56.84446667 -760.13544286 69.61460714
-62.92595000 -730.31815000 69.32474286
-80.76577857 -739.21197857 42.53162143
-37.00392407 -782.80796639 56.74930716
-38.45729288 -782.55906813 58.07545542
-41.70780278 -778.46996389 60.79834008
-43.44654372 -779.15844388 61.01926904
-40.47627688 -782.82830886 59.37002543
-43.33707383 -780.23517830 60.36530460
-42.41477792 -782.26904062 60.23801052
-94.26810998 -769.85979675 55.72605877
-47.87591290 -774.89317097 58.68183802
-41.45119000 -783.25987000 60.92663286
-45.84763205 -780.09702436 60.86093645
-42.29621429 -784.55971429 59.57241429
-47.86127426 -785.26234356 60.81183246
-44.61951429 -798.94491429 57.63883571
-50.52630595 -788.22382536 61.25707229
-91.62787750 -740.88182681 40.74781419
-52.88094378 -789.97887120 60.57785207
-55.93039405 -789.60362577 60.36833382
-97.46087793 -738.65992553 41.92256220
-117.50657602 -736.47620867 61.29767347
-118.32876169 -737.22045041 59.11191238
-26.62344222 -782.20666222 46.26293730
-61.57109069 -794.73537489 56.01820002
-115.39032913 -739.64384803 57.02607112
-105.74958539 -744.32129101 36.56734117
-118.59104072 -738.53935000 56.64154217
-43.32962286 -833.31011388 31.45791353
-88.35741483 -770.64459158 59.49019779
-120.32705806 -736.86329194 58.54170447
-60.43041429 -796.64570847 55.43856404
-50.24798750 -741.52431250 35.07650536
-85.11591350 -773.54899142 56.08806374
-36.03955000 -769.26610000 58.87354286
-80.50792855 -777.71570693 57.21570154
-71.73843235 -787.94668610 58.71967122
-63.32634286 -748.47037857 59.41527857
-75.52898622 -785.15236381 58.28981664
-90.06784000 -769.43174000 60.90891286
-91.38545957 -769.85641679 58.57968366
-51.51051235 -739.85586414 23.67467413
-88.35714456 -742.67670481 39.91105210
-81.42326460 -778.66411615 55.02329758
-78.38628350 -781.57024466 55.02039383
-64.91947711 -795.64842277 54.45459616
-63.64285000 -796.35860000 54.85526786
-55.46797607 -746.30766364 44.61617282
-34.68954518 -798.59743783 58.37722904
-79.26622221 -782.27829567 53.02412063
-77.89707564 -782.51297949 53.75101593
-46.01731225 -822.78765397 42.25682630
-67.62370576 -794.68683282 54.20492736
-87.55906197 -773.44193891 52.74117359
-84.90443946 -776.35930893 52.78977630
-82.44423649 -779.62542626 53.15868232
-80.34521121 -780.54088222 54.09697111
-70.70032093 -792.04187969 54.33379113
-77.96590000 -784.13450000 51.60389286
-69.68123910 -793.87072899 54.02550106
-93.17244898 -769.51751429 57.94041327
-91.69493014 -771.10180904 54.48439341
-20.31719183 -803.61839027 49.11331854
-86.52848125 -748.36149375 38.12943973
-87.93422068 -774.31421407 50.56426817
-85.68958412 -776.84605415 50.32471089
-73.62882597 -790.11941602 54.59383098
-75.06193421 -790.41400000 54.32470075
-87.29776451 -775.54997182 49.82411791
-84.49497929 -779.20101147 49.96662788
-80.08944783 -784.54267217 49.44184677
-87.96021713 -775.98444398 47.01555428
-96.04773333 -769.09780000 55.00479286
-88.48693716 -740.76565274 41.03421254
-85.18838625 -779.79506391 47.03681494
-80.76869679 -784.06051647 48.23942780
-61.42682366 -819.75933837 48.11127454
-88.37199772 -777.00124165 44.15318698
-43.43314457 -819.32029003 44.70493940
-86.75697926 -777.82887979 45.13201147
-51.90718815 -740.29723815 25.97195913
-83.69331411 -780.88230697 47.70885366
-40.78157268 -833.90264658 31.53129722
-80.67753605 -784.44119184 48.00342143
-86.21773436 -779.96729990 44.20563380
-81.46692053 -784.49443650 46.60147461
-52.74620817 -758.94806037 53.46726956
-84.36590142 -781.78690531 46.19974182
-86.56568232 -780.63038979 41.74255103
-40.54230120 -809.64507593 52.41783295
-83.79939364 -784.04235678 42.03323735
-82.43625799 -784.55377929 44.62940469
-87.76456104 -780.18269255 38.77508448
-85.67980622 -782.67555625 38.57888028
-32.66083415 -829.09745366 33.46064652
-98.92090000 -705.40974545 78.03526558
-55.76918340 -817.56369035 48.98296042
-86.32564865 -782.29398198 35.64153565
-58.94190994 -818.08039751 49.34246079
-60.28460847 -815.83166271 51.78798269
-61.44384483 -816.78536528 51.09768593
-65.54390000 -826.33914000 39.87865286
-32.37256214 -832.04067573 30.26530936
-61.43977602 -818.25184057 49.73603321
-37.45364524 -800.95525545 56.94433008
-55.53387339 -822.90875726 42.26593376
-45.32680532 -807.96616596 54.51501201
-64.33154566 -818.73735368 49.89482002
-61.48228141 -822.23045125 44.63059877
-54.86820625 -743.32175208 38.37166772
-58.52281061 -824.62631224 40.96474874
-64.14536793 -820.01818575 48.46659887
-48.36078333 -832.66287803 34.19317543
-46.44290058 -833.90457676 32.31547532
-48.46119148 -831.10790655 35.66583347
-42.66418414 -837.96236690 27.50740941
-34.15327374 -815.64064391 47.84248424
-45.11586250 -835.18581250 30.62945536
-15.69769412 -805.14803235 45.59563992
-41.57739130 -838.08862319 27.47824213
-40.69932302 -839.80274053 26.27911016
-52.42698889 -739.64046667 18.01430397
-40.49555313 -837.00106983 29.54380393
-46.56748145 -830.49793792 34.78108186
-39.63043551 -838.83090990 28.45067402
-47.69156034 -740.47442414 16.57666700
-37.83922857 -840.52538073 26.80605816
-48.48434021 -829.66226907 37.08769389
-56.72157727 -820.35891364 45.89777922
-46.01943077 -828.62712168 36.02581121
-34.44390932 -838.65766894 25.76194752
-46.76045290 -811.81058436 52.15190792
-36.06283333 -838.11906667 27.65690397
-86.91386667 -781.19743333 36.24405952
-48.23245000 -739.46920000 12.06569286
-43.33185953 -827.96097677 35.19994054
-52.40410093 -819.96481111 45.22654031
-46.61277089 -824.60740000 40.89130830
-35.08600396 -835.97397413 27.97373202
-45.74251574 -825.79217208 39.12645123
-32.90122500 -838.81246250 24.39146786
-44.26516346 -826.64181269 37.05922863
-38.67574595 -832.65855676 30.79862259
-32.44505230 -836.52444414 26.66772570
-37.60510284 -830.56965412 31.49546502
-36.89210984 -831.92106120 30.42899450
-130.42894551 -687.94540256 62.78303388
-43.29178150 -825.19267260 38.22855416
-39.89721975 -828.94216218 33.39061345
-50.96650000 -820.45520000 45.75199286
-55.92966107 -746.42714962 50.32792059
-57.21767143 -814.10416905 52.19167619
-56.60182442 -814.52335233 51.85604169
-31.10180412 -807.39215654 51.05296893
-57.49508185 -744.51978820 47.39581572
-50.31671974 -819.74771579 45.30428825
-40.43059495 -815.95277264 47.49402250
-44.05296295 -823.79077052 40.25756417
-52.50168171 -815.55665540 50.04245327
-46.32529023 -821.24549979 43.73183277
-49.48432688 -818.37229991 46.76249521
-42.45998947 -826.19528421 36.59980338
-25.17878162 -812.97200779 44.93236170
-31.63775739 -834.04372107 29.39386679
-32.91233333 -835.25003333 27.64429286
-40.19917215 -826.03327169 36.39932756
-37.33714892 -828.46147102 33.05849444
-34.58682615 -831.84582264 30.34664164
-40.43329203 -824.66427299 37.98418030
-52.29609738 -813.88333314 51.41800681
-49.22624428 -813.62786647 51.09636844
-49.51674510 -815.16527471 49.72044161
-46.43180147 -818.15884489 46.60418962
-43.77865672 -820.75829275 43.27779883
-40.70815385 -823.53580769 40.77956209
-31.64271720 -830.97006274 32.37733297
-40.53883941 -821.76483059 41.22106153
-37.53791010 -819.12805109 44.52008046
-39.92253939 -823.07098636 39.41689816
-32.72688000 -838.45084000 24.85429286
-37.48291810 -824.31510241 38.04164994
-30.38646941 -833.15446412 31.13495492
-29.60368297 -833.28510279 32.09328233
-46.42802603 -816.55154590 47.99519804
-51.84895450 -810.75166777 53.82128930
-60.50591795 -744.76235897 50.36183388
-85.54665200 -744.29283751 39.36909985
-73.69150526 -786.52804060 57.02779286
-51.73373438 -737.90763125 14.63556473
-38.24288763 -823.11358247 39.44625987
-35.33486061 -825.94001288 36.17832998
-29.84633095 -831.95448571 33.14343333
-37.59075650 -822.02506709 41.17237257
-34.55816415 -825.13126058 38.33391818
-31.57705097 -827.24697531 37.94538580
-30.72912698 -829.97227806 34.52778422
-46.35588081 -813.24215908 50.95583355
-43.39363882 -816.30795182 47.73750077
-36.29273256 -823.41609302 39.88290681
-33.35203623 -826.53095362 37.08615228
-40.42549692 -817.54305115 45.94305709
-34.17988446 -823.83256953 40.32044766
-32.30363689 -825.83475369 39.15632523
-29.63600769 -829.48933077 36.86732363
-46.58819663 -809.74402626 53.67644013
-101.94285000 -745.23635000 36.55109286
-48.45606667 -808.72502500 54.82266230
-40.37662311 -814.49768844 48.90756619
-37.43448874 -817.70017340 46.16242373
-34.95671632 -819.49269667 44.81791180
-44.17678563 -811.55762759 51.83819631
-37.44652144 -816.13925215 47.51226333
-32.86825714 -822.04197143 43.04216633
-67.51495138 -741.70083211 37.36768644
-50.89761250 -762.67046250 54.24718452
-45.71294570 -807.77586887 54.98307233
-74.88719706 -778.17276176 63.57792815
-37.67380201 -814.54811745 48.92699286
-40.73130080 -811.01431604 51.51882227
-43.45250858 -807.32639305 54.29655689
-57.72633020 -793.43077129 57.80325573
-43.45406256 -806.18234648 55.14736983
-55.40935528 -793.83224633 58.10987890
-37.43078345 -810.73605683 51.52930077
-12.57739614 -747.24846088 39.43231131
-37.42648190 -809.06890894 52.58066269
-53.37551729 -793.62952670 58.68665719
-25.25493202 -807.22688842 47.93249756
-28.39914636 -817.85103295 43.68682649
-52.83030214 -791.79120036 59.73545466
-28.24424982 -816.15827485 44.87077695
-37.44255247 -806.89195635 53.64809413
-34.19454750 -810.07459258 51.16256829
-31.02645906 -813.39857937 48.11397851
-27.24442188 -818.47539375 42.52722723
-35.19685874 -809.15190894 52.00591115
-29.13032630 -814.96677370 46.26747343
-25.28923086 -818.32706625 41.54292397
-26.67854390 -817.54829024 42.84502944
-43.28152590 -799.90500857 58.00681438
-43.56504555 -797.83445048 58.72122400
-38.53231228 -805.53640000 54.79469461
-24.71000609 -816.81352234 42.29816392
-21.68085023 -818.43126140 39.26759495
-50.85076935 -790.66493065 60.43580415
-40.27119669 -799.90647251 57.94128828
-33.22872941 -808.12075294 51.59080462
-27.16491538 -814.13136154 45.60242363
-22.36363867 -815.91903412 41.40337356
-50.80655333 -790.14182667 60.63123286
-44.18235678 -794.85525363 59.40785647
-40.47655897 -798.52749463 58.74992399
-26.41840180 -812.03264099 46.11013940
-31.94493204 -806.10013952 52.23949794
-29.29400641 -809.11351312 49.14358178
-23.56600622 -814.72944978 43.00156397
-45.78520582 -791.76233243 59.76166344
-21.06906522 -817.06538696 39.59588416
-92.45502222 -742.13190000 63.54108175
-22.77997937 -812.57362462 43.65230317
-77.27005745 -744.74365319 39.32349073
-37.74491205 -799.54205402 57.90806362
-44.52248820 -791.84444551 59.84073874
-37.54714016 -798.65873533 58.60876471
-19.95002904 -815.18856117 40.34949791
-17.53988172 -817.90637527 37.01485361
-16.32795641 -818.25486613 35.96969785
-49.56652500 -784.23222500 61.75199286
-35.57769318 -799.38630682 57.76284740
-31.89887308 -802.48800769 55.04747747
-31.86299216 -800.68902064 56.05707296
-58.75532765 -747.25820917 59.41559771
-28.74033455 -803.54419461 52.41008429
-19.43726326 -812.89360671 41.56349486
-33.88196364 -799.18881061 57.59872771
-23.31879469 -808.76735411 46.03536387
-20.60589286 -811.72953810 42.89544643
-13.84722712 -817.76030795 34.94138135
-28.60804603 -801.72987088 53.59969734
-22.38680798 -806.63881087 46.93869059
-19.60367269 -809.43120981 43.86453407
-15.91914510 -813.58593858 39.17835755
-13.25660120 -815.96945665 35.63792582
-18.63617455 -810.79922485 42.32854740
-26.30357529 -802.72157765 51.99824992
-21.30377179 -808.07080769 45.53412619
-23.31021702 -805.50764043 48.92318860
-19.13038221 -807.24741074 44.99817885
-16.30884580 -810.04465368 41.84835804
-39.31417674 -786.14029581 57.31120681
-59.82900000 -826.73288889 39.87033730
-17.24992890 -808.95266012 43.07376916
-38.75218226 -784.99226290 57.92897350
-36.18883784 -787.42890000 54.33004421
-16.48422500 -805.45552000 45.85782619
-46.79352857 -743.83312857 76.05043571
-29.78634286 -801.26365000 54.83700714
-33.20242963 -785.83210185 51.57725582
-11.60679714 -810.94936571 38.77642571
-31.76866492 -785.04536155 50.50057717
-14.74821550 -806.16285504 44.80405177
-32.42919781 -782.65616579 52.33859615
-137.02783023 -692.57565078 60.07713627
-72.75985000 -736.17955000 66.36044286
-55.88191818 -749.99223636 62.25262922
-30.04513333 -783.96516667 48.64402619
-63.37534706 -749.71819118 62.32940462
-28.42118503 -782.83078035 47.56559954
-29.51988710 -784.44583226 48.24497028
-30.05120000 -775.18825000 51.58664286
-23.70858119 -779.04524356 43.06802850
-13.80551000 -739.09714917 43.31433536
-32.86100000 -739.51775000 59.39556786
-20.83738000 -771.98980000 42.01871286
-40.48111667 -841.67775325 23.96187213
-47.79986667 -735.54995556 14.48137063
-43.30674194 -804.92739677 54.44403157
-34.78900000 -736.22430000 63.10159286
-16.07570631 -741.71835315 42.38500727
-88.50511108 -746.75336419 38.41256248
-60.11455000 -742.69300000 43.39164286
-55.28638690 -749.53289329 47.92485464
-13.45536911 -743.73414373 40.69022104
-16.46762437 -739.03766142 44.19611265
-7.57891140 -746.75745389 37.67957267
-10.18801149 -744.18150097 39.16493380
-14.24064143 -739.72250762 43.13516905
-4.87670250 -746.92693857 37.00928432
-12.22730000 -739.07700435 42.55507547
-10.63664803 -739.05092697 41.62174220
-7.16438241 -740.68065536 38.68082012
-5.43787054 -743.86238193 36.97019806
-3.54452693 -746.48341920 36.49289473
-47.28425925 -737.26699213 13.58215152
-8.46646953 -739.91556250 40.01663426
-1.49895281 -746.33462315 35.70346388
-3.88738558 -743.66972896 36.14193342
-8.54811818 -739.12974848 40.15510195
-1.51398279 -744.00588465 35.08509385
-3.75860000 -741.00402632 36.22431157
-44.40124528 -738.57636792 12.43143437
-5.34355000 -739.22350833 37.43458452
1.31494263 -746.12495440 34.68545444
-64.05876139 -753.81034802 65.81956909
-34.88293333 -778.86100000 57.83695952
3.77562100 -745.74200822 34.31247322
-65.69554545 -742.65538182 36.88095649
-51.36641176 -739.61007647 20.82803992
0.97019796 -741.69695496 34.24823739
3.68693568 -744.12060295 34.04812286
-127.68301545 -688.08991636 64.16584468
-66.36488889 -750.48040000 69.58078175
-68.96240000 -780.14003333 65.79105952
-66.20923750 -742.88378750 36.61961786
-55.50468000 -740.86966000 46.00921286
-14.90317500 -808.20795000 42.19140536
-4.06700000 -739.24770000 36.62819286
-138.13248571 -691.62150000 58.92265000
-90.94088889 -751.56025185 55.67411878
-35.71844706 -784.56414118 54.97214874
-35.91777778 -787.44311111 54.36013730
-50.89340000 -774.46987857 61.07562143
-17.81820000 -814.36360000 39.79409286
-46.78006667 -782.46640000 61.13587619
-58.71170156 -746.61192287 56.03167214
-29.76151923 -828.89781538 37.32461209
-33.29156667 -835.22423333 27.65895952
-62.85620000 -796.20240000 54.68009286
-53.94510000 -817.34540000 48.70879286
-37.94480469 -841.52777578 25.26221473
-37.48454749 -842.18854146 23.89676220
-39.34838929 -841.45165357 25.06677143
-47.89865000 -829.54718333 36.84077619
-42.38412410 -841.07932530 24.46704587
-54.87304571 -741.95862095 40.63541286
-42.18383721 -841.53921395 24.02300681
-77.96280000 -784.33350000 51.61629286
-27.41205000 -743.87898000 42.62347286
-45.02053333 -838.79326667 27.58135952
-76.73785387 -740.85061575 40.96402904
-42.87390000 -841.31730000 24.72219286
-53.34596521 -752.98370511 50.70382887
-55.85928057 -743.86196381 43.92317736
-59.71249333 -823.39221333 42.78671952
-58.74784338 -826.02830031 39.50738301
-61.73754261 -823.55419942 43.09807489
-61.31516358 -824.92504647 41.23956220
-64.47252340 -820.94833630 47.35735149
-64.40783873 -822.58465192 44.77218722
-58.53971760 -744.32293763 53.05317718
-61.57477784 -827.13496916 38.98758787
-65.82750000 -820.32495000 48.74394286
-66.95089742 -820.53932618 49.21311260
-66.47738058 -821.60278525 46.98618135
-61.79135000 -826.47811400 39.78060486
-96.06940435 -769.45513913 54.84905807
-84.11921905 -784.51170714 41.47239286
-63.95904286 -826.24016190 39.63233571
-68.35709167 -826.35385000 39.80582619
-83.94655000 -777.66615000 51.61434286
-49.04980000 -754.08650000 75.73509286
-73.76486000 -756.94655000 72.63166286
-61.07392140 -747.57003539 59.48838257
-61.79171786 -748.65734821 58.95458393
-30.09396000 -784.47964000 48.63099286
-138.63031471 -687.64288039 58.24902031
-139.10229333 -687.57943333 57.62403286
-138.53331600 -689.55986650 58.55110236
-136.63137209 -687.63600651 59.46955007
-136.84720800 -689.66687760 59.86551046
-135.46933514 -690.12828311 60.90874961
-135.69023348 -692.82639554 61.10485402
-136.36165889 -695.30353111 60.37954286
-135.48034728 -695.73826736 61.15553010
-128.85172500 -688.02328333 63.61520952
-129.66490000 -703.43710000 63.67299286
-117.03660000 -691.16686667 70.12709286
-96.04240000 -687.98490000 73.79246786
-96.06864667 -689.03746667 74.44422619
-107.49940000 -730.23300000 72.66052619
-80.62337000 -718.65100500 78.73703286
-90.21880000 -739.25015000 67.92484286
-87.92560000 -742.31890000 66.72759286
-76.14072500 -731.77491250 67.51773036
-56.37915000 -718.37325000 67.45689286
-59.48445882 -743.89190245 55.58002766
-60.55517695 -744.04307695 54.00023195
-60.76441053 -746.30645789 53.56779286
-57.86486272 -746.21854286 49.80992944
-87.33166667 -772.38200000 57.88685952
-61.72060270 -748.59780270 56.87859556
-58.27964289 -747.66276618 62.20332365
-87.16865000 -775.65200000 51.71439286
-52.62948757 -761.36752363 54.25110663
-52.18572684 -762.34705905 54.98178212
-52.19850464 -764.00748278 55.35562796
-69.06395000 -825.40950000 41.03384286
-47.41082538 -740.18865038 14.03186218
-35.91245000 -838.66945000 27.75976786
-35.92435000 -841.79905000 24.24079286
-55.03841346 -741.08856577 32.10394516
-87.14218462 -781.47236154 38.15554670
-57.42978539 -745.89224566 48.05023167
-54.33447123 -755.92031164 52.11854971
-54.73917895 -754.97273684 51.38160251
-47.65740746 -739.94616866 20.03599435
-34.58986332 -741.45569045 41.92512954
-92.37160000 -714.84276667 82.07585952
-63.87530000 -766.96245000 72.73579286
-47.66225000 -738.66355000 27.89651786
-49.96760000 -738.95200000 27.87702619
-50.13236556 -738.62596556 25.63939175
-63.13832500 -748.76412500 56.76106786
-70.99343571 -748.12977143 72.61371071
-51.74027698 -738.75414399 25.96584708
-52.72962576 -740.98254955 29.42284331
-64.66657500 -743.33450000 64.59741786
-52.24930000 -739.13398889 31.00994841
-51.86258442 -738.59297273 28.76113052
-53.15062887 -740.86214930 35.24415201
-54.57386984 -741.40708007 35.18660732
-58.47231667 -741.47565590 32.36061716
-59.02768261 -742.44755652 32.85274503
-65.93106667 -726.41646667 72.71749286
-105.02457500 -740.37070000 62.17001786
-108.56975000 -730.48879583 72.79865327
-37.28181951 -741.22728537 40.88786664
-75.32880000 -759.23440000 69.64349286
-60.51776818 -741.36032424 33.14043528
-63.10570000 -748.26490000 62.25799286
-78.13202500 -784.39451250 51.83121786
-32.67271000 -737.53815000 57.45237286
-88.40147462 -748.52840000 37.85165516
-50.30824444 -742.49932222 26.25925952
-53.74735700 -747.10699300 46.79821486
-88.62948745 -744.20238863 39.21745861
-51.18315000 -744.91300000 72.46704286
-61.75027357 -741.59419429 34.51216749
-41.96020000 -811.80090000 51.72769286
-82.97287007 -744.63401496 39.35348454
-85.43115523 -740.66708365 41.30044902
-88.71383874 -738.79662368 42.36580445
-61.07276000 -745.49040000 43.49025286
-82.73638959 -740.75424499 41.40248843
-87.78598125 -738.46527917 42.75927619
-41.80526429 -808.46439286 54.88590714
-85.85683426 -738.60324542 42.76527493
-48.52582541 -739.74432172 14.77053917
-82.96655506 -739.09308689 42.36659473
-83.07665172 -738.96891379 42.77127217
-49.77116394 -737.93159428 17.27577330
-49.19962226 -739.99254036 17.59562283
-32.80581429 -809.77287143 52.23717857
-49.30827273 -735.96676970 17.22513225
-55.16740000 -742.30070000 30.40609286
-54.32992566 -742.73245664 35.91711941
-56.91557143 -745.15215714 51.92233571
-63.07070000 -743.29080000 60.84339286
-44.70340000 -797.75480000 61.12389286
-47.39203846 -738.22401765 16.98526480
-44.93330000 -739.96300000 15.42749286
-47.65452462 -738.90319538 19.51728363
-66.13920000 -739.19200000 60.54729286
-88.12897143 -726.83499286 78.82263571
-51.37442843 -738.73075065 23.41681802
-47.84207647 -739.85001176 22.42791050
-53.88435000 -710.77040000 64.72539286
-49.53555573 -740.95961374 31.89691576
-45.85686582 -740.43656076 34.58919412
-46.59651765 -740.08444559 33.14257227
-57.07988333 -740.71748333 30.47710952
-42.67640465 -741.09661628 37.33234635
-31.87738065 -741.59203871 42.46578963
-39.42106667 -741.56790000 39.84293730
-40.67283864 -741.33290000 38.57384740
-31.97894286 -799.50498571 57.86715000
-50.26602500 -742.59951667 35.59643452
-33.26170500 -742.93282500 42.83579786
-53.13547695 -741.61570743 38.25060104
-54.79152344 -741.65781914 37.98989038
-61.24527358 -742.49017547 34.43747588
-52.72955864 -743.54692438 38.05641014
-53.60726226 -742.00558302 40.13644569
-66.61805789 -741.66602632 36.50427707
-67.53007183 -742.76676268 37.36924497
-56.00047825 -744.22083066 47.02476068
-72.65005882 -744.59426471 38.37922227
-53.78023913 -745.73816522 44.68984938
-60.33130000 -744.60767000 47.75075286
-53.46432745 -749.07887843 48.15049678
-53.43780000 -746.73802500 49.38621786
-53.55088033 -750.29446721 49.22659340
-54.84521381 -750.15141479 49.31221909
-23.76732000 -770.07887000 45.77723286
-56.50118591 -746.57283557 52.93771970
-56.57279787 -747.09287872 55.33539498
-52.68649673 -754.95401634 51.24995887
-63.45935135 -741.82574595 57.15664421
-56.52658889 -747.93263333 58.61416508
-56.71776000 -749.73469000 59.73657286
-44.00333333 -742.22976667 69.45602619
-29.93570000 -769.49380000 54.99099286
-65.00465000 -728.56688333 72.79192619
-53.23490000 -759.72350000 54.93324286
-54.03735000 -760.79756667 53.89192619
-56.49973285 -748.00177220 65.20699286
-77.38660000 -718.30705000 78.82004286
-50.75491538 -763.53783077 54.53437747
-50.56752551 -746.34459592 68.40878367
-52.77053594 -747.56226406 68.71470379
-81.85966000 -727.09022667 72.58530619
-63.16170000 -751.86512000 62.78547286
-51.51405833 -769.95973333 57.36920119
-50.95110000 -751.25160000 75.75969286
-89.33115000 -775.21800000 45.49349286
-48.43310000 -781.14140000 60.75459286
-62.77660000 -763.37680000 69.25999286
-65.62580435 -762.57559348 69.36287764
-72.27390000 -760.34110000 68.22764286
-72.43910000 -760.27080000 68.21619286
-72.20254444 -764.66034444 65.75344841
-36.28850000 -799.28770000 57.63249286
-59.02180000 -745.44092500 76.01091786
-87.03120000 -781.83410000 33.69479286
-29.74040000 -779.95430000 51.72009286
-56.58955152 -748.96980303 55.31148680
-57.97015833 -748.75773750 55.61373036
-59.92590000 -742.17330000 33.92569286
-26.86600000 -744.17270000 42.55089286
-50.72171667 -742.68966667 31.74819286
-53.51860000 -739.10175000 36.56026786
-52.76384286 -735.51282857 27.32523571
-74.07411935 -742.66036290 40.11918963
-60.36231250 -742.34567500 33.25074286
-50.74770182 -742.53060182 29.58076922
-51.50661437 -742.50135210 30.11733537
-77.98790000 -784.62520000 51.76649286
-54.52255756 -745.60570966 42.19974790
-105.13486667 -736.36216667 66.71842619
-58.12418864 -749.21504318 54.20907240
-57.61610000 -751.32530000 53.69619286
-56.70880000 -748.39045000 52.65539286
-54.86680000 -742.33510000 30.78509286
-76.17571628 -745.68338605 38.23612309
-90.62580000 -738.22080000 42.70539286
-45.35590000 -742.37920000 14.75839286
