-58.62501474 -793.20577237 54.69168270
-33.23155896 -763.99964104 49.05050200
-63.07595190 -773.71608608 54.74480166
-48.51834286 -715.30868571 54.63521161
-63.08828765 -743.12133412 34.08805463
-82.84618556 -743.77668343 37.19617229
-56.98754993 -811.07864556 42.21045827
-60.08765409 -735.33390675 60.34043068
-64.18066093 -735.08597576 60.17870192
-69.08091613 -742.19714516 36.53051714
-65.04216917 -755.92878666 52.89136693
-50.95527619 -742.22020476 36.09736399
-59.94104121 -746.30857987 55.32747423
-56.34736238 -758.67205254 52.44981470
-74.07702717 -734.57113298 61.52974414
-103.45000332 -738.89766262 37.04044931
-55.66265224 -813.90735634 36.27143753
-56.68647778 -742.22834444 51.43029097
-52.82397941 -745.68616471 32.31459816
-49.24213527 -762.79190354 55.98989706
-35.23096743 -794.88993058 53.66791445
-79.36935863 -742.55992964 57.09465018
-50.16684300 -748.56880200 52.43799575
-46.32872907 -794.20742764 56.00105102
-100.54093007 -739.62041569 36.93007006
-45.55958000 -784.48002000 57.82558875
-55.31198954 -739.57269498 61.63542063
-37.06830000 -742.35020000 40.76363542
-83.29538207 -701.87157030 58.01088865
-80.09062984 -701.82626747 57.94913516
-65.16068544 -758.63049951 53.30979715
-72.90492000 -766.18790133 56.08916075
-42.19262791 -797.20564175 54.88318962
-41.20338537 -784.07963391 57.64003668
-50.48228461 -792.00402715 55.52353198
-52.13048776 -749.93120102 42.26218304
-61.04910946 -804.66399382 48.09034443
-45.47451429 -739.77372857 18.42029732
-85.76672212 -699.23484428 58.54792167
-63.10741595 -797.06305816 53.02390679
-52.84057527 -752.88345914 44.94428918
-88.66048250 -742.68702142 36.99320693
-53.10738901 -746.83494799 47.56539329
-101.08579380 -738.66354063 37.44866290
-35.15260426 -790.75630186 54.93388777
-33.96122574 -742.67554257 42.98019152
-65.47143118 -793.69461250 54.96687924
-59.10198454 -729.24440504 63.39470836
-53.34046446 -728.62031527 61.89401724
-44.21096619 -767.87467452 53.51802920
-41.18900079 -782.87107502 58.19443058
-52.01537500 -740.74580000 33.27786875
-33.75726000 -745.48992000 42.39196875
-50.78035263 -745.14492632 41.00371086
-59.18194480 -791.86187200 55.39361549
-52.39293333 -757.65326667 48.71375208
-62.14538676 -735.25061250 59.55290912
-52.85840827 -782.21359917 57.90501113
-49.40194820 -740.73874778 14.68848841
-53.35986935 -812.67584145 44.13844722
-43.00420000 -743.00805000 36.93291875
-17.13008409 -743.77893264 44.93516486
-86.30490195 -738.96433720 39.29508612
-47.95241494 -742.33397095 29.72267248
-52.91458333 -742.13265000 38.14963542
-60.99973630 -806.45354506 46.75695210
-62.21766651 -746.99839077 56.07039167
-45.22046541 -803.12234819 49.17568727
-69.53340000 -802.43190000 50.60726875
-68.33223068 -800.73764538 51.48762632
-50.01203623 -807.61779969 48.18367683
-82.98480821 -739.18634765 39.64447072
-59.81286616 -738.80571591 56.07603678
-95.65642709 -741.65836232 36.52511773
-64.15652271 -787.11749653 56.67780755
-50.05597327 -813.77678566 35.89951735
-64.73071212 -744.47730346 56.44846837
-45.09307880 -743.22397880 33.22592928
-40.59959526 -795.57890975 54.66285067
-36.26640000 -784.93260000 57.80586875
-92.12780149 -740.62052730 37.62515244
-40.16890633 -768.37153230 51.48039915
-92.72042654 -742.22670332 36.62671425
-62.39441372 -795.07068357 54.05826601
-59.20750110 -808.01994335 45.44277044
-27.53311526 -800.58608579 52.50461928
-60.73518889 -808.81199306 44.59682153
-100.17080455 -745.56930909 33.73925511
-58.91294407 -749.96558033 50.72840998
-67.53665385 -740.95594615 60.83303029
-50.23946254 -795.07906631 54.04839872
-51.16676471 -745.54956471 41.33857463
-53.19129954 -726.31283401 61.76753979
-46.91968782 -782.81087631 58.16901233
-56.00140306 -732.11454234 62.10613896
-81.85555385 -739.21278462 39.82459183
-76.94327816 -743.93139158 37.44918031
-44.11530800 -742.16407400 34.66642875
-47.86797954 -767.75123718 55.12049450
-79.97871870 -737.55511121 58.22572216
-79.25312333 -740.16933369 57.96843922
-67.10749051 -744.06530560 60.86176753
-73.98738304 -723.24201813 62.06357328
-67.26073646 -763.56853125 57.91660625
-68.05542375 -716.92922058 62.02596801
-58.49986372 -725.73965008 63.22925217
-29.08689127 -797.90871170 52.56908592
-53.52615606 -814.02350986 41.82543144
-74.15868943 -716.87080805 61.27178964
-5.28801380 -746.52307596 44.28113623
-60.79377381 -744.39465476 54.72901637
-50.70404679 -744.70779914 35.10391583
-82.06539939 -701.87278242 57.76190966
-78.53405000 -704.49630000 57.78979375
-66.12741602 -799.67128750 52.01040820
-50.28869914 -782.61313339 58.01391939
-76.33408946 -800.06857109 52.09886909
-101.16359397 -741.43461005 35.73749801
-54.82306957 -814.63770000 36.59952092
-53.05623677 -745.96188105 38.34169989
-56.30426203 -749.65568701 50.42779712
-38.15926558 -767.84934304 50.44230473
-108.70797500 -740.26187500 35.60419375
-49.90415044 -743.05925871 29.59372959
-14.37622554 -739.29040390 46.38100555
-2.42684411 -741.40104099 43.96236130
-20.16894092 -749.09981047 44.19532657
-55.25202215 -799.92139799 51.89401774
-44.73529460 -807.98166191 45.18574850
-12.14828571 -739.28868571 45.88863304
-67.96102446 -789.38469546 56.27128816
-14.41610439 -739.99574777 46.13993635
-57.08167434 -742.10752928 54.07468191
-11.26655000 -746.87520179 43.89460705
-61.00996900 -748.30373250 54.15865675
-31.98707158 -743.69767670 43.42196868
-56.31514308 -807.16021376 47.59412270
-62.89282497 -741.23923852 60.70343085
-61.02335556 -739.10556667 54.70583542
-51.08730420 -717.96974286 58.28853766
-32.52081089 -765.37639338 48.18776750
-52.97961476 -746.17367657 52.08169015
-35.26758197 -743.61170864 41.64723726
-77.13519432 -746.59823764 36.98849660
-41.54818091 -767.69809322 52.42854687
-92.10009268 -746.66103301 34.94363083
-78.52997500 -727.47590000 63.82714375
-31.75530588 -741.71874596 44.35647484
-37.80275571 -765.21246553 51.16590490
-71.80736614 -742.18526357 37.51016178
-66.20901667 -742.16826667 34.97231875
-55.92985683 -803.82274931 49.71326645
-37.93415632 -799.94685097 53.50576024
-45.47840000 -739.50690000 15.32751875
-52.80794466 -759.16732176 50.29473744
-41.24227837 -791.93060833 55.47540925
-63.35570110 -742.60749780 60.50186765
-48.49960000 -741.93371667 25.89778542
-57.10411000 -804.95339360 48.50951755
-55.70087500 -745.72917500 32.64471875
-62.09012275 -763.01519872 58.14427157
-99.87288125 -745.53698750 33.88306875
-81.13005982 -739.29257188 39.72655223
-85.05774795 -710.13844874 58.84888131
-47.95388261 -743.00435116 30.13672487
-53.35303907 -814.99330140 38.40560060
-48.57592353 -734.41304706 61.62069228
-85.61800000 -697.40460000 58.77566875
-98.16625640 -741.42514868 36.24106651
-62.04520222 -773.22196563 55.16284821
-53.91214419 -745.24497120 41.05486285
-65.04852926 -716.98712670 62.36687549
-50.10117438 -722.82812209 59.60803497
-59.26163381 -758.08057216 51.62448608
-29.01553748 -800.85519016 52.39684575
-55.54108839 -745.79459821 34.86748393
-47.67781652 -740.92356172 59.22001133
-67.76747612 -711.23229204 61.08127585
-79.77534606 -716.53769104 60.40655963
-101.73248158 -744.92517105 33.74968980
-73.05060644 -767.64722200 55.60185219
-50.32985974 -745.68490000 34.98497265
-49.96510000 -745.64090000 33.31236875
-66.23083396 -751.87493892 55.03455271
-62.45145271 -758.70469938 52.74847616
-50.32054039 -780.11397289 58.31609463
-52.73607887 -780.00981798 58.02572567
-89.05049185 -738.94219704 38.93593569
-26.39164139 -741.99955743 45.57886520
-38.18605362 -788.88416160 55.66168810
-77.10278424 -735.64028405 59.70956266
-47.18635207 -810.97889087 42.43258805
-51.69013333 -742.91363333 24.02276875
-82.70290729 -740.52060651 56.53126899
-51.48015595 -748.03081429 51.60160089
-68.31367047 -728.81868043 61.73137766
-83.05923183 -717.75363415 61.12300960
-74.08222623 -800.59433378 51.27122975
-68.34909813 -737.63132280 60.98424150
-63.31382404 -733.14215683 60.44000044
-65.47510330 -749.66116035 56.23885932
-59.04445516 -803.05441471 49.23956796
-68.69962857 -709.33167381 60.41433065
-71.37190106 -743.36216667 59.81219173
-41.17002525 -762.13135221 54.03121328
-72.02129474 -799.29979474 51.75968059
-64.93411580 -770.86622257 55.33689753
-74.38086490 -745.66569408 59.17863048
-54.78362500 -719.30967500 60.74936042
-74.10129672 -797.77908157 52.75938397
-51.63315000 -775.37135000 57.82596875
-53.12590662 -776.32979675 57.63963643
-59.25880697 -765.45396481 57.50705321
-58.64232338 -737.54265595 61.14930341
-33.37145556 -745.49253333 42.51749838
-70.83126986 -793.74030887 54.92332371
-41.31215089 -764.89515596 53.18882218
-55.32010000 -746.49745000 44.01291875
-51.59710000 -750.55820000 42.64506875
-34.96205080 -800.60273633 52.86773476
-57.86042759 -743.20430000 50.17919289
-89.12926891 -740.56373790 38.02793249
-29.09255906 -743.72389134 44.35312029
-58.79472500 -741.88338750 51.72003125
-61.87245677 -731.69297167 63.09510809
-55.07311730 -812.10267012 43.91668836
-79.74010000 -739.53905000 39.89486875
-56.72135552 -765.54131860 57.35182263
-38.61028732 -784.27378099 57.70405783
-28.39983506 -740.55949870 46.02805354
-76.59041429 -742.70986167 58.13076536
-58.63039731 -810.93022184 42.05626017
-62.17193085 -729.46607923 63.03983235
-52.96341847 -799.95712496 52.00866374
-33.32809155 -769.56279296 47.34241945
-54.40241309 -738.54866440 61.63151954
-46.55950233 -804.89462187 48.52422022
-54.31791250 -745.93260000 30.78626875
-50.99434153 -731.85807010 61.10950953
-46.48396032 -768.07996692 54.43449713
-52.79514309 -757.07541301 49.10655168
-75.88214861 -800.60252083 51.63839884
-46.95269336 -738.60953476 14.11549403
-51.59190000 -775.75135000 57.56386875
-68.04455811 -735.08643623 62.29275404
-49.99262612 -801.29874559 51.35015983
-49.01456522 -769.60403913 55.21776440
-12.25028582 -739.73384681 45.89023116
-73.10540000 -711.97945000 61.67796875
-50.17758063 -747.36305393 53.44873210
-58.09240187 -812.72373403 38.80085481
-53.66190606 -793.37394848 54.78509905
-64.33381726 -732.76107133 60.58595677
-67.98499468 -741.15926885 60.46642613
-47.83827487 -730.90802394 60.02126476
-49.91775982 -717.01716645 56.72015304
-52.83777717 -761.00199345 51.42002541
-13.92409251 -741.32797887 45.42176651
-51.61713000 -774.00895000 57.28891875
-71.86032225 -743.33921797 37.05581985
-94.90272038 -746.53836913 34.46453096
-7.98275172 -739.32273103 44.44678944
-56.06714310 -725.87319139 62.69490362
-36.94965309 -762.97142586 51.59575205
-48.29367614 -805.74879205 48.97747216
-64.32213450 -742.95823860 33.60243425
-50.92056104 -743.71052902 57.49040660
-68.05495612 -768.00894628 55.75129728
-50.10352839 -793.52522712 54.85599841
-56.25836514 -743.79894044 49.96927890
-48.35951667 -715.62152500 54.73574375
-55.35715909 -746.36125682 37.83123920
-106.26905385 -739.27853846 36.33203670
-35.35603003 -792.14463076 54.39335651
-23.12952395 -743.82536058 45.05549546
-55.17316000 -739.94296200 58.16783530
-58.16036667 -739.53440000 60.96423542
-45.10942107 -763.73433713 54.94449949
-54.80414000 -745.24789200 41.26261675
-60.96403273 -742.08595455 56.32246693
-53.14183333 -759.35338333 51.90261875
-65.12423739 -765.19694418 57.41532211
-33.33279569 -743.86894523 42.59515552
-51.42300000 -755.86077143 47.51248304
-68.18018291 -795.48162202 54.21142596
-51.96574444 -741.68325556 35.44400208
-39.97678409 -799.55110000 53.91992557
-59.10168398 -804.52931131 48.16957622
-54.00524133 -750.78549200 52.25508155
-77.26255279 -737.71950602 59.07893715
-48.33985000 -744.65234412 38.41790110
-48.27252948 -812.89519410 38.87006830
-80.36369548 -748.54178342 36.47906021
-73.28078097 -743.08295354 36.40915769
-103.06275000 -744.43847500 33.75568125
-56.65820543 -751.98311558 51.32628312
-58.79095533 -799.18520952 51.66568213
-60.89948409 -738.63869261 56.11231080
-59.85079200 -748.84347916 52.54797534
-48.92578824 -784.56549412 57.85502463
-55.07758430 -746.67875702 48.41458445
-52.77042693 -783.53108238 57.68955853
-8.18251221 -744.05284333 44.15235604
-65.20813801 -726.01483577 62.55785267
-55.97080739 -812.49654129 41.13235449
-50.08747295 -812.89515502 41.47725345
-52.62659547 -755.76783484 47.82710795
-65.05587091 -767.94037572 56.35804695
-50.26065706 -743.36260059 26.43130640
-44.93457378 -804.35122562 48.15462212
-55.79538824 -784.23321849 57.76446455
-41.89180000 -742.35656667 36.15586875
-67.31852991 -756.46991935 53.15002827
-2.13511500 -744.09053321 43.90836620
-58.12777629 -743.08782165 30.29284916
-77.27675494 -723.06541339 61.44337030
-56.67477193 -799.23130912 51.71518138
-51.22891623 -814.84863067 38.38528182
-30.47035246 -793.23034918 54.08058186
-47.38809195 -743.65855747 34.70816070
-62.21402453 -744.05773203 55.82568684
-8.25178835 -740.95714696 44.46315480
-68.17565274 -722.76186775 62.71418776
-72.74986207 -736.48358276 60.85733427
-65.22077424 -773.06120412 54.56689954
-92.13926101 -743.82404938 36.02558294
-71.09429387 -716.90000485 61.63588321
-52.91968131 -740.57767342 58.16615264
-74.37596588 -799.71660588 51.92317934
-79.84293403 -722.89233935 60.68594120
-58.30773333 -784.29172946 57.67260673
-60.87812488 -803.25184925 49.21918368
-71.19110280 -728.75896935 61.74911497
-50.08504933 -741.16472551 58.72122350
-83.53990565 -699.52552990 58.12537846
-74.80443356 -746.18440558 37.07110391
-31.43259867 -802.51852000 52.33004075
-68.11360833 -797.88392719 52.95867044
-81.26296818 -700.20301636 57.96060057
-67.99622117 -720.12211539 62.55578038
-53.00166348 -746.23782291 40.69919118
-52.59863028 -764.87081774 53.92337476
-51.59520000 -762.43312500 52.16539375
-47.97485513 -812.02221477 41.07606415
-39.72220000 -743.08720000 39.81236875
-35.20605794 -797.84902731 53.15050894
-50.47410482 -742.77003747 58.02181668
-39.74161667 -766.23629444 51.74191319
-64.62622410 -752.60799997 53.60462650
-43.79805637 -743.41297030 34.88052826
-32.17385890 -794.88932035 53.31345597
-86.09275995 -744.73447917 36.49289847
-50.01004108 -742.07946973 31.38172064
-58.11968582 -753.76325273 52.08124039
-63.09403987 -717.07155316 62.66807054
-29.37437702 -741.48857787 45.27705018
-41.50796565 -794.61950165 55.06851133
-71.15587138 -797.88721174 52.82093893
-62.00172529 -786.68928480 56.87203666
-68.15424239 -799.76704207 52.05938174
-61.27151660 -754.68583444 51.70558908
-60.74200000 -802.11139512 49.73353460
-53.08743597 -803.76674113 50.62816437
-49.25902411 -741.81930988 26.11045333
-80.08200636 -744.06158153 37.32738659
-53.08609408 -767.87995488 55.37234243
-50.76439845 -788.81323112 56.70843822
-16.85120447 -741.76105961 45.57098927
-59.09849899 -786.12708927 57.19816579
-53.05752917 -745.06720179 37.87417937
-55.76608204 -742.96932424 29.62909928
-32.31123361 -790.93570624 54.99605782
-51.60216000 -760.88878000 51.01919875
-17.00988443 -748.93233712 43.85955216
-46.87102461 -785.92448016 57.53830923
-16.64009602 -739.31268295 46.82678352
-60.67353333 -739.53170000 54.67830208
-49.63533226 -813.56489919 38.17037607
-26.29317732 -748.83826030 44.28525590
-47.60265620 -740.34192243 17.29532653
-74.33833158 -746.63328246 36.73794507
-62.24571610 -788.89971332 56.47929720
-54.27735965 -745.12428158 51.95115910
-53.82821875 -811.48158750 45.87939375
-53.26824805 -748.99587506 51.02250498
-53.10714762 -766.24338333 54.96569732
-77.11941677 -704.83202008 58.20031222
-74.29398129 -713.80207374 60.44996692
-97.73503405 -740.13891270 37.10968116
-58.97912849 -809.33465206 44.17468814
-77.03569620 -740.81866673 58.43877242
-52.54076712 -743.36389209 27.29386768
-71.82223605 -802.74560544 50.87072793
-77.02288098 -741.26629169 38.87961354
-58.44874161 -797.79274671 52.43875341
-45.02686000 -742.24286400 33.04450075
-57.25010125 -764.04321212 58.01626010
-50.20732727 -742.62703636 18.29195057
-29.68021595 -795.32153379 53.43054135
-23.13707914 -740.80841157 46.45123744
-34.08130000 -802.43270000 52.30646875
-68.26041116 -743.10315203 35.66907038
-65.25528112 -797.80839369 52.84375250
-54.71976667 -745.35810000 34.92436875
-54.31062500 -744.23995000 45.32948125
-74.20880876 -740.86500886 59.31498314
-50.31902706 -809.32946006 46.68417004
-73.96405942 -732.24454469 62.05839886
-51.81005000 -742.32205000 26.89724375
-74.09503562 -803.01967687 50.93103609
-61.10215213 -752.98659851 51.46877648
-58.38403114 -811.78343733 40.63647126
-49.13005924 -715.05891783 54.43331907
-38.83403272 -743.52564767 39.02450665
-14.05196813 -743.79582917 44.71010144
-51.73430000 -742.23373333 24.16643542
-68.37704663 -771.58343726 54.58454235
-81.45088333 -739.24888333 39.82320208
-52.66504883 -770.93133402 56.37575730
-54.92620870 -751.07462609 51.93997092
-56.76158317 -743.54146040 31.41059944
-68.12628519 -745.50312963 60.65636505
-52.75066025 -774.04833248 57.27242789
-78.68516667 -727.54936667 63.74780208
-52.70086649 -762.31730237 52.60897447
-50.59303491 -743.45444040 32.17667287
-44.14424167 -765.02024750 54.24374380
-56.04691897 -795.07034085 53.96110229
-52.88258129 -739.30581903 58.35244843
-77.38258217 -720.02646420 61.64287556
-74.10454020 -719.97278327 62.14804312
-32.06492351 -800.76608589 52.46045480
-58.13985625 -748.09821139 51.29780071
-67.31617149 -747.66162511 56.70778428
-51.06523488 -814.75888605 36.29073387
-73.93299950 -799.22475446 51.71714895
-66.07598909 -772.11693303 54.69189057
-55.14579231 -745.83023357 40.73232120
0.56093474 -744.12839043 44.38757667
-76.82035484 -728.02121973 62.60412226
-72.56770000 -745.47283333 59.26448542
-35.39894022 -770.04408036 48.24932132
-77.94756299 -747.38543465 36.76362387
-79.90099444 -718.64502778 60.77604653
-70.20026263 -761.56954530 53.77761844
-80.42285707 -707.95057255 58.12367913
-53.73237397 -779.72109726 57.66824272
-72.57480000 -745.53916667 36.74650208
-52.65500533 -777.26462121 57.94941630
-30.62890000 -789.50010000 55.64216875
-50.47714986 -777.55358114 58.49638797
-47.60561944 -798.02346814 52.56134176
-52.19090000 -775.27529600 57.85482875
-65.64509453 -742.95327141 60.68532128
-52.36299234 -767.16189655 54.61810515
-56.40107476 -767.79825747 56.55877798
-50.92147907 -764.46754199 54.36774656
-64.93794532 -763.71473805 57.92386845
-52.67291833 -753.83933722 46.45134597
-56.16685395 -752.90688938 52.29044387
-53.51897516 -752.76437509 53.45067570
-59.42471404 -752.65545270 50.98429717
-50.92131577 -745.87660774 37.92816101
-52.49221895 -750.47090211 43.28893612
-38.18174747 -794.92114249 54.22183446
-52.69128889 -747.37682407 44.53702801
-51.28986500 -747.30927000 44.29155875
-51.06180284 -748.79126477 51.20507992
-5.05517013 -744.12210065 43.94019254
-41.96996981 -743.51356205 36.22146662
-40.77279615 -743.46723743 37.62927859
-53.04708351 -747.06324137 50.54718595
-56.49138949 -747.66289018 50.85442598
-37.39466862 -743.56870487 40.39876937
-48.08444458 -747.80186996 54.65696550
-59.07246898 -747.33937522 53.37251785
-61.96924803 -750.30571138 52.77836888
-47.40434012 -747.31317342 54.93694608
-56.87796352 -747.35262985 51.98210115
-34.08856811 -765.92174341 48.62520398
-70.98985503 -743.65777080 36.47731492
-56.09671095 -744.26200530 47.91473536
-76.91312867 -725.67266985 62.17443729
-50.86647288 -745.17567966 52.91549417
-57.05180357 -743.07166667 54.32650446
-49.43835656 -764.68060529 55.25687891
-57.67045000 -744.03845000 48.18141875
-52.99368033 -744.46930164 47.42569826
-69.71826667 -742.41460000 36.77280208
-58.77970127 -740.90923283 53.69392177
-58.97922993 -743.95805853 54.23139984
-67.24929796 -763.18345592 58.06933487
-59.55073837 -739.93265588 55.26188519
-58.64248085 -739.23494894 54.69565598
-62.36888949 -737.67030107 60.01111023
-59.94488345 -737.54888249 60.46212016
-50.42031454 -806.18174792 49.36438907
-65.20817586 -731.18322155 61.20975931
-48.81885000 -736.21640000 13.41584375
-53.72165909 -745.10483636 51.18894148
-48.85087143 -739.02172143 13.21849732
-47.64174372 -738.97203166 16.87052654
-50.07595198 -744.83314010 38.02653459
-48.81923333 -738.93461667 18.22155208
-48.95366000 -739.31486000 19.37832875
-49.76302493 -742.26586824 29.15120812
-59.02225696 -806.65857190 46.72326235
-44.32597236 -761.80824762 55.33850920
-49.70545441 -741.79527563 19.96431539
-48.45846667 -739.33940000 19.38790208
-48.05167704 -740.83432133 19.91534532
-49.56376481 -741.71666242 22.77291461
-46.56105443 -742.32015696 31.63172698
-60.87562174 -749.69056087 51.71916005
-76.08489497 -798.16752026 52.87345715
-46.92186168 -743.21908742 32.14797040
-55.68470000 -751.84290000 46.98646875
-40.63796000 -742.37482000 37.68154875
-34.96442500 -742.35587000 42.15438875
-48.58740000 -748.51130000 54.08796875
-52.17310000 -748.51967500 47.40174375
-56.29468889 -744.49451111 44.89664653
-65.51059000 -743.12157908 34.65724737
-56.13294695 -801.12848292 50.89994147
-68.90456667 -743.33143333 36.82728875
-69.45880000 -742.31800000 36.85486875
-63.15178920 -740.50017342 60.83518038
-53.88983317 -745.79941805 34.86675070
-43.08875211 -762.83073966 54.60185824
-69.81268947 -759.89872632 53.66811612
-45.54530000 -738.76950000 14.50286875
-47.61921650 -740.29805040 14.22965903
-49.73592284 -741.25055912 17.40498324
-71.87175000 -769.30270000 54.75246875
-51.80385000 -741.73598750 19.35463125
-80.37456095 -746.88340071 36.62073991
-48.40113308 -741.43229389 22.50238198
-49.90847000 -742.77216149 23.04083875
-52.98351944 -743.40156868 29.02886904
-52.79811869 -743.98572379 32.51801570
-59.36150946 -743.06587851 31.88700997
-61.73994839 -742.92077708 32.57915177
-52.83437940 -744.49025314 35.36034357
-86.02311176 -743.10312152 37.09799835
-49.84917296 -742.63906352 21.36981152
-50.94446000 -742.61695000 15.33290875
-50.13261031 -798.03940903 52.69288893
-51.49141333 -744.57191333 47.55225542
-14.40836837 -748.80504020 43.54946263
-11.98291296 -748.62471389 43.34549190
-22.93941833 -749.14244310 44.31698685
-75.76829737 -796.18305263 53.73203980
-22.96168403 -746.69601626 44.49183185
-20.18094008 -746.82776012 44.44112272
-83.12878390 -746.82522147 36.27882194
-17.02723234 -746.83735667 44.22536971
-14.17217790 -746.83718053 44.02302105
-8.10966655 -746.76398521 44.15973306
-59.63826768 -755.52442249 51.52385941
-2.16403287 -746.18574213 44.14885208
-26.18464141 -746.32825786 44.47306290
-23.22014444 -742.16849000 45.68812508
0.16113301 -745.82769883 44.34800176
-5.04003790 -741.07198406 43.93039264
-31.67729102 -745.81805463 43.42165119
-28.95204315 -746.50304756 44.08224217
-11.28089639 -743.92385050 44.42952456
-20.18078194 -743.81939894 45.07211501
-70.79669428 -789.87256450 55.98791096
-26.11241285 -743.65464567 44.87737441
-0.22263020 -742.08177030 44.13918608
-11.14718249 -741.01762469 45.12451127
-19.90585665 -742.09971043 45.64088000
-20.18747614 -740.71144996 46.47158165
-17.25183186 -740.38348650 46.36740173
-25.97159715 -740.73446569 46.35975431
-20.07632885 -739.35810192 47.11184375
-33.83909556 -742.19144222 43.06293542
-27.87655926 -748.54602346 44.07271813
-25.27970000 -739.35460000 46.73986875
-23.01546875 -739.38499375 46.96416875
-10.91131746 -739.31734762 45.27802272
-89.11782541 -746.80016133 35.45510150
-86.09672412 -746.77289840 35.88736314
-79.04126695 -746.62949509 36.84827489
-78.92892500 -748.44045000 36.84214375
-48.11842563 -717.05567352 55.76524517
-97.52620255 -746.04780765 34.14984258
-74.26694755 -743.91742440 37.30268185
-81.36131250 -745.33478295 36.77950625
-83.29935905 -745.13340639 36.68319140
-89.27721020 -744.22452128 36.26837509
-95.21708408 -743.86825254 35.51004306
-101.08303543 -743.77879802 34.47471868
-98.09356795 -743.92213739 34.95452505
-74.38456133 -741.64395133 38.41174322
-80.13596632 -741.03720416 38.80179257
-82.94889294 -740.81366764 38.64455689
-103.71745865 -743.14659476 34.33922534
-86.08922169 -740.66572415 38.36981391
-66.20416833 -799.97283333 51.66841597
-90.80758000 -742.48024000 36.83418875
-41.02576071 -797.69444397 54.46628305
-57.40742468 -808.28418052 45.62452654
-94.93585195 -740.62164572 37.24866756
-104.13446294 -741.25136865 35.46568782
-47.85551857 -720.92408857 58.03576732
-106.81443303 -740.49089348 35.67888102
-78.39525000 -748.49705000 36.71861875
-92.19016459 -738.67817769 38.64667238
-95.09226488 -738.59515742 38.41871203
-98.17459117 -738.55790007 38.01302233
-79.87347100 -719.83580343 61.01346972
-103.46303333 -739.47803333 36.82343542
-104.77589312 -739.23021134 36.66578292
-102.37451250 -739.39793750 36.78121875
-87.92791176 -748.49854706 35.09555699
-85.80785294 -748.56247059 35.50405404
-83.18409940 -748.61247734 36.01433944
-98.67095455 -746.18298182 33.76009602
-78.33925000 -748.46215000 36.86536875
-78.35700000 -739.64930000 39.82356875
-72.59405000 -745.46430000 36.84101875
-56.12537812 -813.53799762 38.38242038
-54.79610000 -814.47219403 37.38742248
-54.51056862 -814.32065000 39.37798843
-53.03548021 -814.83376882 40.73067927
-51.45077011 -814.70102989 40.31024921
-53.11741187 -801.42507751 51.39857508
-50.70516785 -812.00866466 43.61268636
-56.51401042 -809.98005601 44.58278075
-48.77404000 -811.35444000 42.69705875
-49.83286085 -810.55094904 44.83860674
-47.11193068 -809.62841604 44.29325909
-52.65885230 -811.20685012 45.60603727
-53.23527425 -809.85275273 47.15223618
-55.43169151 -809.41159833 46.75187951
-45.22750398 -809.06346448 43.92372484
-80.37407522 -713.89699517 59.51062624
-60.83178178 -807.86487617 45.41585380
-47.50231127 -808.83370231 46.50557705
-45.72984815 -808.33509630 45.65813171
-47.09167004 -807.09418160 47.57111726
-53.36398761 -807.93664208 48.48260699
-44.93653169 -806.78236073 46.66115129
-52.98724738 -806.53351334 49.45657254
-55.06659424 -806.02670823 49.08616840
-50.08583247 -803.77800970 50.50234015
-47.31276326 -803.67370741 49.54291284
-59.00581768 -801.11115883 50.48487946
-71.13326560 -800.63932899 51.40200149
-47.24816250 -800.96624767 50.92687410
-45.42790149 -802.17001418 49.85555830
-42.20216371 -769.88466475 51.96151105
-70.53093258 -799.65165097 52.01383681
-65.25844167 -799.37430000 51.73507708
-50.43675632 -800.01776867 51.99490622
-56.06861489 -797.83784737 52.59846071
-53.11189523 -798.05795194 52.80741042
-57.68000000 -799.56240000 51.80576875
-47.42263221 -799.32647450 51.75427680
-38.10046293 -797.86369052 53.77245933
-73.92914100 -795.14300861 54.12967199
-32.14746071 -797.83491792 52.58449408
-71.12965408 -795.25165158 54.25014426
-27.44747000 -798.78621167 52.64481042
-65.08287628 -795.30582842 54.11488651
-58.80798913 -794.56940707 53.99598318
-53.19144552 -795.07364305 54.09988265
-66.22576964 -736.67924286 60.96211339
-43.34556954 -796.98573908 55.05273962
-48.08573544 -795.34325764 54.02448402
-72.96769231 -790.27691154 55.87883798
-73.47795362 -793.60733188 54.85116295
-68.07914008 -793.86420069 55.02413241
-44.05210861 -794.88419491 55.53265135
-73.69328068 -792.11800945 55.40315714
-71.16432856 -792.15112186 55.30059196
-68.10639256 -792.15065875 55.54199553
-62.46493243 -793.58788533 54.86398690
-65.12243592 -792.05005197 55.64458062
-62.26113285 -792.04374242 55.46137636
-56.08213074 -792.00059900 55.45982721
-56.44868429 -793.32152071 54.77428589
-53.06890356 -792.06713918 55.41301983
-37.55762143 -784.50167857 57.82501161
-52.62999350 -793.50273496 54.83852160
-46.70400112 -791.81837605 56.61489844
-39.47586429 -793.72958714 54.87235161
-44.14366509 -791.90982006 56.14390325
-38.75537557 -791.41011420 55.01376912
-37.87019541 -792.49663349 54.58333108
-32.38925105 -792.28797087 54.34636203
-65.06952907 -788.97057823 56.42208402
-59.11560572 -788.82900114 56.56701247
-56.15509473 -788.75870362 56.67557639
-52.83818369 -788.68076659 56.57494904
-77.68288236 -702.84564389 58.27084530
-47.00230464 -788.72346600 57.08297880
-44.16039311 -788.82880658 56.58024190
-41.15457032 -788.87773405 56.07136244
-35.32047336 -789.00745727 55.51432228
-32.24200429 -789.21844263 55.90686508
-56.20188950 -786.06140792 57.39753340
-53.35043451 -745.57783009 56.40385990
-52.88611843 -785.85089587 57.26012681
-50.50746319 -785.73518660 57.45696899
-60.04259954 -727.94363105 63.93544501
-44.12694808 -785.85910614 57.30788688
-41.01052559 -785.95180183 57.03532520
-83.27679992 -719.45947063 61.05716170
-44.15047648 -782.66087031 58.19934274
-38.06330233 -785.91755579 57.04608375
-81.80464375 -736.82861667 57.84232917
-35.67646563 -786.30710090 56.99072523
-33.07885936 -787.17013102 56.76018051
-56.65520308 -784.51407692 57.83671798
-47.46864723 -784.71508339 57.84902575
-56.03853908 -783.96478291 57.94832302
-50.96453777 -783.96404850 57.76373999
-45.86142000 -784.36213667 57.78500875
-42.03431377 -759.76113925 55.19492996
-43.76536967 -784.18241103 57.75090562
-38.58050421 -783.84178351 57.94901384
-46.98761326 -780.07839566 58.78599244
-44.61681641 -780.32531115 59.11045015
-42.50021667 -781.39296667 58.55110208
-47.11226546 -777.91676785 59.39508252
-45.23639207 -778.20201402 59.74367363
-60.86750000 -793.41697500 54.77421875
-42.81317568 -797.63441081 54.75224713
-45.54696250 -810.19172500 42.74609375
-53.14290124 -814.99556625 36.09103611
-75.65880000 -799.42170000 51.74986875
-74.26128333 -793.31503333 54.77001875
-55.16526364 -793.46153636 54.81479602
-48.74141429 -799.32624286 51.76111161
-65.76985741 -714.51744609 61.95944126
-42.64060000 -796.15920000 54.79966875
-39.67572308 -792.91996154 54.78673798
-30.11056327 -802.51317347 52.27760344
-57.87034074 -784.20304074 57.84935023
-75.78940909 -802.81238864 51.30003011
-60.51230000 -793.42910000 54.82966875
-47.46860690 -799.59090000 51.92180582
-52.60757386 -812.92564205 33.37540057
-53.73039358 -813.89991774 34.69643328
-79.55510724 -722.09882851 60.91615925
-51.23270000 -813.09195556 33.64094653
-48.59500000 -811.44263333 42.84690208
-67.63718032 -772.72401401 54.32749127
-59.73301509 -772.93860724 55.70495379
-64.20278047 -772.65732391 54.89739353
-47.90037923 -719.71694782 56.95139760
-62.00926094 -770.92375033 55.78447570
-70.28091188 -770.59625914 54.65879915
-59.10093561 -770.98282903 56.25911940
-67.85508325 -770.20439107 55.01684204
-56.86274644 -770.56835912 56.61897324
-70.76533103 -769.76286034 54.88209634
-71.16174778 -768.01095077 55.45364543
-61.99239625 -767.93191469 56.70499631
-59.13473516 -767.94125894 56.79328784
-70.96963648 -765.64628155 56.44681861
-67.86212991 -765.19529309 57.05295492
-62.14188131 -765.30287547 57.53518771
-59.16928980 -763.96560280 58.08176630
-62.01941807 -763.79749730 57.91015533
-65.15493496 -763.12436813 58.08415317
-59.46522124 -763.00318927 58.40938491
-57.46512099 -763.30987160 58.30832924
-64.72067500 -762.63877500 57.64741875
-71.46895517 -764.60075517 53.85706875
-69.71825000 -772.45770000 54.39506875
-72.96590000 -768.82920000 54.73306875
-40.88010584 -770.63087228 51.06086196
-38.29826927 -770.39042967 49.80544567
-44.15406571 -770.38484603 52.79178721
-42.79686923 -771.29707115 51.71078413
-36.29297339 -760.10257768 52.31466446
-36.41779327 -769.82326861 48.90526427
-46.59392540 -770.18071326 54.01759607
-34.51356372 -768.08321050 48.34179457
-32.40604438 -767.70405484 47.46156477
-35.94602769 -767.70312986 49.25934365
-48.17609203 -769.63835217 54.90748614
-49.17249559 -767.67465232 55.67608244
-35.35762608 -764.80721579 49.85501705
-47.32496340 -764.58281794 55.10514391
-46.32680601 -765.38332549 54.62373392
-38.88474491 -764.32207197 52.14604853
-33.38563333 -763.22567011 49.32887909
-35.42137375 -762.24924979 50.95609826
-38.11554463 -761.97721472 52.61630829
-46.96301203 -762.09106153 55.94938367
-36.28866659 -761.08086769 51.96730041
-42.40945211 -760.94232199 54.90967477
-38.14541251 -760.00552476 53.17745808
-40.65195242 -759.99361009 54.41520768
-45.99966336 -760.24198015 56.44877486
-43.79985364 -759.89557090 55.82372494
-35.67158000 -760.33618000 51.76095542
-85.11040053 -738.45089610 55.99635359
-36.86572121 -770.79217879 48.69200966
-68.15242489 -731.56660734 61.46654160
-71.09394212 -732.01942010 62.28355716
-65.19696825 -729.09972494 61.93237869
-73.92003883 -728.76194312 61.83987329
-62.58660218 -725.82208509 62.72983520
-68.20025409 -726.09100368 62.31814604
-70.82327544 -725.98840420 62.23810299
-62.33804552 -722.99639009 62.64526912
-58.38780969 -723.22317683 62.88816294
-65.26013783 -722.92252009 62.76365630
-74.19019032 -725.73551145 61.96315301
-62.66473823 -719.89801327 62.57730069
-70.89212692 -722.89039318 62.32582300
-78.47573636 -727.09900000 63.87768693
-79.31629427 -726.68184582 64.08905443
-58.50328111 -755.87445624 52.12953387
-65.18008209 -720.06105727 62.63013166
-79.07587449 -725.63760204 63.26240344
-70.93624098 -719.94060847 62.17772950
-63.23018592 -715.22298873 62.92172368
-82.32756585 -722.19870244 60.69066875
-82.77268481 -721.69181139 60.91117002
-68.00487414 -713.87806344 61.31652849
-76.95290030 -716.88441366 61.04010744
-71.30130262 -714.54795131 61.01156514
-48.52291429 -715.33978571 55.16429732
-85.57201977 -719.55780227 61.46427727
-85.37913662 -717.87091911 61.49361652
-80.42645117 -717.94890658 60.94644711
-73.55108960 -714.89841414 60.87874152
-77.82868773 -716.13648856 60.67508931
-71.19476192 -713.19085866 60.56813816
-66.61678000 -712.10162000 61.38660875
-75.33453208 -715.54099057 60.74410837
-69.26698692 -712.77599451 60.70534807
-77.13562102 -714.04383316 60.04179734
-69.08196062 -710.91314093 60.61829549
-71.26177640 -711.01887400 59.97132190
-74.17817929 -710.70498053 59.45992310
-82.39714997 -713.46566067 59.43724545
-77.12869233 -710.96420683 59.14937658
-71.92314623 -708.53538944 59.48360412
-80.21769565 -711.09882183 58.69871527
-73.74565587 -707.97399475 59.03191031
-83.08950164 -710.90585995 58.63637460
-77.10205247 -707.93785366 58.43654797
-74.37006742 -705.34463049 58.79983107
-83.17721049 -707.88177605 58.14352078
-85.41287306 -707.79601546 58.51791162
-80.01718571 -705.15865223 57.90485511
-83.24897016 -705.02841627 58.10481111
-80.73746961 -704.63583024 57.70486698
-85.60076231 -704.93423871 58.38644518
-81.03708699 -702.42295859 57.69276774
-85.74242496 -701.93512042 58.34895274
-81.94858324 -704.17966763 57.75628378
-68.74022105 -709.29923684 61.21158454
-78.85395000 -727.48306250 63.91239375
-82.59670000 -700.37980000 57.79356875
-78.57020000 -724.07090000 60.77396875
-80.53724167 -706.49780000 57.78970208
-81.31508000 -700.01011000 57.75276875
-68.21760483 -743.55772483 60.44457533
-73.85539406 -743.74735833 59.32386159
-66.41919637 -743.28670528 60.85213740
-65.10116018 -741.21686401 60.68255006
-65.38370405 -740.58827590 60.83118069
-71.15936418 -741.04976759 60.16393507
-77.89706318 -742.65938818 57.57780625
-78.22275291 -742.00877008 57.66777900
-80.26278189 -741.14616619 57.29217074
-65.06960643 -737.85180132 60.37534209
-62.87676552 -739.28406552 60.81860668
-67.78114019 -738.07123381 60.65077863
-71.26796605 -738.36724963 60.45215225
-74.23035013 -737.89651936 59.96960550
-84.93418000 -739.80095446 55.67558167
-81.02070744 -738.48431186 57.62785853
-82.97383280 -737.85466713 57.07186740
-70.97994594 -736.81209126 61.15154474
-65.46884757 -735.20118422 61.93366898
-71.16521948 -735.19707894 62.05457892
-74.67656786 -735.96525604 60.43593547
-79.67353805 -735.84473088 58.63301162
-82.11497750 -736.25325000 57.94635875
-76.59044229 -733.90358639 61.35550861
-71.60680208 -733.12215625 63.83426354
-76.69374664 -733.24153186 61.85886856
-82.28675000 -736.34281667 57.55260208
-75.70283333 -745.46373333 59.15006875
-68.13210000 -745.45350000 60.81276875
-81.38810000 -736.41750000 57.68431875
-54.53680417 -739.54251250 61.52036042
-56.24956045 -738.06493523 61.55525582
-53.31885557 -734.89150206 61.73271492
-56.05502824 -734.98732253 61.83089641
-50.23459880 -734.50345900 61.73618015
-58.91967943 -734.82886836 61.32280348
-53.23394980 -732.03703769 61.75558728
-61.50752277 -734.10369470 61.86019696
-49.61465788 -731.27864865 60.50629382
-59.17589965 -732.09353649 62.15289256
-47.56734677 -729.50312903 59.75742127
-49.58271456 -729.09072519 60.37264545
-51.06589210 -728.80200685 61.22440301
-56.08257851 -728.74306569 62.58772984
-56.14120863 -720.39765420 61.81201297
-49.74961209 -725.97698117 60.11065103
-55.79518223 -743.54681291 55.67305215
-48.12423630 -725.53315992 59.34649379
-51.25392823 -726.37959910 60.98296256
-61.46356343 -728.40386586 64.12421325
-47.98430554 -723.04876498 58.52017536
-60.13598177 -726.40564380 64.46950804
-53.47502841 -723.01853651 61.42393061
-51.48448462 -724.11544615 60.85182260
-61.10295604 -726.59525842 64.88600736
-52.17290171 -722.19808114 60.60361637
-47.41462400 -721.68051200 57.67034475
-56.05346964 -722.96401025 62.27117410
-50.26926536 -720.24466238 58.67142791
-49.22319256 -719.06508036 57.35623125
-52.77151282 -720.01131803 60.06049847
-54.19310226 -720.70619516 61.11288069
-57.89366588 -721.02026824 62.45322404
-52.57845160 -717.56305691 58.77273045
-63.01093333 -730.90730000 63.82603542
-55.05964013 -739.31513026 58.36672270
-52.06031809 -716.50628936 57.36535013
-49.75963207 -715.24213662 55.27047203
-67.81341216 -750.04139989 56.61773633
-62.45699236 -748.73198634 56.35074550
-65.04771006 -746.97428040 56.33440211
-60.09796154 -743.50496015 55.32896353
-53.22434023 -743.77730834 56.90883636
-48.44432857 -742.53812143 58.46740804
-51.90186327 -742.64958163 57.88823712
-55.87931529 -741.65408774 56.25891289
-53.60877914 -741.72827503 57.26340228
-47.61191377 -739.18744251 59.62967644
-49.88957597 -739.11448992 59.29210976
-68.72023968 -761.01794665 53.54950725
-68.04618148 -758.83903153 53.35743202
-62.32261925 -755.90975077 52.39542847
-58.12667153 -757.76074861 51.95432500
-56.76981903 -756.04925713 52.65473089
-62.59701918 -752.63903149 52.46849530
-67.27580896 -751.93947367 55.49412323
-64.41482503 -750.77483580 54.27866200
-66.77280000 -753.15293333 54.10533542
-65.59301027 -761.29822676 53.33169902
-62.00624444 -760.49791111 52.43284097
-60.85964706 -758.92195000 51.67205993
-57.33722778 -759.16625556 51.74912431
