-50.07768656 -783.56448544 52.52561244
-41.56212473 -774.52024585 52.42506028
-69.87365000 -741.34865000 34.17947000
-41.76300781 -743.87568594 33.71496922
-63.73294796 -790.32029638 55.15332995
-65.11544900 -789.74837915 56.03868770
-77.92014618 -736.91851178 38.37408879
-56.15061444 -759.62022342 53.08074019
-47.15707474 -768.84236192 52.67707844
-65.07191324 -727.44157945 60.78454389
-60.13300676 -740.01027770 55.75470649
-64.68315966 -747.14417725 52.97868738
-100.88965205 -738.41843234 35.42863023
-46.54400000 -743.36949747 29.96187063
-56.05222334 -741.24043373 51.59015897
-50.54793532 -747.78424873 38.51230651
-55.86874847 -739.52020120 51.02578786
-47.07061190 -804.03384578 38.91729043
-55.99775040 -739.16976620 53.63643187
-74.27835737 -739.52739053 36.93730126
-83.10968813 -741.71322709 35.66448037
-67.99285677 -720.71744338 63.15207753
-44.15423276 -798.57154451 44.73071735
-103.89563100 -736.08474270 36.66165965
-16.88714472 -747.92013148 39.83173398
-86.20081573 -741.75300719 35.34774939
-74.08252775 -714.72322384 62.59373610
-41.08090437 -771.68810857 52.54704780
-27.86422000 -749.36534444 40.32743333
-92.00707102 -738.79342898 35.93801970
-40.32203454 -782.76637795 52.48155148
-50.22357872 -742.41691126 26.79857289
-58.90114101 -757.35014097 54.76886244
-47.62730435 -766.10454203 52.97122000
-50.88227667 -742.95853000 48.16486800
-49.21560845 -741.07180353 17.66983720
-56.01089281 -783.86704542 53.77438986
-57.16951223 -753.21235695 47.19008600
-71.87918371 -724.76285179 61.02304344
-62.40912512 -740.60400764 55.42053552
-38.11671890 -762.30912042 48.03393984
-71.93737940 -743.76183668 35.67713985
-48.71676296 -740.74221852 12.46035333
-71.16560410 -741.82690419 35.67562289
-94.92600997 -742.29686953 34.09067734
-55.11362626 -748.12264302 42.23480547
-89.18286236 -736.88346362 36.99443698
-63.71240746 -791.76712687 55.15503642
-50.06225000 -763.19962500 53.13140750
-48.20953021 -765.91838042 51.42198396
-47.24520440 -731.50086023 61.46256990
-47.57640373 -740.89242832 17.33354802
-57.20371991 -788.77543389 53.72537076
-44.37811195 -759.88216863 49.60144210
-42.35577097 -800.06875806 39.97132968
-51.85236961 -757.85212745 52.06403176
-40.41653381 -792.91843132 45.50942950
-75.16677593 -711.21090741 60.84837556
-49.42093939 -744.30124628 49.99868786
-76.26438553 -711.61677632 60.86662439
-64.17506000 -761.84492777 55.53375262
-62.74680675 -759.35927778 55.55356548
-77.13625142 -741.66173669 36.14279905
-62.15485499 -733.00861171 57.32262732
-64.56845460 -759.75950716 56.19346298
-53.01005018 -795.82113764 47.39684651
-59.40518108 -742.11109820 31.59266685
-100.75663765 -734.91959688 37.40152288
-98.03744056 -734.80297491 37.52964676
-101.13413016 -736.14027689 36.70006286
-98.14603326 -736.14935337 36.72228274
-65.03197567 -720.73522354 62.96857169
-43.44679178 -779.91438858 52.54624831
-59.59722152 -731.56028753 58.39841242
-69.87960000 -746.27411818 54.04447455
-89.03546065 -738.67296911 36.27746079
-50.12993664 -789.81818508 50.70968839
-57.06470424 -747.64940867 49.95330463
-48.97726447 -801.65352632 34.02230289
-23.05666957 -747.63548458 40.51710230
-49.82515052 -756.97637896 47.04251277
-50.47185695 -747.71326159 41.28269152
-99.91742500 -734.09953409 37.67536318
-99.78366000 -740.33750500 34.50864500
-57.79858571 -728.40564286 61.71592000
-37.82215448 -772.34986478 52.03836645
-98.10653664 -738.73936963 35.40094930
-70.63379229 -744.70408889 54.73475712
-71.19746936 -717.62133233 63.43182813
-97.79806260 -740.73022043 34.49680698
-98.07236046 -734.00340816 37.79494259
-97.37696415 -741.44884528 34.11969925
-34.89372737 -743.11564421 38.77603789
-70.69547416 -742.56776112 55.44900122
-92.69153333 -742.90614412 34.10744206
-61.94666542 -756.06013996 49.35846741
-49.90938443 -738.30472370 55.95425381
-71.36851707 -739.69311911 36.80181472
-69.03439615 -741.68349505 55.29929253
-61.99601129 -738.21922790 54.54914119
-63.99760093 -737.86811395 55.04256930
-90.21813750 -734.19065000 37.77548250
0.52467686 -747.24581994 38.44702367
-30.06072391 -747.55032304 40.12392130
-71.18175217 -720.76584806 62.98729268
-45.21329709 -739.06574974 56.30766786
-95.11643056 -738.72531847 35.60872379
-24.82217692 -788.30054615 49.15808923
-95.00849696 -741.14859003 34.60990353
-54.09444000 -785.48208143 53.10410857
-95.29493342 -734.06295356 37.86835391
-43.33981811 -799.52891803 42.33730383
-95.04888762 -734.97057932 37.66010776
-95.18037203 -736.33101069 36.82568601
-47.26124232 -771.78455817 53.10287942
-44.55648987 -732.81646512 60.23003788
-14.06567208 -742.12525003 41.37347892
-46.90407370 -783.93388543 51.88155355
-52.37940096 -732.79859459 61.35467382
-48.25502500 -743.24802500 27.06737000
-50.73841904 -744.70549499 48.13631010
-83.20592437 -736.25356094 38.10674343
-29.41538170 -777.59185269 50.08516425
-87.50790000 -744.62100000 34.15068667
-72.94216152 -744.25478195 55.58921097
-51.43499706 -757.94089412 51.87282882
-32.86810297 -757.51151718 47.28982339
-49.23381420 -768.36802387 51.93887831
-61.93752589 -756.05095312 48.99734857
-92.01526145 -741.60768760 34.76251914
-48.59480000 -746.22430000 47.36682000
-53.15363457 -737.87304604 56.10877887
-56.25596429 -729.77954622 59.18039338
-41.18778332 -795.82725712 44.76874516
-43.47197545 -759.25176227 49.11522898
-42.19452399 -786.01869118 49.47264257
-86.19524546 -738.66869651 36.55717433
-53.44897952 -783.38259775 53.21132634
-65.16189081 -729.82568126 59.67941093
-91.97483813 -735.18681902 37.73613731
-92.09292397 -736.61761433 36.91252947
-63.39130581 -761.81663372 55.37327349
-41.98141419 -759.35843613 49.33014839
-63.08538076 -793.10319725 55.38758322
-92.38702012 -734.12483728 37.86169515
-91.47621597 -743.40885210 34.06558639
-62.13628571 -731.50838346 58.39021699
-74.01221044 -717.67242553 62.85198408
-62.08915649 -723.69815772 61.90394868
-47.76665412 -741.52235464 20.39995686
-65.10021356 -792.85233150 56.09886619
-61.27956928 -764.55443510 53.71482970
-38.46673241 -743.05109167 36.48048296
-52.68059352 -798.88556286 44.94256133
-90.99010256 -743.31176410 34.30840462
-65.24047066 -735.44727459 56.12467884
-28.33148508 -781.49984476 49.02370639
-26.67013738 -781.40952890 48.95676239
-89.08915788 -741.77670164 35.02902626
-58.74658770 -780.88698202 54.76560178
-44.53782027 -801.23731794 41.74873372
-44.55998307 -789.70891342 49.86579498
-88.69721751 -743.67854204 34.47629639
-89.71975648 -743.83114630 34.13285241
-38.61302822 -771.38298498 52.42463271
-70.66030680 -731.90448333 57.83445639
-88.95801942 -735.44379736 37.78836506
-62.51537500 -742.06445000 34.30694500
-52.98211765 -750.66270639 45.18113479
-64.04506667 -736.90112197 55.08432227
-25.98400238 -750.11531190 40.11409619
-59.37898762 -778.60176471 55.46270975
-51.89386000 -803.29274000 39.08072000
-74.20121456 -741.76190937 36.09198909
-53.46207500 -764.36882500 52.14477000
-77.03925588 -738.22304271 37.78423227
-70.75339023 -726.38190798 60.54840813
-63.41692887 -789.15271761 55.27520239
-86.07660854 -744.13227826 34.75346845
-52.43970586 -744.65937294 41.49535924
-51.75031176 -750.52482353 41.29047294
-65.14413306 -741.86336549 54.12907392
-86.10300814 -735.95716496 37.87573009
-87.04448750 -737.04495294 37.09804059
-30.11909323 -744.83400827 40.04713203
-49.99626877 -733.09098234 60.32453886
-41.42679324 -756.17525035 49.47654624
-50.27778185 -734.99886576 58.83648822
-38.08179428 -759.76760210 48.07668148
-68.08366340 -744.57363789 53.92442980
-85.88160414 -737.47006617 37.30369932
-74.22262807 -738.63921667 37.74340605
-47.19454653 -777.81680954 52.76742493
-77.09224085 -744.64761154 35.62242553
-42.14144188 -742.89131624 33.39073197
-55.39338689 -736.80094918 58.36581918
-53.31838858 -744.35143817 44.84897628
-42.26300767 -784.46256715 49.93753655
-83.08819197 -744.47329686 35.03190791
-83.15877027 -738.97396966 36.71348200
-72.78250769 -725.46761026 60.50566103
-82.84437235 -737.66643548 37.44261862
-61.82611593 -736.51333699 54.96076369
-61.95923467 -757.79523690 55.55925123
-47.84797190 -744.24906618 51.11938375
-52.49717235 -743.48207005 53.26851862
-51.08941854 -744.75920071 38.70172599
-53.47419783 -742.67787724 28.90056474
-53.23947432 -747.61292362 44.21133236
-19.86782341 -748.53767023 40.03542945
-47.26790172 -742.48197098 29.36235506
-50.06232101 -786.74985194 51.68626348
-32.08188000 -786.11796000 49.01198000
-61.35110462 -724.90849692 61.13177231
-53.08308648 -739.07481191 54.02145970
-31.99604832 -786.79469075 50.54816816
-65.04424801 -786.79471156 56.57608113
-63.00703829 -786.32252008 55.53350888
-55.50368828 -745.10302484 47.95427936
-80.19643299 -744.57349173 35.35814185
-80.16808005 -741.66222037 35.96291897
-36.53455000 -785.31010000 52.37077000
-71.05170210 -723.48091325 61.98157872
-51.97547126 -802.72106609 39.49615506
-80.19327955 -739.30590575 36.85300224
-80.28670945 -736.59081435 38.32905885
-75.87253077 -719.79244692 61.51204731
-80.03609863 -737.92176516 37.60608954
-56.34613151 -732.86440663 57.52552730
-48.98326030 -768.89186700 52.51426260
-56.15552586 -764.87281647 52.75933624
-62.14591455 -729.80019181 59.35843067
-54.76947037 -761.55025556 52.15985704
-28.91729279 -744.56705946 40.76120678
-62.01192868 -726.94707620 60.73141538
-42.76580244 -787.85809146 49.08713098
-67.24474394 -731.38900985 58.28348970
-51.56310000 -746.29390000 31.05672000
-67.53110701 -735.45588157 57.33774512
-35.17234167 -783.70736966 51.08146363
-77.14755009 -739.44205556 36.93922610
-67.90973106 -742.11784669 54.63891319
-64.87594897 -739.87610514 56.20420817
-26.38020232 -787.57903282 49.42971642
-58.19739795 -778.38295597 54.99143063
-67.94809524 -729.79625174 59.53323488
-62.21669693 -735.05794145 55.94415454
-51.02416667 -800.14640000 43.09646167
-47.09558357 -795.86356663 48.49210262
-56.47511706 -744.70692176 50.96561706
-74.25534869 -744.33107066 35.74196004
-61.89502384 -762.74542377 54.34899183
-76.06458877 -717.62568728 61.87346462
-65.22807276 -732.97727392 57.39364468
-43.79370210 -801.44726834 38.92803956
-62.03440691 -792.14443479 54.96225218
-76.10737023 -712.43392650 61.47809906
-74.19015728 -712.45777311 62.03242535
-76.19388614 -714.65529016 61.79861323
-41.11971788 -780.80125879 52.53870029
-45.86861212 -754.99120303 50.63938424
-57.85870000 -748.86517333 45.49503333
-39.92859180 -780.32881066 52.12004705
-59.13195040 -786.71797108 54.11392993
-73.92656856 -729.92711265 60.30523119
-63.82406915 -758.06586702 56.04961043
-69.07066579 -731.14739211 58.14934632
-60.18432540 -721.94856587 62.60428984
-73.95950816 -720.66186546 62.17387683
-53.05756873 -780.83850544 53.50311870
-73.59101389 -731.58944195 59.20326704
-70.12925893 -725.55018839 61.28624857
-60.78790833 -752.13010000 47.99311583
-75.28179375 -721.72860208 61.07482833
-73.61135925 -723.87162112 60.88225832
-62.19268975 -789.67726378 54.71946614
-55.53550625 -745.46624375 40.80165125
-73.34766002 -722.80823762 61.59100221
-72.32019879 -738.86933182 37.43264879
-48.20005446 -739.94580693 55.03508436
-71.10098662 -729.73450551 59.34874441
-71.63219984 -731.56699506 58.49037175
-61.97837567 -744.69460922 52.88577606
-32.15139116 -780.60012577 50.07279494
-71.91245691 -743.92184732 55.44542098
-72.09993226 -712.99155833 62.54366301
-26.11273502 -742.13368533 42.50725422
-49.78555525 -759.15665236 48.39245066
-71.20138199 -714.70963304 63.21581223
-65.65060610 -718.15022665 63.49643785
-61.58914386 -786.93864548 54.79361377
-58.98866359 -734.87309331 55.82106855
-65.22635091 -744.61475825 53.25526104
-53.09770000 -734.29680000 61.32852000
-70.03978009 -742.81906903 55.03668858
-67.94365261 -746.38537251 53.50650863
-26.23680657 -783.81354424 48.62185323
-67.92793067 -732.49763693 57.44720852
-50.30541429 -749.55587363 39.85686505
-65.07012976 -723.73451960 62.31590510
-68.04583107 -727.35077498 60.74790183
-50.76227559 -751.43482756 43.88173890
-68.80498958 -735.67441574 58.49116102
-44.10168866 -756.31621374 49.82044324
-67.93513863 -723.70238631 62.27273743
-57.99378571 -749.42665714 45.81972000
-54.29351436 -741.21962520 51.53515930
-48.04357826 -767.75158454 52.05524995
-67.72484628 -725.92859426 61.42393383
-49.10262950 -741.55282230 55.85266460
-68.76817451 -715.47715908 63.58298270
-68.01501806 -717.67340520 63.60641893
-64.95523763 -794.33972903 56.25386355
-50.91428771 -745.51795307 41.53348164
-52.70008199 -742.65523872 27.42666681
-44.97554594 -792.29036985 49.64335211
-62.14394760 -739.90557583 55.79944372
-65.11248456 -731.43982674 58.41482716
-62.65224677 -721.40659146 62.59772024
-61.07891818 -746.91566364 52.09734727
-61.88288121 -754.72422909 49.31653758
-43.98565207 -761.93455170 49.83205085
-65.05309140 -726.03985583 61.56875779
-9.52990000 -741.82070000 40.21812000
-64.58347139 -740.35710723 55.50258807
-17.05645147 -744.81110000 40.76121828
-44.17148308 -757.88374088 49.03772769
-46.16804685 -781.37412798 52.05618457
-62.20242873 -747.07831483 52.66062713
-61.42289574 -760.01285333 54.81341394
-62.02479581 -741.73629630 53.76679681
-61.08245770 -753.73480339 48.83707091
-59.06893516 -789.65652117 54.08576090
-47.15350518 -789.88012205 50.79264212
-60.02548769 -791.65473102 54.51081757
-50.04937288 -777.72132893 53.39393552
-42.20594957 -762.53187500 49.34265491
-62.78356393 -725.78218839 61.43976892
-27.96847500 -749.36321250 40.14233250
-42.66612500 -761.66587500 49.14917000
-60.88218831 -757.84505519 55.12256026
-59.29473965 -762.86081312 53.45552661
-52.27839350 -801.30993350 41.91750660
-59.08196498 -764.74639657 53.09588685
-43.15815008 -796.80778973 45.71963343
-59.09336956 -783.76515103 54.43953464
-59.20785910 -759.67251496 54.12933602
-59.63092267 -756.64373603 55.36818093
-59.18941231 -753.51100328 48.25742760
-59.74757898 -755.47486879 48.70150854
-47.27080519 -758.53969870 48.61090831
-58.84822175 -751.33249497 47.39370328
-59.00798951 -744.63389060 52.76835962
-5.15734640 -744.84405966 38.36891403
-58.80301107 -746.56848712 52.96077976
-59.07144502 -738.62019139 54.00562198
-60.18236033 -740.36128678 55.45458612
-59.16776360 -741.43793859 53.21180775
-39.19663133 -755.84132771 49.27184892
-51.37543973 -742.89994658 38.28146247
-59.17131473 -733.05067679 57.25821001
-29.67475397 -775.35272793 50.75529123
-59.11045857 -736.36322977 54.44688271
-58.95543721 -745.56675814 51.40454326
-53.93011259 -763.55014056 52.33177280
-59.18961176 -726.70669179 60.47212742
-59.22270507 -729.79130554 59.20162745
-59.72200400 -723.64573901 61.78059641
-31.24868282 -746.68480241 39.93710247
-59.40737800 -726.19329800 61.41662800
-56.36538836 -786.60279061 53.63841183
-20.14068376 -747.14029276 40.49822486
-59.20540263 -724.91684511 61.07819143
-58.17783652 -747.94298203 50.69511585
-56.27005680 -762.76095886 52.64752059
-27.04182282 -780.65335831 49.38359352
-58.36586323 -741.47672237 52.00810516
-40.67285614 -743.01090702 35.11133491
-56.15242349 -757.06826670 53.96214788
-50.33694456 -750.86437458 41.81277889
-57.06105853 -751.34637156 46.63772782
-49.30100910 -765.60061940 51.43275353
-47.43523277 -757.66144413 48.55143692
-55.91809025 -750.52042311 45.12833995
-37.53593642 -754.75210882 48.97561900
-56.87004714 -741.48502952 52.68923276
-56.89157240 -744.02508635 52.53474417
-55.58125932 -748.41597385 44.71457419
-57.81234545 -731.15579091 58.16294727
-52.32676667 -800.12770000 43.11307000
-56.30092277 -735.46047637 56.24981151
-56.04019477 -742.38318191 29.66947518
-57.04263416 -736.75458994 54.45047142
-46.44738466 -756.37651006 49.88167109
-57.09101429 -731.19270000 58.17452714
-34.89423592 -786.04509885 51.29452138
-48.03376368 -741.90876805 55.37620206
-52.68474335 -733.44501988 60.28708850
-56.56892347 -727.53015179 60.63234421
-56.23997757 -780.69738711 54.17165967
-27.85504444 -785.46132857 49.11129460
-55.71791333 -747.03919978 48.24123378
-56.42265529 -752.60187647 45.45720118
-52.86360438 -793.47140619 48.72000780
-53.37913642 -797.47915000 46.37442864
-52.98942492 -791.97214864 49.61215534
-52.51205880 -789.89610329 50.59685009
-56.44359947 -727.20531855 61.41261594
-49.93337727 -761.63182727 48.81846545
-55.27527727 -731.64501116 58.40032826
-60.91371605 -779.08888889 55.87570148
-52.51382981 -800.32869519 43.37338154
-37.18247043 -743.92799668 37.46271834
-55.43267627 -738.00396116 56.70604413
-12.04990145 -743.68720838 40.31211249
-54.70481923 -760.84883846 52.15362769
-52.88952936 -762.34957007 51.85208587
-54.18721089 -764.63533663 52.47515861
-53.01406382 -735.11188095 59.02025279
-55.62603939 -737.30934848 58.24818667
-46.91748708 -803.61521225 41.15323678
-53.44621291 -757.10465930 53.04015219
-53.91350017 -758.92636055 52.47897606
-66.77451064 -787.74235426 57.38763383
-32.26284857 -744.63677014 39.68569973
-52.74453258 -759.90808512 51.60319605
-52.07204884 -786.97184048 51.56132569
-52.01869286 -797.17782143 46.15558429
-52.93002726 -744.34347783 47.01663235
-54.21026995 -746.66643523 47.48950497
-44.59725335 -780.97357087 51.56742308
-53.02130237 -736.45816163 57.49156353
-54.22598531 -739.49032867 51.42931091
-50.24172143 -801.70954580 41.83825551
-50.83922537 -802.93598408 39.13998692
-48.30905263 -743.11231053 50.89561474
-54.40879600 -730.82311200 58.75793600
-54.39759151 -732.92972075 57.83594075
-62.31455167 -742.15109871 32.89677630
-45.67603333 -778.99163333 52.18858667
-8.15269203 -749.52530511 38.64672195
-52.85012453 -741.55005622 53.31724377
-51.85735517 -784.72152328 52.01564155
-47.11090332 -786.75028284 51.46510922
-50.07231139 -795.75920696 47.80025170
-41.05740202 -759.75432194 48.79926627
-51.35268000 -797.15474000 46.15851000
-50.34790290 -799.22777790 44.75525955
-49.76277978 -792.29295507 49.79993383
-65.57685909 -782.59015909 58.36132455
-40.58273947 -743.86199113 35.07962865
-38.80956000 -760.77582000 49.27346000
-50.54020429 -793.59395874 48.83263736
-23.62040994 -749.85215789 40.31091430
-44.87373241 -802.09867111 36.29968734
-50.12483309 -784.90643985 52.11199898
-45.47422353 -803.43289412 40.43982000
-49.41187162 -797.89863374 46.75934182
-28.98391729 -742.23876581 41.88637271
-49.89164177 -803.57665291 38.52888259
-36.37048000 -753.99572615 49.36401077
-53.69007697 -747.12024400 41.74293417
-50.66130702 -744.04361897 32.77892691
-52.22935043 -752.40627607 45.84830974
-50.14678612 -780.70807543 53.12948437
-49.21466679 -800.69374765 44.09237993
-53.05810457 -742.63436979 44.67560872
-53.85793550 -741.62270751 47.84101583
-39.43146116 -793.44065165 44.03888405
-40.41005917 -796.54610566 42.36062917
-50.41616466 -760.15919217 50.07072758
-49.57840579 -762.62002166 50.31325101
-51.82070000 -746.37593333 31.08605333
-49.02764138 -803.31646552 40.64368207
-48.08057527 -742.38376995 27.34335271
-50.57879306 -747.38581481 44.96739188
-50.11926563 -752.70425313 42.80131167
-50.10206283 -753.87245777 44.52880930
-50.07910300 -741.34242291 54.53741291
-49.24114713 -746.69841721 46.92007553
-38.14697112 -780.56399496 51.73590324
-50.38199421 -739.55923967 54.91192289
-47.13291953 -801.19101873 44.44062541
-51.84919091 -759.74419091 48.63576545
-46.73412283 -802.63645812 42.49711191
-49.98027663 -736.41378665 57.39552344
-47.20435160 -798.33379414 47.02757813
-46.76790566 -799.69623330 45.72590764
-47.01275000 -743.66850556 32.40984222
-50.57732160 -745.85827013 44.72540053
-47.02343800 -794.12606800 49.15712600
-47.10063396 -792.61985163 49.94022950
-46.53442266 -759.50307584 49.89883687
-49.03410409 -771.96044162 52.96667679
-49.92597450 -774.82412585 53.48535151
-46.96762008 -794.47649331 49.30135891
-47.94586730 -783.30788345 52.44041318
-38.23559771 -744.08251048 36.41452000
-47.37778427 -780.56760497 52.54647440
-49.50137885 -743.05376731 49.95056519
-47.32178450 -774.72029602 52.87975999
-49.58636493 -731.86915000 61.54185238
-48.03096818 -762.89794574 50.26992057
-24.89211628 -741.25392093 43.22295721
-39.31779943 -780.60714171 52.28899429
-45.36352038 -735.95360031 57.80595730
-49.05048306 -730.96858634 61.96699432
-48.36783515 -746.70389152 47.26632061
-32.09006122 -783.67369841 50.05693087
-44.38730719 -731.47795031 61.39965563
-48.45372952 -741.28235714 55.09132381
-45.20681990 -800.65744252 43.75157796
-23.06124961 -742.07700659 42.70084711
-47.18171953 -738.71387434 56.10143157
-37.98044592 -777.77663878 51.54220799
-43.98518247 -774.64494224 52.62188562
-47.04543208 -736.35220746 57.46107409
-44.20678220 -795.55689858 47.44612758
-45.12986247 -797.73622611 46.60130974
-47.04770531 -732.92292646 60.17495275
-47.06941942 -734.83878241 58.69947092
-43.73636222 -792.87119040 48.43916892
-46.83072143 -730.27737036 62.38284909
-44.11085350 -786.73282490 50.23350663
-44.09507516 -783.73880958 50.86052450
-46.01610000 -769.57960000 55.22362000
-43.74765063 -777.55120925 52.49806169
-44.94776858 -778.58795355 52.03862027
-44.07580358 -771.71318856 52.79484344
-44.07758087 -768.74342976 53.01542650
-44.33554583 -767.14356250 53.14829500
-38.81314524 -773.79207381 53.17701524
-43.11062680 -790.11729364 48.81149506
-49.56957996 -741.18880261 20.54610667
-43.92482316 -754.55257212 50.63640740
-41.60764074 -798.34510093 41.74254765
-42.23147475 -797.57565400 43.78511075
-42.27208544 -795.05138736 46.58038511
-26.00906532 -744.64790883 41.16435665
-45.05034266 -734.81297837 58.71108171
-41.74793131 -792.41277981 46.98493355
-41.46797165 -789.85879202 47.60140322
-44.41270386 -729.75166400 62.65696898
-26.10148261 -782.84319130 49.31096348
-41.78225267 -787.44239850 48.73648763
-41.62819633 -777.89107349 52.39932165
-41.59691840 -769.10738068 53.08288996
-40.48966162 -775.16277078 52.04822645
-40.83749516 -762.25144256 48.78633021
-40.46449045 -777.55135253 52.02848182
-38.03621729 -774.74821215 51.68606387
-40.65402138 -757.32808537 48.97164878
-41.24223277 -754.27961224 50.20992199
-15.77036905 -745.95941190 40.17126762
-40.17824296 -790.90602222 45.96250148
-60.71725625 -781.99933750 55.16122000
-39.11992944 -783.46299549 52.29897491
0.22826012 -745.39545164 38.46721744
-37.76024201 -783.65616714 51.84733476
-38.06480240 -756.67899374 48.56210123
-39.37607500 -770.12678750 52.55989500
-38.35186671 -754.10503922 49.62092893
-45.41309792 -803.66791042 39.15258458
-35.14980321 -777.65644250 50.86052224
-36.47250476 -771.67170476 52.25556762
-54.62635000 -794.18535000 48.73747000
-13.80573657 -745.49824710 39.99515302
-37.03564040 -785.45127947 51.79800543
-35.15761009 -780.61893984 50.84844126
-35.17826807 -774.64355766 51.26032044
-35.09757630 -772.43379627 51.74313149
-25.92466291 -749.72494121 40.39248538
-35.11510535 -762.08053681 47.15428726
-35.12345242 -759.85165141 47.46142555
-20.12649480 -744.84350510 41.12535296
-43.44500000 -731.08433333 60.95525333
-37.15442778 -743.08568889 37.50137556
-35.21277235 -756.81142384 47.94641002
-35.96167334 -754.70728647 48.76156523
-34.93795587 -744.15536290 38.48598589
-45.15572429 -742.46158571 30.81807143
-32.16934223 -777.69988470 50.32285055
-33.02935799 -772.91108785 51.49503319
-32.12751960 -774.67440406 50.91794804
-32.32712250 -759.84082206 46.85272387
-32.75865208 -761.68809875 46.74654355
-5.73691000 -749.42339826 38.59650565
-30.92712875 -788.31637500 50.52987625
-33.02081333 -742.98430722 39.94809778
-29.08455879 -786.85545762 49.80202590
-66.93295593 -792.14715385 57.22429692
-29.06308204 -788.47793260 50.18706157
-29.73427325 -783.87321417 49.46959449
-31.51179986 -742.65802358 40.81501459
-29.30759199 -780.48108962 49.49480587
-28.32462987 -783.52727291 48.92542597
-31.33321528 -743.58233889 40.40384546
-55.43550000 -775.90403333 55.20642000
-28.73674866 -747.53061593 40.41841206
-31.17967857 -760.81655714 46.09389857
-26.51828840 -788.47669796 49.65185981
-26.17292968 -786.29134304 48.97821664
-26.14316225 -747.67963445 40.59426185
-45.50052500 -771.29291500 55.42730000
-50.27175000 -743.45040000 24.53362000
-23.13671797 -744.88906249 41.22343532
-22.50069617 -750.29120415 40.06261137
-17.03153056 -742.04899988 42.14877161
-23.45728656 -741.29174943 43.27702934
-11.12937213 -747.67312322 39.06998573
-21.99078168 -748.93782519 40.16175817
-20.10396872 -750.25620440 39.83374752
-20.08525797 -741.99408471 42.62517238
-52.71233810 -743.31136190 27.53897714
-48.08774706 -739.89672500 19.89491779
-42.67504286 -800.18078571 40.08067714
-17.03975289 -750.14196085 39.28000972
-17.72688623 -746.71988614 40.34317644
-102.94512679 -737.42978304 35.98415661
-49.64723201 -802.64891014 35.52205419
-49.58461136 -766.16985795 53.15695864
-5.35258023 -742.56950095 38.75929519
-14.11043369 -747.65002014 39.48948227
-14.16526342 -749.90486220 38.79378426
-14.38073531 -744.20407348 40.51461836
-61.07542044 -784.12724721 54.98222162
-10.06202515 -742.52953654 40.05535006
-11.25168489 -749.75822397 38.49217924
-11.01364450 -744.95708855 39.65322312
-50.45310531 -742.35810885 36.08845451
-11.50263774 -742.18764681 40.66115223
-8.06342036 -744.74988470 39.02260366
-8.09983550 -747.80749747 38.86352732
-8.03809825 -742.41750191 39.41325753
-57.52284000 -742.11968000 31.30408000
-51.50172500 -742.49027500 40.67458667
-5.06862316 -747.77687259 38.55874360
-2.08135347 -744.71563145 38.29009594
-2.18112355 -747.69052821 38.25430866
-3.06669132 -742.94949774 38.48536792
-64.71084515 -783.64327845 57.00575241
-20.78346000 -741.34592727 43.25273455
-40.16649375 -772.70193125 52.18467625
-24.03727943 -786.50229377 48.95533717
-52.96680168 -775.27776094 54.14476398
-54.37565714 -740.12188571 48.59522000
-53.12379346 -777.69404478 53.91779697
-55.07507023 -775.80068550 54.55516784
-56.04567010 -777.83787533 54.53454519
-63.85875352 -762.42063803 55.06541718
-75.86045294 -720.59658676 61.07261706
-103.63524268 -735.34137317 37.31824439
-24.30830000 -788.30580000 49.24222000
-47.02447548 -803.77222878 36.21405731
-51.62760000 -752.30850000 42.69292000
-47.54491613 -786.33542097 52.45485387
-42.38773448 -800.39401724 39.62829816
-39.20474747 -795.29952323 42.80174727
-39.45507934 -794.62392479 43.68465719
-66.92656697 -789.91196253 57.28491920
-62.51554451 -783.62167591 55.70646513
-24.52360000 -788.36520000 49.19582000
-24.13700299 -787.35852994 49.33237389
-64.38700960 -781.60126027 57.31025943
-52.26910000 -737.18500000 55.12362000
-61.95141733 -780.76995619 55.97560064
-24.20467462 -784.34577083 48.68901394
-60.07874444 -779.96187744 55.38582564
-30.58850000 -760.75240000 46.71522000
-49.39673182 -795.25108182 49.35467227
-49.90960951 -755.83641656 45.82913258
-51.77391667 -749.39713333 39.98788667
-53.19069321 -746.94699547 39.21341434
-50.70013509 -746.76143124 36.67724333
-42.41465000 -767.19990000 53.29867000
-47.89564286 -744.97411429 39.32984857
-48.02148000 -745.25076000 40.36492000
-49.88404947 -743.75459600 29.68351874
-27.53015000 -744.55635000 40.17922000
-50.45839652 -742.67852848 29.82772596
-45.22618039 -743.46740588 30.96671608
-47.76249209 -739.50123362 17.41215023
-44.05618708 -743.50522051 32.42383208
-46.07561194 -742.93418507 31.80280955
-44.15549325 -742.70531913 32.22759925
-54.66445000 -741.81750000 45.19222000
-54.91162981 -740.76019135 48.20790269
-69.97918421 -731.16360000 58.13920421
-57.08480000 -756.46510000 55.24292000
-41.35598750 -754.19745000 49.16022000
-75.69890000 -731.39325000 60.26972000
-87.79892500 -737.27667500 37.26284500
-67.21593913 -741.70010435 33.94999971
-52.66249104 -742.94548781 41.99145656
-48.89578983 -740.10772712 19.86431492
-75.74288250 -730.34543750 60.57114750
-65.80774208 -741.68541782 34.48750168
-49.80936000 -785.50029333 52.31111500
-54.91492500 -742.36363750 41.83359500
-47.90785421 -740.45532991 12.17015364
-47.65395080 -740.62366530 15.14496566
-49.08241466 -739.52102296 14.86825970
-47.49052936 -739.21705640 14.48824722
-48.91819848 -740.75316280 15.25699866
-49.14827192 -739.90009769 17.46963385
-55.54441000 -745.80055000 39.56787000
-72.82722000 -725.77570000 61.52464000
-44.49661667 -783.56391667 52.24520333
-50.01542515 -741.94249601 23.81858120
-58.42230089 -742.22379080 30.80589062
-48.12953137 -742.10176588 23.47291137
-48.90936957 -803.48319565 36.74026783
-52.54290750 -743.95921875 29.93796875
-51.91732035 -743.95318186 32.80420982
-50.63557875 -742.87268292 32.00705208
-76.75717778 -713.40452222 61.15841444
-50.86388356 -744.87894146 35.62756209
-52.00465948 -744.35543123 35.80204052
-51.68918780 -746.82429756 36.37457610
-52.33548922 -744.51644838 38.82655042
-52.43362500 -743.08950000 39.19557625
-55.78733333 -748.76360000 40.18318667
-54.94023043 -744.93741739 45.77069826
-60.18440000 -753.48980000 49.22992000
-60.46975526 -755.82394737 49.33342000
-60.24347500 -783.90271250 55.50415750
-51.92458235 -751.82278235 46.35390235
-51.57750000 -755.02650000 46.30582000
-53.36942500 -737.40416250 58.31518875
-47.83119357 -801.58506550 33.98452643
-46.88664946 -802.50769904 34.99206202
-48.63735000 -731.16510000 60.80982000
-45.72930000 -803.14440000 37.74952000
-49.02180976 -771.26085528 51.98590780
-20.97547586 -749.44724483 40.23769931
-57.10722083 -778.87068333 55.58252000
-49.03931538 -774.38396154 51.91538154
-38.84187000 -777.70592000 52.33032000
-47.41230000 -775.19930000 52.17962000
-37.93303333 -761.34136667 49.24148667
-98.20078000 -734.16066000 37.09746000
-64.98622447 -741.83194941 33.60811359
-51.20998667 -758.09990667 53.39183333
-46.88506923 -737.03143077 14.11974308
-45.15224250 -740.77499250 12.76500750
-45.43020000 -740.79940000 13.56652000
-55.67467500 -743.27560000 29.84814500
-42.67423333 -743.18496667 34.37448667
-52.63134691 -742.97592222 31.75850395
-65.75717500 -717.92153750 64.40970750
-68.34655573 -741.64696803 35.13916080
-55.56523733 -739.93849600 48.81450133
-67.61872857 -717.64814464 64.80968607
-62.15753000 -741.81842500 52.07944000
-59.85655333 -758.59330667 55.41615333
-36.84156667 -785.53663333 52.22472000
-47.18858667 -789.98357333 52.51517333
-49.99930000 -792.06843333 52.34082000
-60.39610000 -791.42380000 55.37292000
-39.43698333 -793.85413333 43.00625333
-35.18105556 -774.14590000 52.33030889
-74.11100000 -730.75854000 61.48016000
-42.74843333 -743.55465000 34.42428667
-69.67796250 -735.57328750 58.66340750
-36.06516364 -744.49193636 37.12820182
-63.79832000 -747.02738000 51.82712000
-54.66083333 -795.17528889 48.22366444
-50.21510709 -743.43361135 27.32713277
-31.72791818 -761.50349091 46.16829273
-56.34502222 -750.65072222 43.02218667
-72.94461111 -744.83123333 55.02789778
-75.75382500 -730.01922500 61.34372000
-70.67622000 -717.41830000 64.32398000
-57.50546667 -729.10576667 61.39345333
-44.38285000 -728.19525000 63.29932000
-46.88316667 -771.25263333 55.26275333
-42.07808333 -790.09190278 49.30562278
-69.58870000 -739.88700000 36.45327000
-49.13632500 -771.86803333 55.30293667
-51.16970000 -758.22980000 53.22802000
-63.91512857 -745.14565714 51.73839143
-72.69915000 -731.79555000 58.18457000
-57.82512500 -747.91085000 42.04259500
