-61.41436588 -812.49983997 57.42052464
-16.97585913 -740.25568877 41.65776389
-44.04356321 -727.43951778 62.74725726
-35.65393228 -772.53844942 58.17178696
-82.91980622 -703.64614331 77.67288021
-58.16856307 -739.21843428 56.35537739
-52.10366749 -745.72537296 61.81266245
-38.09598308 -823.45533087 46.64604402
-72.92263534 -736.81098103 66.88811724
-61.50997160 -734.01378520 62.82564295
-91.91950826 -691.63117223 76.41868422
-45.60340000 -741.19220000 30.89815000
-31.84186186 -818.22113832 48.11475398
-99.57976667 -708.96861667 75.75700000
-31.62750525 -823.99410601 44.24660209
-66.55985380 -819.87404837 55.55633152
-55.13754411 -745.23470397 50.37583086
-94.57110667 -735.28520000 67.38057333
-44.52438007 -781.66646689 62.65505119
-62.20596475 -701.21297605 73.64407657
-50.11914224 -774.78125015 64.08847060
-53.89384919 -725.65888468 69.84559194
-28.36741444 -805.83634765 54.33904824
-56.67087230 -748.38158108 53.58035811
-62.03792196 -772.34095899 58.84872011
-76.50686902 -730.70168799 20.21169798
-61.92417400 -814.73333272 56.61676780
-50.72456844 -780.94210390 62.84384645
-49.66340639 -806.59554331 57.54717166
-91.86638112 -700.63613357 76.63364583
-26.65303125 -762.80871635 55.13236899
-19.86813422 -805.48515285 50.61108471
-44.81568341 -729.69340448 63.38745202
-55.97028469 -747.80496254 61.14420912
-79.58542382 -738.66673404 70.93587132
-33.01007962 -788.75234777 62.88886242
-48.65304289 -727.86028318 66.59009905
-75.97589153 -725.84722034 19.42297034
-81.58344091 -746.47793967 60.19910372
-103.88677956 -685.54578870 76.26412538
-73.72529456 -744.84426023 64.12359700
1.64274487 -743.37436868 33.63931557
-43.61724821 -740.53731389 66.07480456
-19.69261862 -810.69334049 49.70955628
-57.87130713 -740.03465012 54.00057936
-105.95980081 -688.50490390 76.30334032
-75.70052585 -736.55049134 28.48068596
-74.91528269 -736.73282150 29.90720122
-88.71601886 -730.68450764 70.81223167
-13.30678057 -743.23689541 39.50292445
-52.69917416 -742.39206485 62.15059461
-66.45476667 -749.90104286 69.67075238
-85.78437069 -718.59728198 75.46696881
-42.09118571 -741.12356667 33.25421429
-60.12838960 -694.89259752 69.94667970
-42.28796000 -825.05276000 45.66874000
-61.81362210 -715.60944382 74.39190369
-82.95573184 -694.86629098 78.03935084
-44.98193587 -775.90775451 61.55254228
-57.39653333 -743.09316667 46.43800000
-47.87072000 -816.32963556 51.89788000
-106.42173660 -682.56515304 77.17200047
-53.68356049 -770.88175103 66.42508765
-73.84710448 -760.77136319 64.89062988
-85.96202724 -728.30191440 72.46994828
-64.92223856 -763.38761818 61.15894263
-88.44385750 -716.29844648 75.58552329
-63.64714545 -698.15070779 75.06140519
-38.95059111 -825.42195444 45.93746444
-14.26843137 -742.22809583 40.10142629
-30.26057500 -742.57890000 39.69807500
-66.53580270 -716.96031081 75.70671622
-44.89142162 -804.39290450 57.89619369
-43.76926567 -818.89853284 48.63016766
-61.42188889 -806.40706667 60.85055000
-84.55020598 -779.33878327 53.79795219
-31.95655494 -825.60124943 43.09885333
-75.36880000 -732.41080000 30.85360000
-46.71381056 -797.44321125 61.39675514
-4.69304881 -742.63483538 36.04184453
-41.43235269 -795.48278817 60.91464086
-62.87311898 -739.33942530 65.96419940
-79.76059866 -703.64716973 77.93855473
-94.09586594 -709.01704690 75.99475960
-30.72290954 -775.81945380 54.51375835
-62.03054435 -820.29694399 54.25967548
-40.79802351 -809.29388933 54.17268535
-47.08720688 -733.17003780 64.62715583
-49.44969468 -742.27956770 65.10167649
-43.82797842 -828.63185861 40.66406554
-48.60115180 -822.88963165 47.47085252
-70.92799637 -763.31313227 61.72505306
-25.85297659 -745.62190623 41.29101436
-78.81370000 -741.05571250 63.65146250
-16.90212973 -742.69511076 40.60439198
-51.61815333 -745.11489778 33.19727778
-50.43491228 -761.16970175 64.00577193
-45.40650714 -728.38715714 63.71917857
-55.15182972 -745.71609882 57.06174717
-14.93877286 -801.72055714 51.92801714
-67.66713077 -741.56074406 36.11314476
-54.74585000 -777.11363750 63.76486250
-88.28732642 -736.76083780 69.03430811
-61.80567869 -781.76838416 61.94667741
-53.32353333 -741.01480000 35.28786667
-65.14927891 -810.44005078 61.00115938
-82.45490792 -775.26363199 55.16570895
-64.44857811 -814.98326296 57.33797180
-53.51097678 -748.20972555 60.50984945
-55.85616716 -805.46979729 59.82258622
-72.05221111 -741.38033333 33.51993333
-52.42676667 -756.94936667 63.83760833
-48.31690000 -724.62800000 66.79440000
-54.19410000 -731.34770000 69.80430000
-68.74517729 -759.52233886 63.98986769
-60.54818000 -742.06270667 33.54668000
-53.93299444 -744.03410556 53.73667778
-66.47415000 -756.03060000 65.42210000
-59.36841852 -816.74325481 55.01569383
-61.94940975 -733.06669983 64.96894675
0.43165601 -743.16759677 33.92330557
-37.91415525 -805.77583738 56.19001875
-64.85552051 -741.92496410 36.89477436
-66.30780000 -741.09840000 36.90660000
-35.46086667 -776.96746667 60.91933333
-29.15225626 -795.88664501 58.11782933
-60.72432450 -736.49358543 59.72965099
-23.68285439 -810.34224561 52.03520000
-50.60370000 -747.32145000 42.67725000
-78.89011796 -763.49369820 63.53922994
-48.07969636 -758.51550727 52.70252182
-66.72138400 -777.31703600 63.82624200
-48.53120909 -741.68549091 15.56070909
-15.24175000 -744.86837778 39.81609444
-66.37140000 -750.04540000 66.54830000
-75.03448919 -698.61590270 78.58447838
-76.65913103 -715.02871709 76.14216653
-51.85678571 -740.99278571 37.94950000
-45.16821570 -731.22535207 63.95328678
-48.96276613 -761.14746694 55.17999597
-51.28322500 -740.91240000 32.49745000
-72.97100683 -761.86769379 63.46761863
-51.48590690 -753.88285517 49.59961379
-25.65465000 -802.30057500 51.68212500
-43.32070000 -741.99050000 67.08300000
-57.48035714 -816.02355000 54.71756429
-87.45542222 -718.79276049 75.91771852
-50.52895312 -773.32412516 64.87166250
-44.86004295 -743.81368725 63.60127718
-65.49106555 -712.48856634 76.22671568
-66.93569016 -758.74225285 63.47472021
-19.79695922 -748.48647142 40.67620956
-52.59954000 -740.92702500 31.70079500
-91.81339101 -694.72762097 76.56166201
-73.74503795 -766.79595711 59.30178594
-40.26076533 -831.52491509 38.16809340
-60.94086919 -700.41124904 72.19699452
-22.85836134 -745.69985091 41.15971475
-13.86749287 -808.69229565 48.23067527
-43.15807500 -741.56583056 32.09104630
-106.24638143 -685.56168143 76.53028249
-52.74426166 -802.94728296 60.12835166
-54.79670542 -743.04474036 59.09156446
-25.08618113 -747.56661761 41.39376101
-43.40929652 -797.15801502 60.31962990
-38.46914798 -766.21120997 61.47845563
-70.56369990 -761.38974122 62.98401256
-74.41183830 -747.30250426 63.02147447
-40.12108095 -794.97264921 60.56463810
-24.85096509 -794.76533195 57.66071361
-76.82933875 -718.66261969 75.11345111
-56.06919799 -808.40072126 58.36713659
-79.78981813 -706.68466748 77.62229253
-68.93913333 -758.57028333 66.96680833
-45.62042500 -770.78965000 60.95299167
-72.12244000 -771.30740000 57.87714000
-71.13800257 -733.42609548 71.72638974
-50.74760000 -744.08100000 56.58940000
-52.06502803 -742.11993380 32.48272744
-34.79841696 -790.60142476 61.83039146
-53.78679188 -717.54764061 71.33621320
-22.52431369 -808.61914425 51.09886409
-37.80431098 -809.28106473 54.16663511
-35.52321765 -787.96839412 63.86015294
-55.23115000 -740.96085000 32.50505000
-59.11218794 -749.36174008 64.98760000
-31.84130327 -793.66344720 59.77678300
-65.02999815 -751.44244123 67.88189849
-53.98519806 -700.93495698 69.02372093
-75.89429815 -732.90178993 12.27285604
-47.86005500 -762.58547500 54.37566500
-23.50255517 -766.32422644 52.14032680
-71.01075860 -724.69107449 73.11041358
-73.52117775 -739.62557655 32.04265032
-74.72608430 -716.86722616 75.64134128
-57.72942339 -712.56637504 72.58576456
-56.22574454 -777.30110672 63.85464706
-1.98530592 -748.09690503 35.65172527
-94.06837702 -713.21670000 77.97994520
-52.14490000 -747.47649500 42.32243500
-55.36592133 -809.60273602 57.45030118
-44.28517735 -784.72456716 62.86020699
-53.31528604 -744.47975090 52.89361532
-49.98309261 -805.19806511 58.41960767
-54.27870000 -740.97840000 55.46305000
-52.40837361 -744.95167037 38.60987917
-22.81566614 -740.14722753 42.35974164
-51.77877778 -740.91648889 41.16306667
-106.37116812 -681.04143333 77.31267971
-72.44940000 -759.12386667 65.30530000
-61.85359210 -706.59737706 74.73726730
-40.37339648 -741.61241938 34.75417225
-11.50170229 -808.38402609 48.30603056
-55.97498140 -712.56972659 71.69312852
-46.97184170 -804.66190760 58.10161272
-48.20872778 -740.87546528 22.43017778
-80.79763756 -746.64391667 60.47538991
-74.95405204 -741.52938776 30.13072245
-63.87325537 -709.66604962 75.62781528
-72.36115000 -738.27685000 33.89065000
-103.53604736 -694.49384511 76.06692179
-72.07224358 -707.05465335 77.62839566
-32.20620655 -777.94072490 55.53277326
-67.08916886 -751.88659914 69.14183248
-48.01032093 -761.57603488 55.13083140
-40.78730295 -796.75481103 60.23033528
-49.73548474 -745.72442899 62.21277572
-17.06541053 -801.46769474 51.98559009
-61.73772555 -712.65269563 74.55752748
-34.89668192 -811.61366785 52.82647504
-55.15673333 -740.58571667 45.53373333
-48.65086389 -820.20029960 49.56418690
-49.71307453 -756.90373696 51.14728602
-19.91689409 -796.26824177 55.94607566
-32.95872326 -798.44307364 57.92277597
-70.80263141 -739.59470205 34.82328666
-53.62678905 -755.21274165 63.51323826
-63.42032500 -774.31498333 58.11979167
-46.61047462 -820.92936355 47.97829748
-44.06720630 -802.45050697 58.61054232
-34.66799182 -816.58822333 49.08716848
-55.88695614 -727.68702526 70.10196070
-75.21205664 -729.70916195 13.60150354
-99.03803243 -708.54819189 75.83154189
-24.63609130 -810.25303913 52.45670000
-26.26854402 -799.27745585 55.24964512
-35.45293785 -792.66230923 60.97175446
-20.12422847 -802.00880456 52.20280558
-50.65368045 -742.86567782 35.22860959
5.74288000 -746.85822000 33.85236000
-48.27275714 -757.13308571 51.48548571
-49.72839754 -748.86870123 64.96809641
-71.84000657 -735.41296058 71.08568905
-37.88888933 -788.17090284 63.14117733
-51.43696667 -752.42675000 50.00878333
-50.27460172 -740.16686938 65.73992618
-33.61095455 -813.20753636 51.87593636
-49.85987691 -740.56963541 26.30223152
-55.03266552 -742.64186207 35.87194483
-52.17122862 -748.44910690 61.67486552
-82.78783331 -706.70955638 77.40499311
-68.10398729 -740.47041026 35.94930812
-49.84404727 -742.51579545 26.55480409
-71.84967375 -729.71082875 72.93121708
-60.94299136 -752.19787901 59.98816914
-15.78519421 -746.41861029 39.68432540
-35.02424526 -740.27062522 65.25975223
-22.28726816 -810.45074627 51.03730149
-5.90825417 -745.28589167 37.02300833
-69.13791461 -708.64667191 79.03770000
-102.06916577 -693.82040403 75.85331208
-50.80030937 -744.59126250 34.99814375
-37.83325869 -790.63130335 62.01104136
-66.95413143 -753.49485536 68.57638143
-64.85025486 -721.67407922 74.63609324
-70.02211645 -709.75498548 79.21019961
-76.86225859 -724.64009609 74.82423247
-36.52474545 -828.08205455 42.69836364
-79.79537478 -724.74321573 75.03650233
-58.05044176 -689.75988588 68.31678941
-42.60289091 -831.05836364 36.53725455
-28.20015197 -740.72540337 41.53110056
-83.42253636 -728.75523858 72.67842239
-46.78624394 -799.91063895 60.27662183
-6.21820000 -747.86780000 36.83157500
-44.53759050 -770.61875727 60.37282285
-26.61188342 -772.51540897 52.22369333
-16.25394713 -809.03023898 48.50184331
-82.83377955 -697.65900885 77.89717380
-19.82189582 -745.68443631 40.68621926
-54.67905000 -741.12605000 61.11065000
-39.71359200 -777.34060400 60.23292400
-65.75619071 -703.78245971 76.17509415
-36.97686307 -741.89322898 37.37556477
-61.78226364 -776.06189091 57.66447273
-51.20310000 -714.15200000 70.71020000
-45.78126429 -810.10827857 54.70237857
-36.98110000 -777.23380000 60.84050000
-45.91109551 -778.53964047 62.21323047
-54.96779811 -748.23688868 50.60429811
-32.52979544 -826.90982169 42.02382017
-76.85338149 -703.73182632 77.96004407
-37.83602586 -796.69201744 59.91326088
-97.42416080 -732.79875188 67.31978416
-25.59667357 -740.27038616 42.13363654
1.92772468 -745.21426783 33.66626111
-29.93118716 -807.80828482 55.00771673
-56.51730417 -701.01191384 70.39766265
-19.82824155 -742.58834713 41.19191736
-83.74084286 -780.37284545 53.59896818
-43.34040934 -830.02464545 38.57342664
-50.53964128 -751.41416495 47.72240196
-21.97100630 -797.84892362 54.63965827
-64.46371885 -809.09880873 61.04234067
-55.89980952 -811.60834633 56.44712787
-12.09820769 -741.31410000 39.86852308
-58.03707419 -745.74087419 52.67569355
-88.94097962 -706.64756295 77.15696996
-73.70656988 -764.92598830 60.55612544
-17.00042903 -745.56431856 40.10103780
-93.24706512 -710.84567674 75.72394651
-22.87244954 -796.34413377 56.07125644
-58.73538761 -694.57722157 69.16770910
-91.83758498 -709.68607159 76.41819965
-17.42105325 -797.09440740 55.40016462
-72.22833000 -737.80234000 33.62986000
-51.69233387 -738.42350161 66.98985887
-37.53961851 -794.59138623 60.59827201
-58.82140879 -757.66352781 63.02796886
-52.00305922 -748.34477553 44.76268745
-49.26078182 -762.79168182 64.00608182
-66.13350833 -741.08711667 36.12712083
-48.61432244 -725.34783141 66.58583077
-49.72544110 -742.05732760 29.30550430
-17.37086861 -748.67518112 40.07741281
-66.57954151 -729.48842075 68.20384906
-76.82312166 -766.79466316 59.27063775
-47.23347667 -741.33744000 17.85850667
-47.82052143 -745.09967143 60.07467857
-96.80358588 -691.65352941 75.83388912
-43.42640000 -778.15975263 60.39330000
-52.95295324 -715.55716866 70.95279353
-52.52494892 -742.85307899 38.30997134
-64.48953345 -769.54460006 59.36108395
-50.16303911 -754.69828011 50.30224039
-61.84131732 -772.69454870 65.04944545
-55.25297916 -803.31681109 60.47872459
-71.79802812 -739.31869286 33.33073661
-23.62197901 -805.46713925 52.14617155
-77.02856164 -768.46212642 58.00984167
-62.91772313 -697.58978687 73.24211375
-54.11365000 -747.27920000 51.36510000
-75.82700775 -727.64171684 16.98004033
-49.17823000 -741.53075000 67.23024000
-53.34755502 -743.41960120 44.26367859
-74.90889575 -739.63505867 29.76390221
-90.00458235 -732.03880588 69.71892353
-51.04970000 -744.45162059 32.83800294
-15.91433537 -748.49873204 39.56694805
-63.71921395 -809.38162500 60.44268140
-64.75870859 -817.54025401 56.04068918
-75.49825820 -727.84703068 15.24657669
-58.79649265 -750.87427794 57.24374118
-49.95699738 -725.39028163 67.69052651
-40.79311809 -799.83638701 59.07507781
-76.89593256 -733.63362653 20.08574017
-48.04078618 -741.74434342 22.93900658
-92.33922763 -731.61699700 69.51613123
-31.73844117 -799.67207916 57.09912459
-60.46035385 -747.62503077 62.95126154
-53.13191436 -745.63655376 59.61433329
-59.88540682 -742.51082955 34.00396136
-40.80384234 -740.24344753 66.02301482
-19.78367001 -769.64626795 49.80897378
-46.11272500 -819.03587500 48.71276250
-50.18458092 -748.47989408 63.16675459
-37.24840107 -767.10041805 60.10203136
-54.66089214 -742.61465664 61.53527046
-96.81716374 -698.73147836 75.84883977
-51.75626714 -740.92624286 26.18496000
-67.13621007 -706.71536701 77.13442552
-70.56581837 -735.06588571 68.85135102
-74.92145714 -703.24930000 79.11422857
-12.15996957 -803.89200870 50.09123478
-72.28992500 -704.86220000 77.58681250
-79.76236591 -718.57119726 75.28481722
-98.15947171 -689.31128832 75.66517414
-91.84278253 -727.67095360 71.31001772
-45.68896421 -781.42948867 62.53964245
-49.66495667 -755.84624667 51.98193667
-37.93930118 -742.53986045 64.78700656
-59.23080580 -810.52062293 58.00742376
-82.82033183 -733.67525102 71.40653998
-8.12963266 -745.64404840 37.25281104
-58.88824518 -775.56333660 64.40124943
-50.98441761 -754.69519940 64.55373164
-26.01367482 -793.67862030 58.45537762
-70.65797393 -770.57450843 57.49054149
-75.78125347 -731.19411400 28.63506204
-62.85653207 -731.54973507 65.45498073
-94.74477215 -706.62331811 76.19889990
-89.79933113 -725.90693679 72.58243915
-50.96721450 -737.74119618 67.33408321
-31.73515236 -805.53640919 56.11807727
-50.19080065 -744.48651473 60.00440491
-22.19203159 -805.67112688 51.37232458
-70.71844098 -730.85542051 72.38183245
-40.85579655 -823.59802042 47.36197602
-101.33145940 -731.04870313 66.14195764
-34.86395919 -814.64527061 50.51670174
-95.02197684 -686.33231697 76.64833757
-64.30902786 -698.33171796 76.22183034
-57.19874000 -810.19484000 57.82344000
-43.31135506 -744.58457605 63.95160123
-62.62696622 -750.54896789 67.20828763
-35.40354670 -809.28980436 54.31479614
-62.48306904 -736.89299623 65.93016261
-61.36043158 -771.09445263 65.60073684
-80.14208286 -723.35691143 75.91240429
-76.90969739 -772.65028648 55.90166646
-49.25746275 -750.27535294 64.89293137
-61.81526777 -778.98697285 63.35894089
-28.70169985 -797.18178921 57.13606148
-49.62618070 -742.03324211 23.69784211
-56.02400000 -742.89216667 39.52850000
-34.62423011 -763.82852356 59.76011889
-40.84206750 -742.60586040 64.95454671
-47.58034247 -819.85153699 49.30210658
-59.10877594 -709.58169926 73.47116617
-76.82938301 -733.65611542 17.21413480
-27.22366667 -792.07305556 59.39295556
-78.92557605 -767.42094520 59.12335372
-59.55393438 -704.28244746 73.23376747
-39.00117000 -776.71614000 61.07513000
-77.35156599 -747.52751846 61.64596294
-47.87859676 -740.55237929 19.97589061
-48.20938841 -764.60555217 62.44198406
-102.53161304 -696.92089130 75.70710000
-11.84744444 -750.20187778 37.83054444
-75.65629011 -739.73125502 28.37562695
-49.14667078 -739.04426429 14.52404307
-54.91727210 -742.80225087 47.53134606
-65.33930375 -709.65294086 76.23830928
-37.11702094 -824.59497600 45.43724659
-50.80436787 -810.74451336 55.67212599
-52.89794445 -772.64863675 65.54597770
-50.56508437 -750.37534063 62.98040938
-43.51879718 -793.70308028 60.50011972
-57.41980000 -747.41270000 54.08835556
-100.41572238 -691.87964243 75.61156498
-76.61895602 -763.43399575 62.82053876
-76.26252318 -736.65751703 26.35446764
-22.94994169 -742.60047476 41.48486021
-56.37275297 -740.23999622 53.58179881
-71.21821111 -750.41720582 73.15543122
-52.43248981 -740.00742730 65.04196647
-43.79514211 -740.93976105 31.78397737
-45.52269762 -828.54033333 41.18692619
-96.87738687 -702.74617172 75.74514040
-16.12951034 -750.25784483 39.56973448
-63.84327692 -732.84897672 65.15937611
-58.81992694 -733.68229596 67.29765877
-53.53407018 -744.87896959 56.84000409
-88.95327043 -733.71008113 69.11805691
-57.97397494 -721.94549468 72.60628835
-40.15500872 -772.30761925 60.42023113
-58.83743426 -729.74577799 70.15358863
-53.87670689 -703.27799222 69.47006737
-52.10564185 -736.00425750 66.53522712
-58.83692922 -778.91815915 63.34736286
-22.71780000 -739.59360000 42.79490000
-53.64413636 -743.21307365 47.29242332
-66.56171333 -783.34238444 60.49772889
-48.62871869 -821.69285981 48.42931589
-51.77879000 -801.09905000 60.73833000
-58.65375728 -746.46146408 59.01240388
-57.08137143 -737.95310000 56.44164286
-55.57908265 -750.63241853 59.99014353
-100.78217438 -694.68782136 75.54690698
-1.19395000 -742.12410000 33.77600000
-36.50586765 -764.91098235 60.63960000
-20.87959922 -774.45047578 49.62119297
-46.56715619 -771.95267549 60.43742816
-60.88305721 -746.25826015 65.87766577
-56.46261052 -724.69861303 72.01374180
-81.53031485 -770.83099010 57.31148317
-73.47945362 -721.49522517 74.52513009
-31.83228374 -769.64601332 56.13217947
-76.99936441 -736.66363721 23.31101288
-64.59707138 -715.87493822 75.14015162
-83.11452871 -716.44930526 75.63639115
-67.71880841 -721.61631068 74.57331744
-48.80294286 -763.78244231 56.80534615
-50.28355667 -745.40993000 56.70731667
-65.24981384 -814.00176954 58.17004931
-38.19778603 -817.34323036 49.34078167
-32.41568579 -790.71078403 61.54271049
-56.49946382 -817.01451352 53.89036958
-58.47511730 -735.97164034 67.43263797
-40.66228161 -825.79708435 46.19085289
-4.76544176 -745.75042129 36.03588348
-65.06975000 -718.52727500 76.60002500
-52.65630179 -741.66735000 29.16388286
-41.28938478 -831.45974239 36.39161304
-62.20459945 -767.31586669 60.43048288
-55.79631211 -752.15065559 62.52902077
-26.09894830 -769.45448648 52.52930362
-55.69792405 -778.73381063 63.33233395
1.06924401 -747.88697530 34.60873184
-47.03570909 -741.41564091 14.49505455
-26.68388244 -777.38029160 52.26597099
-61.86171169 -777.52292605 63.90187567
-57.85035714 -748.73078506 56.62650097
-47.84858144 -749.50180593 66.02822010
-105.24790000 -681.15250000 77.16130000
-61.86531344 -763.69126172 61.81047871
-45.42336667 -786.36330000 63.02106667
-76.82132436 -739.90601518 65.18202426
-46.76769184 -814.60293689 52.55650600
-70.73137133 -712.32181702 79.02515599
-65.43763078 -820.19541853 55.09740168
-68.46614775 -725.19041045 72.07218468
2.92963625 -743.90981000 33.47086875
-45.63216545 -827.83341818 42.26787818
-57.56786364 -743.55742727 51.09120000
-52.78278153 -730.67637878 67.94600977
-31.24677850 -764.06196949 57.15352926
-31.91712754 -796.58196470 58.47948846
0.74484168 -746.00230068 34.10337946
-57.15052500 -720.28695000 73.48735000
-31.22134397 -791.79932335 60.60697938
-75.07493504 -727.45590997 13.91699772
-35.19838848 -826.13490041 43.54530576
-75.29610000 -740.21370000 27.56755000
-102.54756712 -695.20738356 75.72470685
-78.06278835 -738.40456408 70.82787087
-75.80764276 -741.44650592 28.69301250
-31.84384761 -820.57080605 46.93871422
-92.92841770 -686.84839469 76.94400442
-69.89538624 -724.72116376 72.60064220
-67.73786888 -709.62335859 77.58386279
-11.65055119 -740.25476622 40.15541146
-16.84625865 -805.61805179 49.76643735
-46.65390652 -808.41175674 55.99327036
-61.29789643 -768.50207143 61.06552500
-56.02907889 -740.84299370 50.89424667
-55.40790667 -738.35728667 67.24208571
-30.51545099 -773.12259735 54.66840728
-61.59780107 -783.72492291 61.07780087
-34.85110383 -824.35405378 44.81128507
-70.76441420 -739.76565864 65.80977116
-58.86487652 -738.42583239 58.27854211
-70.43182000 -760.59760000 59.73724000
-71.47681535 -722.00702684 73.77461252
-28.75129966 -742.78074812 40.90987229
-55.81245000 -740.64250000 30.23190000
-23.95013865 -808.84291920 52.04769077
-62.24570000 -762.32706667 63.99820000
-22.88697970 -802.55764112 52.74438663
-58.07399091 -746.41348182 51.54953636
-28.80651365 -775.64270485 53.35779863
-68.01480547 -769.29708045 58.44786990
4.13583982 -746.50457615 33.94676734
-52.65462849 -808.98501894 57.08885185
-70.94583137 -749.64739631 73.28617952
-46.79074814 -742.31814399 64.66996966
-66.61420310 -817.79890310 56.55594817
-94.70453925 -714.79797986 79.02481058
-40.43380299 -819.61526990 48.94992040
-60.00152862 -735.87711448 61.34991448
-76.55210758 -730.66167588 23.21423418
-37.87002560 -814.60826070 50.48143675
-64.57741170 -749.60321068 68.95728871
-45.02284000 -740.74494000 13.16935000
-62.09972657 -811.28177437 58.55205577
-46.86767314 -727.66668944 65.23867931
-56.30804286 -750.50662381 53.00571905
-49.88662849 -763.66530505 62.77915833
-50.66819468 -748.28794151 44.91693967
-95.96398182 -707.87291818 75.73381818
-74.18995000 -718.79196984 74.95128078
-72.18702000 -720.00958000 74.10324000
-49.83410670 -802.72086672 59.66524485
-67.33039239 -724.45465916 73.94017831
-67.37106118 -727.19302531 70.72576953
-68.25592189 -727.49324456 73.35269358
-13.54372665 -806.68082947 48.62551097
-66.82117922 -728.62401753 69.18278506
-65.48000033 -728.45964836 68.70985733
-66.22048261 -727.35194348 69.88746957
-64.89142117 -730.15652474 67.65274661
-64.16440846 -731.14433950 66.09929328
-60.98598500 -735.64584441 62.13628588
-60.09561691 -734.61957874 62.06344444
-59.14587361 -737.00825019 59.35847881
-56.93643652 -739.32191656 55.61045053
-78.48007222 -740.62745556 64.39241667
-57.67784426 -741.69830820 52.68621311
-33.65495702 -767.43356255 57.55976553
-56.28580500 -742.04525229 52.56158625
-54.91888333 -743.24535556 41.84128889
-55.49864922 -742.21370701 50.15322260
-49.50809144 -739.77609235 67.28940121
-101.20180550 -698.08621284 75.83758257
-10.74366371 -745.66983384 38.17577397
-56.92308814 -742.24053729 31.27367119
-52.92061972 -778.73430351 63.30960200
-53.19451573 -740.90206129 63.28414234
-60.30076667 -774.91236667 58.50836667
-55.83466748 -745.49240171 52.88806699
-51.72694274 -741.34555242 63.99721855
-54.67241633 -744.86054861 47.75362829
-28.46515000 -762.07970556 56.33398889
-52.85595661 -743.45296469 59.94496457
-54.80160000 -743.58470000 56.65412909
-59.83693179 -746.38759667 64.79124288
-42.83866402 -803.36746190 57.45444444
-50.11342720 -743.20018865 62.59053420
-74.63547778 -723.05658889 13.05213333
-58.80349693 -746.72594138 62.45554061
-61.08483932 -749.40961838 65.86435897
-46.90400465 -730.58051497 64.93745571
-23.75600599 -764.04181414 53.25478981
-56.31481977 -746.49676279 61.50742558
-48.03935128 -760.64561769 53.92288231
-76.92311017 -706.58229952 77.63383835
-59.21126349 -747.97556805 62.00967261
-51.78327417 -740.99284833 28.72258833
-55.22272336 -746.46162368 59.03064375
-55.69337906 -748.88406493 59.69439660
-1.85877449 -745.79121098 34.93075758
-58.07901190 -748.32814667 59.58710548
-34.79318108 -742.19381685 38.40823826
-67.89540541 -749.32446391 71.36214019
-59.52416100 -751.64617911 58.99230279
-53.63958856 -751.46855936 62.03813099
-61.80369321 -757.63100913 61.54696771
-31.17603977 -742.72387062 40.22442870
-40.79066825 -829.81276834 41.36046574
-32.39072898 -742.55267601 39.40906679
-46.62940469 -750.47112031 64.14504375
-10.28990427 -740.54293994 39.42239162
-63.30340000 -813.16380000 57.79950000
-50.42780024 -752.58147690 49.33079714
-30.61680455 -744.30504091 40.41724091
-49.39700084 -757.74505835 52.75883091
-77.63920935 -743.52021562 63.58540384
-34.97951804 -766.61327167 58.75026083
-49.10711871 -759.84755104 54.05631155
-47.53565313 -764.03528824 56.57193452
-47.05050043 -765.96071106 57.32588021
-47.21743247 -767.16575506 58.49980533
-45.68714348 -774.86034783 60.31440435
-43.78786964 -827.44088088 42.02495098
-48.53227208 -767.00277208 58.12515260
-48.66345089 -766.20363393 57.43619375
-46.92518017 -769.59094107 59.51609612
-43.43397329 -770.59406889 61.15689414
-44.71712905 -771.91446598 60.54148008
-88.79204728 -709.68323083 76.75528633
-43.38822125 -771.83551471 60.94928120
-37.95169603 -813.00201126 51.66380927
-46.53781839 -773.17949319 61.12340102
-46.73736549 -775.54371169 62.05099100
-43.62395403 -823.07701329 46.48219345
-49.60130456 -776.08382853 63.31267117
-44.77050000 -774.64240000 60.67760000
-44.73067517 -778.73994414 62.25504781
-45.48794087 -784.17350000 62.61063217
-73.69685146 -731.47048737 72.60357495
-34.64253333 -792.02506667 60.76730000
-48.69340471 -797.85195529 61.56137176
-46.73943185 -802.53282036 59.07807086
-43.68757074 -787.52488634 62.76864838
-73.90252362 -772.65976021 56.05631300
-43.42782824 -790.60740924 62.25193489
-48.49600000 -768.60474615 58.53783462
-50.12524339 -744.05401198 60.19347562
-58.47112591 -737.58430532 56.95690100
-53.38576155 -744.93085084 47.28335798
-56.75258750 -707.63709062 73.13810000
-59.70648058 -733.14321581 66.42624450
-63.48247778 -734.09127778 63.53587778
-72.42871667 -776.93106667 62.01076667
-61.73511386 -755.00242482 62.71699935
-50.48948947 -750.53741053 45.62055789
-55.01544706 -743.06029020 44.99027843
-58.85634740 -752.20808253 62.23819600
-58.68637103 -742.21424401 32.47498022
-58.22989565 -746.35668261 57.18233478
-62.19245335 -817.29901334 55.42943043
-35.12907933 -802.04205136 58.12626221
-60.82698953 -733.12215864 67.47851990
-57.91724667 -745.30313333 47.71428667
-73.63054286 -741.54383810 31.88111685
-56.67465000 -744.40595000 35.58390000
-56.13486000 -744.90682000 44.43910000
-60.64538745 -731.46673346 68.93262205
-37.85864043 -820.84969270 47.75533615
-54.12162614 -743.00670456 49.45496307
-47.57521208 -740.03631854 17.20726461
-100.37308902 -708.48719333 76.16110039
-53.50829149 -736.06992145 67.04183357
-49.57564639 -739.85040706 20.34902756
-76.35590000 -741.27702308 27.45270769
-64.85000988 -726.91419522 73.77672389
-64.89926742 -718.61239701 74.78493773
-46.37765563 -740.77752483 29.20942483
-44.80435918 -740.86152551 30.40911735
-64.89770541 -739.61958211 66.07619113
-54.60984000 -744.34494000 39.59102000
-53.62508493 -743.67241781 56.99003973
-42.31170000 -786.06630000 63.24140000
-56.75849802 -748.37679703 56.44736733
-64.28160700 -811.86743494 59.31551857
-63.99770631 -712.73873573 75.43376217
-50.45221429 -741.05554286 63.74964286
-13.86780146 -805.24699541 49.33135811
-74.95713979 -724.62952042 14.11449039
-50.28253431 -778.62023539 63.16721271
-51.59428664 -751.22204951 47.29929253
-95.77660955 -694.26666879 75.70731805
-26.72708043 -795.35953152 57.88183913
-50.75933952 -749.43301507 46.57736268
-51.75381313 -749.47191656 46.33304313
-64.06326733 -701.17905383 75.22684917
-38.17911862 -741.87077103 35.98250069
-50.94287020 -746.67254305 43.60752848
-52.73870238 -745.47366389 44.08419497
-41.62512530 -741.52412048 33.26544337
-49.40670418 -800.55204813 60.52029626
-59.96096364 -735.08179091 60.59415455
-59.81845854 -753.52518415 59.96417073
-61.36535846 -754.60741077 59.96579577
-85.85287095 -692.23023589 77.86519121
-50.98538364 -745.47275465 41.39616171
-49.73048919 -742.04005405 21.32915676
-47.73811495 -741.56761495 20.73128131
-75.29804444 -724.30750000 16.06801111
-49.68292027 -740.21364797 23.07914230
-41.43779316 -747.29088974 63.13230171
-53.04379167 -741.60732019 26.81168558
-73.81717450 -763.49611698 61.89538517
-55.57566507 -741.86982806 29.25490418
-64.80483700 -741.74070275 35.89700225
-70.62153690 -764.83420544 60.39441270
-67.08710541 -740.43225405 36.92259459
-66.48999000 -741.37002000 36.81356000
-62.04857283 -742.18322071 35.15021069
-50.38366667 -742.22484013 32.37242460
-82.97277447 -724.69643630 75.01825849
-52.39346183 -742.55835703 35.31542277
-51.74726014 -744.57799797 35.24775338
-51.81436545 -708.97419667 69.68741636
-101.38393453 -688.67025050 75.86115626
-35.15098913 -830.55000652 36.57444565
-76.23244679 -733.70923536 26.37142860
-52.79257348 -743.35015437 41.29002144
-52.63795000 -745.39982924 41.66251535
-51.01514481 -743.38381000 37.93686259
-67.99718000 -774.08093000 63.71014000
-51.60267179 -750.48955641 45.40173590
-53.52604490 -744.63342711 50.16231323
-50.67125000 -753.78234894 48.36973989
-30.41860000 -777.17900000 60.60900000
-10.80289740 -748.56199003 37.76116960
-75.00290353 -776.50650941 54.70158706
-62.73999167 -756.74292222 59.91163889
-58.43918811 -754.42093976 62.38889742
-45.48027500 -778.21405000 60.37820000
-76.35855431 -739.44302596 26.44218299
-20.97187500 -771.59383750 52.29561250
-44.28055306 -784.95105306 64.31914490
-44.90885000 -786.36772500 64.67637500
-61.12712040 -752.13593405 62.85513951
-74.06825185 -775.13476913 55.16888780
-62.04306667 -755.66766667 57.32126667
-70.87024629 -772.68696504 56.50360275
-62.92220000 -742.66674286 36.94081429
-50.98525000 -744.36445000 28.80960000
-49.36600745 -739.40078511 17.20871702
-49.05688000 -741.41118000 16.47718000
-100.51884212 -697.34683086 75.47945079
-42.12269740 -827.75529740 42.22955195
-47.17689644 -739.64419195 14.37203854
-70.49146123 -776.12477418 62.87981567
-48.39455000 -741.34305000 12.51750000
-91.74632636 -712.63860059 76.53750217
-50.00024000 -747.11376000 63.88684000
-11.55509800 -806.74837950 48.62261100
-76.75649879 -709.71931047 77.27766923
-51.51250357 -740.50233214 23.97157857
-55.91877801 -706.64676002 71.19813959
-82.90465881 -720.61972409 75.25821321
-47.88545781 -741.53235781 26.03357031
-47.75079888 -740.81846629 27.25123708
-70.53006372 -715.65730174 77.75375515
-46.09472766 -741.26742128 28.84581277
-50.53180626 -740.94865235 28.86433624
-44.66953175 -741.39164762 30.01770317
-54.73223913 -741.71003478 27.51233478
-45.78822500 -741.02265000 30.93722500
-57.52052500 -741.66582500 30.63582500
-50.76359899 -744.53668889 38.45455354
-51.29014286 -744.00914286 40.07152857
-61.02677206 -734.80933235 60.36203235
-41.01328883 -811.52505617 52.79763347
-50.35140000 -758.69011429 55.12688571
-63.19089474 -732.06354211 63.55778947
-30.04194918 -769.15795383 55.03297240
-63.71490000 -731.79646957 63.47199130
-43.74449405 -811.55133689 53.25056051
-65.50974615 -729.03957692 66.46407692
-49.98251378 -736.04890006 65.83432494
-59.12274487 -706.64054599 73.48753053
-45.14321667 -781.76369167 64.21232500
-45.45380000 -781.36395000 64.16485000
-60.49183889 -691.74745000 69.68011667
-69.91105909 -780.60233610 61.44520214
-60.46522500 -746.95197500 63.61635000
-48.28930000 -764.23375000 59.59150000
-6.64328889 -745.84129556 36.67393048
-48.42060000 -764.17350000 59.59000000
-46.53470000 -768.26810000 57.50125000
-35.72130000 -742.53136667 36.73533333
-13.86091050 -748.62015805 38.86233288
-45.00850000 -740.55166667 16.89323333
-68.85795365 -730.51926079 72.39131444
-33.04975000 -762.10550000 58.87915000
-25.83050658 -742.64298176 41.41550481
-40.81583930 -805.74550086 56.30868058
-73.77184287 -736.72031090 32.19055705
-28.55520360 -744.77574045 41.00224067
-19.83761491 -740.10733520 42.19091025
-20.78173333 -739.25133333 42.88433333
-13.88218873 -740.33195399 40.87250174
-22.69896667 -748.12883742 41.21446258
-10.84353435 -742.67573795 38.85638725
-7.92539341 -740.64892838 38.25990592
-7.92736164 -742.64801488 37.73989628
-13.82927700 -745.64187912 39.21252621
-6.06193983 -740.85732119 36.97646525
-4.79975588 -740.90204572 36.10411123
-71.80046153 -737.33470855 34.87238992
-43.84044262 -820.77455866 47.69813685
-6.03169351 -742.04594935 36.94010130
-55.91152703 -802.90407973 60.89049865
-58.73593825 -691.79300956 68.86687980
-3.02445294 -741.04027059 35.16015588
-1.89046833 -742.68917390 34.61874852
-6.47045200 -743.79901200 36.72582400
-17.08975556 -750.24882963 40.05445556
-53.79396609 -813.41102522 54.90906000
-8.35838059 -748.28035978 37.03825100
-13.56323404 -750.23575957 38.60297234
-7.11971397 -748.69435776 36.67684759
-4.75491814 -748.10595394 36.37051124
-45.15811477 -727.69279195 63.93250940
-76.20767533 -730.64883430 17.02973634
-40.97176324 -787.98087520 63.02713770
3.77415712 -745.54445206 33.63715066
3.63310208 -747.62919792 34.12540416
-46.60150851 -810.38781915 54.83441277
-70.68582510 -778.56362462 62.14901880
4.04883333 -747.58280000 33.76923333
-64.80595897 -766.56606516 60.16969080
-70.71149137 -757.97516792 67.14101839
-15.42940000 -744.13730000 39.77840000
-29.77667285 -805.45604214 55.05154303
5.66550000 -746.52280000 33.75890000
-18.61870000 -750.17510000 40.51530000
-75.54398632 -731.48305553 12.18819879
-42.22254595 -725.06108243 60.98800000
-76.40034881 -733.49085593 14.30807977
-51.73116190 -806.93491429 57.60564762
-75.78155074 -730.74209536 14.49910559
-76.99823023 -735.43339302 15.51103953
-65.75088485 -783.08322121 60.74413636
-77.33012562 -735.98400165 17.56100975
-75.40631456 -725.15275570 15.44503038
-31.85117135 -802.79379401 56.50286323
-75.65828902 -725.28877953 16.88398220
-77.42429696 -736.65928610 20.16878107
-49.88956341 -799.30615681 61.18501835
-77.61314271 -738.47641250 20.86243229
-76.15873718 -727.63748651 20.26126076
-77.22718985 -739.01217887 23.53657096
-17.82933509 -770.17083178 49.52773027
-76.78016293 -733.64096576 23.28530462
-76.33597110 -728.16472119 22.99144721
-76.17835852 -730.68557285 26.40840700
-76.24020136 -728.82657823 25.48364014
-75.70940771 -733.59642042 28.64554167
-75.12004698 -733.74750919 30.14411811
-39.59892817 -831.44260141 40.76784366
-75.22988800 -731.85741200 30.35821200
-75.08322000 -732.07058000 30.80918000
-74.47848099 -733.92748540 31.99437658
-73.25479821 -734.81479107 34.02356071
-65.28325022 -700.60646780 76.31285747
-72.73050323 -736.33093167 34.21316422
-24.77523372 -770.28387331 51.55145484
-70.40975726 -741.34835403 34.81608790
-40.78486873 -790.67387620 62.22345753
-34.86573098 -788.39944020 63.07721030
-43.25269270 -793.66487447 61.56125614
-65.61867820 -735.57829031 67.08604221
-40.88880724 -793.55662901 61.32018483
-29.86405611 -820.41327127 46.56358891
-38.07241710 -793.22506571 61.16189705
-44.19039359 -796.11068222 61.15052362
-52.48321883 -800.44580972 61.12049028
-94.77904610 -733.25950687 67.75973354
-47.36417775 -798.59629555 61.00371440
-53.65005385 -801.40206099 60.91439011
-58.77953186 -804.87345363 60.90881388
-58.74090770 -805.94839549 60.22393830
-61.19375047 -806.49466403 60.48827024
-43.76837995 -799.82923449 59.53564243
-38.41121643 -803.41355845 57.42780048
-61.82261568 -808.61306864 59.81374814
-34.66184534 -793.91372603 60.31822323
-29.25520844 -791.78513719 60.08112406
-58.78534181 -808.70655325 58.83442124
-76.66978889 -732.33364444 73.10212222
-34.81177790 -796.72857720 59.21773388
-50.83380213 -732.51071383 66.99845674
-52.85342315 -805.58506612 58.98422217
-28.87239146 -793.68137577 59.05357474
-37.64411668 -799.41441503 59.03893264
-53.39424586 -807.65846906 58.09071160
-46.48788182 -798.04271818 60.18131818
-40.91604573 -802.00026567 58.17840920
-34.94717763 -799.40702890 58.46130168
-84.82506538 -723.37998269 75.89113462
-58.73794064 -811.97129986 57.04096127
-46.67356243 -806.15871590 57.17057881
-49.93201166 -808.61958267 56.72551234
-66.46288983 -815.72478136 57.60375424
-30.12500000 -763.33470000 57.80810000
-23.40924304 -793.89941575 58.10379606
-38.70547365 -801.91217872 58.14407872
-52.86805410 -811.49715993 55.75024380
-40.74172766 -803.46332821 57.50857766
-102.39170000 -687.66907500 75.77827500
-43.88936423 -805.84364994 56.81286702
-95.75998810 -689.52413429 75.70293119
-25.80400698 -796.61270279 56.56239442
-58.67942777 -817.99025892 54.32440539
-45.98049948 -815.74446082 51.43672835
-30.98783793 -797.75728247 57.57950374
-74.34788244 -746.17857430 63.29126202
-58.86784571 -814.72201674 55.71824619
-28.94326047 -763.59255645 55.95954360
-22.87530577 -794.73935500 57.48475038
-22.31388695 -767.02829409 51.40171634
-33.59187900 -800.55053000 57.65818900
-28.86292180 -799.63054527 56.03555166
-56.12485850 -814.07035898 55.19405264
-43.97636538 -808.19533986 55.42107350
-59.50985086 -819.74000143 54.09126657
-20.79156126 -794.98450721 57.18545135
-33.90793156 -802.88766255 57.51090418
-40.97933636 -807.69330806 55.17499983
-79.95802414 -774.81492438 55.02127161
-55.53354490 -815.29896797 54.37661273
-23.94128704 -798.34972037 54.95050000
-61.57806664 -694.80545758 71.01803801
-29.15338765 -802.57980476 55.30446011
-27.25045000 -801.21895000 54.83700000
-46.36597676 -811.79355185 54.03275977
-53.48413428 -813.98562270 54.49761844
-61.48179075 -818.67740903 54.62404317
-64.13134554 -820.81062667 54.49184766
-73.85752065 -733.64119632 71.82424697
-19.84691459 -797.62001297 54.41468687
-41.02337300 -826.96932337 44.82229165
-40.27734695 -828.95771811 43.60797616
-22.77281909 -799.84225794 53.82159446
-60.17084375 -727.08205625 72.90915625
-25.27687836 -800.37914076 54.36126098
-43.37853463 -809.60820049 54.37192055
-34.51206578 -805.38123301 56.85780316
-37.79897255 -807.72424795 55.10931426
-19.80360487 -799.71366595 53.22426009
-25.87723133 -802.64004573 53.83264046
-27.81688837 -803.08323566 54.55799574
-17.47963735 -797.85359759 54.41486225
-35.51172593 -807.97218175 55.15286085
-63.25890833 -739.91866667 67.52647500
-63.70665000 -822.19410000 54.12100000
-17.27110067 -799.66150583 52.96457627
-65.62588901 -706.77200212 76.22360046
-44.43694427 -813.68398295 52.14459873
-70.79085952 -745.48224876 65.11767863
-37.85030647 -811.48762112 52.76859411
-25.87034304 -805.72732681 53.23878623
-30.94713230 -807.62710739 55.55302724
-34.84074562 -820.58882812 47.03068568
-41.53302867 -746.30475168 63.44949746
-43.59717152 -814.93414381 51.01323626
-40.52972135 -813.01650449 51.68188764
-95.12708038 -734.56643650 66.48097278
-40.91342369 -814.66486699 50.92937245
-46.82371931 -817.65526608 50.40608658
-83.05403820 -723.32690618 75.91559551
-28.45590087 -808.06374198 54.20252060
-48.51136013 -818.18318627 50.83442418
-19.49683366 -803.37101961 51.39705218
-43.83757274 -817.42487095 49.56127925
-16.82313327 -802.99394720 51.09634352
-67.82058188 -739.71435725 65.97901717
-21.64287083 -803.98902083 51.72394583
-15.12431667 -801.04953333 52.02310833
-37.59610000 -813.71365000 51.87195000
-25.81834465 -808.55422983 53.01011377
-54.91500891 -762.47034939 63.23018421
-14.12871036 -803.07876630 50.77358121
-32.62598682 -815.03453804 50.48794331
-55.90748000 -770.65432000 66.94362000
-33.19281250 -812.56758542 52.31640000
-35.27451094 -813.04478906 51.70758750
-70.88571919 -737.68465931 66.52847215
-40.78757188 -817.65316352 49.66350824
-19.84041328 -808.69804491 49.69763985
-54.18511333 -698.20868333 68.58669833
-33.07310952 -813.27665714 51.87338571
-40.83392242 -821.05102263 48.34126030
-47.00576462 -823.12499896 46.60196736
-58.95459143 -759.47541952 63.86409714
-17.44081676 -808.34482118 49.01180147
-36.27043333 -831.20930000 37.59490000
-11.70798765 -805.53426128 49.25858171
-34.82941017 -818.08683709 48.06084058
-37.11062940 -818.34208084 48.41860945
-57.34820000 -754.20870000 57.30350000
-32.11470155 -816.69919509 49.18343127
-39.07193475 -819.60154492 48.91020000
-46.38938385 -824.38505934 45.32056887
-44.04098623 -824.43807095 45.08688541
-79.87850158 -712.76443461 76.58289093
-102.75840000 -708.23390000 76.93355000
-46.24929606 -826.26573420 44.06956625
-17.79960619 -810.78389667 49.01615714
-16.44053333 -810.60730936 48.46236988
-43.72352468 -826.06344854 43.67533758
-14.26613372 -810.45748851 48.08475824
-30.07464961 -818.62235512 47.67552520
-34.85650667 -822.80198444 46.24075841
-32.48440966 -822.69600369 46.14734886
-37.75127960 -826.57115495 44.49607025
-29.56387653 -821.81920000 45.58182041
-30.49040909 -822.11489091 45.71787273
-30.00523323 -823.37827538 44.52039354
-57.64893698 -715.46907859 72.63123285
-41.60675693 -830.34580183 38.83155921
-38.38471175 -828.80043909 43.25378705
-34.53266472 -827.39221151 42.18017000
-37.68916249 -829.91607610 41.97235450
-30.26114167 -825.34668333 43.38325000
-35.00115339 -828.86665575 40.79912694
-38.41201188 -831.45634841 40.82075217
-33.11862119 -828.38933305 40.38213390
-85.47096180 -736.49312856 70.12958462
-38.09421690 -831.85155869 38.47026854
-56.96974000 -729.48752286 69.93111143
-34.98867413 -830.01178053 38.33359093
-33.16266250 -828.90870000 39.62330000
-11.05484545 -807.79833636 49.03233636
-53.49408071 -712.61567894 70.64016867
-15.67690000 -807.07042000 48.75186000
-52.16522778 -812.99393333 54.70587222
-63.78965000 -818.90200909 54.62395455
-66.42357727 -815.07195455 57.92464091
-57.63551111 -803.99805926 60.97849630
-63.10449400 -807.65007800 60.83363800
-64.90204638 -742.43471708 66.06946335
-56.10690000 -804.51267778 61.10432222
-42.66283333 -831.39440000 36.85231667
-68.56837752 -775.79454607 63.60396815
-42.53611765 -831.43487647 36.70415882
-42.59131250 -813.09763750 51.71518750
-41.50931034 -813.32810690 51.83969310
-31.23422000 -794.12726000 61.16764000
-88.92158438 -700.62539579 77.07505363
-36.24160000 -828.23210000 43.00460000
-48.38470000 -816.39878000 51.89342000
-37.82691368 -832.35613895 36.33602211
-35.76428000 -831.38802000 36.44120000
-36.56139423 -830.76304615 39.10017308
-42.20650000 -831.06005000 36.65592500
-76.63582284 -761.31831948 65.15336752
-48.43240000 -815.22380000 52.24920000
-43.23973333 -791.97793333 60.56940000
-37.39840476 -787.70145238 63.89657619
-99.78704286 -699.45185714 75.75997857
-30.28930000 -791.71440000 60.81690000
-39.93495000 -787.89758750 63.86457500
-42.66348462 -793.09909231 64.66622308
-16.47046000 -798.26492000 55.16882000
-64.79962887 -772.70521988 64.77183726
-66.83803657 -773.64306828 64.20458285
-68.40818008 -751.22188852 70.55125692
-67.22381865 -775.58244900 63.94595139
-72.43102500 -777.56191250 61.69695312
-64.77782186 -775.69936302 64.17281953
-58.52765969 -770.87459424 66.21676583
-58.79553036 -772.61553584 65.42986797
-55.93939532 -770.72725637 66.49067856
-67.89776506 -778.65736588 63.07171957
-61.88256264 -775.61434365 64.28470384
-55.95972136 -772.66150034 65.56412139
-55.38800961 -728.25081434 69.48034736
-64.71327937 -777.50951874 63.88480189
-64.90640525 -778.99062903 63.25712087
-64.17521429 -751.05228571 62.94231429
-67.76336363 -781.20890905 61.69477700
-71.60490584 -774.59281104 55.79955357
-55.78754596 -775.60886176 64.39814232
-76.80721020 -733.67703102 71.92900787
-58.97369642 -777.45216143 63.91716997
-64.88610519 -781.62353052 61.82195750
-93.79417879 -723.07306061 74.27157273
-52.97634325 -775.44292402 64.27555939
-67.71785559 -760.79666747 62.41788346
-66.86893469 -782.92812449 60.68127959
-64.63794684 -783.72728478 60.61321660
-58.84426338 -781.77480814 62.07535806
-52.29732093 -776.81815947 63.60826146
-53.99042500 -777.25775000 63.79871250
-64.05331318 -783.40914651 60.86508682
-55.82805697 -781.68345027 62.39236502
-62.66446683 -784.17133713 60.68475099
-63.85875563 -755.72210137 63.17216826
-58.70263613 -784.31521337 61.33188563
-52.95034644 -781.61695511 62.64747162
-56.01195906 -783.98008151 61.76691721
-53.73267123 -783.41033973 62.14435137
-64.15828824 -771.07932941 65.28809412
-59.39168000 -785.07804000 60.73790000
-52.76811000 -772.97068500 67.14969500
-36.06405039 -763.85089225 60.94497287
-37.30243098 -764.56733870 61.40610798
-32.44023319 -763.22718532 58.55508357
-40.22366133 -767.12895898 62.11345957
-41.02425943 -769.31333403 61.42116270
-33.16616739 -765.51272826 57.90649130
-39.13685098 -768.39674314 60.92289216
-31.76301360 -766.68852691 56.55457985
-37.86670872 -769.72372750 59.74136491
-40.17102074 -770.39884368 60.48829780
-25.64212300 -763.96354059 54.01138733
-52.55997659 -763.13278708 63.06883023
-29.57177802 -766.52065652 55.23214680
-23.00012155 -774.96862110 50.31921740
-35.36031841 -769.52078610 58.33432201
-27.70302970 -764.70966182 54.59820970
-41.31171856 -772.96534618 61.07370469
-28.16866468 -766.79779086 54.34292835
-33.94101681 -769.83189534 57.45409337
-25.81550097 -766.66692427 53.12233366
-37.84784034 -772.70767628 59.34351127
-28.65529435 -769.65776467 53.92479730
-40.70946000 -775.08787395 61.05289178
-34.16907428 -772.67301922 57.27529250
-39.74365045 -775.66637110 60.55434883
-31.97809585 -772.63443438 55.81081913
-37.81905863 -775.64112307 59.31668325
-20.27074747 -767.29761189 50.67730534
-23.92426279 -768.36797907 51.99142791
-28.80227128 -772.67305497 53.56848028
-30.18606800 -772.52506800 54.93907600
-22.80833038 -769.66543573 50.76130868
-40.80286700 -744.79226447 64.03735446
-35.88627927 -775.51633568 58.10123484
-34.42061466 -775.75504045 57.04623299
-32.22845066 -775.67548536 55.56650464
-37.45759063 -777.82786893 58.92482318
-76.83135683 -722.20311315 75.51026290
-25.13339700 -772.76940759 51.35384775
-100.80002221 -704.05588380 76.90141538
-22.84661241 -772.64299598 50.32012065
-50.72058203 -707.56760441 69.44197458
-35.99814580 -778.08881713 58.02273811
-56.62721667 -731.82700000 64.08568333
-34.69180738 -777.97973227 57.00072534
-19.92707703 -772.52074195 49.37248113
-79.57634010 -770.29088825 57.12765613
-26.55744302 -775.71892830 52.18883599
-25.23067412 -775.29630028 51.36133263
-30.78907222 -777.84634841 54.53884643
-17.73816407 -771.73767965 49.25850260
-29.04285495 -777.67299878 53.54702907
-33.69705000 -762.12585000 59.50730000
-30.35470000 -769.83030000 54.77080000
-93.77620207 -714.94059534 78.53390570
-26.60765000 -762.12565000 55.18168333
-25.94767500 -777.26565000 51.68847500
-28.36744000 -776.02274000 61.06610000
-30.64286667 -776.99013333 60.69180000
-30.27280000 -777.32410000 60.55445000
-21.71021111 -771.27090000 52.04832222
-24.08677500 -775.50532500 51.85010000
-104.03184807 -682.96404499 76.73831602
-83.13307502 -736.28674312 70.61407076
-100.99650545 -683.47635328 76.51907577
-94.50411312 -691.73927375 75.98512205
-100.67877322 -685.58529230 76.13869550
-103.78570436 -688.68021463 76.07226648
-98.87209394 -683.98564394 76.51519697
-97.91312607 -685.79347231 76.39339050
-105.63843403 -691.08364549 76.21464826
-75.88522583 -737.84638742 66.16813841
-73.76538634 -737.54983352 66.40313567
-91.75722979 -703.63421138 76.81323123
-103.80577063 -691.63085767 76.12450319
-100.51541267 -688.56540667 75.66059949
-97.79084819 -687.93849711 75.90883818
-101.63109013 -691.24710658 75.88159857
-94.71749325 -688.50656796 76.16388870
-98.04843585 -691.66978049 75.58066503
-92.03646392 -688.75257514 76.75499297
-100.76562651 -686.91843855 75.74518675
-95.38162358 -691.49255017 75.68714486
-97.74959616 -694.60901129 75.61425425
-102.79249130 -696.60586159 75.89591739
-97.08890111 -694.57524000 75.80653333
-89.78468696 -689.57488142 77.18696087
-88.90888310 -691.81940400 77.12786697
-94.39576076 -694.83356708 75.99941931
-97.79958005 -697.59754734 75.52692516
-94.67232066 -697.79856551 76.01284541
-99.69919434 -699.53656604 75.83636981
-88.84942836 -694.61067020 77.24380348
-95.84433270 -697.44982816 75.72154177
-98.28092699 -700.25067244 75.72744858
-83.66729948 -692.41726347 78.48856010
-97.45997501 -700.45276581 75.91325377
-91.89259432 -697.84753442 76.57496005
-85.78716883 -694.88215169 77.40170018
-94.96035674 -700.51278001 76.21524361
-84.14510000 -691.54626000 78.78938000
-103.09595102 -704.46883140 77.72249829
-80.26631502 -697.99996147 78.35810784
-88.84460264 -697.52838215 77.23589650
-103.36428571 -706.35437517 77.60140562
-97.77511853 -703.93139286 76.14729788
-100.79941082 -706.61106910 76.50676400
-85.87210670 -697.53611250 77.37529379
-94.87490393 -703.62261141 76.28693914
-97.86918109 -706.44426582 75.95490530
-81.09439820 -695.70329369 78.38420270
-85.83368921 -700.55974387 77.41275843
-88.89751554 -703.69023498 77.18792657
-97.65890308 -707.81078985 75.73807292
-97.62961552 -708.89833196 75.62931180
-82.98090610 -700.66690542 77.85088628
-91.90249884 -706.60394173 76.87436310
-95.03518037 -709.72816318 75.56577886
-85.81351271 -703.65539253 77.35774504
-79.75162296 -700.67810317 78.13771854
-77.19610205 -698.07779431 79.26666619
-78.53012623 -697.89621967 78.93020000
-76.78398387 -698.90086839 78.62832774
-76.79844901 -700.67994778 78.37772266
-85.78450589 -706.71267202 77.21143061
-93.59370714 -711.25781429 75.59597857
-93.12186842 -711.38305789 75.74229474
-74.62402582 -701.33203991 78.17224763
-52.71077692 -763.11946154 63.98537692
-85.88184449 -709.72879075 76.89048019
-95.08736119 -713.91595522 78.94772388
-80.00626045 -714.98544934 76.02042032
-88.74936444 -712.65336394 76.28244941
-73.85499737 -703.68384432 77.92228707
-82.80993769 -709.58366405 77.13609411
-91.63267048 -715.15754996 76.88531563
-85.97852708 -712.66591815 76.40426349
-79.91423711 -709.69923654 77.26070643
-89.03534331 -714.98242666 75.99290533
-73.67760567 -706.59911151 77.62179444
-82.73422060 -712.77486236 76.60527748
-85.84994843 -714.88348371 75.91789286
-85.90584669 -716.29185398 75.59415614
-73.80575284 -709.73259985 77.33461383
-65.88751657 -715.05347006 75.99308343
-91.64272472 -723.04086310 74.49060000
-82.72580914 -715.01038535 76.02112654
-87.52719737 -718.13672474 75.57710842
-76.81833345 -712.58761477 76.74950352
-71.44624298 -709.78676352 77.85941300
-87.08665000 -719.22676522 75.96597717
-73.94261510 -712.56154021 76.92872318
-82.91675827 -718.61506265 75.30690160
-79.66869572 -716.44142224 75.64200511
-85.48393971 -721.26022529 75.40504441
-70.72558434 -712.85405869 78.03778883
-76.99860966 -716.46612041 75.55797075
-73.84023377 -715.59681091 76.32128449
-89.33096561 -723.03157036 74.69429051
-79.34759554 -721.20128515 75.29877079
-73.39481400 -717.29906600 75.93238600
-96.31865000 -702.75195000 75.76075000
-75.80441600 -700.53308400 79.03456000
-72.77432500 -712.40585000 78.92655000
-94.14562646 -723.88767110 73.71367000
-91.72526499 -724.19413762 73.75669669
-100.02754915 -728.81653051 67.96897881
-100.20087409 -730.25777461 67.29274426
-102.65849527 -731.13047350 65.12805647
-97.91082726 -728.34317726 69.07987280
-93.72592033 -725.21027805 72.25922846
-94.63161947 -727.61059594 70.42151067
-96.65120250 -727.07090583 69.97853667
-91.91554707 -725.55656949 72.25936768
-97.85183665 -730.63725035 68.24071380
-88.85519341 -724.67494247 73.96189456
-85.87001616 -722.21968095 76.57946915
-79.88522721 -721.81223989 76.27267508
-87.41827143 -721.86346429 76.82189643
-95.83315967 -728.57324767 69.66089500
-102.54353929 -732.43118214 64.74491429
-100.39571821 -732.82049245 65.64336377
-76.35502500 -723.69255000 77.18567500
-85.89447109 -724.63835245 74.65241697
-94.93475511 -730.80896435 69.20702287
-82.87736906 -722.21535404 76.31692415
-94.04265057 -729.65914009 69.97138702
-99.46520000 -732.19376000 66.83550000
-88.94854552 -727.66677088 72.14498655
-97.97350623 -733.76334125 66.23330148
-45.52752000 -723.87952750 63.50056500
-87.99003410 -726.42073755 73.02421264
-91.70424856 -730.28946265 70.29905212
-85.58610000 -726.94986990 73.36759139
-77.04665072 -721.67062169 76.14434481
-47.84262712 -740.69719763 65.88435525
-82.66465245 -727.53331850 73.42320577
-91.80848683 -733.61136685 68.22779444
-80.17508906 -731.18089508 72.50159563
-85.89629027 -730.66828875 71.53357290
-75.02661831 -722.13766056 75.91935775
-79.90363384 -727.60441306 73.52382910
-87.98633788 -732.61742933 69.98659330
-90.54228750 -732.53231250 70.00708750
-94.93100000 -735.32445714 66.57197143
-74.02246949 -724.83913260 74.04249024
-50.87292943 -708.78646868 69.52401321
-93.08402500 -734.83186875 66.71013750
-82.86002541 -730.70656415 72.18393087
-76.84248986 -727.64149990 73.47053861
-79.87541545 -733.67783703 71.77776913
-85.88792399 -733.57978020 70.52332532
-91.21746667 -735.27249444 67.63832778
-81.88525000 -729.50470660 72.89051792
-85.54531818 -729.28419091 72.91980909
-79.62797976 -729.85944639 72.98615941
-73.87458200 -727.67742741 73.41679494
-87.14397901 -734.40682265 69.68565801
-76.70768604 -730.16511070 73.03098696
-86.74412884 -737.01590276 69.59454358
-70.88769559 -727.60478149 73.20589763
-73.95174316 -729.98010206 73.05135770
-76.91363946 -731.56734750 72.60935761
-66.63750874 -701.64630097 76.90820485
-88.54327961 -738.66604903 68.92759773
-86.42255838 -738.47392378 69.45470432
-79.61059560 -736.67137641 71.08015814
-85.13366047 -738.25819070 69.84436512
-70.07334875 -729.00009875 72.73011625
-84.19054000 -738.22188000 69.98542000
-68.45415758 -729.32983333 72.86182121
-73.91078287 -735.45877610 71.14965139
-77.08820167 -736.40968875 71.11611386
-69.28414000 -732.25328000 72.06958000
-71.39234615 -732.47285385 74.22266154
-57.09472703 -689.89051081 67.95403784
-60.23716286 -692.77597143 69.87522000
-60.88037163 -692.64783750 70.20003798
-56.64587363 -691.82136845 67.91596326
-61.45496045 -697.45706124 71.40772978
-56.10500838 -694.70997109 68.06244831
-53.71951072 -706.99899246 70.02546884
-59.22689533 -697.97861489 70.24725833
-52.34813348 -707.20326105 69.61999562
-58.04719623 -697.25834193 69.53042704
-55.83535829 -697.74722219 68.66568518
-66.90418378 -703.95372573 76.85025124
-58.87174757 -700.67601893 71.35731361
-64.24723397 -703.68726732 75.25672007
-61.79049861 -703.58546194 73.98971609
-46.89363424 -745.50334405 62.32987027
-57.57098889 -699.24464444 69.72495556
-55.31156556 -700.26465611 69.33824056
-68.84989027 -707.02807270 79.34045865
-69.63019349 -707.56015917 79.66585030
-58.36359422 -703.49700329 72.30725556
-60.36880000 -702.27585000 72.77855000
-64.11432135 -706.54902281 75.48694306
-55.94523896 -703.74724676 70.84374338
-54.56211633 -702.71242041 69.62826429
-67.83548224 -712.67947632 77.19115421
-57.23346667 -704.45308333 72.91951667
-61.85622193 -709.64020158 74.89235677
-57.73228877 -706.66268713 72.50090883
-71.56664204 -714.93338198 79.13025405
-54.11377889 -704.61190667 69.95497889
-67.92036675 -715.69722225 76.51622706
-55.82663876 -709.75118173 71.39851292
-57.68003294 -709.71803984 72.59197278
-70.56287956 -718.63802365 77.13387302
-59.18650596 -712.73794347 73.37933643
-53.18453287 -709.78868224 70.18079441
-68.65105206 -718.43152603 76.18571221
-67.27891466 -718.87215208 75.31589226
-70.23122469 -720.85860319 76.47553245
-59.20197402 -715.68115667 73.38949312
-69.06311895 -720.59925263 75.87280211
-51.03125200 -709.66992800 69.86537200
-61.86911663 -718.59029439 74.28723607
-55.91397416 -715.57334463 71.84204482
-80.15520057 -747.80249333 60.16938295
-59.12603052 -718.63484341 73.32627353
-57.63379037 -718.97884452 72.65094153
-42.23337027 -724.67984054 60.57110811
-61.79652173 -721.65467072 73.99158778
-56.01220641 -718.36574124 72.00211320
-51.15985588 -715.05283039 70.64107353
-64.87963712 -724.64090094 74.11325058
-59.38202417 -721.43576808 73.16089566
-61.81756554 -724.64248219 73.52630258
-56.97271356 -722.50749407 72.26421949
-59.26996882 -766.11737399 62.01069459
-56.30454667 -719.73556000 73.21316667
-61.73492273 -749.16135885 68.12077917
-59.69213595 -724.41493261 72.99500175
-58.25738251 -724.77726667 72.48057723
-62.22949417 -726.99266503 73.12552212
-60.87643433 -727.12690597 72.70054080
-58.63475026 -727.84217855 71.41990505
-53.70928333 -700.91510000 70.70654167
-67.79111845 -734.78990480 68.17818727
-68.05840351 -736.02871815 67.46523051
-70.56356801 -736.26491300 67.66644229
-73.76031406 -739.68562787 65.52302141
-42.19031667 -726.31725833 61.22946667
-76.62777995 -742.48910754 64.22183421
-49.89429384 -733.78999942 65.99451959
-78.46545500 -741.57515750 63.88009125
-79.48482813 -743.02918915 62.96837101
-64.81249683 -734.81118063 67.26468381
-79.64255279 -745.47193776 61.85052794
-67.73361221 -737.47727016 66.26952124
-73.79848089 -742.67221180 64.76837538
-64.64700476 -736.80520203 65.76669350
-50.09162607 -727.61740103 67.55505401
-76.94691673 -745.76546802 62.82878067
-70.91060675 -742.59276209 65.55218331
-81.51373219 -747.54164795 59.41045685
-75.72933529 -744.52624076 63.94172647
-78.90115411 -747.58761388 61.07592210
-67.98256612 -742.53244956 65.78376383
-68.62039797 -744.97165415 65.36916311
-63.19814545 -741.38905455 66.14713939
-70.70365035 -747.37359149 64.90728794
-64.90547500 -744.20694167 66.15590833
-75.66571667 -747.38266667 63.83046667
-45.06165714 -732.28086429 63.71932857
-78.26116000 -748.01866000 60.73084000
-81.52842885 -745.24548654 61.20570192
-66.42812500 -740.96662500 67.50885000
-64.92790256 -741.75946410 67.11401538
-64.44497679 -739.94684464 67.23132321
-52.68608026 -725.44346643 69.30242097
-52.82852448 -727.66981813 68.87145156
-54.17523590 -726.38998974 69.83461795
-60.61420593 -730.29676864 69.97980763
-58.76675549 -731.16409273 68.92494784
-55.73398851 -730.65348784 68.51805838
-46.75932448 -725.07429682 65.17777569
-43.82715963 -724.81928981 62.38656780
-45.16422500 -724.78158258 63.97979924
-55.75469328 -733.66797396 67.67578480
-50.55238337 -730.62568036 67.25226084
-49.06482561 -730.84099214 66.24775342
-52.99061871 -733.52050524 67.28163756
-59.66676250 -735.75275000 66.72253750
-55.87928765 -736.61563198 67.43238230
-51.63691222 -734.34101833 66.63361736
-45.18407209 -732.50309070 63.99275349
-45.45787000 -729.39152000 63.73779000
-60.38745000 -735.28095000 66.89930000
-59.80870000 -731.95520000 66.66967143
-42.53070469 -724.29536875 60.54367344
-54.42420000 -726.11330000 69.73580000
-57.35140000 -729.04990000 69.57810000
-79.69742651 -761.68048339 65.59422514
-81.50024286 -762.07320714 65.53607857
-81.68666154 -762.69102009 65.30160470
-79.80714765 -762.78727164 64.62574712
-77.36885601 -762.48810054 64.16914470
-70.31605874 -758.68509481 65.61755273
-67.87647886 -757.97135929 65.06222645
-71.03733662 -759.93625647 64.36664065
-64.32783610 -754.70863904 65.77897291
-65.75035092 -756.77076804 64.71554939
-74.85438235 -762.25870294 63.95875882
-64.56734651 -757.80422884 62.52692119
-76.08571538 -764.95778462 60.64238402
-64.76646245 -760.73345550 61.40724520
-79.76781190 -768.97570138 58.15471095
-67.53704307 -763.18206553 61.17006468
-61.77729863 -760.68734597 61.69706183
-70.84606365 -766.62748335 59.47842512
-76.92684650 -769.88426309 57.22235605
-67.97061286 -764.30335048 60.47807812
-81.94509770 -772.86934846 56.28230607
-59.42136941 -760.86893233 61.68427166
-79.83398885 -772.61967463 55.95233834
-73.62658087 -769.11403682 58.20430208
-67.83226438 -766.59537075 59.71696627
-74.29184067 -770.34191375 57.44035678
-71.02733242 -769.20676355 58.35598280
-64.78455039 -764.69262292 60.63449639
-59.38928971 -763.74627262 61.82314135
-82.49650465 -776.60849309 54.59845515
-61.55885554 -766.12944953 61.25894340
-63.70684348 -765.37811087 60.95308261
-82.84128476 -778.64182332 54.02959292
-76.75996434 -774.97604157 55.07126683
-79.85896037 -776.21866070 54.49643172
-83.13810000 -777.22453333 55.13510000
-68.72270272 -770.77878207 57.63321413
-80.05544238 -778.13919759 53.95411308
-76.93401197 -776.47600973 54.57388114
-68.61578315 -772.13301276 57.28802243
-84.66226748 -780.40414228 53.39899106
-61.90131011 -769.45353467 59.64693719
-67.53652692 -771.41782308 57.91868462
-77.39248538 -777.61990250 54.18079715
-76.72356667 -777.58101667 54.89001667
-59.86455332 -769.56606993 60.11871771
-59.93271538 -768.71821923 60.92654038
-64.07108069 -772.22910425 58.68641158
-60.05266296 -772.20162222 59.40840648
-66.59275000 -756.86055000 59.48482500
-60.09083500 -768.02702500 60.68180000
-64.13985714 -757.98614615 60.25338901
-76.20930000 -765.17550000 60.79890000
-63.99292000 -758.80078000 57.45044000
-61.99657171 -775.09900543 58.32479496
-68.30790000 -766.38399545 61.32013182
-64.82952105 -759.49377368 60.54971053
-62.31000000 -762.09350000 64.02930000
-59.04940851 -750.89330274 64.65934276
-55.89870605 -754.71789016 62.57181978
-55.88596655 -757.65353241 63.02928131
-52.39087502 -754.78761237 64.15401080
-58.91930063 -758.89094873 63.84028734
-52.90606745 -757.74511359 63.54155914
-55.67220890 -760.51443731 63.27035499
-51.23350000 -757.39274000 63.91658000
-50.99383574 -758.50854043 63.58349422
-52.82588953 -760.63728501 63.24659051
-50.36507821 -760.89453868 63.25369097
-49.23902841 -765.56649760 62.38741956
-48.18128293 -765.54201951 62.26421220
-59.50637143 -754.55545000 63.85518571
-57.30074000 -754.48872000 57.27774000
-55.27408696 -760.62914783 63.97308261
-52.85625405 -760.71366757 64.06552162
-69.78347000 -749.48015241 72.46812655
-70.03328101 -751.10150806 71.86079727
-65.68416294 -748.99976399 70.23011119
-63.65747500 -749.87300000 65.79990000
-60.22300000 -748.79190909 67.89633636
-62.03585168 -751.53510134 65.31831354
-63.99583620 -752.02294522 66.12795518
-65.49604952 -753.87574532 67.46958528
-62.28938784 -754.18758752 64.48723282
-67.57130000 -753.22320000 69.90305000
-66.40227500 -750.50352500 66.44845000
-43.86980774 -742.60898440 64.93803067
-47.17014723 -743.62103795 63.01569342
-37.83249895 -740.17483957 65.61586932
-43.94120063 -745.92114334 63.07906524
-46.65971535 -748.49902297 63.13736234
-35.56569642 -741.82740734 64.89999505
-43.77608868 -747.76734906 62.79008491
-33.22619375 -740.16058750 64.86685000
-38.82442143 -744.52590045 64.19243616
-46.04568312 -750.45461561 63.68837637
-45.27422727 -750.37674545 63.54230909
-48.26188889 -739.69747778 66.98412222
-41.78160000 -740.16045000 66.82180000
