-53.14228000 -774.93034000 45.74981714
-50.69155000 -740.71475000 45.39825714
-43.74890274 -745.35409863 36.54416262
-46.85133393 -740.57870357 48.79616607
-54.95306660 -776.15433906 42.36615963
-45.53523288 -744.60383857 35.40843403
-53.71209955 -770.15532731 45.40003683
-51.59518407 -763.19824176 46.81489648
-78.58418654 -747.15875997 34.97574368
-24.51073458 -748.12168421 41.91839874
-32.84899179 -750.23811159 42.13522985
-57.56438442 -769.29735149 47.00341126
-30.40880337 -748.04046492 42.42860326
-53.74318028 -776.96182958 43.47642897
-62.61400069 -730.15467442 52.86561055
-79.65382500 -740.34268750 36.45168214
-54.56048291 -766.24377217 47.32260557
-57.71870699 -745.76445335 46.59141002
-81.56383196 -744.99218505 34.80755355
-99.31466407 -738.64138407 34.26604604
-46.81890588 -741.42994706 20.10409538
-30.34914325 -743.22309647 44.85245601
-50.76289422 -747.29498150 35.96735252
-60.62431751 -743.39284358 34.49612906
-42.38050000 -760.88835000 48.89030714
-55.31074302 -753.80681068 46.16362876
-56.43477287 -743.31662128 45.27234119
-63.55337568 -772.39955866 46.79803538
-47.61265000 -740.94799286 15.07295000
-55.35772469 -731.10507522 50.83750003
-48.45308810 -751.22169748 44.65814989
-46.71961761 -741.72682460 48.23777972
-54.60163785 -744.16242839 32.08794384
-84.54254215 -742.27340040 35.15166554
-84.74299287 -740.03121195 36.31293279
-88.13240000 -737.18667273 36.67660260
-51.03872556 -758.16384856 46.23293318
-54.87504155 -747.38378279 44.05470924
-57.39974428 -742.09009807 46.95151081
-48.30830909 -750.60115909 45.82508896
-96.29115947 -737.31384730 35.42317421
-60.64562777 -727.63551014 52.51384046
-96.42282734 -738.95634753 34.57770401
-96.77339266 -740.31434517 33.40211369
-72.57654595 -743.30720397 36.54753836
-96.08618598 -741.53453751 32.83179958
-90.98112029 -737.32826004 36.49117308
-54.55088559 -768.57702761 46.43824138
-52.19851703 -745.35785094 41.57358281
-46.93466000 -740.16982000 22.09311714
-11.40253317 -747.20856058 39.64113022
-43.62585000 -737.57665000 13.81437381
-51.32245556 -753.21705516 42.43861171
-93.43308080 -742.32145604 32.99005114
-93.53237825 -739.16529247 34.88722573
-93.94985467 -740.30994400 33.60635581
-34.62470797 -767.22258333 45.10913577
-93.51264848 -737.21773883 36.10702656
-92.86550041 -741.06953633 33.91235265
-52.97592500 -738.02700000 49.70438214
-45.65200000 -737.68940000 18.76765714
-18.05038702 -751.02160687 39.61255256
-92.33673810 -743.85827619 32.49728095
-72.56840685 -741.90425037 37.45269346
-62.40526439 -732.72835208 52.19898991
-36.59453591 -769.39893893 44.51645993
-19.50143401 -743.02821014 42.93175489
-49.09770128 -786.08204928 35.15847384
-90.16808211 -744.27187169 32.83829095
-90.26698335 -741.59886966 34.17156360
-90.72497483 -743.07069377 33.20604584
-90.52238461 -739.20958222 35.51486791
-39.69819770 -729.91030460 12.87093415
-89.92831103 -737.22314160 36.91524712
-84.81477500 -737.52271872 37.56473579
-16.22813913 -750.69030217 39.63530280
-52.25624530 -745.55994921 38.21451567
-50.36753500 -785.90302000 37.05889714
-87.53810174 -744.80529123 33.30752060
-46.82646000 -758.50045200 47.72504848
-89.73388767 -737.96894110 36.86505166
-87.36007785 -742.11523820 34.56292504
-88.29692617 -743.56325488 33.53084855
-87.54292893 -739.47803534 36.00164539
-59.40031503 -741.72114417 47.80365684
-87.40292475 -737.35345951 37.20119309
-87.14894529 -738.14665280 37.03263450
-75.62998617 -739.77863377 38.41827145
-55.28261525 -750.88291525 42.01251477
-53.68005588 -744.87523686 41.45319557
-86.52957287 -744.14107177 33.88807180
-45.54387180 -766.19402451 46.76528571
-82.11132434 -740.49089836 36.50172589
-51.39459307 -744.76995908 43.92178576
-47.97857279 -739.91323386 20.07669239
-41.18961765 -767.56508235 45.66743067
-72.63318852 -745.05722289 36.32904543
-39.48912186 -763.19293156 47.27432651
-50.00730000 -746.55350000 36.93635714
-85.19207552 -745.71806234 33.52147744
-78.57321478 -739.37775037 38.07400541
-58.20165652 -730.10510479 51.99648639
-58.43500595 -732.66624465 51.93960021
-49.51711235 -752.05936667 42.18275714
-84.31197726 -744.71710898 34.22946011
-84.32954051 -738.57844968 37.22576679
-50.08290000 -740.74840000 24.29465714
-50.86346429 -744.14945357 29.67381786
-51.64262536 -768.67457309 46.02054452
-39.16806307 -767.20362459 45.44470126
-51.65720865 -759.59005243 45.50599012
-49.25774837 -783.09745114 39.99373906
-50.14427917 -741.47369167 18.19554048
-69.62574762 -741.87853176 37.52597280
-11.24759848 -743.56497879 39.66241623
-62.68514615 -725.60069487 52.13042381
-81.27316733 -747.00204455 34.26368553
-70.58539028 -740.58728056 38.43038284
-81.53403054 -742.32373175 35.84103331
-81.44513485 -739.11773634 37.56520897
-82.22229864 -737.65966327 37.97252993
-48.45048299 -760.29430068 47.18503308
-54.70875215 -733.34026392 50.31123299
-46.86982222 -740.96307778 15.09162381
-75.49636322 -744.99059973 35.99038820
-45.24607085 -778.49624500 41.81559588
-63.20128479 -774.31248020 45.10768225
-54.56072082 -739.37782828 47.77819498
-49.61492955 -747.60934091 37.27305942
-72.96208051 -747.18313937 36.15317880
-22.03576375 -744.35717417 43.10182346
-80.45910230 -740.95544943 36.80988358
-48.44717425 -758.35441040 47.08009776
-43.83068095 -780.21191310 38.74864226
-78.66040619 -744.92482128 35.46518514
-78.76321397 -742.61830183 36.17108113
-78.27199627 -741.30946915 37.00117833
-46.04560702 -737.19649699 13.62649795
-47.85387070 -749.56685385 45.15002601
-59.38358023 -747.05638663 47.37827400
-65.17993077 -767.06977692 48.97802637
-46.11385540 -772.40554101 44.03940521
-55.70026957 -744.25756957 45.99130787
-60.70686745 -771.74187202 46.35891111
-48.47667796 -742.27349246 47.72091639
-57.27352548 -766.40375212 48.16267488
-39.40493951 -771.64427047 44.29972655
-50.99598158 -743.91708684 46.31523609
-46.08147600 -743.59542000 34.81368114
-75.44905629 -747.21061486 35.67924329
-75.45724190 -741.73684926 37.21070575
-75.67179377 -743.10229523 36.42913874
-44.09282500 -779.70595000 39.65552381
-42.38000651 -745.26135160 38.35986988
-45.58582586 -751.34266059 45.42970239
-61.89610667 -734.58359333 51.58979048
-47.37242423 -782.45567397 39.50254091
-48.92848000 -740.73086000 25.15613714
-59.59150714 -744.63206429 33.52523571
-47.49255385 -767.59944615 45.67727099
-51.88400326 -739.24745031 47.13979916
-54.16077667 -780.25392333 40.13013184
-58.31583197 -772.26700914 45.53193806
-72.81471813 -740.29308108 38.60844270
-37.32562209 -763.43810770 46.72950806
-4.91436000 -747.70265333 39.79711048
-58.95520000 -768.53080000 48.79405714
-36.65410000 -743.67150000 42.42975714
-53.40483518 -752.24804397 45.50587343
-63.60337904 -743.26806012 35.40160876
-51.21882514 -777.70017201 43.22817308
-48.89389844 -771.02009687 45.78789933
-70.70870000 -746.86157500 36.23624048
-69.36945254 -743.20688370 36.25928369
-69.61992914 -744.91067183 36.45731919
-46.23656255 -784.14777035 35.42451385
-59.52240299 -740.68312388 48.56966311
-44.52825000 -773.73172500 42.70703214
-53.49451810 -747.97751905 38.38261333
-57.59500888 -738.79454469 49.50713445
-66.44263661 -743.12139450 36.08032352
-66.80707264 -744.41974061 36.07127125
-56.26618000 -743.48329500 41.72783714
-67.50011109 -742.37671742 36.96742027
-47.81521438 -740.43207059 48.48568786
-46.46307256 -777.59272786 43.08363689
-54.45756112 -742.61929927 44.74615820
-43.63556360 -779.19465972 39.42560485
-45.51508588 -763.24306067 47.55791217
-51.88317469 -754.17893709 43.88883004
-63.34058137 -744.14623466 35.46348658
-62.56098339 -773.55654528 45.54828972
-59.68361394 -752.04307909 47.74622761
-24.55977798 -743.30259718 44.42546907
-64.46790398 -773.96694478 46.00181212
-54.99385091 -755.94464727 45.95382260
-27.38266168 -750.73522251 41.75046872
-60.81735504 -744.12864802 34.76422464
-61.27151306 -774.08034662 44.94351874
-60.38725587 -773.16963176 45.36658336
-54.59627958 -745.24646538 44.19425155
-46.67828708 -739.45320287 19.68171934
-39.58542878 -769.15071678 44.71022989
-52.12550094 -743.56563302 31.52658450
-53.37377973 -737.16677432 48.56190444
-44.53472821 -744.85771099 37.03901575
-46.80317358 -741.04159434 48.82216280
-41.40544444 -745.73041556 40.09096048
-60.50829775 -766.10297886 49.12077204
-45.60313115 -753.87447736 44.97237034
-57.48114827 -743.45034913 33.00581060
-47.66322997 -785.20374602 35.51249980
-62.41002474 -733.67617320 51.56735817
-48.12173557 -753.62655265 44.61143153
-62.73209312 -727.06164834 52.60091162
-24.58313581 -744.96275724 43.33850647
-46.66874971 -739.08787756 16.84725021
-60.40769316 -733.21412092 52.31648561
-56.24559455 -776.14861000 42.20986942
-60.05491950 -736.22524251 51.01917531
-58.71647453 -743.47627123 33.92026092
-54.09768027 -754.52189011 45.23428446
-58.13933047 -744.14287682 33.93092023
-60.46886105 -769.45757995 47.62425931
-56.55179668 -747.15757204 45.28227326
-59.51832429 -746.20356285 47.52473504
-60.43826886 -730.25134986 52.77689862
-60.27864704 -735.11241953 51.95519324
-57.01775046 -744.14402014 33.21743168
-59.54050600 -753.32417355 47.35758491
-57.94746179 -771.32548676 45.99100479
-51.69394472 -747.28033970 40.15198126
-58.07133222 -728.36508222 51.62358492
-49.37668288 -744.93816611 44.63407058
-42.08817609 -762.41011304 49.31595932
-49.53573500 -785.88755500 37.16249714
-33.94822589 -769.62231883 44.98160069
-57.44345590 -754.04363841 46.75944212
-48.96878511 -768.36933108 45.89736880
-60.54897948 -739.45585933 49.73414736
-58.08365428 -747.14952845 46.64474004
-51.06318539 -751.47176593 41.13973314
-57.49077261 -751.76302919 47.40859285
-39.67907371 -765.87252226 46.18505224
-56.24880225 -777.93330275 41.18071464
-57.22637780 -740.31158136 48.27540545
-56.47538451 -755.60679014 45.68130362
-54.57541807 -778.34944263 41.25550255
-48.63515647 -766.24625084 46.31712181
-54.34503295 -781.54716611 38.77808016
-15.59360055 -743.33138894 40.97434406
-57.49012344 -736.32052212 50.53660177
-56.08447368 -775.03883684 42.90360977
-56.58656047 -755.93322558 45.62048272
-53.72819390 -783.20029086 37.37497109
-40.54301840 -745.67193731 39.39465629
-59.85365034 -767.33043663 48.56399624
-13.31831456 -744.99568399 39.95089227
-58.81894857 -735.34962000 51.86128000
-57.09791852 -755.87679630 45.83929788
-53.74441254 -784.08325034 35.95299015
-47.52183333 -759.43166444 48.98073492
-57.15912584 -733.34206914 51.28854951
-54.44586758 -774.75628917 43.34550480
-58.48779453 -728.37088905 52.01227393
-51.50999523 -772.33243050 44.99545566
-54.14120270 -772.55216552 44.43961247
-56.36685744 -745.49351933 45.39065241
-42.51600571 -763.23730984 47.67750615
-48.42618907 -737.47618866 14.06166726
-47.45173668 -740.58025327 48.80456719
-54.65857634 -755.96823817 45.33806732
-51.92789145 -751.94388615 44.71989488
-52.09785361 -785.03727392 35.74325657
-53.97503432 -748.01733432 40.70621774
-51.26469809 -744.58454112 32.19222836
-56.88236189 -730.61604890 51.45830644
-54.84663523 -751.50552339 46.62519084
-53.71681888 -743.40323986 42.00518861
-66.00249937 -772.56783877 46.78273425
-54.88702157 -741.47362598 46.30424366
-51.25990000 -738.73695000 13.75938214
-42.17724786 -769.60787357 45.40726796
-43.86670000 -779.81500000 40.66140714
-27.48551345 -747.99929991 42.26517706
-51.27351716 -784.31549417 38.25436249
-54.34057453 -763.54194358 47.61413299
-52.64996826 -782.26182740 39.14801376
-51.28475528 -781.31475913 41.18308185
-54.93426820 -738.47806714 49.14382993
-54.49586319 -736.08504606 49.65126789
-51.73414353 -779.01856474 42.34616496
-12.90590780 -743.39034974 40.06469440
-50.65045495 -786.03228468 35.22021570
-51.52780282 -775.07254984 44.21887133
-50.55264500 -786.18974000 33.28721214
-50.72331220 -783.28280743 40.13443187
-51.44714976 -748.38005973 38.39714916
-51.56651182 -770.20987829 45.53725123
-51.49316815 -766.31469187 46.63915122
-52.97700000 -751.23470000 45.74065714
-48.20344715 -769.61165795 45.41632231
-52.10702984 -742.93233083 45.21448847
-53.23833000 -745.35457000 35.71639714
-51.13658249 -757.16877244 44.80578911
-52.14401102 -734.65105669 48.99422171
-48.62252458 -784.23168946 38.47538214
-51.41538113 -742.44900216 46.51110949
-43.80663289 -776.15747309 41.60264120
-51.08944903 -760.40117974 46.35270494
-52.40385073 -735.32493131 48.95027484
-52.10615861 -736.49841615 48.38168140
-50.88975231 -750.14240139 39.22640529
-48.49997552 -781.31830576 41.13496161
-48.50104590 -778.03295738 43.39931088
-48.09665019 -779.39154637 42.46537217
-45.31871911 -751.34878028 45.87769271
-48.44232137 -775.11535097 44.40246784
-48.20605419 -740.41610639 22.68556309
-64.53079302 -766.96392326 48.57891993
-48.40424732 -772.27294903 44.94396705
-15.68523304 -747.87145964 40.43107248
-48.48130303 -763.07374485 46.83233683
-48.69731658 -744.08640494 46.15934145
-50.18862400 -741.51303200 20.14894114
-49.30341000 -742.74340000 45.65397714
-45.56731254 -781.72583543 38.71155599
-46.40801169 -783.22105149 37.55438349
-45.97463382 -780.53201637 40.57920888
-45.90372612 -775.13919600 43.42670998
-46.39352659 -769.81469283 44.97826864
-44.98212663 -768.55094755 46.10842780
-45.63336572 -760.50518367 48.03983483
-46.00035476 -749.56316452 45.31930316
-44.54448460 -775.45595852 42.41072508
-47.85554713 -740.93159427 48.83304631
-46.72794462 -740.52450077 48.60639407
-47.12543333 -763.96936667 48.80475714
-42.45234811 -766.29771657 46.48675017
-42.89422285 -768.51471536 45.88586417
-42.64307622 -753.58678610 45.12500115
-42.77122859 -751.88568638 45.47613710
-9.57798308 -745.29443186 39.31200860
-56.09496000 -779.90892000 39.90229714
-42.66187772 -760.96660009 48.30185105
-41.60646020 -771.12649286 44.97532082
-6.85118636 -745.98639632 39.42011681
-49.68694286 -758.85384286 45.58322857
-46.44534093 -738.74162595 14.10757722
-39.21176126 -745.65250650 40.58605542
-39.93801173 -761.42335436 47.89706737
-36.57160886 -766.60138165 45.27229875
-38.42112719 -746.94464737 40.91804311
-36.46348280 -771.76903882 44.02209708
-27.46818960 -746.59181664 42.56333351
-37.17213750 -765.47134106 46.00831128
-36.69023012 -745.74527038 41.76487270
-36.21315629 -747.43183964 41.79510861
-9.43343622 -747.84851044 39.39352066
-35.51423562 -744.18077580 43.10121194
-35.43605349 -743.56662674 43.21891412
-33.79285920 -771.73793452 44.46682442
-49.06655285 -742.44939254 26.41679631
-53.03000000 -746.77430000 43.19225714
-33.41446362 -748.01309979 42.32415007
-33.16611908 -745.05125122 43.21321601
-33.80282351 -746.27295717 42.42796431
-33.57077589 -743.35754238 44.12146016
-21.52946376 -748.07536742 41.44702666
-49.29719589 -743.09254810 28.99948135
-30.38164308 -750.60528160 42.11235887
-30.40918803 -745.11519614 43.54943315
-30.62252951 -746.59656203 42.59462049
-27.52284361 -745.16192882 43.54033428
-27.50038422 -743.29393299 44.82356420
-18.51614583 -748.26166615 40.78560263
-15.40288827 -745.37371371 40.57948622
-47.50212453 -744.38495000 34.21639677
-10.86253333 -743.58723333 39.82275714
-24.46222412 -750.87132446 41.20154000
-24.25995681 -746.31823810 42.50863484
-101.08495000 -738.33547500 33.65648214
-43.16838041 -754.22263711 45.88538189
-65.47600107 -770.26999701 47.67229446
-21.47781216 -750.86150397 40.50637174
-21.24812592 -745.64949172 42.20744889
-21.41313970 -743.28198644 43.55399407
-18.88600516 -750.37383666 40.17106909
-18.60829196 -745.24114381 41.65174252
-18.30939378 -743.33554396 42.23484622
-15.58546419 -750.15918547 40.02308465
-49.41706433 -741.05782293 18.27960491
-12.74321978 -750.04342921 39.96835872
-12.66051651 -748.00998427 40.01909232
-46.78953077 -784.75790769 33.19021612
-55.80816667 -765.97226667 48.92369048
-11.88200194 -745.30249020 39.54258354
-11.56543333 -750.08248000 39.63086381
-10.61909355 -748.65697839 39.80889166
-10.47168636 -749.90791818 39.61761169
-10.46092707 -743.59329503 39.51044830
-59.55081111 -764.73353333 48.70853492
-63.47609630 -769.72587756 47.92069915
-6.59763079 -747.67548188 39.40870784
-52.94840000 -743.42670000 42.46275714
-4.88430750 -747.55717583 39.54132964
-40.96079444 -753.36953889 44.97505159
-56.96048970 -764.19064016 48.32587636
-43.65068478 -777.94189625 40.78073172
-20.06885000 -743.72592500 42.70440714
-49.23663492 -786.28445238 33.19039524
-62.82422609 -725.81088696 51.53010062
-53.63755000 -747.06756250 35.74176964
-56.10905000 -780.34237222 39.56155159
-50.95665322 -785.15968619 32.29996091
-51.51395356 -743.10257230 29.53924738
-61.81180000 -725.73880000 52.08245714
-66.24983542 -774.54763888 45.05176884
-65.75028865 -774.04974541 46.04833427
-67.07450943 -773.63950566 45.59165148
-63.25023506 -768.17079889 48.95789294
-60.41353750 -768.41893846 49.03643118
-63.36978129 -766.89814553 49.19282610
-58.40272201 -765.59082185 48.91113194
-59.37168125 -764.66581875 48.87960714
-58.35148070 -764.63422632 48.79685714
-91.97740000 -740.24955000 33.63655714
-49.86673824 -758.22548235 44.81483067
-57.43681429 -752.54060714 48.88764286
-53.52034773 -743.25963636 30.53458214
-10.91716667 -749.92718667 39.75115048
-99.07018123 -739.64114277 33.47510484
-47.96522486 -738.89355961 14.19602630
-48.42960500 -743.50242071 32.01118643
-101.14304615 -738.37664615 34.04942637
-49.34025623 -744.03181650 29.67924435
-43.73138333 -738.85353333 16.90814048
-62.23628333 -741.08526667 49.25229048
-61.30858437 -740.92865625 48.99970871
-99.17943217 -737.65379870 34.61441193
-62.47523725 -739.23794521 50.13067505
-46.19749500 -737.30799200 16.51545514
-51.94752400 -734.63822000 48.64864914
-59.76510194 -743.37269677 33.52312811
-50.25686154 -741.86856154 23.34860971
-48.86690184 -785.05648812 31.70500649
-48.02400868 -739.46057196 17.50872087
-48.66764548 -741.18301222 20.42095667
-49.92805000 -746.96725000 35.84165714
-48.80420651 -741.66778947 23.37733075
-54.55768564 -743.49120507 31.86118383
-43.29911849 -751.94232689 45.85962941
-51.31154440 -745.40018212 35.09161402
-53.31275510 -744.87687687 38.79595306
-49.50142857 -784.28697143 30.64780000
-50.10903333 -784.38256667 30.67005714
-9.68366316 -744.35255789 39.79333609
-5.02320000 -746.74750000 39.69885714
-5.56187875 -747.80478250 39.78481964
-55.87973333 -763.99283333 48.86140714
-52.07320000 -743.66605000 39.55903214
-45.64277500 -741.46370714 16.83261786
-50.11337500 -739.22067500 20.66235714
-47.01170000 -741.74380000 21.74985714
-50.39268790 -742.29545943 26.47249878
-49.01354545 -743.96600000 27.58695714
-47.94974286 -737.04984286 16.16684286
-48.41064421 -744.19118898 32.01737932
-46.76708817 -744.30988602 33.17823779
-53.90240000 -743.52701429 38.87277143
-66.94764444 -743.97415926 36.89962381
-63.05173462 -725.69402308 51.45093022
-44.90144015 -753.76792847 45.86201627
-47.81329000 -753.14313000 45.79868714
-50.63879000 -771.37750333 45.80437381
-52.98250000 -775.01850000 45.73210714
-46.30821111 -763.06016667 48.83427937
-58.67125000 -738.04050000 51.75460714
-60.10086667 -726.99087778 51.67641270
-56.04760000 -743.81320000 41.74665714
-43.74721667 -740.46896667 13.04672381
-45.18590000 -782.74260000 36.70965714
-50.68070000 -743.82615000 27.66703214
-50.63230000 -743.70623750 34.10368214
-49.32595000 -743.00760000 34.32775714
-45.17412024 -759.95015952 49.22703571
-46.98800000 -749.36355000 45.77360714
-47.79061957 -749.40899130 45.99745497
-92.58665000 -737.42735000 36.76665714
