-46.73221818 -741.87700909 16.21036364
-48.57847636 -743.39588364 19.16989091
-52.53077475 -744.26213030 21.01724607
-38.95378293 -743.95009756 22.31846585
-39.97232500 -742.85373400 22.65915450
-55.88074665 -748.81026916 18.59227479
-28.81199435 -738.09593576 24.08659672
-27.18050000 -738.08055000 23.54615000
-58.88331908 -747.49163877 19.20879077
-53.97020000 -747.84351000 19.39187000
-58.65822994 -749.05519681 18.06040508
-54.70150612 -744.56615755 20.98547878
-35.36362670 -742.19362320 23.05264420
-34.55577847 -738.26790125 24.35742668
-45.41686667 -741.51401111 19.73136111
-29.27725113 -739.52496964 24.11913083
-37.07240596 -738.51709093 24.70288601
-31.96379133 -740.36251672 24.16321656
-31.71695567 -737.93454079 24.37458966
-44.83296685 -741.97656576 19.00758587
-52.71023789 -746.29364612 20.05127006
-37.56040351 -742.79370189 23.03157596
-50.62710061 -747.41369541 19.24966330
-63.50407190 -748.65080654 16.82642484
-46.00251827 -742.49686064 19.84654936
-49.75039323 -743.93926458 20.24924704
-46.91120268 -742.58553021 18.41112998
-45.89114074 -741.45763510 17.50539119
-45.90729794 -740.54894035 14.73797587
-44.85554853 -741.50295217 18.62259515
-43.45626713 -742.33914258 20.84393208
-43.92453217 -741.61257791 20.94285417
-45.08413433 -740.25860597 13.99239254
-41.93529286 -741.73009524 22.28730714
-40.60912687 -740.93621378 23.37575712
-41.12388315 -743.33648143 22.01642593
-37.66261976 -740.37787222 24.03568549
-34.59222198 -740.63864314 23.91520274
-42.72274023 -741.02697582 22.76596692
-61.48506294 -748.95625476 17.34208121
-61.27303246 -747.40647344 18.58434049
-58.29898316 -746.54880248 19.86665533
-55.97148880 -747.68493745 19.29359846
-55.56204676 -746.21722190 20.24913493
-53.14656836 -748.34214132 18.94777081
-52.30078265 -747.62541485 19.28489515
-51.10070769 -747.88016923 19.05766154
-50.15438297 -746.04985419 19.80159961
-62.38557055 -749.58549909 16.14959658
-63.87492505 -748.99852781 15.77414395
-54.93206486 -747.84607027 19.39688108
-60.23870000 -746.72496667 19.40965000
