-50.21323694 -744.00776935 22.56684303
-55.98997419 -744.70198600 23.29642975
-49.93988345 -739.92100345 22.23945524
-47.99753056 -742.74343449 21.89246296
-36.86535789 -733.51258596 21.64805035
-48.56690000 -743.53910000 21.72275000
-35.11930412 -735.60346810 22.53838927
-37.99926104 -738.02864277 22.55527667
-36.28163077 -737.52093846 22.21905769
-40.42679121 -735.96031490 22.25856828
-47.36395020 -741.58900675 21.33972564
-60.58028800 -745.21725800 22.99646600
-47.02742614 -740.03067228 20.43847583
-55.65377178 -742.42598095 23.39369864
-52.73865746 -744.45976360 23.02654785
-37.59465263 -734.08008783 22.02175526
-49.81346661 -742.24337435 22.32517809
-43.75663354 -738.96761082 20.54091499
-42.06949973 -738.56072658 21.66723384
-32.38074732 -732.04230107 21.55025954
-40.80374277 -738.73267500 22.23652867
-39.65688182 -734.33778545 22.18418818
-34.73280228 -733.67293458 22.19265007
-58.05847817 -743.06502398 23.39213109
-44.79896697 -739.53160588 14.47815664
-45.61507137 -739.90529608 18.19231235
-44.96470164 -739.64430593 17.90253548
-45.43927826 -739.83608696 15.26166739
-43.27527625 -737.09820936 21.57771087
-42.70197016 -736.56315429 21.92481698
-42.19752000 -737.45932000 21.74823000
-38.05322805 -735.90185486 22.38358040
-34.83458598 -732.79203657 21.58367114
-33.00183614 -734.83633373 22.87982229
-32.57596059 -733.07765313 22.25379853
-42.36980000 -739.48230000 21.77815000
-30.24833750 -731.82598750 21.53890000
-30.19842500 -732.30237500 22.07867500
-58.38608232 -744.70637500 23.29222165
-52.95050024 -741.84764847 23.09353105
-52.17906726 -740.24583350 22.82228807
-48.50885978 -741.32253478 21.70940326
-48.60886045 -739.74420075 21.60842164
