-21.42427955 -805.13859090 48.56805090
-86.09820674 -691.15638090 67.52137798
-63.29473330 -717.86487179 69.00397411
-33.40011188 -742.34718930 45.12968444
-48.65708309 -740.95919228 21.06963214
-45.31919198 -784.27326521 61.86870808
-56.10387189 -714.21914618 67.26979173
-43.21292275 -728.15410858 64.16581794
-62.83329813 -769.88002101 66.52295101
-62.78360851 -741.86856890 36.79891630
-47.39473713 -767.95889649 61.59286117
-56.42057126 -711.69915154 67.23692516
-42.32256974 -771.95765124 59.65382898
-53.00351143 -753.18734571 52.11990000
-54.24955969 -744.31742824 50.58654061
-57.44114839 -799.66975275 54.60081814
-51.73187323 -772.22225837 62.02646497
-38.96174971 -742.06615279 41.50677522
-82.14918174 -722.38953362 70.58820435
-102.82740088 -743.11554761 37.09555965
-30.35224239 -796.21539009 56.60482051
-49.96706875 -783.91830625 61.01682250
-28.25434073 -773.87793874 53.59972391
-94.15080333 -746.75732667 37.25521333
-69.45559186 -736.51456535 62.96571165
-50.70612047 -765.82461445 59.10567487
-51.74006667 -740.34232000 36.52956667
-54.67836017 -714.98250722 67.02127469
-39.62522239 -792.51504905 58.71130159
-85.11443217 -730.72328993 64.02827357
-61.75640000 -806.29176000 49.22298000
-35.67522388 -742.45225721 43.85850002
-71.68559595 -742.34649947 62.04208413
-93.18922173 -688.69899160 64.86567210
-44.24832632 -809.47527018 49.29967579
-54.94868614 -777.39436629 61.75677714
-68.08217674 -710.28012558 72.09519488
-49.82525000 -713.59795000 66.52006000
-59.58295556 -737.07171313 57.96566000
-53.59275875 -742.66775322 41.87792298
-36.68862088 -792.04221929 58.57202796
-92.71645547 -746.75712266 37.69095219
-83.38241793 -736.44839332 64.59429234
-36.15249071 -763.78493046 60.94460215
-27.45839611 -804.19877613 52.90198023
-82.23280000 -715.78730000 67.34366000
-56.02435747 -808.85242529 48.66334506
-46.69456522 -740.99106957 34.02575565
-42.38914508 -741.52654522 38.67651710
-36.11120000 -743.57550000 43.25386000
-72.13005853 -754.61588088 63.41008974
-84.35563971 -712.14815832 67.51111153
-56.92991397 -697.65583191 66.05533611
-89.70877763 -732.42403647 61.71046292
-69.28768584 -804.90491443 50.01305202
-9.31864184 -745.35741520 43.87496522
-57.87978831 -733.69568896 63.14175740
-62.65187218 -751.68332004 60.96036995
-58.61020645 -737.42208710 58.17312129
-63.53394998 -780.18907271 60.81711044
-42.32333516 -794.08741569 58.21077361
-55.98158571 -816.56534286 42.17258143
-36.69614425 -788.11842770 59.69287080
-60.70049770 -777.43557255 61.71099114
-52.34562607 -719.86396588 68.20441924
-68.13746866 -780.56827985 61.20476746
-50.24312920 -749.84561625 61.63884623
-63.25736867 -772.05829619 65.23843253
-49.10965791 -781.32234683 61.74812362
-57.19931543 -748.13987246 59.76907121
-56.70995856 -756.23380861 62.40173776
-67.88080000 -770.47050000 67.02506000
-39.48462941 -776.66045294 58.15736588
-87.56363642 -715.11474734 68.12686856
-94.43230000 -709.80866667 67.45446000
-92.08999000 -696.84500000 67.42856000
-50.04628817 -780.76228206 61.00635008
-47.16880000 -741.04874444 14.98718222
-48.60743328 -799.84525583 54.91651414
-59.01376667 -698.47416667 66.67739333
-46.15777407 -732.33078889 64.47405630
-88.98283077 -707.93908077 67.41007154
-54.53526714 -751.14485363 62.77416047
-50.16678750 -778.46785000 60.89116208
-83.78293564 -729.61610058 64.93551864
-63.75178698 -807.45819668 49.01549428
-15.36739968 -739.76549438 47.63346896
-48.68045892 -741.23693685 32.73809646
-60.65608464 -760.01524258 62.26360164
-58.05828330 -779.94428176 60.69198341
-63.56575467 -706.10804469 69.06751564
-97.65170000 -685.55003077 61.13374462
-44.48718985 -774.07965153 60.36844870
-76.93267143 -747.09465238 59.65924254
-60.45644130 -778.95861540 61.09982997
-42.80477793 -743.27771218 65.21861677
-83.99029303 -747.15895291 39.28732590
-74.20840855 -739.67976223 60.94262010
-48.49713809 -811.31270830 48.41106406
-66.86642794 -765.09474974 58.73344339
-53.33940588 -746.28416471 61.49844824
-78.19385598 -735.78814535 66.23099464
-107.88420137 -740.97584901 38.41389376
-6.89288231 -746.96252948 43.42255656
-79.32756888 -695.06777254 68.18501240
-42.11017031 -784.51446562 61.88287493
-66.00411571 -726.86878256 68.60643246
-60.58520181 -803.09645369 51.92990236
-66.28877348 -808.01676260 48.78063084
-57.71425926 -771.07935567 64.59482050
-78.44389662 -742.28429370 40.97392181
-59.41913000 -742.38325000 34.21916000
-75.14438690 -760.90601048 58.06464210
-25.23954606 -766.92901712 56.22227281
-52.26668935 -738.23521420 65.07215499
-53.82706830 -805.31912775 51.17003987
-45.36223070 -785.32863772 61.25102404
-19.25312867 -744.16613262 46.42445104
-48.37404633 -735.05523834 64.25150796
-37.02032387 -742.39564918 42.82276102
-72.59929614 -709.14838420 68.43118931
-69.03455562 -734.87674656 64.88412341
-75.23475429 -741.84266286 39.98784857
-67.58214724 -766.42247795 58.23341354
-30.57614392 -774.15797315 54.14545500
-45.46639147 -799.90062572 55.06122025
-55.30970000 -746.63200000 43.95361000
-68.99316779 -721.36382313 69.63474782
-63.25206430 -779.08813088 61.16168421
-89.16139141 -713.29416406 67.94636547
-81.36492185 -711.98966967 67.66185835
-52.64557045 -743.29162500 43.88112894
-63.22114058 -746.20747795 64.10070410
-97.37965714 -698.97811429 64.20733143
-5.48564491 -742.14009907 43.06940287
-96.06510614 -730.66066158 60.26406944
-51.43456672 -798.30944229 55.85886515
-45.73950334 -771.43604966 61.54862978
-36.19485668 -789.92907225 58.93852850
-75.52488977 -709.16532404 68.29354090
-61.63490000 -746.73075000 64.50771000
-53.81517500 -747.46727500 53.05035000
-49.07729020 -774.82411248 60.89419664
-54.41013627 -799.67063221 54.70778004
-89.71109752 -699.83962492 67.56462484
-27.42091405 -745.06518546 46.63981550
-67.36746438 -806.32374110 49.14245178
-102.43543011 -739.55782417 39.61261277
-32.46956377 -806.75780000 51.40036870
-58.96318000 -744.48766000 56.69198000
-51.39166761 -743.88288270 36.29547792
-72.85009835 -741.70914254 40.76754659
-63.59180991 -750.92105644 61.99671157
-57.21617674 -794.20557431 58.12748012
-72.13928617 -775.23009087 65.25798717
-74.98215607 -755.04097545 63.86890812
-45.39244065 -787.16416992 60.84138821
-54.45778129 -730.15689409 66.48716094
-73.52470000 -770.57890000 56.74286000
-94.98677143 -701.63540000 65.61471714
-58.79951667 -707.42604167 67.36988500
-60.29189054 -726.90865671 68.44719907
-78.30603102 -715.07338941 67.78888971
-53.42591957 -741.53488681 36.09409319
-41.13331823 -775.29623165 58.18558878
-87.55259466 -741.25794577 40.62993707
-51.27947489 -728.22820573 66.34845690
-46.23936667 -741.04856111 18.45121000
-40.21427778 -744.84356667 63.83853778
-90.10616679 -740.94873276 40.56985516
-87.64585997 -709.47817303 67.16136347
-49.68625227 -749.77865000 61.48157591
-53.00702553 -754.06670426 52.78716567
-54.46420839 -792.79000992 58.93246997
-57.44041957 -801.40393983 53.34234148
-57.60911998 -712.39462746 67.58768654
-66.28314301 -718.11248303 69.88060507
-61.80270000 -723.76530000 70.65626000
-20.57105714 -803.31737143 49.29296714
-51.47012042 -765.11719718 58.06301493
-62.90606381 -806.14903048 49.22072857
-71.15246854 -776.21028390 64.20792255
-102.05264545 -737.45973920 41.03498102
-78.50436659 -706.11004343 68.11688724
-90.32856903 -730.08701633 62.41283701
-54.28818075 -808.64105945 48.67535484
-72.29517124 -759.83222661 59.11049454
-51.55065842 -753.33876012 51.69193273
-51.55084696 -744.11530410 38.96511578
-78.60374646 -697.31505272 67.93209535
-51.01008327 -790.81830265 59.82145482
-60.50867955 -754.03554116 60.77872613
-77.59725655 -766.43927223 55.88655688
-72.55960029 -766.28990558 57.85625471
-24.19258080 -805.09042800 50.80282127
-72.33061612 -718.11761812 68.18537382
-63.46738767 -804.87321413 50.47387760
-59.03330000 -750.45780000 58.33046000
-61.08051130 -703.25051382 67.75604838
-73.01434015 -741.83335412 60.83863352
-87.36443635 -732.97253759 62.27424842
-54.30860240 -703.01791045 65.76796869
-69.50555254 -732.80894432 67.63646438
-87.42916747 -693.46520789 67.09528151
-62.03200000 -747.70327500 61.24652250
-52.29560139 -742.97206427 60.86302925
-34.51080271 -767.80489165 58.47570447
-70.15839689 -734.79652933 67.43580533
-81.52476667 -718.09260225 67.56407699
-30.17348876 -741.65027993 46.83586614
-87.41392747 -739.13756972 41.76241699
-103.91825000 -743.74950000 36.77591000
-66.42035785 -739.86446770 64.62018730
-51.31131462 -794.17858360 58.09569906
-47.76826284 -822.10478104 38.55610875
-72.90875178 -776.90939556 64.63005373
-62.81823096 -765.80694314 61.10461017
-92.39386667 -701.50213333 67.38146000
-54.40255863 -756.85897477 63.00412863
-93.46470126 -742.13872853 39.44302841
-59.26895918 -793.77860204 58.59379061
-49.88800000 -800.74356667 58.86759333
-63.19448441 -801.37207474 53.15036435
-55.59342778 -712.77954444 67.48434333
-63.29500539 -748.11330591 63.05361489
-67.42296409 -729.67282952 68.14716862
-102.03961401 -744.15196561 36.73257796
-33.32317164 -801.90852078 54.56775425
-56.70920503 -793.14487309 58.77668332
-60.55140546 -804.51408431 50.96802982
-70.22020090 -706.14874416 68.64907935
-74.92126052 -729.54917354 67.49435265
-60.64398005 -706.12002447 67.83531016
-69.36713147 -717.99366922 70.85899864
-104.10820000 -737.53208571 40.76711714
-96.14721633 -693.99452173 65.45723578
-72.42617028 -703.33890806 68.64947853
-69.33349612 -807.88947903 48.25573405
-51.33121888 -745.14268535 60.38012596
-60.17052777 -745.79106935 63.45557114
-70.29880998 -733.72497949 67.00630211
-69.50982862 -806.11333792 48.95344922
-90.41117906 -693.99840875 67.00990845
-53.99953963 -798.07687651 55.85164327
-84.36449485 -745.02386170 39.57387871
-72.40783232 -705.93595955 68.41790399
-51.43215926 -739.91346667 38.21334148
-72.37294988 -727.08484427 67.69871590
-41.57307345 -818.42629774 40.17888825
-48.52533885 -801.94062503 53.61770004
-48.27160482 -819.71696071 41.82506273
-90.32025648 -691.19372054 66.22566111
-50.05911923 -821.64413462 33.67887154
-54.66538912 -744.75598734 56.87698924
-70.93746000 -717.26058000 71.74414000
-42.45769869 -765.66522012 62.11226753
-49.10477413 -735.01505941 64.41222745
-75.95807169 -730.46257143 67.14599125
-89.26969310 -726.42547931 64.51343931
-86.65960000 -736.01946667 63.09870444
-66.37345006 -763.27346465 59.17217393
-49.47295612 -772.84920432 61.51663914
-75.45820622 -742.14580636 40.96321473
-66.24734537 -804.84937134 50.25545576
-99.12851860 -737.36806124 41.50231698
-51.31498000 -743.00602000 51.50160000
-100.58859091 -743.46666364 37.30736000
-63.29307407 -802.98160434 51.90090907
-75.36314248 -721.01994446 68.59940941
-59.85275057 -732.91541400 65.61168592
-39.42873566 -774.83964779 57.41653798
-48.68573182 -818.71617727 43.47378727
-60.56411881 -780.39812988 60.67353721
-94.47466618 -705.62892536 67.42486991
-90.41276621 -739.01671826 41.44157480
-95.53943750 -689.12068824 64.52784824
-51.31864209 -730.19730402 65.61696092
-54.23345797 -774.91024091 62.33279935
-51.17797641 -741.99602205 35.74293872
-54.47221919 -712.10079557 66.70014771
-44.96558531 -766.37995070 62.39792120
-78.40940101 -739.73108663 42.38481938
-76.52504113 -737.82366753 66.76385481
-65.56429682 -806.73322803 49.52696637
-87.27789762 -747.19533943 38.82985121
-69.37241217 -802.68514980 51.74490103
-51.42760000 -713.99160000 67.35096000
-42.28892737 -790.20010977 59.71285203
-60.28052667 -724.04274347 68.71278429
-38.96077624 -772.43652802 57.88272839
-66.47284943 -803.04349656 51.73489167
-105.34279270 -741.35632315 38.12241483
-93.19930548 -737.35047908 41.91423919
-30.90507576 -793.40337879 58.76216303
-4.55428000 -747.15844000 43.49542000
-42.45771628 -785.27328605 61.26640884
-43.36674901 -729.26195996 64.00790183
-55.61389020 -770.66323529 64.42234627
-81.11644116 -726.08033453 67.85828490
-67.10121619 -735.04330476 64.56280667
-67.20676190 -756.46726667 61.85361238
-78.21039604 -744.26040358 40.45126679
-75.09870000 -742.09748571 61.40424571
-60.21732649 -773.04040822 64.02255450
-65.53159275 -755.11383092 60.97004471
-57.34099699 -774.96976825 62.58103253
-71.77900000 -722.13520000 67.33501000
-94.70906000 -746.47864000 37.26400000
-68.85454361 -715.36471674 71.19721915
-44.66943005 -772.15167008 60.90881612
-68.59727483 -740.22886302 64.62952059
-54.18023411 -742.90430891 60.33827670
-64.37329109 -753.36590814 61.51093913
-49.14651159 -778.01937446 61.77592835
-63.46798690 -736.22755552 63.15084951
-83.09955000 -743.60095000 40.44976000
-69.20624541 -759.87730345 59.56899974
-33.40172114 -792.99959713 57.74669161
-73.87290000 -776.62480000 64.98236000
-11.34263711 -748.47060103 43.19433938
-75.30680889 -703.19706127 68.29669003
-15.34666520 -747.73128281 44.81421807
-59.28999581 -738.81673843 57.55221355
-63.53477928 -709.13493967 69.00873773
-48.26569281 -790.17535115 59.71294094
-68.45822394 -712.29218196 71.67565499
-75.53851382 -712.03150348 68.23980939
-51.40244706 -743.65578824 33.97492471
-66.33412831 -801.60935071 52.90416041
-48.08185730 -821.07316486 39.73347225
-89.26402902 -706.86295223 67.41313366
-108.11714622 -739.90325321 39.11043872
-48.21216538 -737.25540154 17.67852538
-50.86995806 -762.76559654 57.60119294
-104.67052734 -742.69729626 37.12044224
-53.37002692 -791.38660726 59.69985017
-75.69805805 -700.56630514 68.43716023
-49.42537500 -803.46007500 52.22301000
-84.71997009 -725.24843511 67.10537909
-27.54252363 -768.98970059 56.33719872
-52.47304848 -815.32970909 43.14589939
-69.16988056 -754.13161170 62.70117288
-74.81842787 -770.67460164 55.58970754
-94.18321170 -740.27660319 40.22882170
-98.37864618 -708.18203140 68.10886093
-57.00137363 -708.79305376 67.16802510
-62.76372727 -779.74543636 61.88552364
-69.47274602 -765.34960290 58.67057829
-105.32623030 -739.63045688 39.40962289
-63.21518005 -799.71302198 54.58110037
-99.36168715 -744.93662325 36.95368656
-63.36817130 -777.53750987 61.84890615
-95.66339671 -699.80798412 65.16820810
-102.33275096 -741.75675063 38.19849603
-52.29978254 -749.34720635 49.52294095
-73.55733404 -743.77303830 40.40654511
-69.17407293 -799.30713233 54.86354226
-97.11689376 -690.70231909 64.11901463
-60.45335312 -801.44193703 53.18666812
-99.37843010 -742.07777323 38.45881043
-96.83044610 -745.84709898 37.11687992
-98.78052819 -743.99703012 37.63906819
-96.63677560 -740.19356533 40.07218453
-63.04367094 -732.76302222 62.94426422
-38.09695556 -764.24045309 61.25832605
-96.17624014 -744.63520893 37.84807534
-51.49824385 -748.58013986 62.24914366
-59.41268000 -747.50252000 55.15395000
-30.19282529 -772.73603660 54.83136436
-39.46379829 -785.79611453 61.47166427
-84.27947504 -706.07345318 67.95374629
-51.44110686 -742.11905656 64.76068203
-65.44077670 -706.51509530 69.67867117
-45.95492155 -822.22766174 33.05482344
-59.40854486 -753.93767594 62.05073860
-60.27120583 -799.64603641 54.65715546
-23.57878128 -802.78821885 51.67725058
-72.29611645 -768.57465194 57.12159432
-95.43666667 -746.65217083 37.00489333
-72.48805465 -733.52011047 67.17757184
-46.16552545 -731.89685427 64.06134688
-69.59092136 -766.82113074 58.07794558
-27.93288119 -764.32598515 58.22735307
-42.30990975 -795.87266523 57.74897903
-69.59349822 -720.27294709 70.51692811
-70.03600308 -741.63262172 63.27296947
-30.07386490 -807.24392632 50.65426265
-47.73823153 -747.23025478 61.60979232
-30.38790498 -804.39264929 53.12469933
-60.61078581 -733.96867440 62.77915215
-58.17048035 -803.15608960 52.03485942
-35.09701923 -791.18246538 58.31114462
-96.39416181 -741.99016755 39.03732345
-102.20438305 -738.09801984 40.70968602
-99.45138458 -739.61810279 39.94912306
-69.05863078 -757.19150145 60.54556089
-54.47659600 -728.22209733 67.60098571
-93.42607704 -744.94637027 38.24991257
-98.23846855 -696.67740985 63.94998600
-48.54132680 -783.86070248 61.68968447
-99.34811245 -738.36508896 40.87398377
-90.50470959 -746.98507306 38.17711055
-83.85425391 -717.59818998 67.49258367
-77.25419902 -763.67821176 57.08702373
-66.05938642 -780.26025070 61.08270130
-90.54225355 -745.31643680 38.73440695
-50.62487282 -771.84375380 60.96957824
-60.38436263 -798.15804178 55.83196321
-54.41244717 -810.48132324 47.10074148
-53.69880112 -803.13160337 52.06046899
-57.52449643 -769.34042251 65.64634870
-96.38199709 -738.63786402 41.14849589
-54.10869967 -801.41967223 53.67856999
-56.32819229 -814.00857687 44.56010315
-64.68616250 -712.87010000 70.52173500
-95.33315000 -746.64865000 37.40606000
-60.27499013 -735.98498609 60.19468059
-51.39169350 -805.38700075 51.27324643
-62.28950698 -760.12493586 61.71925360
-48.41869044 -798.34657059 55.88596165
-51.65169444 -803.33592778 52.17600167
-36.69717670 -800.89479417 55.49506680
-90.49928676 -742.11439060 39.86557397
-72.12826289 -737.10080974 62.01590961
-60.58186910 -774.98601419 62.91576418
-65.46461543 -746.30692572 64.24254296
-84.34864077 -703.00920076 68.09013279
-93.00665947 -738.70626547 41.34516021
-87.20063373 -717.03067721 68.09266282
-57.34203788 -798.13537203 55.77824489
-51.21216463 -801.74491229 53.67127662
-96.25182649 -737.35462879 41.78066058
-86.81360345 -744.69331141 39.38232863
-36.59605520 -774.59990589 55.96769351
-49.67603274 -712.60656814 66.61484053
-64.05130540 -739.82068612 64.47992350
-57.07718516 -795.93180524 57.16884723
-57.28910672 -777.35160918 61.68398617
-47.74259324 -820.27330450 30.93813568
-60.45679634 -751.00114270 60.69045961
-50.02566667 -737.45443333 16.68176000
-86.63143750 -728.81472750 64.51214667
-86.89068733 -708.40570788 67.59512095
-84.64913586 -742.99387670 40.14744715
-48.51530663 -805.62651611 51.53326824
-88.54883000 -689.39075000 65.70903000
-51.46623657 -820.16673735 36.25599892
-87.12929934 -742.61023079 40.00798822
-3.33556852 -741.98750896 42.30849148
-67.72360000 -752.75380000 64.37536000
-51.47527240 -792.70413249 58.91443983
-65.57048732 -715.19021133 70.11671026
-51.27679101 -799.74358090 54.87070559
-50.99414881 -747.53335632 60.99457033
-72.40909957 -742.62362841 40.14889615
-54.35297797 -795.95857857 57.06830968
-57.64838306 -745.72944357 59.89077261
-47.99860275 -739.51097798 20.62415531
-87.50323470 -694.88421798 67.46976907
-46.44604051 -736.62113544 14.27765114
-40.09922907 -784.87045861 61.77996299
-21.33121795 -748.05209430 46.05932848
-81.63283066 -747.12156148 39.68005682
-81.52081865 -735.95821042 65.19409779
-90.71247900 -737.41672004 42.10591279
-49.99576667 -737.62690000 16.22219333
-51.38433129 -796.00381435 57.16369256
-81.53456851 -745.27391751 39.84824679
-62.29770000 -767.67913333 61.29906000
-55.32804781 -728.92018607 67.49881301
-71.83657524 -777.71763135 63.67246118
-90.91252080 -688.84148498 65.38524153
-69.45974854 -778.08130396 62.62532791
-50.04578571 -740.87975714 18.85580286
-54.63444224 -794.18589709 58.10365679
-98.78804600 -691.40913641 63.19355879
-73.91613750 -776.10292500 65.17430583
-69.90303294 -712.03232781 69.02868515
-66.32463147 -775.20555781 63.44417152
-39.97718100 -811.17175501 47.28677665
-63.29339076 -721.07013409 69.02550789
-68.53963608 -779.88714442 61.69168783
-60.40377148 -769.48074359 66.11619232
-67.30891960 -779.94685702 61.48098031
-84.34727895 -741.79409176 40.77187214
-66.49380416 -778.09007196 61.96156524
-58.66075217 -737.22249855 58.76126000
-87.32750508 -730.10753005 63.48403774
-48.04600865 -804.07227270 52.65042730
-78.28419498 -730.07264106 66.65281511
-78.42907637 -733.03873966 66.20605026
-69.18286583 -775.69441343 63.78927736
-69.69394840 -774.33830950 64.90986761
-65.35268182 -779.31285682 61.24772500
-48.40369660 -795.93607407 57.13059613
-70.09800533 -768.21353887 57.60235436
-90.68601603 -711.36286961 66.53080656
-50.83278762 -740.45639455 31.80239168
-71.26941538 -773.28217729 66.10290249
-45.62517412 -798.53280637 55.95538874
-69.09806268 -772.83781501 65.80484196
-50.23126429 -769.86194286 61.68020286
-54.35477308 -743.08510860 47.85521051
-87.76584324 -737.45284054 42.44269964
-84.37333822 -739.12947883 42.16594659
-81.91801550 -742.68692650 40.11123150
-78.86625395 -746.90855251 40.13177693
-81.26710689 -742.17377415 40.90656768
-78.59641074 -745.32357253 40.17669039
-48.37422973 -793.93721014 58.01604078
-46.02619703 -795.92775106 57.28264220
-3.65258983 -740.06742155 42.67680047
-66.79534628 -773.84130501 64.54170980
-37.75988387 -814.13450968 43.97630839
-63.21661547 -774.95180866 63.24510488
-80.78824644 -743.73057341 40.42885251
-39.22150988 -793.88203466 58.13266000
-45.44982059 -790.25323304 59.75138633
-61.24376012 -767.98607882 61.90526374
-66.34100348 -772.15155899 65.71362891
-49.96010000 -785.93410000 61.45766000
-75.64813273 -722.09966545 70.44668909
-82.39111856 -718.12367010 67.32796722
-13.44016066 -740.80424754 46.47915836
-48.17056484 -792.46679474 58.74830702
-90.37227458 -727.44507854 63.42846371
-47.77274027 -733.49040163 64.24477572
-95.56668090 -732.14154317 59.81585329
-66.89193687 -712.05488185 70.95428649
-51.66395229 -750.39412477 48.73745037
-70.05996754 -714.83758996 69.17606145
-81.62444052 -739.52553668 42.22261551
-46.02805567 -793.90000000 58.13460949
-59.53014444 -735.53151104 64.80880139
-72.19155405 -807.87839917 48.19150405
-66.29357157 -798.07972995 55.78851279
-78.50629260 -700.10560697 67.94164616
-75.93548065 -745.47022413 40.26873478
-41.77768072 -798.78175117 56.61095471
-54.58435075 -717.00550921 67.11079512
-84.74150000 -737.44790000 42.82586000
-15.32903807 -745.25308390 45.40301588
-54.32874324 -815.27363581 43.08364037
-69.51723339 -763.38828544 59.25926801
-57.62292105 -750.18263684 57.25281263
-85.83415714 -691.24335714 67.39971714
-57.45313122 -778.90240907 61.07270500
-93.26157636 -732.58448184 60.38817104
-64.33942373 -773.69190847 64.41999051
-45.46749105 -792.67699233 58.78038127
-58.09798289 -748.05139079 62.15554056
-75.55010599 -739.89972758 42.08334997
-65.96211894 -770.20001935 67.07600360
-57.36255477 -718.03236589 68.09366710
-89.34187068 -724.15584615 66.79011747
-59.49685795 -731.38804545 67.02930545
-42.22834299 -774.60542855 58.99088644
-62.34424158 -773.34125817 64.22146470
-75.62347124 -744.49288897 40.47329144
-60.54359520 -763.02168308 62.06397205
-71.91480152 -762.96795504 58.78620855
-50.39025548 -739.62180323 23.98339161
-42.39056438 -792.75948564 58.77441968
-48.30392982 -787.07830538 60.80343240
-93.58806353 -730.97230703 60.98768074
-90.95491767 -733.32613080 60.83190490
-52.93671667 -815.58151667 43.42647667
-56.33407083 -742.43550417 42.39990583
-72.81909837 -743.79499675 40.18800309
-50.21151062 -778.03297968 61.89613044
-56.85788531 -747.63188625 57.76385534
-60.65134728 -771.71653029 64.92999009
-33.43796543 -763.38267395 60.29336255
-27.41282404 -796.16123090 56.07938283
-55.49479615 -778.56160000 61.20892538
-98.59832940 -694.47915209 63.67752119
-48.63965316 -784.75708796 61.15285868
-66.55557089 -759.93357556 59.89766415
-92.70877945 -729.79630082 61.85764978
-91.79752000 -731.48176000 61.29004000
-45.71539843 -747.09141522 62.19831853
-57.18200749 -772.35155027 63.77162269
-88.60112286 -734.13355000 61.23618571
-81.08293275 -732.96917148 65.39874849
-83.26783333 -733.15408532 64.64550006
-66.51206041 -753.62847151 62.12897251
-48.69302114 -781.22377200 61.05626914
-84.36136600 -735.85065153 63.99092425
-72.49100579 -756.35074989 62.00115936
-69.73450000 -756.15114337 61.62245439
-63.24756721 -763.36071094 60.90691968
-87.11438818 -702.93425840 67.83978527
-75.60068667 -747.25266125 60.14114868
-66.53351143 -757.01466265 60.39598316
-27.27601481 -805.75756972 51.61171007
-61.72204940 -765.61113373 61.28460699
-50.17686842 -735.85700526 64.27372316
-42.07996712 -787.05215119 60.75974451
-84.91876991 -737.79315664 64.16023168
-12.30550365 -742.14242306 45.54457472
-75.16129243 -745.40664891 60.23711696
-63.40057274 -759.94792519 60.80792076
-98.43584231 -707.00374116 68.26837884
-39.53599033 -790.08912274 59.45311715
-92.88289942 -727.79161364 62.67074555
-60.86800900 -766.17690796 61.90801615
-73.49236833 -740.45847167 41.40429333
-54.39135107 -772.08020782 63.24015848
-50.09958082 -781.12819676 61.91842939
-61.80327429 -763.93742286 61.26075429
-82.81690000 -733.41082857 64.31373143
-84.37646657 -733.07127676 63.62619274
-83.84269912 -737.72014561 64.53402228
-46.12730500 -740.91613000 12.13410500
-54.97129285 -769.67372397 64.85947827
-50.71043604 -774.84787808 61.72877276
-73.16182847 -739.82053605 61.01309977
-82.67323750 -737.63507500 64.75717250
-74.19082500 -700.64362500 70.39718500
-63.81234190 -757.01260012 60.64637281
-62.63566159 -762.83380427 61.59211183
-65.27553333 -722.49913333 71.35652667
-39.69762309 -787.10090847 60.59386875
-30.51640389 -744.52664748 46.12759879
-55.96621667 -743.28608333 59.15780167
-66.31899422 -751.97433367 63.07682195
-88.09959007 -727.93982080 64.03713494
-42.07982493 -785.73506499 61.42357187
-84.28736829 -715.07467064 67.50258919
-54.07613712 -770.36075511 64.16874939
-50.30151265 -774.71356719 61.03861099
-20.81444980 -745.98657429 46.20490970
-49.27316054 -775.53756247 61.58130624
-51.43189257 -759.04084686 63.68249366
-95.22670000 -728.51720000 61.30279333
-68.20706436 -752.12858673 64.14260772
-63.41831952 -754.13763227 60.60424112
-27.46471041 -766.32946783 57.26688539
-62.39310328 -757.14913129 61.86108119
-87.01315936 -726.84148041 64.96715252
-60.64915495 -747.84015672 62.28207991
-39.64932222 -785.38988889 61.24298500
-60.62286124 -757.13692888 61.89774742
-53.47102228 -728.39784456 66.98937554
-87.52080587 -724.71619396 66.48193902
-84.10410246 -726.98892818 66.03509045
-59.81383438 -756.10885503 61.10010919
-43.02108313 -820.73401420 36.19359930
-34.22954114 -789.92191687 58.59643540
-81.47028550 -730.04254033 65.61222090
-58.60530750 -756.19028500 60.82702125
-48.40690489 -730.18340227 64.92454183
-72.10081687 -744.82808930 62.05996734
-70.54302233 -744.35292636 63.09317891
-58.66096011 -759.16799235 62.51293432
-60.58907912 -741.95960546 35.86899405
-89.23257143 -723.71815940 67.53150286
-77.18319091 -737.80554278 66.68592524
-54.19913770 -735.92577495 65.34933467
-74.21536655 -738.58476250 61.51379345
-59.42123212 -705.67167175 67.21196773
-59.56983658 -700.30701051 66.72820692
-87.03975002 -723.86328950 67.85831643
-81.46282805 -724.07907480 69.02920811
-72.07333262 -738.68795547 61.68801026
-75.60214336 -735.80559418 66.74040372
-81.73282107 -727.54940595 66.36465562
-68.55666471 -744.42942376 65.66293568
-54.45337641 -741.76410564 32.69382026
-66.42174593 -744.93991488 65.18508642
-65.71724588 -747.52877682 63.93840558
-84.38726995 -724.29774909 68.06466140
-66.83354031 -746.86819262 64.48417015
-58.32254286 -753.08580000 61.19426000
-54.88561287 -749.71635941 60.58324911
-96.83951802 -708.73339878 67.62890155
-69.44281881 -739.05994603 62.81606261
-68.90160462 -742.18726478 65.64314946
-64.98554545 -704.43808182 70.04910545
-53.46163956 -739.84161868 36.33819187
-51.61481832 -759.30057386 54.79568997
-51.23380027 -760.16023718 56.24855661
-48.45084296 -768.65205903 60.63844986
-45.80400240 -768.80597328 61.51965916
-96.47712993 -686.18602959 62.46607463
-44.00196667 -773.77200000 61.43617667
-43.71913333 -773.99065000 61.55206000
-95.51922327 -709.07141532 67.17205583
-50.72642430 -764.04035060 58.60013410
-44.98269440 -769.02064057 60.99775832
-48.25040270 -815.75491081 46.50706000
-75.26384984 -732.98560006 66.91894597
-40.69096697 -774.26115229 58.45942789
-57.88437822 -730.50932849 67.58970737
-67.30275139 -710.16889254 71.71215488
-69.30611580 -729.97210618 67.97834656
-45.07847954 -817.99697881 42.66412728
-49.27216437 -766.49691906 59.29794416
-60.10462513 -750.81933597 61.55143937
-49.78648158 -764.37684211 58.53658368
-63.59056712 -727.26635270 68.76958057
-32.95474491 -806.07747305 51.99089623
-57.12364766 -753.96523986 62.18823517
-51.53309439 -756.86205927 54.36053571
-52.99558261 -756.48110870 54.30730783
-60.36204412 -712.11511116 68.27289047
-69.43362382 -727.29902289 67.89585710
-49.71300182 -763.80076545 57.83345455
-47.69288067 -810.29678562 49.47592989
-83.40164839 -725.86613589 67.53958863
-96.16842203 -706.25813238 67.71001593
-93.26604187 -709.11653845 66.83538741
-45.52962447 -813.32699724 47.27003169
-47.10028806 -767.42812985 61.96352866
-92.89749411 -710.92125157 66.59409632
-78.35994645 -727.74884328 66.96735413
-76.22002598 -727.77636483 67.23151328
-66.89369336 -741.71672358 65.35816902
-60.15710598 -748.88565791 60.74312199
-25.32336830 -795.28631189 55.57534566
-12.34949801 -745.37864452 44.62173242
-57.81708325 -750.88303446 60.85656814
-51.67583593 -758.01251644 55.68109983
-24.68487186 -801.83487430 52.94760953
-39.08607514 -802.40304808 54.73983349
-73.01196803 -734.92055848 67.01278749
-57.40999869 -751.70329352 61.75582560
-40.02012675 -771.66469519 58.68344422
-75.30664132 -715.02767265 67.96751336
-57.47205120 -740.93287964 55.77800701
-84.19642798 -695.01260872 67.46401432
-89.79056034 -715.21834432 69.49565466
-63.79769774 -745.28473246 64.84506904
-42.37918186 -769.18455760 60.32109851
-60.25232500 -780.04472500 61.36806000
-89.15367436 -716.64483077 69.48574718
-54.51415041 -754.38922355 62.75556467
-53.08770811 -758.74780743 63.44782622
-95.26527137 -707.03534824 67.27482353
-78.29377392 -726.36996821 67.81447175
-74.97937001 -726.76538131 67.74102917
-93.38677857 -706.35654604 67.02955846
-27.46067993 -807.47956234 50.03984315
-90.39284981 -709.23650607 66.79485015
-86.02290000 -717.65920000 67.26523500
-50.21000150 -741.18748421 21.08359459
-66.10556379 -738.60325703 63.80086284
-83.25683011 -720.22571450 68.06784550
-83.07967447 -722.75831809 70.57953660
-51.68308970 -757.20104820 63.58688352
-84.07954099 -718.07524832 67.27644475
-83.04767455 -722.43124909 70.58722182
-82.06390076 -722.84778121 70.58372945
-78.40081527 -723.92509699 69.13995992
-35.39221042 -775.16655444 55.16953896
-87.29611552 -711.66394240 67.17645635
-109.99150417 -740.17364167 39.06250583
-81.21352701 -720.64981366 67.97139790
-51.55795023 -808.74113509 48.79344047
-36.31142539 -771.99135723 57.03682488
-72.04702371 -732.11481553 67.45953711
-65.98622613 -736.11892805 63.74200560
-74.39718125 -716.96107500 66.49204125
-64.27418972 -741.35810881 64.59647706
-41.69503755 -767.03788283 61.08294228
-39.35439091 -769.03674682 59.42282794
-72.32018815 -730.12854307 67.68832683
-90.35381508 -705.99338604 66.98439930
-86.53885358 -712.52108663 67.42106729
-33.38077211 -774.61283650 54.75815747
-97.65846250 -697.46794931 64.24154819
-52.75518286 -695.39794286 65.12292286
-96.37656534 -697.04765038 65.03416740
-60.56337696 -745.25912200 64.57273341
-52.33071383 -754.54912346 63.18909925
-34.27220297 -773.77466799 55.49047221
-63.70418270 -738.84679294 64.00366681
-43.60643469 -767.67127347 61.39794367
-93.54655167 -700.04580735 66.10381726
-32.48914759 -773.19750545 55.15150969
-92.94630594 -702.60840291 66.30840886
-78.15745577 -721.00287083 68.47606348
-75.13586115 -723.98523236 69.20587307
-58.63187630 -745.38096185 62.03579468
-54.73714634 -747.69158653 59.95154527
-88.59869231 -704.48212308 67.30317538
-57.46792459 -714.89651363 67.71240106
-59.07246154 -741.96467692 53.37277538
-53.57483780 -747.91066757 62.17630333
-56.76487165 -741.29071742 53.94713482
-56.56254685 -742.24919589 51.30498082
-40.00672687 -815.93571451 43.84106474
-37.93621786 -770.39061071 58.29804214
-33.58178898 -771.98899988 56.16444205
-90.56060823 -703.21738056 67.07539637
-44.04709604 -764.40138416 63.37067386
-81.15450388 -714.98897474 67.61721044
-35.97404715 -769.65687974 58.00011141
-39.35856507 -766.43208991 60.65880981
-54.95748391 -742.35856918 50.64825568
-66.27440862 -734.26784023 64.14043203
-65.21595217 -730.90449855 63.89037159
-78.42577314 -718.02402086 67.66987005
-49.28500000 -737.03593750 20.06741000
-42.04628939 -763.89179471 63.02474946
-87.31138463 -706.20530549 67.67658548
-36.62910719 -768.53900336 58.78768524
-93.34569592 -696.94373886 66.54539582
-27.33114554 -742.02914220 47.34241241
-42.46693966 -807.73934917 50.30309167
-72.04515638 -726.71170638 67.32251106
-54.64187842 -718.40453633 67.70963545
-54.10107236 -745.02934947 59.63515604
-84.21292230 -708.79049642 67.74820671
-88.59019654 -705.30106478 67.27161126
-91.18583705 -700.44256149 67.10155663
-54.62548060 -742.64779104 56.39926299
-32.91680727 -743.87062180 45.28273442
-40.16159066 -765.15256235 61.62360125
-43.62666667 -821.60353333 33.33072667
-72.73618927 -724.17765832 69.03282349
-24.63228893 -771.47332903 53.56044801
-57.06248397 -745.38152756 56.78112218
-89.53012405 -702.61825521 67.51013985
-93.14632532 -694.09513523 66.47332938
-67.79850000 -731.70862857 67.97146000
-75.26064033 -718.06961830 67.76069110
-61.02472435 -735.70214358 62.93723958
-51.60988947 -743.11747368 57.26911789
-48.54504388 -747.31047578 60.83263806
-33.42430829 -768.97718317 57.54328885
-28.41491463 -764.66803902 58.44968927
-60.72034500 -737.80462500 62.96037500
-59.47699318 -738.09445223 58.90252220
-58.01035978 -739.15535186 56.95618673
-39.30389279 -763.35986791 62.29321817
-36.29130054 -765.99888308 59.86757608
-91.05068066 -696.61169179 67.25597679
-81.41337929 -709.01557296 67.77998864
-50.75711429 -742.64622143 53.84478143
-58.58976866 -738.25511716 58.58911373
-89.72883053 -697.26915390 67.55255296
-54.44650803 -720.47245908 68.23889668
-87.36580838 -700.07089673 67.98261157
-78.30957528 -711.99762069 67.99999275
-31.33713000 -791.00481000 58.41207000
-72.35895965 -720.61691733 67.90117487
-33.41558664 -804.41564204 53.23866513
-60.51096384 -715.13153092 68.40724702
-68.97069336 -723.44867033 68.30876069
-0.58383583 -742.21768187 41.87143349
-69.11438701 -725.94016822 67.12137921
-69.10120927 -724.72413228 67.18279706
-67.90985000 -746.61905000 64.76121000
-63.61831463 -730.79210793 63.91745909
-30.56460197 -771.35326966 55.81584877
-45.59225491 -819.22098731 41.37388168
-51.24421592 -732.87838941 65.18428222
-50.37265324 -813.16233340 46.77043724
-87.35559944 -697.09017205 67.84592223
-81.29733193 -706.15082887 67.95337148
-27.36754494 -772.19709886 54.38494897
-78.28039343 -709.00125278 68.10433823
-66.57403038 -726.94036061 66.31716223
-64.29645451 -729.86827327 64.67703593
-57.45204946 -736.04742819 65.40076114
-57.30455229 -737.92211904 65.52279619
-53.62359874 -741.70176103 62.70871400
-33.63309453 -765.96835819 59.13479782
-30.40685757 -768.96080142 57.00987431
-93.29235492 -690.98285809 65.58483349
-86.12802000 -725.63146000 67.71720000
-84.38146921 -700.07601439 68.15258442
-67.46167582 -725.09901851 67.11363791
-51.30697134 -744.07861088 62.26343936
-36.82816367 -762.66583273 61.78518356
-3.52550590 -746.99604989 42.81361056
-75.81529103 -770.89928974 54.80299333
-23.65887604 -748.28862773 46.27284519
-32.59836362 -767.22693014 58.19121205
-89.38170142 -695.04174316 67.46435835
-51.73372465 -742.70836701 63.26139210
-49.24536394 -745.81289649 60.86266443
-81.42645336 -703.13544452 67.96750893
-72.65519639 -715.25155099 68.49651200
-36.16327879 -764.81158788 61.49210242
-28.01763793 -770.96862210 55.69659561
-66.31738965 -724.00966502 68.51511470
-57.39498126 -733.16231051 65.49715301
-48.22087265 -744.95856023 62.40172801
-28.92845000 -764.54230000 58.33946000
-30.18120660 -766.61645221 57.90187105
-84.41647472 -697.18481654 67.88430491
-24.35236247 -807.50396761 48.60721203
-69.68386400 -718.35019500 69.47848537
-63.03284674 -728.68264192 68.75166550
-65.52817293 -708.88281017 69.62782298
-53.33416000 -740.43906500 64.19783000
-73.05526839 -700.92333540 69.35836028
-53.11008254 -740.74786270 64.51754175
-53.17238852 -738.45521475 65.16584361
-46.32845640 -747.63313372 61.09110535
-9.29710232 -747.86260022 43.12391309
-25.23518624 -768.40364370 55.70209026
-30.50554628 -793.11370120 57.32526628
-27.47231850 -793.53870674 56.63194490
-49.57768000 -749.78632667 61.28706667
-63.46905577 -712.12323746 69.18837196
-87.69056025 -691.43582396 66.49884278
-81.49747374 -700.07260238 67.76128197
-66.22037038 -741.73518903 38.55218571
-72.35799966 -712.07796792 68.55384160
-66.60767129 -721.08564943 69.31346989
-54.18660087 -807.17962446 49.87901847
-78.35699155 -703.15199359 68.07676133
-63.35171302 -724.02127486 69.02210686
-48.04058727 -743.10655073 63.43981155
-59.77629742 -730.42625928 67.80001309
-84.81303072 -693.65903042 67.10302432
-75.55666546 -705.86302059 68.27214721
-81.46866929 -697.12995144 67.57494635
-45.51971969 -745.24750192 63.41828954
-30.84662950 -765.27072274 58.72145758
-56.85587254 -730.76862187 66.82206697
-54.55232048 -733.06411942 65.48133179
-85.36251579 -692.04224417 66.69834872
-67.57333188 -717.56020333 70.45165750
-26.24082027 -770.36098514 55.21577081
-51.60672280 -735.76355985 64.76574788
-81.03137410 -695.00023786 67.88680247
-22.50833247 -800.78480260 52.63033792
-30.36961818 -763.51002358 59.39072687
-24.32085663 -769.41534885 54.69409022
-66.93365636 -714.83605580 70.64573585
-57.39407472 -726.61564442 68.41586412
-46.53870470 -743.15521453 64.24401043
-69.81012374 -708.98942933 68.73478067
-43.48475942 -746.70991449 63.38253246
-45.26758396 -742.92184377 64.76037596
-43.50191008 -728.01785378 64.45878521
-52.49785742 -745.90689234 46.87606526
-42.93047902 -745.67283155 63.92991406
-60.21638432 -720.97211849 68.96984539
-44.63791799 -743.88181670 64.50517435
-57.88086027 -723.99730233 68.54068646
-76.85340000 -698.51950000 68.11756000
-63.21302398 -715.13379334 69.16337604
-28.30374874 -763.80593265 58.71233923
-42.10398575 -744.52466676 64.83323828
-60.45262357 -718.05491447 68.67568366
-48.84317093 -732.89374033 64.57344406
-57.08372282 -741.93388682 33.80461435
-18.44954470 -747.98520628 45.56263070
-59.41899655 -794.18094069 58.05277011
-65.44093867 -711.96387354 69.87459502
-57.60788495 -721.19290692 68.59062524
-71.67423668 -802.70132472 51.76442348
-24.70857057 -799.13194688 53.93514963
-70.74903750 -704.39035000 68.62092071
-40.08812874 -744.70015230 65.17321948
-90.32432500 -690.79961250 67.57233500
-35.89216250 -743.61038750 43.60467250
-94.16501675 -687.65385802 63.88970956
-57.31196667 -743.95873333 46.26552667
-75.25788655 -756.40920643 62.98757500
-73.99198000 -764.96224000 58.52766000
-33.50851897 -792.08892241 58.62703069
-49.81800000 -800.57010000 57.64986000
-48.62453054 -728.03924154 65.62079174
-47.14997000 -731.14196250 63.79500000
-60.32778395 -709.15322389 68.05579661
-46.04416694 -729.69278331 64.51672217
-45.15001989 -730.50168843 64.09191308
-48.60152759 -740.45869310 32.34262207
-30.94283291 -790.93840115 57.74844044
-62.79471046 -703.30983342 69.20725225
-55.61503623 -716.01326884 67.41421362
-52.23124640 -812.18931562 46.08945655
-45.30188694 -727.92989790 64.81858710
-57.98376298 -709.32240416 67.46742458
-52.04241382 -718.66394375 67.99593632
-30.94641769 -742.66540376 46.00309454
-62.70769531 -746.66150000 64.93665062
-28.66653529 -746.28017255 46.29025216
-27.32030750 -747.38639875 46.28471250
-21.39518894 -742.12946554 47.39731296
-57.41800668 -706.12377685 66.91043259
-22.76310455 -770.14223182 53.46975545
-29.42695450 -744.29524263 46.46767493
-26.94210527 -747.08580311 46.52321500
-51.68495584 -714.42541841 66.67449024
-59.77271145 -703.01998549 66.88908059
-54.26970460 -709.07989703 66.50466452
-29.41641447 -740.29011447 47.60111526
-24.35925574 -747.59958422 46.45442323
-60.72348033 -701.21112951 67.47459934
-57.28371917 -702.94788785 66.27925026
-51.33456816 -712.22805541 66.46028371
-54.27562811 -706.06737189 66.28972381
-48.71892857 -821.16594026 31.88230242
-24.27502239 -745.09238847 46.68752243
-57.35503863 -700.16390046 66.03426809
-52.48449380 -708.59411931 66.06384228
-47.87815000 -743.67120000 64.57366000
-23.14320411 -746.35072877 46.31209973
-62.23686667 -735.73619583 60.79578917
-52.30120169 -705.88034433 65.79351415
-21.56989228 -744.71930992 46.58688035
-26.60203692 -808.08304892 49.10826154
-51.91985630 -751.29617099 50.63433212
-45.44914291 -805.81232368 51.68264353
-54.44378809 -700.07812829 65.56098331
-98.71952286 -688.45263111 62.16610381
-52.26078671 -703.10762058 65.52475951
-18.50589565 -749.61050435 45.36889913
-54.30381286 -697.11524708 65.45741300
-18.27433215 -745.42573491 45.99589661
-40.53024796 -808.18054184 49.79727582
-52.16615065 -700.00031497 65.20323650
-54.09989020 -695.12860764 65.39379339
-52.42566660 -697.26491471 65.11963365
-65.66796922 -729.27151730 65.25392922
-12.49630427 -747.52898968 44.06579171
-44.41208536 -821.24775327 36.02615097
-75.21619528 -766.09848063 57.14847020
-71.10817000 -724.72726500 67.26371000
-9.70045210 -747.15287811 43.56781931
-12.60799305 -739.55268417 46.83592805
-49.07768000 -739.73686000 40.75756000
-48.33601389 -817.35159903 44.67317157
-6.32720885 -747.31290714 43.17815105
-62.55032914 -766.31462286 61.54957029
-7.16474119 -745.32683893 43.47625267
-50.55461279 -741.99459585 27.20674206
-55.77425000 -749.93414545 57.36753273
-49.90726842 -786.68136842 61.11749158
-11.58147419 -740.03655161 46.15292815
-9.31727529 -741.85361948 44.70053890
-5.74893753 -745.09446247 43.15520655
-46.41506146 -740.91887812 21.47193292
-53.46520000 -749.65000000 49.15296000
-3.28323603 -744.99626478 42.61116862
-9.26695304 -739.79451660 45.26171800
-6.54604860 -739.82944000 43.87610961
-6.93900824 -741.81229733 43.76534834
-0.43128257 -745.07621490 41.87398136
-0.75243193 -746.71818045 42.07992535
-5.22332990 -739.76485168 43.20393842
-24.87662500 -794.43285000 55.28359750
-41.97212994 -809.20998784 49.06141836
-32.71905620 -800.10966934 55.19495270
2.34807238 -744.86475803 41.75323243
-49.17869065 -809.30820613 49.17728935
-76.91730000 -745.87340000 59.75959333
-55.59540000 -746.67900000 38.91796000
-45.26919539 -811.36074654 48.50314793
-57.35406491 -746.71053158 54.97509684
-40.42583684 -741.85438722 39.88866677
-49.39317686 -771.87419266 60.70501519
-56.36080000 -740.52060000 33.47986000
-73.97315000 -805.70205000 49.42916000
-69.74707020 -809.89963137 47.67309255
-64.72937674 -728.32489070 65.04750884
-96.18471471 -687.98877446 63.47768520
-94.23698800 -686.21136800 63.45713600
-57.02540731 -740.01405056 54.46059975
-95.86645942 -690.90903909 64.77652801
-68.02734000 -755.52006000 61.30660000
-62.38214000 -733.91454615 61.01808615
-64.37026538 -736.76058846 64.52133692
-56.76621875 -742.99427188 48.16858500
-57.11945111 -744.68368222 47.22759556
-51.90596858 -754.60991410 53.16464281
-57.96272678 -741.92919836 34.71024306
-58.04535000 -743.47310000 46.22151000
-55.55603488 -741.78651459 53.26032548
-59.05303333 -746.57833333 46.87066000
-81.31701724 -709.71488276 67.32965310
-55.96572500 -741.45687500 38.20948500
-75.37109000 -722.90416000 70.44627000
-42.49606927 -816.35695648 44.39766988
-97.77837619 -694.03463333 64.31775524
-73.31418750 -761.18406771 58.21783083
-50.62170611 -769.14090473 60.42087356
-58.94204286 -746.52455714 46.87930286
-74.82654437 -742.18741050 60.31774797
-73.47556760 -745.53271645 61.09452513
-52.90580000 -740.20913333 33.55569333
-73.50193516 -746.84609670 61.06487538
-62.26179441 -767.86844037 61.75283019
-72.00889900 -757.54833102 60.54281268
-71.55314024 -765.26560904 58.61955250
-51.22890000 -755.65676667 52.14336000
-79.59485152 -771.70964848 52.22309939
-75.13428511 -763.06267482 57.81447597
-73.18844141 -763.15220485 58.19122465
-59.65377143 -731.82426905 67.81835048
-27.17320011 -740.00965343 48.33571653
-77.44840968 -730.60343548 67.47748903
-56.16868907 -810.84587997 47.05944847
-39.10200342 -812.30249627 46.06073521
-31.18630000 -774.11435000 55.41701000
-53.20104886 -744.86869452 45.61807233
-46.44177687 -740.22978881 20.18309806
-45.35501595 -808.01760214 50.35805954
-45.51603261 -816.82845087 44.39078748
-36.21003103 -804.23928437 53.56100795
-47.92793971 -738.78409572 15.28316010
-47.06549167 -740.91748333 13.18726000
-45.75436000 -740.74488000 15.11688000
-68.09810000 -797.40544000 56.24195000
-45.43044892 -802.21035950 53.87074244
-43.27261429 -794.80704286 58.39869810
-47.92603761 -739.08557224 18.03123263
-47.99437500 -740.97532256 18.20639598
-41.30714262 -801.00861311 55.64821902
-64.19517084 -741.91534778 37.70840003
-50.19164821 -739.47300446 21.13586179
-50.21468632 -741.38226873 23.84713980
-48.59178574 -741.14114743 23.96277696
-44.16548254 -728.40497302 64.27942032
-53.59809342 -818.02292346 39.70697790
-48.87430993 -741.32168875 26.87545762
-48.40966911 -739.72113953 23.82674074
-45.32023451 -804.12621538 52.74635605
-87.99172500 -740.48707500 40.26416000
-48.19507457 -813.54483872 47.31250420
-50.92642950 -742.17414074 29.84049431
-49.97061111 -821.63312222 34.92867111
-65.54760000 -722.60080000 71.25826000
-46.34381361 -738.83204991 14.87236907
-27.35701833 -801.92012968 53.72364287
-72.17410685 -804.79374301 50.02195035
-4.83600000 -740.13230000 43.36096000
-47.29599027 -741.21435885 35.00545469
-98.11044167 -691.41667500 64.54851000
-98.93124398 -685.75512251 60.61035110
-99.50299764 -687.28402283 60.98310488
-42.69410337 -804.16341114 52.71391363
-53.45353488 -748.48350233 50.44470651
-67.71488462 -751.47316923 64.38986000
-72.14597228 -806.06172708 49.01133628
-66.09487379 -797.11250282 56.63870194
-69.28352773 -741.78990565 39.63439706
-45.62412727 -810.01003951 49.51654217
-48.25173050 -822.29163314 33.31211953
-65.77901034 -706.87516207 70.50138069
-26.19005845 -797.16707633 55.17326290
-68.43536667 -752.79871333 64.63968667
-97.93215000 -730.91592500 59.99668500
-32.90694120 -790.61009146 58.09593723
-52.46828182 -745.74531818 50.46090545
-33.36916853 -796.10869242 56.87299407
-47.81531172 -737.20006920 14.39441264
-15.11087584 -742.72266998 46.06096817
-53.96374308 -744.81697077 38.78466615
-101.26940625 -743.83044375 37.41403500
-48.94867647 -815.14188518 46.03568376
-40.53783659 -818.69454146 40.65640634
-43.64100000 -728.61960000 64.42063143
-51.95496706 -744.34175419 41.92550581
-53.31391667 -803.62550000 52.43809333
-46.44564613 -739.52031111 17.58474283
-50.77862365 -739.97822246 26.87768395
-50.97026582 -740.21094023 30.08843932
-63.57723000 -740.61099000 64.30807000
-65.41885000 -740.71871250 64.30444750
-49.85350000 -760.90260000 55.91166000
-48.93381997 -740.05410691 26.64321754
-49.46734658 -740.25378468 29.67106807
-50.71426650 -741.69160163 33.07195625
-49.29419922 -741.39647131 29.60129318
-53.54064115 -742.19543660 38.85958225
-51.69910113 -742.45561075 38.66280109
-53.67478129 -743.17757581 44.91376306
-45.54521996 -741.36410983 35.92166256
-57.41551250 -743.58476250 51.92569750
-52.21839601 -742.92516902 41.64337640
-36.36812533 -796.00379655 57.15053941
-43.52704898 -741.51717347 37.05128449
-44.09478052 -741.51246364 37.75578857
-56.54307146 -744.84506560 53.57888060
-58.93850000 -745.00862500 52.93588500
-54.42091782 -744.73366523 53.93272121
-59.28344444 -745.82526667 52.19904889
-69.36227857 -767.93657857 58.48470286
-59.17909500 -747.61776000 56.23091500
-36.38138186 -798.91169931 56.14076659
-24.23270083 -739.71600668 48.78906984
-32.00673684 -741.28928421 46.41117053
-21.46626477 -739.71713766 48.70550064
-49.80290000 -746.55930000 57.97026000
-24.26118352 -742.04845847 47.56815526
-41.26885000 -741.80379444 40.57208222
-18.37122066 -739.78844019 48.26931021
-55.48513721 -747.26644651 57.54302047
-52.91682500 -751.80625000 53.65083500
-63.07049961 -796.62793403 56.93851015
-18.39292215 -742.23151713 46.94954028
-68.48412908 -751.93432908 64.43248347
-74.66622500 -746.82240000 61.37978500
-45.89637410 -822.37014286 35.73246495
-15.70448646 -741.53652766 46.70076602
-50.25861951 -819.45187439 41.67718988
-77.26513019 -756.34647981 63.87369815
-17.08486545 -743.24706182 46.30560727
-42.54406797 -819.46332079 39.06802457
-1.53157590 -740.34744699 42.07625036
1.97485104 -742.94988704 41.74455616
-74.50328914 -759.69902114 58.71761790
-49.99370000 -743.56930000 30.47516000
1.20140000 -746.56535000 41.85366000
-30.29829329 -805.94185869 51.74884571
-51.37923637 -819.38378724 38.30215405
-43.08762239 -802.38651622 53.80648548
-30.31325564 -801.88679535 54.20859816
-78.23236000 -767.20321030 55.21403091
-39.34860523 -795.91238389 57.41217596
-53.17315291 -819.75155407 36.69571116
-78.15395777 -769.01413066 54.48894074
-75.20882453 -768.87322765 56.17445150
-77.45223861 -768.04334367 55.56908120
-76.27566960 -769.90073040 55.05095634
-49.53020877 -765.15784035 58.13274070
-78.43459208 -771.32149644 53.12927010
-67.06009365 -770.20986667 67.41540444
-51.24987049 -811.04572677 47.44037876
-22.72052000 -770.79500000 53.08518400
-48.01021920 -818.38481867 43.17899040
-48.74655836 -777.76135018 60.95250769
-49.96950494 -783.41139383 61.66808222
-58.51165000 -803.94999100 51.56213900
-48.15851124 -785.76060337 61.39964652
-36.25489198 -793.48755401 57.97766012
-60.34063040 -796.24760290 57.00536922
-25.44158940 -794.01187488 55.80329065
-24.87687898 -796.22628316 54.93859085
-63.16873654 -798.15189969 55.90603385
-39.33463668 -798.89050076 56.42181504
-33.38431943 -798.68930723 55.89611749
-30.55665272 -798.33640314 55.74159573
-28.15437003 -797.91013199 55.54992936
-66.38669827 -799.36415785 54.82847483
-27.24248319 -799.00136675 54.74881923
-30.10626662 -799.60586582 55.09626509
-43.67302951 -800.02482295 54.97194033
-22.63454474 -800.27120526 52.83950474
-36.31790789 -802.21669374 54.64179769
-39.48984673 -801.00945327 55.55946704
-21.82369295 -802.63446147 50.72657681
-38.45527884 -803.76360423 54.05919069
-25.50734331 -803.81636772 52.59136157
-42.55030499 -805.67064678 51.62664463
-22.28745115 -804.26487011 49.76042130
-23.15002759 -806.28524713 49.07107494
-48.23339459 -807.89363173 50.22481638
-51.14983475 -807.40706133 49.86824704
-25.21664380 -806.99149419 49.69439372
-40.28954653 -809.15911875 48.86444819
-42.35902810 -811.23404398 47.78559103
-54.35039663 -811.92220071 45.88559257
-79.98723000 -771.66433000 52.55040000
-56.24392200 -812.13738367 45.94394753
-42.49753924 -812.81806395 46.67371926
-39.44963559 -814.03709114 45.02273904
-40.46390253 -812.71332911 46.48174354
-51.60832595 -814.23371973 45.13101753
-52.05519949 -744.91393232 57.15281202
-42.27530712 -814.31667668 45.66175911
-54.34753715 -813.98744274 44.39781285
-45.03995520 -814.93085364 45.88233826
-37.80361818 -815.05350000 42.87541455
-38.22512830 -815.26014906 43.06556943
-50.87753946 -816.66614374 44.38779263
-39.87008664 -817.09571400 41.78243543
-55.99248000 -815.24392000 43.11130000
-51.82764725 -817.17611011 41.50235415
-54.13793778 -816.96565487 41.21662051
-42.34273575 -817.54956898 41.94611154
-60.44881111 -795.95466667 58.76013778
-52.12692616 -818.03253978 39.60033437
-40.37132393 -818.35929141 40.23342135
-40.59277385 -818.76342462 39.83800923
-42.85547095 -818.79622416 40.65997437
-45.18787552 -820.49425917 39.23274426
-53.48011486 -818.98274106 38.37262952
-46.29747685 -821.99757951 38.11716569
-50.61396603 -821.22468550 33.34060466
-43.66498409 -821.22787273 33.69436909
-44.86388048 -821.15879110 32.58496240
-71.66932067 -809.97273942 47.56664029
-67.42633889 -809.62561389 48.12447667
-61.75687000 -806.95749000 49.27426000
-63.56316053 -806.78706587 49.51920640
-22.29012734 -806.92868893 47.73802851
-71.41299922 -801.77629070 52.73560109
-69.41156721 -801.45760611 52.96166530
-69.29315031 -798.38043681 55.65396920
-71.39377157 -799.78549804 54.88210804
-51.07862667 -803.75359333 52.51353667
-35.14122857 -800.51808571 55.32396000
-79.92860000 -771.69733333 52.17531000
-59.27613387 -746.11442742 60.81741161
-43.24272286 -739.47221714 12.19957000
-50.26154200 -738.43088400 17.89822600
-54.85820000 -740.08971250 41.56823500
-74.48433380 -731.98612394 67.45356423
-104.61334670 -738.15539038 40.50907538
-95.33550968 -729.15340968 61.49934065
-95.14251786 -728.29387500 61.73999929
-86.45723158 -713.84271579 67.32809333
-85.47527627 -709.93236780 67.32276678
-74.11522000 -737.39784000 61.80406000
-95.07757143 -710.66401429 66.82341714
-82.36807576 -694.94302121 67.14360848
-98.17426500 -696.66515000 64.60733500
-98.28478750 -693.85494375 64.61985688
-98.03341429 -686.37457143 61.48848857
-20.65352000 -749.60608000 45.64610000
-22.70230444 -747.42294222 46.37013333
-50.54662500 -737.12270833 19.55441833
-45.76860000 -740.52110000 35.47996000
-47.63400000 -740.38143333 34.93096000
-52.32748933 -744.88322220 44.80870838
-53.46021305 -744.42619144 47.80439205
-51.95838848 -747.88590640 47.54546026
-55.49820714 -740.29389286 50.40454214
-53.17846585 -748.04546829 48.07949740
-53.08312887 -750.97130722 50.80448165
-66.91760000 -740.54010000 38.54286000
-49.99234286 -750.16854286 61.32380286
-52.45956667 -755.42313333 57.33486000
-64.77460000 -728.54420000 64.16256000
-66.75566761 -734.24053803 64.43950789
-45.72760069 -785.73222828 61.40396897
-43.91790000 -794.71590000 58.41666000
-71.00841667 -734.91303333 67.47041333
-77.87992206 -722.07681029 70.71206441
-85.42920422 -711.81636374 67.30746253
-84.38107795 -714.73594488 67.33436551
-70.99156200 -742.50338400 66.21757000
-51.89212727 -795.19265455 58.52468727
-92.55402933 -740.76134808 40.46600038
-74.16332647 -745.96640588 61.59175412
-73.97401667 -758.44743333 59.75222667
-57.74720000 -794.67720000 58.34896000
-74.84765139 -763.31278611 58.51656972
-75.74009231 -754.86521923 64.45014077
-67.45990667 -770.86868667 67.48971333
-92.22420000 -731.62546667 61.39326000
-90.77830000 -715.00340000 70.36096000
-75.17285000 -734.63800000 67.45266000
-92.25250000 -695.40840000 67.42536000
-70.46494127 -741.32906349 40.48769175
-51.44200968 -746.84722903 57.18890516
-47.47538182 -742.91772273 64.72314182
-46.59160588 -742.93884706 28.87619529
-53.20478889 -742.08748148 30.65162667
-23.93755000 -743.01535000 46.07726000
-27.25477895 -742.85256842 46.19786526
-65.38392500 -741.86587500 37.17037250
-51.77075526 -747.05044737 45.89416526
-78.49712955 -742.02800455 40.10547364
-46.16244400 -820.34527600 31.01893029
-48.37369339 -822.41227028 35.72583067
-49.64557093 -821.34144651 36.87204721
-61.33545143 -734.14201771 60.76068743
-52.86260000 -756.80480000 56.18776000
-33.56507500 -763.13805833 61.56458500
-63.71701333 -731.98486000 64.49009333
-51.14620000 -744.04240000 64.48866000
-40.21800000 -809.66000000 49.46826000
-58.05110000 -731.61375000 67.40476000
-62.06381111 -723.89343333 70.62826000
-40.07921667 -795.67180000 60.30569333
-36.87382500 -791.12942500 61.41683500
-51.29175000 -757.94952500 64.44781000
-50.04480000 -818.56010000 43.52156000
-51.72867869 -744.28245164 54.26878623
-73.98253750 -807.04063125 48.76144125
-73.99857143 -806.34412857 49.14374571
-55.90070000 -807.91850000 49.50146000
-43.46176364 -809.63838182 49.43786000
-35.11120000 -805.91946667 52.33346000
-71.26399438 -799.10080000 55.51476562
-34.15997778 -800.69595556 55.44571926
-79.36358182 -746.80481818 40.39709636
-49.82200000 -742.18630000 37.37636000
-53.57806538 -745.25673333 41.95021513
-79.95260000 -769.70706667 53.77499333
-76.98906667 -755.43053333 64.24564333
-76.92600000 -755.35755000 64.39426000
-49.77055000 -743.89585000 54.10706000
-69.63506667 -722.26553333 67.25392667
-46.76234286 -736.92474286 17.12591714
-53.71265556 -743.95478148 35.15741556
-54.95570000 -746.59230000 41.43266000
-50.56285714 -739.69067143 40.97214571
-79.88470000 -747.06880000 40.35436000
-51.85363455 -801.03898727 55.71923091
-24.08555000 -767.52272500 55.19863500
-49.83730000 -800.95230000 58.90876000
-49.96890000 -800.51310000 58.81846000
-43.11605357 -743.40397857 63.37553143
-51.19836667 -734.10513333 63.63556000
