-40.11430306 -740.76982245 20.50099384
-69.57467114 -843.83385694 233.55231041
-55.00908130 -726.03649106 145.65636244
-54.77234280 -777.89715464 200.13482791
-55.00145400 -817.98100840 202.37573135
-40.73075596 -779.94200984 150.12857428
-41.18576792 -767.23707358 146.24962879
-48.94195735 -773.75990245 206.26592671
-57.88552827 -718.58079488 155.15309003
-34.13434220 -762.84494027 38.46874536
-47.60653846 -763.98473846 131.44490397
-55.33878288 -729.65578419 140.52200865
-49.11868362 -826.43527491 211.58338660
-45.89250435 -770.94297860 128.26063173
-73.01287013 -682.55106895 169.70200985
-47.24220000 -776.46343333 138.73675269
-49.08490466 -771.37139793 173.29601560
-79.47227375 -927.86236486 268.49605410
-58.65271784 -805.49110352 193.58071583
-65.68799524 -811.30194422 206.08730711
-81.12657233 -936.93480583 268.36971547
-39.53252194 -740.07065714 23.32155915
-57.15947329 -777.61394356 179.42784908
-59.44374545 -794.11749394 187.42341026
-54.01802833 -775.36064464 167.23192150
-45.24985805 -767.01282634 155.22729009
-34.43736759 -750.67410517 33.01156667
-61.67235198 -723.08967921 151.79583718
-53.53023014 -776.17523699 196.99438922
-42.27474375 -746.54539375 106.38238185
-49.90828743 -773.61991317 197.71346726
-42.71674086 -765.50533621 143.29984128
-60.61619392 -718.31476354 155.25422771
-54.74275141 -831.46324193 215.97155298
-41.55360476 -744.77944524 26.39254078
-41.41075000 -746.44125000 36.45151935
-40.62752884 -750.29675237 80.25544383
-54.87698728 -823.75364770 208.53868508
-41.73265000 -747.19137429 27.24825078
-37.92834423 -739.95095577 14.37337032
-51.41753750 -728.96352500 144.03139435
-59.61249149 -827.74597021 213.49390233
-75.31911194 -876.98585923 252.15086057
-62.40925000 -725.27325000 150.76956935
-66.47945978 -843.68213087 230.77788590
-57.64092624 -845.12528865 229.11178673
-61.01594830 -715.30437746 158.25998981
-51.60068409 -771.31533636 140.61477390
-48.01011223 -765.01456755 134.65962787
-65.29903333 -782.44923333 249.93715269
-44.53528333 -764.36717500 142.48031935
-50.15383766 -743.96719740 115.33310117
-40.92310769 -749.07937500 77.10426839
-57.88752452 -838.91452981 223.26839532
-53.46415432 -776.26287654 200.51290577
-52.96447349 -843.03532048 227.71304104
-41.70502975 -753.52681488 32.17598712
-54.99228780 -727.74840436 143.08441500
-41.50943214 -743.07408333 35.29974316
-41.16651613 -740.96849677 17.40830323
-61.02057669 -729.92272253 146.42115920
-43.33089332 -750.69875479 74.41862448
-71.88431481 -881.15980000 252.99940824
-64.91248491 -713.86827547 159.99715709
-52.24506695 -774.07903087 185.29488982
-41.99380967 -749.09393435 77.03601579
-62.93411057 -840.41539163 225.39195944
-39.50154532 -739.57639043 16.98709446
-44.69822105 -773.27532632 136.19416146
-67.00764846 -829.85181759 220.42927028
-67.97083327 -786.67894153 253.93472258
-67.48102569 -873.17002361 249.43663672
-51.00624804 -768.08706716 134.82060808
-86.19351538 -963.04416154 261.36233474
-48.77890960 -773.99592090 209.40301371
-55.51657067 -781.11873200 160.92998335
-48.94102985 -747.38288980 107.08965717
-45.27915818 -760.75927939 125.35922845
-39.80304483 -739.34928552 14.59960763
-50.46523333 -737.21970000 123.63005269
-85.54406667 -788.35426667 298.38070269
-57.91858134 -714.57817388 160.93140741
-59.67852000 -719.40137000 153.79679935
-48.68155455 -806.07147063 187.23515572
-56.10585000 -776.96580000 235.21491380
-41.35755455 -740.36353636 14.75644663
-46.36558770 -748.11543568 98.32454487
-53.60530938 -776.04270000 206.26467560
-41.54962121 -741.38216970 14.74815673
-55.41194000 -776.19254000 154.16437935
-41.66103165 -744.41026076 32.31998687
-39.13291091 -747.78932485 59.42274117
-56.71852487 -810.00726447 195.37682088
-41.33756667 -740.33893333 16.32728602
-42.79035617 -766.46532467 149.21687002
-49.31139400 -761.01435800 118.89576335
-58.93458561 -732.35450360 142.56774669
-81.83066400 -942.29111400 268.10321735
-39.88955287 -740.95550955 23.33417668
-54.42099778 -812.52332889 195.67566602
-53.79615000 -776.08186310 209.38697531
-65.14275714 -842.30775714 228.94153364
-41.49477264 -741.83727170 17.33085049
-50.00707035 -770.69097035 158.63375889
-34.93928087 -748.77655304 31.94971935
-38.17593651 -740.18873016 16.87585428
-65.65747778 -818.72810000 210.75148602
-80.73069756 -880.65640488 258.13765106
-91.16531406 -791.71983516 308.50698264
-45.85222795 -765.72237808 146.31763442
-39.39909620 -739.89846692 20.34126080
-57.90418156 -846.70405516 230.59092934
-39.86555619 -742.33867018 38.25399552
-52.32292727 -815.34721591 198.92187390
-58.18605841 -779.69815133 189.23910520
-41.81884542 -760.46414085 107.01299647
-51.62001098 -726.59240347 146.50112398
-46.83535702 -779.65912397 146.90353340
-38.25688000 -739.98274000 20.01479935
-52.03835351 -732.98262297 134.33173260
-41.52242269 -742.11635714 20.35305297
-43.13921505 -750.20753712 65.31489026
-53.89219531 -776.03728337 215.52108652
-41.53603819 -742.30587361 23.47110616
-70.22070291 -702.39445534 166.07773974
-44.57521903 -754.35748022 91.88075480
-62.04670333 -818.14496000 208.02830935
-54.27165513 -775.28588007 176.23833290
-46.14330698 -759.65723023 113.11875424
-39.37136240 -745.16525372 26.58077555
-75.63099109 -688.00073164 169.74370553
-52.88004413 -774.43986317 158.35315174
-42.32411610 -747.36630339 50.39222529
-39.57273835 -740.29214286 25.96196973
-60.59190661 -708.90180372 163.69765593
-43.07859323 -789.01488894 164.93250762
-39.32020553 -741.30080526 26.43118567
-56.06272353 -731.63275294 139.04505465
-79.53239164 -787.02987127 287.21005754
-81.85879568 -895.03597428 260.48216730
-53.88866689 -775.96181806 218.04099828
-42.44245157 -762.79628430 128.67432758
-40.40014122 -770.05277252 133.63097661
-40.58043462 -773.17264615 139.20674820
-41.53180676 -742.36662905 26.25889571
-54.81510729 -724.94832708 147.15864435
-43.13980849 -750.09863358 85.97372673
-39.43731385 -741.41531527 29.30028901
-54.15759782 -775.93587352 221.28964428
-43.45948030 -763.61616338 137.08569901
-41.56801860 -742.82535992 29.75927721
-71.43604091 -832.19058409 225.06442845
-87.42130462 -936.80375809 266.35849361
-50.16277778 -791.51176667 165.68370824
-50.81646163 -766.02039633 131.82936058
-37.84732000 -744.37549438 26.54477248
-39.93737807 -741.74008426 32.21828169
-58.02481758 -726.57499572 145.92182102
-48.84985941 -771.56076848 179.35395250
-39.59614236 -746.88339097 27.48815547
-59.30670000 -782.54470000 222.96071935
-80.90611887 -885.78157830 258.03230803
-67.45079694 -879.18845680 254.37294418
-84.71074340 -942.98542803 265.85154065
-60.88730658 -784.06798765 230.33229096
-43.29854412 -750.78814928 71.43145482
-54.40890833 -776.32559250 229.57374685
-41.49998152 -743.10130543 37.87078240
-41.07610738 -787.75808115 163.62501772
-36.81743437 -745.75911016 28.82620764
-46.17159303 -815.07910299 199.27401488
-46.28109148 -764.85985852 140.85040828
-59.14801429 -854.50451429 237.73376221
-41.73560127 -744.68176540 35.31028982
-70.23875022 -711.87647229 163.12242195
-71.11415484 -691.36016452 168.75978387
-54.31854596 -776.02106175 224.25864041
-41.51685083 -742.84320333 31.98639852
-39.73839668 -748.42383806 29.23090927
-66.39364127 -814.64553968 208.32357226
-54.40989374 -775.29667865 179.17487315
-40.33724945 -750.74015387 86.37504666
-66.98081626 -864.18155285 243.32863887
-39.93697778 -746.68480000 35.45951935
-43.09785266 -772.53380017 191.29952766
-42.01450364 -766.16023576 125.06502602
-46.01246436 -795.36311679 173.68802775
-63.77178991 -726.06444303 151.86125378
-65.01481149 -720.56668000 157.14456701
-41.73340244 -748.53646992 29.05023887
-59.47377293 -784.33878255 221.89652137
-39.68446762 -742.00179105 35.30794974
-43.28940863 -801.76638738 182.20389348
-45.38502441 -768.15613701 122.47585636
-42.71828564 -756.83496817 107.38184184
-40.00914096 -751.26511771 31.47988098
-50.81111660 -745.29101230 116.51205060
-53.08955510 -727.84551429 143.33423976
-51.82306250 -826.80975200 211.46101735
-41.59884510 -770.69382157 173.55666445
-64.07185037 -712.01287199 160.84850216
-47.81827944 -757.83742766 107.27297697
-58.76545543 -808.58883411 196.55783873
-52.95381414 -737.81157475 127.34821228
-42.48495703 -773.68454922 194.32579826
-41.70301644 -751.20042400 31.69036958
-47.12844163 -749.80913305 97.86147729
-41.84921667 -744.80010029 38.22259626
-42.44245168 -759.68088360 116.63734475
-32.45619643 -765.02254286 40.07386578
-46.81502000 -788.47640000 162.77553935
-39.97426250 -753.78541117 32.54897361
-59.77013983 -796.11410215 188.79457572
-39.79041853 -742.76017206 41.44016112
-80.23125000 -786.84970000 289.37286935
-43.23391369 -758.02685893 113.18210507
-50.74892632 -783.04641053 156.24780357
-58.17456346 -820.19522770 206.26306022
-53.44069333 -734.26839333 132.56337935
-64.02527771 -858.69318876 240.07426602
-56.78833522 -795.66309028 182.78766146
-72.74155802 -705.13822469 166.27809343
-41.39777500 -743.29020833 40.98636102
-67.83424545 -882.70785091 257.55123663
-41.88941642 -744.83261219 41.45674746
-83.48012759 -788.93152414 294.55171246
-61.54217429 -704.88626571 166.06665935
-59.05587361 -709.67175694 163.55355824
-33.45925857 -751.96264048 34.27363602
-62.72194180 -786.54651831 236.65262318
-62.55299541 -784.43142755 237.00946170
-46.21543090 -762.11524335 128.53119360
-73.56832365 -855.95292315 244.63971689
-45.33250437 -770.26595519 178.96335706
-71.58743762 -846.05089604 237.46121737
-33.69842892 -753.64238241 35.36990658
-62.17456667 -728.73210000 147.94601935
-72.57436818 -690.88222792 168.69885481
-47.47710000 -761.88715000 114.62994435
-92.87546604 -976.79994717 255.63220615
-52.11642434 -800.83827763 180.30238778
-77.05090488 -902.91448537 261.66152667
-75.09759482 -787.09181965 275.83799611
-56.37106444 -779.31741778 213.46271935
-32.04361786 -753.51508810 36.12780626
-38.83211571 -744.50611466 41.56786229
-46.83974906 -774.40333774 209.09028917
-43.16683750 -760.86629957 125.22878444
-64.33106444 -700.76503333 168.26911269
-63.94921438 -867.15017260 246.23455497
-45.86185000 -803.32331250 183.99161102
-39.87880612 -743.14190612 43.92497012
-41.90127018 -745.03230951 44.42848439
-69.00005522 -712.12198565 162.47493022
-50.46946121 -746.02987414 114.30969953
-48.04418621 -765.46915655 137.43342349
-87.27438062 -925.01165813 266.01301959
-89.81564359 -790.75891667 305.97297833
-39.20652148 -744.60032364 44.14320916
-49.20287748 -790.13731338 164.40337414
-46.15475385 -739.77194769 124.84276859
-40.01792813 -743.36612500 46.14358810
-43.99075880 -754.37329160 86.18490975
-55.47256786 -777.60246386 215.14888602
-40.09157699 -744.06308628 47.29782201
-60.82870063 -711.93944375 161.58379623
-45.40867562 -760.21614229 122.38715667
-42.41437464 -747.94663210 62.47823589
-76.32743341 -880.20612220 253.79408732
-45.01781471 -754.68994454 95.18232314
-41.88082959 -745.22346539 47.23501196
-40.05846410 -744.48671486 50.50828084
-54.02228318 -774.76825234 149.61975020
-42.42519659 -747.66628550 59.33961509
-41.89274535 -745.44645564 50.34414688
-78.25021812 -888.58367265 256.82445918
-62.65637174 -824.66364565 213.67174327
-42.14939722 -747.27463333 47.43955547
-39.96592083 -745.10212801 53.26212699
-77.23835000 -785.60702500 283.16486935
-41.77901050 -745.75546073 53.27564538
-76.09346800 -868.00606086 251.51781164
-42.43819463 -747.73428672 53.49326625
-44.59080000 -770.55593333 141.39031935
-59.49379000 -779.25110500 233.81508935
-40.30586410 -745.44502494 56.57426621
-60.24040294 -863.59664412 243.65277524
-81.54749048 -883.38794286 259.11003364
-41.65637549 -746.02553346 56.48684114
-41.08120465 -773.24921628 187.72741935
-42.47660273 -747.53993578 56.37939874
-56.48314167 -782.99821667 165.45707769
-62.59746615 -812.84810000 204.51204705
-40.41467393 -745.81038739 59.10861248
-58.48635683 -777.77098201 239.29816792
-54.77717792 -775.39119610 151.81865832
-41.53206848 -746.20312283 58.94400631
-40.53636031 -746.20788660 61.92167502
-63.72362059 -850.06970496 233.36285575
-43.12653676 -762.72735351 110.54226963
-60.21714571 -713.73832286 160.15347364
-52.35199057 -722.02894151 150.37644388
-53.66367541 -775.41950719 161.32686228
-41.37295000 -746.35880000 61.60469435
-83.07186164 -898.45971447 262.08909671
-49.41155907 -771.08832986 167.20658677
-59.15512128 -779.68546170 229.83042999
-50.48880110 -742.80400330 117.23299408
-82.65311214 -789.40648671 293.39532860
-39.71496592 -747.31361873 62.37431636
-41.22016667 -789.63436000 166.80497269
-46.29244000 -770.62435200 126.52594335
-42.66794353 -754.34218059 98.37565759
-57.11486322 -798.92442664 185.80369371
-40.34205751 -747.24408161 65.35550963
-76.03242038 -788.83434295 278.26851120
-42.33347176 -748.13920041 65.31561283
-61.59026667 -710.10254333 162.61483602
-67.04258273 -853.13172985 236.61332644
-62.65667979 -802.70835035 197.12500021
-40.42429834 -747.71309810 68.39785632
-54.41704320 -809.80618698 192.31839332
-66.88296515 -700.01150227 167.44662769
-29.94665208 -774.90714479 40.33630790
-87.72100572 -957.96486039 263.09916245
-42.25805938 -748.32503123 68.35729821
-73.90452581 -784.47154774 275.05629226
-76.48837526 -906.71381159 263.96878250
-78.26674503 -906.85161695 262.52466713
-43.23548892 -750.47246728 68.39048901
-65.47703361 -782.27760902 251.75979395
-40.41078447 -748.27238211 71.47419935
-42.20063000 -748.58284796 71.26952017
-60.53838671 -796.93830380 190.57911746
-54.53882273 -719.61668636 154.06099208
-40.59149485 -748.74321684 74.32350320
-46.37027661 -757.51063226 104.35402715
-42.10884089 -748.85727131 74.44936557
-43.21273171 -750.54624031 77.25518046
-40.17021521 -750.37469296 77.50194245
-41.85039214 -749.33310786 79.91241864
-57.96464944 -777.64288611 236.31038047
-40.75089714 -770.85988286 134.91580126
-41.17385000 -749.36022500 79.43521935
-41.97937381 -762.53889762 122.23902226
-70.80685065 -685.43810779 169.93987845
-56.61527216 -792.26419034 179.44125970
-42.47056268 -747.51503388 98.35295269
-40.69509919 -755.13106463 97.98460309
-42.73140247 -755.78747284 83.59241195
-69.16083456 -823.49656078 215.08311862
-42.96998410 -750.43843440 80.42327582
-73.02199474 -689.19277368 168.81867199
-40.21966667 -750.16299487 59.50546551
-42.92370340 -750.19685866 83.21421102
-63.86979782 -720.76670411 155.54982854
-43.39540941 -773.68040118 197.41270014
-85.96703022 -913.14750647 265.11331576
-40.32306847 -750.51292042 83.32518752
-64.55749130 -781.21957609 254.03069870
-45.35807878 -751.24404321 83.56353951
-40.21466672 -771.84590762 167.28933879
-42.33133772 -749.24240450 83.79322662
-44.77471923 -758.31708462 115.71971551
-42.45982877 -748.98957352 86.38978922
-47.98005478 -745.26179210 107.38494472
-44.50368143 -749.13891429 90.29714221
-46.49125750 -743.25223050 107.32271885
-45.53702587 -757.28400420 107.20352949
-52.13503095 -725.12055952 147.57930269
-62.99856502 -816.19935285 207.26964027
-50.25596667 -770.83711667 145.36325269
-44.93028519 -751.52729259 81.72906010
-46.06449713 -756.58796459 101.58620883
-48.45237370 -784.56767532 155.08965604
-63.44192384 -810.77140960 203.91737871
-56.57335000 -779.32965000 160.05291935
-45.25172360 -751.11659910 86.42035913
-33.43639603 -769.03203631 38.05162908
-42.95345710 -748.58834232 89.52593858
-40.51545057 -750.49098678 89.13177367
-43.09720605 -768.03319023 125.67251331
-68.88798649 -693.42211622 169.32413827
-42.34820612 -751.04683878 88.97073874
-54.69826969 -837.55973645 221.53459408
-53.66634595 -737.04591892 129.28926981
-79.06245423 -898.16223566 259.62537487
-63.96674556 -817.16524718 208.70006069
-58.75517383 -784.07231083 218.39869928
-69.93377934 -835.03162854 227.22094121
-45.38617105 -750.70939513 89.38731832
-47.63563354 -745.98652722 105.22905860
-41.18652222 -749.36053333 89.52147491
-57.69380380 -824.93486413 210.37444762
-43.98434545 -746.19476294 98.64442495
-42.94451694 -748.06825658 92.18109413
-44.93059112 -748.70274630 92.77087561
-72.11428830 -784.39974977 269.56433885
-69.93920933 -699.96910844 166.77943935
-46.04288166 -750.34910958 92.28697796
-44.06661935 -743.75448387 115.79630753
-41.72336726 -765.54343680 137.30313864
-70.82332857 -836.19282857 229.09253364
-72.78789219 -688.08153199 169.06711240
-41.06164228 -749.05521138 95.25971204
-52.06090704 -774.99199486 215.66630501
-40.66116211 -749.80385551 91.94141715
-39.73250000 -767.35566000 126.96153935
-49.61886358 -773.67753858 200.37556565
-41.09329219 -749.25715312 92.69437092
-59.56646190 -730.59336349 144.46876697
-67.73146000 -835.75350286 226.32687478
-52.03130300 -734.05711000 132.08153485
-60.43099496 -833.89383221 219.29207734
-57.66149687 -783.20776500 203.76283435
-42.83057287 -747.54895711 95.36182636
-62.35802000 -801.14120000 195.71717935
-45.39643474 -748.06008308 95.42485814
-41.88781227 -774.05181431 155.53990259
-48.49145123 -769.75386420 161.15208294
-44.12543793 -746.32842069 96.20289522
-46.81027863 -750.03841302 95.25671385
-80.85166581 -919.23358889 265.21371508
-49.77715810 -770.79692905 161.29444935
-44.60383077 -746.23896538 96.26538089
-47.43356667 -750.59960991 95.42477791
-51.88244696 -774.88064435 209.47238849
-66.75633769 -712.06959096 161.53376955
-55.88478119 -799.76648812 184.53598173
-44.99771444 -745.88898396 98.65488246
-57.64831429 -782.57000714 198.26468364
-63.42810839 -781.41750550 245.36378410
-41.18014651 -748.60810698 97.77656587
-55.89587698 -802.73487266 187.31312727
-45.61063270 -766.77397238 152.41423618
-69.43487385 -703.55769615 165.52336859
-47.51906284 -750.08518770 98.56641334
-65.06683447 -782.85509508 247.84735723
-45.42263656 -745.38034885 101.56351870
-54.47838693 -733.45451796 134.92760227
-44.41881905 -754.48511429 89.86444555
-43.86880523 -745.97660588 101.44239975
-46.90120138 -747.56000628 100.81119623
-52.70920362 -743.94610870 121.54504399
-50.94382381 -746.55520714 115.28754316
-45.29865296 -742.15427301 119.27561627
-40.70935109 -777.88846123 146.63751320
-59.82947695 -732.83293750 143.78079592
-69.97333483 -784.02913204 263.40073982
-41.11109178 -767.12694795 143.36219881
-61.38074222 -851.60675704 234.65004898
-42.16256176 -747.35342761 101.23916025
-63.24543333 -718.61559271 156.29155685
-47.72770974 -748.68256788 101.60831369
-45.86493057 -777.45489899 143.36789810
-70.74777346 -856.28195679 241.51780084
-40.96936680 -768.71342213 146.48832370
-67.21406576 -783.81197808 254.39682077
-83.49627632 -788.04433158 294.57478514
-62.77094643 -728.89058095 148.27193721
-47.38656216 -749.18659189 99.59606530
-47.80656442 -749.75898160 100.60129666
-46.03502836 -744.83263097 104.33717707
-53.74242061 -798.80122137 179.98944760
-37.95936667 -743.69828333 33.28630269
-43.49810354 -745.73129038 104.61632214
-55.66550032 -777.56789808 191.44789583
-48.27778384 -747.80786524 104.35505361
-51.89884045 -828.40655146 212.91769088
-42.15111612 -746.97130748 104.02540650
-57.10112232 -781.03825207 212.67736390
-45.96854992 -744.09786490 106.82800968
-50.29370000 -770.47160000 150.41801935
-60.20517336 -727.37449516 147.08867541
-64.36456837 -723.49593035 155.15313757
-52.01210788 -723.78155714 148.77757551
-62.06519322 -802.79899576 196.25184478
-44.60772093 -764.03492558 110.48101470
-55.59867878 -777.24258325 170.45147732
-55.18321611 -784.26891141 164.76341164
-42.95205568 -745.75259676 107.35283935
-87.50898173 -942.98228510 266.02865734
-79.05925253 -924.96712563 268.59009910
-47.17801944 -746.67643333 103.21775547
-80.40740000 -878.36040000 257.81251935
-55.54635000 -777.25427560 218.25147114
-69.15716613 -782.34485484 265.54724194
-40.80428794 -756.33096855 98.30202565
-66.33365757 -786.62816414 248.45077991
-76.53684182 -676.81984485 169.36586420
-77.62602222 -676.72879753 169.58133787
-45.21579927 -764.18134762 140.10540324
-77.61137683 -678.98579390 169.95356082
-51.40503397 -766.90152297 133.88491457
-73.90426250 -679.81907500 169.78554019
-58.88745606 -735.06951629 139.86171595
-76.01611672 -679.08681940 169.44921756
-40.85506667 -757.88861754 106.82155971
-53.46810000 -773.80260000 147.45236935
-41.61972372 -744.11451818 29.51951698
-40.70017045 -753.62776212 83.44516254
-75.71934621 -682.36104214 169.54234848
-48.89131850 -774.39290132 212.40344358
-77.54609559 -682.44153676 170.47539435
-51.67961873 -744.46698483 119.46491657
-57.23453800 -789.87477044 178.92112524
-60.53651032 -731.90704258 145.29488129
-71.08380833 -839.27534167 231.97233602
-60.38825535 -780.84148856 233.34019316
-49.70796838 -768.88823971 133.81547009
-75.80110070 -684.59548649 169.66422554
-42.31629301 -760.17248177 104.07714532
-77.42625758 -684.36804242 170.54858754
-40.30183680 -766.85376267 125.44924949
-52.52354784 -840.38703597 224.51663482
-73.00210927 -684.65734110 169.41748602
-70.16653210 -688.32243033 169.87821498
-75.37854361 -690.91618439 169.74005118
-59.09097157 -783.59546965 220.62293421
-72.79151227 -697.09156617 168.01281080
-86.79604743 -916.08825600 265.75355535
-72.32076761 -864.87809930 245.82314682
-73.30027445 -690.57483624 168.94415931
-50.53616875 -728.72790625 145.14806935
-57.90783340 -783.65067432 209.40390420
-59.63010000 -734.51980000 142.05978602
-70.14473389 -690.21756914 169.48809878
-51.30641851 -796.02405871 173.35365992
-72.73341091 -694.03042364 168.43723572
-45.30116393 -767.29844754 157.71964886
-74.04767353 -862.38376765 247.26507818
-74.26355000 -872.32855000 249.84956935
-75.90024386 -882.97338880 254.22438396
-47.07292368 -767.58208421 152.56500883
-74.10580000 -693.44655000 168.90917560
-75.13155478 -694.13741652 169.41408544
-90.16892500 -970.26511898 258.12168556
-61.00412388 -817.04263976 206.18043360
-68.03490909 -691.81110909 170.58799208
-70.27049823 -694.06296372 168.40474236
-43.84190909 -764.04327594 140.17075679
-56.35203333 -788.66883333 174.76941935
-61.12868616 -780.89767807 236.54538541
-67.54964894 -694.32686383 170.18628744
-81.93624738 -891.97948095 260.07987959
-53.06335362 -740.94632319 124.28895269
-53.39811667 -800.63553333 180.68313602
-74.54302821 -697.31618462 168.66939628
-74.45445932 -787.73366949 273.33689224
-75.10788947 -696.78452456 169.14488251
-40.77511496 -769.14314672 152.29987665
-68.34731429 -785.30772857 255.65530507
-60.93302115 -716.64857308 157.00690782
-53.92527778 -775.42467141 164.17260774
-69.90617605 -697.07357353 167.66922146
-40.77224558 -762.52045907 116.63806866
-41.41083509 -743.92303158 23.42618427
-61.22516799 -726.59801615 148.59213834
-45.35752826 -754.98976594 97.88234399
-69.77827041 -876.90987918 250.96243744
-53.11623125 -844.52828750 229.41196935
-66.69472099 -696.77620123 169.60264034
-49.20412136 -763.43960097 125.41928052
-49.50939758 -781.48123710 152.02408306
-56.11899574 -776.56851135 182.34145056
-60.79713781 -841.76967987 226.23949317
-67.71104237 -697.37566610 168.36629054
-58.59110171 -802.14850000 190.66268923
-78.15438797 -786.91588576 284.17399871
-72.81142918 -699.82037471 167.53657539
-74.57039216 -699.54489020 168.50035073
-69.12028305 -833.79801102 225.46669478
-51.87815629 -804.63750277 185.50562724
-55.64346409 -777.11959075 173.18266801
-74.99126250 -698.83571250 168.97668185
-57.69282206 -737.91389890 133.61031090
-81.95486852 -886.09415000 259.42910269
-48.88800637 -772.35048842 188.30936605
-65.64765000 -698.80571667 169.05445269
-43.47392830 -761.26380755 127.57048256
-59.36814000 -785.94353333 219.59105935
-59.05091680 -785.69505703 218.34170451
-63.72530352 -868.70276338 247.48231302
-53.27310000 -794.41770000 174.85061935
-64.59887500 -699.49721875 169.11644435
-72.74002043 -702.70900426 166.90357425
-53.38136667 -791.53440000 171.61175269
-46.45883953 -759.84832326 110.33480308
-74.39510000 -701.55170000 168.22636935
-53.59032034 -742.88094068 123.45308885
-47.42610000 -776.56660000 138.55059078
-66.52964667 -702.25396667 166.29893002
-79.98969720 -924.69435385 267.42494453
-52.16842787 -833.23082787 217.02260214
-44.93614500 -788.32502500 162.97299435
-67.23144337 -703.51858193 165.44582538
-63.51098808 -703.22465751 166.82268982
-42.88662657 -771.70566115 146.66377048
-43.14256593 -766.81766037 152.10060602
-73.79160920 -865.17689655 247.55248487
-53.49048557 -775.85889701 159.07531338
-63.45234261 -708.33545217 163.38948109
-41.96949528 -747.07816535 44.42500597
-71.34810000 -704.18340000 165.83371935
-63.74867055 -856.59785677 238.46992862
-69.83965526 -705.94866623 164.74753514
-55.22042891 -718.45614830 156.02225269
-71.88079221 -706.01758701 165.46508299
-60.93866657 -838.58715562 223.48274604
-41.53540556 -782.32805000 154.03485824
-45.58235319 -766.16369007 149.14866971
-66.96860000 -705.99885031 164.33002370
-61.91899688 -703.83450625 166.68382873
-72.49864512 -888.58405814 257.21630885
-64.94960000 -704.27520000 165.67414793
-51.27398995 -771.89839141 155.35263864
-40.15678611 -764.15415417 121.39273463
-62.95475870 -704.66276304 165.98998457
-63.39537516 -705.87891497 165.01423305
-51.37697888 -772.75316211 170.44115631
-58.77416991 -711.29253540 163.06733440
-64.29580899 -873.44698237 251.36367043
-57.75205651 -783.34022023 206.33242997
-37.99844746 -743.99150169 23.38406512
-69.84516163 -709.19309332 163.49939542
-71.64783913 -708.92863789 164.36410258
-58.02654277 -823.19536219 208.93387266
-61.05373947 -706.32469280 165.08330335
-48.06382041 -766.62024643 143.20261935
-45.93974416 -763.35297377 134.89875026
-67.43678464 -708.59901199 163.05353846
-39.97045000 -746.49640000 33.26814435
-56.94060556 -736.49445221 134.47718809
-63.91335763 -709.82320593 162.32312274
-70.88547099 -783.12850988 268.54013232
-40.48004771 -773.72287706 182.28545880
-66.74002522 -709.28932226 162.56597722
-84.38264289 -918.91744673 264.50477443
-43.51746364 -782.59370000 153.56000723
-59.17739275 -800.10078696 190.13098747
-40.71372867 -759.86724196 110.27056947
-71.51030000 -710.45265000 163.78446935
-38.14226786 -742.70229524 26.03635864
-59.69079333 -710.78163111 162.98513047
-68.80612748 -714.49748063 162.34293332
-77.04086286 -871.05354143 253.27042221
-85.91494769 -915.95022000 265.09583628
-69.67853158 -713.72288947 162.94474567
-53.77222143 -772.58580238 146.41003126
-62.24204286 -786.13781905 235.03602412
-42.77854419 -760.50307828 122.13565446
-40.34576573 -768.22972685 128.41013700
-65.93929563 -813.31745902 207.29685761
-48.47892936 -773.04302464 197.53040642
-66.92100707 -714.78305328 160.92558930
-52.56059630 -784.61292963 161.25554898
-68.65242500 -710.21528750 162.74225685
-57.51117744 -792.93606707 182.43677911
-43.47336053 -770.09252061 176.19788076
-58.83755000 -712.59017500 162.39391278
-44.85105523 -766.85263222 119.12968463
-63.19560833 -713.29897500 159.77392769
-63.82145645 -715.16166340 158.80137524
-65.64822333 -715.73640889 159.55692824
-38.23613333 -743.16844375 34.98202352
-42.64776976 -763.07678099 131.25764830
-49.26906822 -768.82850374 140.59393244
-93.30568621 -978.07816552 254.99264349
-48.66748736 -772.86598185 194.10421239
-67.21664712 -717.32964962 160.64834667
-42.87029138 -759.50012245 98.53788528
-68.34460000 -716.64450000 161.77031935
-64.20894586 -717.45483088 157.72305983
-65.99440694 -717.92090813 159.07329733
-82.66897705 -945.86259563 267.00951553
-57.12682918 -727.65873219 144.07466399
-55.27713632 -717.57149684 157.62668830
-61.01352114 -845.09262400 229.12621250
-51.56978362 -793.05255226 170.11567005
-49.96765714 -734.29811429 132.51218364
-65.97421953 -720.39498856 158.26855703
-58.47257228 -857.88316535 240.58069856
-61.39464651 -719.91995000 154.18494377
-57.95098111 -720.94142944 152.18107713
-54.75205656 -825.22917844 210.03183935
-67.83467895 -818.13942105 211.02332462
-60.91229164 -721.01404588 152.98673907
-78.98488046 -874.51197586 256.16028257
-62.72369259 -721.95163889 153.49286010
-62.07150500 -833.10711250 220.00780435
-87.96110230 -964.06932289 260.83101993
-63.01523124 -724.11540669 152.53330276
-45.77111986 -804.46690662 185.42363827
-76.24332681 -909.91106401 266.25302902
-55.55302400 -778.38177326 209.58379893
-53.90591304 -783.10146957 161.22568457
-65.13020588 -722.72246471 157.00060759
-68.44460426 -787.01997872 255.46843638
-47.20029118 -821.84861176 207.37891347
-29.45728333 -767.90617222 43.02249713
-48.09464047 -766.05641673 140.10970418
-46.62248557 -773.31969227 202.66456008
-48.62916800 -782.74590800 150.42534335
-65.40170769 -722.81592308 157.11839628
-58.48001604 -780.92481112 221.36078098
-57.29218036 -853.75026714 238.38613543
-52.84260690 -720.70480517 152.06904091
-89.22165000 -962.74737000 262.02753935
-57.82757170 -722.22942264 150.61817596
-51.23878887 -741.94988258 119.82236698
-55.15869384 -801.98172059 185.47242700
-41.02997736 -773.57477925 187.69415332
-54.67075238 -720.91276926 152.11603667
-51.95188339 -774.89774360 212.47931728
-51.68703256 -812.63927209 195.59545734
-50.18254783 -770.56429565 155.81081501
-58.07311580 -723.59182989 149.12177683
-60.34449023 -724.35596391 149.66961033
-54.77646282 -722.13399872 150.47241423
-49.72067143 -771.43365714 137.54833364
-54.88289162 -723.43929634 148.95917014
-60.07077366 -786.02451805 224.27797326
-56.11910941 -779.79818235 203.19992877
-57.68214779 -725.03412035 147.26594325
-80.85245644 -888.98446832 258.35166391
-85.51169643 -906.99813571 264.93590864
-41.40121765 -743.77277647 20.64378994
-62.99952361 -727.33223391 149.61827858
-27.98475616 -775.19603080 41.85321899
-73.74711622 -874.36851441 250.21253197
-51.81171390 -823.77838072 208.48108931
-42.93690408 -795.07887526 174.07313339
-46.88334253 -762.46424598 125.30131476
-57.81874095 -840.56014321 224.79020680
-57.98067118 -729.71149014 143.11551742
-40.86813929 -767.60001607 126.35007114
-59.12975000 -728.81462500 144.99901935
-49.27156131 -768.12376569 131.55855147
-56.85380391 -733.54028047 137.86031428
-45.74567036 -780.38502393 149.14700543
-62.48388276 -729.78356897 147.55326073
-49.26386075 -771.24539456 170.19844371
-55.12704091 -728.55508485 142.00979663
-51.94766135 -775.06304009 218.00355800
-49.10496336 -772.15111000 185.32065423
-56.89866751 -730.68801168 140.97826885
-46.39415357 -758.60494286 104.55838364
-55.71181847 -777.05463892 221.34026566
-53.80363546 -786.04174043 165.00300943
-36.74011512 -750.97100372 32.14187204
-49.17320837 -825.04372720 210.19916412
-54.46478872 -730.93756718 138.09052602
-49.96273571 -730.04646429 143.65109793
-51.82951065 -774.85309783 202.95201593
-55.16756031 -732.52032922 136.97722482
-72.03744298 -838.89055439 232.33894392
-57.92133496 -732.89708065 140.30179201
-80.35906667 -788.53086667 288.67435269
-77.71007013 -904.84755974 262.05770507
-42.40512901 -754.97927913 100.86998119
-73.31699167 -788.56720833 269.92760269
-56.40740000 -797.65834000 183.56117935
-52.27686435 -741.78311625 122.11933103
-79.92815366 -930.54142439 268.87718114
-59.31580000 -734.10830000 141.63561935
-66.21117330 -854.95894530 237.06778391
-54.32835871 -775.55058220 170.40955335
-89.02083188 -790.43697101 304.51201791
-55.63700358 -735.35886768 133.99838235
-46.66485102 -758.96144286 107.43342956
-54.52006511 -777.86746417 155.01941865
-52.47822881 -769.74014407 139.78607190
-45.63740289 -763.73471780 137.13887478
-57.83254509 -735.57265038 137.11323220
-47.90671985 -742.90170686 110.85519468
-59.33680000 -782.33940000 222.79791935
-49.18263111 -740.19565111 117.23284158
-54.60617997 -736.28941552 131.58089220
-66.59845529 -834.77081439 224.64876139
-46.06036805 -771.98975755 191.34011993
-52.05625347 -734.99661156 130.69970635
-41.88814933 -763.00704400 119.15364713
-51.92151345 -736.16931318 128.39621464
-79.30874986 -918.88407604 266.52227129
-45.74806041 -762.36504061 131.33739194
-56.44994681 -778.11597979 173.93463744
-49.23136862 -741.65787154 116.04069545
-60.57231776 -810.70027640 200.50423774
-56.41221667 -737.32338333 132.73740269
-55.66339151 -738.33094387 130.70591487
-56.91865058 -738.91456316 131.60791204
-39.83543732 -773.95982449 172.88999282
-52.23823490 -738.66675933 125.21442770
-48.35765000 -764.79835000 123.53776935
-54.58761831 -739.07400130 128.44874232
-70.06121361 -786.97366969 260.60821987
-44.89850476 -757.93120357 113.46754555
-53.62642945 -739.78925583 126.24104696
-45.56868267 -755.86352667 98.58400069
-60.33123239 -778.69479151 242.34377753
-39.76704412 -745.01998971 23.46765318
-41.72849761 -756.70879856 101.48672557
-51.13773750 -739.32041837 122.40799692
-56.39455714 -740.35821429 129.73194793
-28.11820292 -768.84891487 44.35322110
-45.85389712 -778.90090240 146.35879580
-60.27878977 -807.69035972 197.58535117
-54.22349669 -741.70863202 125.43827473
-56.09518267 -808.76197867 193.35198869
-55.34047747 -741.02242799 127.83769376
-57.62386696 -831.13927873 216.20502832
-45.47045750 -759.24323750 116.63045935
-56.43805000 -740.67625000 129.41449435
-42.29756667 -752.37695000 91.10348602
-39.89237910 -773.82194689 176.55174534
-48.06120263 -761.89366579 116.53741672
-68.81252096 -837.07257216 228.27088877
-59.67703421 -781.52900088 227.31495532
-53.59746667 -743.64185000 122.90682602
-75.76057794 -786.88930255 278.06405071
-45.40984176 -742.38140383 116.46529177
-57.39729616 -801.87862302 188.59865884
-57.56617786 -782.82917328 200.61708042
-41.83881074 -765.91410240 131.13838185
-46.10079877 -771.22508891 185.32985967
-43.14262727 -745.27334805 110.25597563
-51.66839792 -818.13083958 202.20628324
-72.54792902 -850.05949241 242.12620418
-49.22099450 -809.97922248 192.25664413
-54.84984853 -813.81717710 197.46519827
-43.58972783 -744.45214575 112.94827926
-77.09980000 -785.33335000 283.12564435
-60.84245574 -778.93866936 245.09226404
-53.14902500 -770.34995000 141.93941935
-47.89728321 -780.08086221 146.35584493
-50.61020850 -746.80596842 113.53030397
-42.67185411 -753.76853939 95.67800637
-66.74291815 -871.10728790 248.25195444
-40.81224460 -783.02507482 155.55749346
-54.64174043 -819.32219498 203.77259495
-40.75101220 -754.62968814 95.13558173
-42.86651010 -771.32776943 182.30016469
-45.12765600 -755.20463200 100.70264735
-57.27884987 -777.43397410 182.25085234
-44.86184110 -756.87941918 94.97401525
-70.12911397 -865.29531618 244.44409730
-42.29870327 -756.22332885 104.50518839
-41.26253333 -766.67585000 134.89426935
-58.02630363 -816.91122190 203.09846608
-47.52632558 -757.25559419 105.09307633
-40.77979740 -757.59041366 104.14349562
-40.82908568 -756.88992253 101.13305210
-66.41788523 -822.02549697 213.37237504
-60.01091938 -804.64699803 194.77962691
-56.46004194 -778.91224194 159.28660323
-42.88999535 -757.36275884 109.87246726
-41.24240000 -758.52224286 102.44204793
-61.73220933 -811.52441467 202.56360513
-44.83254389 -757.09180181 109.73392886
-63.73092101 -860.05070467 241.17881546
-40.84677939 -759.35758244 107.55876325
-47.52627895 -758.75001579 108.26190357
-48.56592500 -767.69549167 129.44736935
-42.83909623 -773.68957170 152.64278115
-47.99259318 -759.10437614 110.41892731
-46.46768187 -774.09127076 134.85546088
-51.78767595 -813.85637188 197.09204435
-41.29005000 -755.48707500 87.36721935
-41.60044909 -760.20198909 110.16320117
-48.33259296 -760.00229577 113.35010879
-48.84268672 -760.63016562 116.23165920
-40.56858184 -765.20901447 122.43623830
-42.26693844 -765.30670481 140.27630379
-40.74726296 -760.47534444 112.99955428
-41.04792821 -761.75252821 113.77007833
-57.27102347 -780.98840991 215.15380594
-56.19338655 -779.67991176 197.57457986
-42.76645261 -763.21570161 113.37242980
-42.47827832 -760.19506643 119.00819127
-61.10872661 -832.06807857 218.29686312
-45.33742872 -759.55529362 119.33771350
-69.12382545 -883.59874485 256.65979632
-56.01061459 -776.68699742 179.07695412
-69.68098139 -852.75310254 238.88914509
-46.07183636 -762.71949091 113.38354663
-42.32827742 -763.77471478 116.56165833
-53.43390000 -782.47560000 159.81441935
-53.85237073 -777.26833537 152.93861326
-65.53602295 -786.51159016 246.10710009
-74.49760952 -905.13069524 265.06239555
-48.69403086 -762.24124815 119.56128849
-75.77780938 -897.99729115 260.27535685
-58.94889212 -780.08417192 226.98486960
-48.96936754 -771.48432883 176.40979109
-83.29923333 -790.22196667 295.10305269
-49.08076224 -762.64990816 122.38352650
-25.17618121 -777.68688289 44.22606969
-40.61668502 -763.57885204 119.40243569
-56.14615000 -716.31297500 159.51711935
-46.91828043 -762.44084348 122.55486283
-44.91247813 -776.31562188 142.17577873
-44.69901928 -773.66758133 201.00678863
-86.39992857 -911.13621429 265.42911935
-42.08275551 -762.86813566 125.34193810
-40.46922533 -769.25015898 131.26052559
-43.91402513 -773.22207326 197.03385037
-41.16599231 -770.28929231 167.14889884
-42.89815786 -765.24607405 119.19448400
-42.56587270 -766.08888495 122.01540303
-35.16648333 -758.82908333 36.74260269
-54.69372759 -816.45713530 200.56883578
-48.62769647 -763.82834588 127.89799583
-51.83267447 -774.82832660 200.28752724
-48.29148235 -765.08875294 125.93595465
-49.03004917 -766.17000331 128.69156742
-44.12027500 -764.36275833 142.17962769
-47.03272895 -764.70616974 137.71001146
-63.62349765 -822.89147642 212.78537861
-50.53092857 -764.11381429 129.12876221
-49.25760273 -739.77368682 119.41840572
-42.90027656 -763.50261205 134.39541869
-56.08638897 -779.79018824 200.19255391
-50.42978000 -764.55930000 129.55931935
-52.58109683 -774.74853095 155.53555507
-87.49713952 -939.95365429 266.26582602
-45.83963016 -769.39006743 170.57186544
-72.08854602 -855.64630929 242.96760741
-47.49239692 -764.25518923 134.63314859
-49.67075357 -766.48134337 130.88766221
-55.08455776 -778.00466964 206.35678404
-41.59704567 -765.89461280 134.32044711
-42.86938927 -769.13698820 128.53329403
-77.50039821 -916.31930714 268.28403989
-43.09323324 -792.47467156 170.67588277
-51.92509000 -822.27671639 206.89597602
-51.88537629 -768.56043190 136.93852582
-54.65306526 -777.86462817 158.58229682
-45.81756115 -765.12662520 143.17812014
-51.22609313 -736.97011931 125.94455970
-49.44020000 -770.49940000 135.63476935
-53.70820000 -779.53512500 156.10319435
-49.07898846 -768.69127692 137.58200012
-57.43851031 -778.54479851 188.34378682
-66.71438348 -865.63974609 244.30859501
-61.00260000 -864.96476732 244.76608960
-41.26883333 -791.25840000 169.48845269
-42.68902772 -766.06672527 146.47278457
-38.92826684 -759.92384041 34.29932764
-40.13089760 -759.93359281 33.32042055
-78.78488475 -900.94384690 260.33422013
-47.79696239 -766.96417615 145.96731018
-76.34176577 -785.18012748 281.19621890
-57.30383524 -821.99642524 207.26589602
-49.47972000 -768.72825176 143.46307877
-69.75142814 -871.48394171 247.54926358
-45.23287395 -769.31431092 125.35151809
-62.00150567 -783.55124138 235.91686270
-50.87307778 -770.66497778 138.34560824
-59.46934000 -806.64219333 195.58779269
-44.13337320 -808.47951546 190.80025750
-49.36450700 -768.73582879 146.30775321
-49.50390909 -770.87823636 140.47816481
-52.46194875 -771.90268125 143.12306435
-53.46450000 -770.28525000 142.22401935
-82.71176688 -904.04621500 262.17395998
-47.51960455 -767.25473182 148.82341481
-59.70659043 -812.91063826 201.41599588
-49.44911891 -769.11506304 149.64970718
-66.28407130 -849.67647817 234.07708920
-53.53210588 -771.14959412 143.93650171
-51.72545785 -775.45845145 221.16816440
-40.88048312 -769.04087699 149.42469728
-72.01275000 -788.51512000 265.69496935
-47.84922192 -770.29537397 175.82729744
-41.34136667 -767.47235000 149.26211935
-50.39950000 -770.17102500 147.27123602
-41.59934038 -767.64785577 152.76496359
-86.60906842 -913.50605789 265.64291620
-48.94731968 -769.01634309 152.15368478
-50.41132000 -770.29233846 149.57339320
-51.80953604 -825.30051873 210.01107589
-58.70173451 -785.58159558 215.40302555
-80.29850000 -893.05000000 258.84911935
-50.85594487 -771.28889501 149.63714252
-51.10683077 -774.16136154 144.20391935
-70.09524389 -859.04512036 241.83476641
-66.85744714 -820.01366707 212.03720497
-50.96047342 -771.83752405 146.50202568
-42.16688943 -767.80305813 155.93160594
-55.27750000 -805.21219207 188.67473717
-43.42377398 -767.19894490 155.22761323
-83.16400000 -951.12343529 265.96350759
-49.63896505 -744.63625294 112.96948124
-46.73575634 -767.77091831 155.50120809
-50.54886780 -773.26793729 191.14083122
-63.45094416 -843.49063506 228.12232819
-73.05363010 -877.26133272 250.87861124
-41.36830000 -774.72830000 159.85121935
-48.70780000 -769.15368095 155.28601983
-50.36265000 -785.49580000 158.35576935
-77.53257500 -896.60948333 258.77246102
-54.80114875 -815.19050938 199.13339435
-50.38240667 -770.33450667 152.36301935
-37.94754554 -749.81164752 30.50566292
-51.57828182 -775.33271111 146.58982946
-40.72401939 -769.43944904 155.95293073
-46.03232429 -787.61931447 161.54424804
-49.00723199 -735.29094646 131.25580454
-51.20629883 -771.87257808 152.49505830
-54.34253000 -773.24272000 148.25099935
-69.32146718 -880.11220076 253.61045180
-42.54278414 -768.08890221 158.36405289
-50.53356061 -791.68143333 165.48705875
-73.67045029 -904.19302807 265.29244976
-61.61315470 -784.37204868 233.52848608
-45.80302372 -767.86762884 158.63187098
-66.95911023 -880.43660682 256.43516254
-57.23414286 -782.23454286 166.07427650
-45.64065614 -772.78831940 197.41814989
-56.17731111 -853.11775556 238.20105269
-71.56421818 -849.15149959 240.03491068
-78.00454769 -919.05504722 268.57925871
-48.63607288 -769.48672288 158.36177825
-60.68683851 -828.72990128 215.43813746
-40.81521258 -754.12454924 92.22657901
-52.33755841 -775.49235664 149.04643351
-53.04856667 -776.51543333 227.83500269
-40.74487524 -769.57118917 158.08201858
-45.71744835 -768.10737357 161.14906560
-73.32672139 -897.51527861 261.39465461
-36.98362493 -759.72680082 35.70096401
-42.59842824 -768.55475370 161.31902329
-42.99285189 -777.02207320 144.06732588
-64.71471097 -783.74437042 245.23543494
-51.29430497 -771.98026655 158.23455949
-48.95501095 -744.89315481 110.65517248
-52.07780270 -774.66242162 152.55216530
-51.41838182 -777.54240852 149.58078754
-72.84652603 -883.08503709 253.83253259
-40.83304647 -769.91001577 161.24971355
-45.76110580 -768.54767543 164.34091116
-51.43315739 -772.26030222 161.29160039
-52.31305816 -778.31269433 152.20739311
-40.10284476 -772.00272962 161.29575196
-31.70535813 -754.88463438 37.50438748
-42.65342120 -768.98376283 164.33431543
-51.94492016 -802.22653642 182.32835022
-48.23154914 -769.94079483 164.43430470
-50.10454583 -834.31222639 217.72349435
-40.98528772 -770.13804123 164.33166848
-49.67923228 -771.10896693 164.84019809
-84.80843467 -930.99324709 265.62824521
-61.36672392 -799.77967560 193.61307964
-80.37310000 -917.05696667 264.87828602
-40.08974659 -771.94182585 164.25305759
-42.57614652 -769.42123483 167.47486438
-45.78102286 -768.93779107 167.35337614
-61.10912030 -823.46613910 211.69177518
-48.22336562 -770.14090688 167.04143935
-38.98976528 -744.79236269 32.31320174
-80.81545464 -906.19084845 261.69843688
-51.49604337 -772.48394058 164.56794548
-53.41680000 -770.09500000 141.58341935
-51.98340072 -831.94526474 215.93241682
-40.76694286 -753.49288857 80.48281793
-52.87952110 -774.10687955 161.38148039
-59.47107879 -781.94452667 224.77168360
-52.96799245 -778.21844528 154.92879294
-54.92161348 -820.87163957 205.51758022
-42.83304111 -769.58959730 170.29414980
-47.80877172 -769.97318485 170.39729107
-77.27900000 -896.46430000 258.73131935
-82.02617136 -907.17727330 262.30581863
-51.35364136 -772.53327790 167.35964973
-52.90788109 -773.99969382 164.25183481
-45.89803158 -786.00723289 158.90872725
-54.80715000 -779.96474351 158.18350897
-52.88434668 -773.97702883 167.32858543
-68.20360000 -881.54660000 255.80631935
-56.73182816 -813.19267573 197.97026563
-40.27633036 -771.96760709 170.30362117
-59.10393333 -821.13134242 208.11283451
-41.42855833 -770.53232917 170.82101935
-54.24171532 -776.98565315 161.79227701
-54.59983825 -776.94331333 164.16919128
-71.26763333 -785.52473333 264.98761935
-41.79615909 -746.88180000 41.53476784
-80.63072090 -891.31869851 258.63525219
-56.67506047 -780.35520698 161.56432633
-43.04902298 -769.83208695 173.23144416
-45.91360698 -769.72473425 173.29777073
-50.83784023 -773.14434598 185.26242453
-60.00711103 -778.73753310 239.37370177
-71.52890427 -834.31998632 227.54950397
-47.71061000 -770.09198364 173.31097526
-41.25130667 -755.36180000 100.44577269
-52.79548802 -773.88328902 170.31310059
-46.28235092 -773.97865153 206.06805248
-55.32789471 -777.19286324 167.89210700
-51.26931092 -772.88666361 173.34461437
-78.90777252 -892.05709122 257.95641081
-53.87459140 -775.80827452 191.09707891
-40.23693282 -772.31825238 172.93501493
-45.87134072 -797.96682085 177.12091707
-57.51626497 -804.66444958 191.28578655
-45.76370156 -770.05502052 176.15662221
-44.96115491 -770.02807761 127.98648224
-52.67826879 -773.81748121 173.24070407
-56.99636000 -781.75005231 164.49647782
-69.90612360 -838.11326711 230.01646567
-70.76211027 -786.61730212 262.80411847
-87.59926719 -946.02746972 265.79415153
-57.05058594 -784.67645219 170.39025904
-59.93792972 -781.03933092 230.34481333
-68.63759250 -820.11827667 212.63950435
-54.37963992 -775.57147362 173.48218786
-67.21810496 -786.74579246 251.32737119
-56.11771111 -782.08424444 163.51491935
-57.19727895 -819.10079605 204.13884172
-42.02480909 -770.84756257 176.54202524
-61.08173022 -835.27349570 220.78076558
-46.97784568 -770.54933580 176.94201195
-41.03945945 -768.27847512 143.39042396
-58.73477653 -811.73223105 199.38959336
-50.94305010 -772.88964515 176.19346657
-40.38901498 -772.44846972 176.51737134
-43.90995088 -770.31127544 178.65627900
-37.01410784 -753.45725529 33.25324328
-64.04560625 -863.73662500 243.68206935
-46.44058803 -770.68402330 179.62956628
-52.73351299 -774.00379947 176.61677434
-42.64311508 -771.01396508 179.46279951
-43.58862873 -754.55483060 83.46261824
-51.02137097 -773.06060352 179.55383548
-56.87466652 -783.66833839 167.72398543
-40.56060492 -772.64946185 179.21115105
-52.46510510 -773.99819227 179.44163446
-55.79367006 -776.93401497 176.14033872
-46.14058680 -770.91663190 182.49384206
-56.93830539 -780.88264995 209.24045336
-48.70109012 -771.69017922 182.32893788
-50.91298895 -773.06121464 182.31359339
-45.13135385 -759.88563846 101.35562705
-56.74226282 -777.87593692 176.57875166
-40.78902938 -772.85213503 182.21860919
-57.77331641 -810.94795049 197.53363382
-52.24175085 -773.96364213 182.23816750
-54.70812294 -775.52596409 182.34155975
-42.96309602 -771.72530597 185.48139697
-45.79842058 -801.92206768 182.22085559
-41.02809103 -773.12980513 185.33362448
-57.92270020 -813.97891333 200.41585230
-45.76002613 -771.55773227 188.19298304
-63.33707226 -834.50525839 221.97865016
-66.55061455 -831.56459743 221.87647670
-84.16294669 -921.30197769 264.72517845
-54.65704483 -775.64437119 185.32345850
-43.07790344 -772.08302148 188.34688155
-69.39897667 -830.93172167 222.31665269
-57.61939163 -777.88543460 185.39227354
-50.60825250 -773.19528400 188.18376985
-72.35008911 -898.34752475 262.40617183
-52.17402331 -774.26188455 188.44716407
-48.62144816 -791.06054251 166.45335793
-56.03846577 -776.59470268 185.54787976
-61.12266015 -820.30584152 209.02648632
-48.53750931 -772.54367578 191.25978386
-54.28335534 -775.72146421 188.21114056
-52.09933182 -774.48089419 191.41726280
-48.69646699 -795.35969872 173.15992557
-55.82687580 -776.93761083 188.52234037
-41.79605468 -773.66583525 191.72924885
-37.70896849 -741.83854932 14.49925566
-43.46675960 -772.90591497 194.21781907
-46.00319320 -772.38140164 194.31173811
-54.19109386 -789.67576485 170.71220946
-50.52034118 -773.38326471 193.27268994
-37.95296688 -742.36153636 23.12733169
-57.57251111 -827.99355309 213.30877960
-51.83759193 -774.46306393 194.05622423
-54.40242577 -776.17440000 227.41625320
-56.76782257 -778.86560745 191.00377421
-81.80674790 -915.86710828 263.93936167
-44.44125000 -770.40170000 130.10321935
-53.72220526 -776.05567143 194.34841860
-57.59028329 -780.13145104 191.60369267
-48.70581331 -799.62211236 178.97722715
-50.10484000 -773.49465333 194.84213269
-84.12337781 -951.77839635 265.27262525
-54.91993957 -795.72289830 179.13586233
-55.32103147 -777.85722680 194.50765949
-45.70278170 -792.98533509 170.33758176
-51.90585322 -774.72398945 197.44653084
-57.15747495 -787.60127589 176.11049992
-67.15684213 -876.36430761 252.03855793
-51.62708237 -820.85870935 205.38461648
-58.03614219 -790.74231406 182.06624123
-56.43693793 -779.22478966 193.60901821
-57.05686433 -780.44942505 194.19653292
-74.49342917 -854.00446250 245.47766519
-54.98799273 -777.92127050 197.29513042
-86.95647492 -918.84972894 265.85047209
-45.96055714 -773.11425714 200.15881405
-59.68755333 -779.00638762 236.52312602
-62.69363455 -804.20145127 198.05923099
-48.17726010 -773.21956659 200.10465854
-44.24606667 -773.40143333 199.00091935
-55.88663602 -796.50020683 181.76412246
-58.58146891 -793.31870545 185.14245782
-44.00117818 -773.83755818 199.84529875
-41.20785556 -752.72905556 68.66459713
-56.97055226 -781.11514868 197.23609478
-71.49352941 -842.67228235 234.66477818
-47.83160679 -773.35338951 202.82235392
-79.62492792 -895.34702922 259.08363364
-49.83782500 -731.18468750 140.98041935
-49.23585261 -773.70659355 203.13582680
-57.94693589 -795.91568631 185.39925048
-51.78029084 -774.84519351 206.38918233
-45.51587177 -773.79261847 203.07748479
-54.96123894 -799.04305574 182.50752188
-45.98604215 -811.40648210 194.36825411
-55.92772489 -793.08821538 178.48770261
-52.00363430 -789.97701206 167.28282559
-59.20086154 -794.08884615 187.10315782
-56.46014188 -779.14992778 215.45349713
-53.48414167 -776.23250833 203.04725060
-78.95940701 -885.98657843 256.61206153
-56.81758146 -781.31699088 200.35387315
-50.69956364 -776.83600303 147.35142542
-54.92799899 -778.05114597 203.38923378
-58.95882271 -796.50514223 187.56166198
-69.16803364 -828.05134682 219.08348935
-44.30200000 -774.22980000 202.00441935
-56.27067143 -779.53890000 195.30939078
-44.32000000 -773.43890000 198.71901935
-85.20234936 -954.93668255 264.01691212
-54.99597647 -832.92156187 217.35137731
-65.38995000 -833.51072500 222.70434435
-82.49712919 -936.87463665 267.04569606
-58.32740944 -798.93620209 187.95786052
-76.93514960 -912.65954043 267.07630696
-75.83358571 -911.06034286 267.91971935
-55.81318839 -776.92375768 224.16704782
-50.26378750 -770.48837500 152.41660685
-56.84695620 -781.27958402 203.27396867
-56.52324404 -800.88782110 186.45721293
-59.56220814 -797.98311047 189.31771587
-56.17726182 -779.64888545 206.18608663
-50.87257600 -787.02714400 161.45186202
-39.72892857 -746.83797143 38.42826221
-59.77568011 -801.49718382 192.07161299
-57.07745838 -781.43318489 206.58648721
-49.92329000 -771.27210800 143.45099735
-47.57376750 -777.16227750 140.66310935
-62.23900000 -821.37550000 210.87081935
-60.25808279 -798.94590254 191.08804861
-46.75929375 -762.02838750 119.49257560
-59.88405646 -784.11799162 224.40658804
-53.81545574 -776.07098770 212.46631444
-51.86523923 -806.05151878 187.32078068
-72.17838801 -843.91295695 236.43354252
-56.24482121 -779.53253939 209.51160572
-67.14904129 -841.24239433 229.75785563
-56.72980472 -803.97122594 189.53476134
-47.22260000 -774.76900000 211.57546935
-55.53282184 -778.08165351 212.45257909
-55.90472063 -805.77844960 190.27564396
-84.27860801 -912.70811922 263.99129996
-57.88801269 -834.34993001 219.11374118
-60.97688209 -802.03212909 194.24747765
-61.93863333 -779.82711812 245.19804834
-49.33875506 -774.75648764 215.29674295
-56.27404000 -779.50121000 211.47627435
-54.92113160 -808.06010186 191.00112617
-58.06038884 -783.78860468 212.50375659
-41.48228636 -773.27527273 154.27919208
-56.71153026 -806.78485789 192.33279567
-62.45594167 -836.78455000 222.55197352
-58.97521429 -818.04430612 205.27683568
-61.36889945 -805.13162821 196.96395942
-68.00944375 -782.00893021 262.57782873
-49.77976816 -775.24531348 218.46377516
-57.71906158 -807.87327922 194.60375034
-45.63894850 -808.69416147 190.80282575
-56.76062733 -778.75741538 218.63422340
-91.81653750 -974.72068750 255.65781935
-65.46423557 -784.78211812 246.36246097
-58.26730762 -783.93475940 215.19967154
-54.91009440 -811.21228723 194.43201955
-57.79225474 -780.88871527 218.31987337
-75.48515739 -891.76701423 257.50223431
-68.80271852 -858.22392963 240.47562923
-63.41067179 -805.65522179 200.15574952
-51.91061947 -811.46256519 194.15038248
-62.12522857 -806.27072857 199.05397650
-64.03424651 -848.22381628 231.99392052
-50.21346667 -775.49182632 220.08747199
-36.76318057 -765.75828593 35.65788267
-49.90480000 -833.23637500 216.87804435
-53.12812500 -803.65250000 183.69984435
-61.56523244 -808.43114256 199.95227565
-62.55836731 -781.99408974 239.86954628
-57.01425931 -778.42068482 221.29613822
-64.47964250 -824.02197938 214.11500810
-63.04411682 -807.45369150 200.95713635
-56.08030000 -812.00689231 195.99164628
-59.57224815 -809.77694259 198.47382491
-52.23004697 -775.84376250 224.30296102
-63.76438631 -781.17204070 248.38975701
-57.44787500 -778.41649009 224.41719559
-64.04897178 -808.48332712 202.93187908
-58.68967713 -780.41522912 224.05960381
-49.29808372 -792.11230642 167.77332201
-82.67636566 -942.99740253 267.13830067
-39.62675000 -740.37676667 28.13173602
-39.68747753 -747.24931236 41.85396318
-40.26146538 -749.87179615 56.54120397
-52.77302684 -776.07119000 226.82971725
-42.66615060 -780.11533077 149.60108243
-55.90054747 -776.77245484 227.19986544
-57.38439023 -778.07913090 227.11864530
-59.59595417 -785.93075708 221.50866769
-60.70811432 -813.98325107 203.37756476
-64.60876554 -811.34847828 205.33006804
-50.81189091 -836.48684545 219.72671026
-55.44381456 -776.62174029 230.44725479
-42.92378750 -759.01867461 95.57634553
-32.07666410 -758.93834359 39.62943730
-51.86702208 -819.46489332 203.75363253
-57.67513844 -778.08248444 230.27867519
-60.30425626 -784.11222813 227.03116908
-51.80864622 -816.67956263 200.47750013
-57.05176230 -816.17970929 201.06175160
-42.54462551 -781.59045467 152.23423781
-58.83959045 -814.87506497 202.28315439
-59.89939598 -815.99092241 204.19259062
-61.83508868 -814.94751321 205.28617785
-33.65162040 -760.12885008 38.59580839
-63.80870599 -814.00330988 206.37000947
-68.80358653 -846.23281347 234.36467323
-30.93901926 -759.73158904 41.13970591
-51.88051111 -797.57368333 174.54971380
-55.61902458 -776.74889746 233.01982868
-57.87459054 -777.89927270 233.30326530
-60.56505839 -786.14235350 227.14270327
-64.18951980 -820.65416212 211.39456372
-45.72196726 -807.26887699 188.93511847
-51.89184452 -829.94756370 214.25383648
-65.03277742 -815.21628387 208.00661935
-66.58691974 -816.83718026 209.72462120
-32.51481250 -773.61317500 38.18804435
-61.20230233 -786.37749506 230.69072197
-58.52889608 -859.21118627 241.25864419
-60.08463107 -819.19905393 207.20460221
-61.75658596 -786.18270614 233.03741380
-42.70463077 -793.74112308 172.61933096
-42.31952405 -769.64773054 130.94749017
-63.37261904 -819.46774288 210.01833581
-62.21710000 -782.46295000 237.88646935
-61.52984204 -780.62559477 239.16911983
-58.15056084 -855.49690068 239.22331674
-71.53090000 -833.18587600 226.24633535
-54.76212898 -822.26257788 206.95137843
-63.59414193 -861.53489036 242.22588527
-60.33136906 -822.38357865 210.16395857
-85.52994099 -952.10348642 264.53395930
-63.16044681 -784.06575599 239.51157140
-61.94897868 -779.63071168 248.43849448
-35.00251558 -769.18797273 36.50841935
-58.96464068 -778.00941864 241.68993969
-29.69493846 -776.83154231 41.05877320
-72.98419556 -871.15060584 248.56575627
-61.72741992 -780.10048672 242.22043056
-63.01970968 -781.68682332 242.60320868
-68.69917812 -821.67464063 213.60420685
-63.81453225 -783.73546786 242.23606051
-66.82879720 -823.41987200 214.51953935
-66.76290337 -826.80615228 217.34636556
-57.98551250 -826.40070983 211.88881719
-60.44218887 -825.58648092 212.80870881
-54.88595115 -826.73777672 211.55342890
-61.41285345 -826.60041825 214.51643723
-34.37445429 -770.97925429 36.59913078
-66.78154313 -825.46202711 216.14232150
-63.73040699 -826.01405628 215.42543865
-71.59991667 -788.50665000 264.50895269
-69.09330758 -825.07278447 216.26631292
-61.32940312 -779.25525521 247.58004123
-54.85151548 -828.41713694 213.11853177
-64.31693174 -786.60761370 242.40262435
-69.34503297 -826.60047484 217.70746057
-71.68061724 -835.92473276 229.41749177
-62.86087153 -827.85031111 216.48222283
-57.94953432 -829.41825787 214.72935145
-64.93726700 -827.20825900 217.09680835
-55.05172482 -829.75080313 214.42105020
-53.20955000 -719.40900000 153.72366935
-65.85261489 -784.08878685 248.47763772
-63.86952657 -829.05503693 218.07310964
-54.64955101 -834.54559940 218.73376774
-62.13113000 -779.76122000 250.09715935
-37.52457749 -747.92780742 29.95557202
-64.18886076 -781.21941343 251.25989459
-66.59803870 -828.46298551 218.88722993
-61.79594439 -829.85952617 217.36114506
-66.39697862 -783.73239554 251.21042098
-60.04674430 -830.84613228 216.41777062
-69.56745734 -829.58464755 220.84018369
-77.66481915 -885.11047021 255.61098318
-75.07607663 -784.87906484 277.92626021
-57.84781046 -832.55582445 217.51627900
-63.23699694 -831.23605163 219.41889262
-65.15077778 -830.22545556 219.90178602
-65.74639863 -782.08230411 254.55149162
-52.70475793 -790.83863310 169.76299591
-64.09725828 -832.27799261 220.84776956
-55.15332540 -847.74357500 232.71148047
-51.80490136 -834.87795699 218.40962039
-69.92462175 -832.30405479 224.20373716
-38.29740000 -743.34925000 37.57736935
-45.95123095 -738.25108095 128.45152174
-67.30583369 -832.75136596 223.43119099
-57.70912551 -835.77458551 220.37610874
-55.18880836 -836.08217525 220.26150096
-80.74738837 -882.73397896 257.93876341
-64.36405952 -835.52264286 223.54486830
-42.80294412 -749.81468088 59.58793847
-50.23440000 -836.49880000 219.57991935
-47.30240000 -764.48730000 135.83011935
-52.46520976 -836.36233902 219.92524862
-52.16882016 -837.78895609 221.41717972
-73.70525690 -786.46025185 271.86218973
-57.71501195 -837.42822020 221.87344629
-69.17480543 -864.32479348 243.29664109
-60.69281786 -837.20587885 222.22023309
-71.11153500 -833.19224000 225.95530935
-41.40022000 -773.58412000 189.45643935
-52.80559613 -793.44899116 172.81121383
-69.05323206 -786.89060976 257.42098486
-63.64502406 -837.76759543 224.46713481
-49.48812364 -740.77120727 118.24274845
-44.37075714 -762.23782857 104.40834793
-68.71583566 -784.73638456 257.71942597
-69.22715873 -784.16958776 260.56456777
-65.64085902 -836.85375738 225.45214395
-67.18000161 -781.88562669 260.11869781
-29.07499259 -769.99745926 42.36549713
-67.97610000 -782.79079915 259.75135749
-40.89694872 -761.00566923 115.49025782
-54.95681655 -839.15471448 223.15640418
-66.90972542 -838.09654941 227.35056124
-68.33986667 -782.40843333 261.73605269
-52.21634299 -839.19559346 223.04088758
-60.75468028 -840.36953784 225.01377004
-64.86721214 -838.95647857 226.34587293
-68.64305027 -782.24935455 263.72853112
-65.04014000 -698.38710000 169.46753935
-54.81602579 -840.54180476 224.59908205
-64.04817324 -840.85058827 226.82924462
-71.74656433 -837.47662803 230.89504483
-58.01424779 -842.15022182 226.28552481
-66.08181546 -840.32732114 228.23496131
-33.28376794 -757.14030916 37.62630027
-41.26012500 -770.71087500 147.65356935
-92.39715294 -791.35062941 310.72104877
-68.04972000 -839.12434000 229.09252435
-43.45684773 -800.63724886 180.59424435
-70.47425110 -783.49790927 266.19845385
-62.11910000 -713.40880000 159.75386935
-84.65981426 -936.90926910 265.85371552
-52.78310682 -841.94548068 226.42482617
-49.52297500 -761.38482500 121.30804435
-54.67664894 -842.01996223 226.24862095
-54.83650110 -843.18108974 227.52978448
-43.91882632 -767.34067368 157.19857199
-66.47164401 -874.07453310 250.62369471
-57.69777209 -843.48942844 227.54384343
-70.91955000 -875.52412500 249.80811935
-60.75744964 -843.70094116 227.88773434
-42.55168863 -771.52633645 134.33658725
-69.09050126 -840.67783824 231.02011683
-71.55737608 -784.90512968 266.64106835
-81.53424168 -900.95112297 261.18161757
-71.89747066 -786.72409225 265.87138041
-71.50087368 -787.15507263 264.46880514
-64.36879860 -844.37565447 229.49527154
-49.90073554 -747.08232678 110.54191737
-60.60725354 -855.91447340 238.51748773
-84.74331901 -946.03329635 265.65665685
-70.43562247 -841.23327296 232.74521578
-71.95775678 -840.78067362 233.79181910
-67.69233657 -844.57523060 232.32318241
-54.70148481 -844.83712778 229.45558417
-63.77801989 -846.77168628 230.74324701
-60.95168183 -846.92605541 230.67827283
-26.64376316 -769.07717105 45.95368251
-47.93338636 -794.34086364 171.89246935
-55.09482500 -846.24994462 230.92949499
-65.68013030 -846.08078939 231.53823602
-72.52038852 -841.96764098 235.36793575
-66.98307393 -847.08138528 233.22027222
-63.91733945 -870.51306972 248.89994642
-77.28160000 -914.63275000 267.69461935
-53.18020000 -845.62590000 230.50941935
-35.53831351 -760.62469730 37.01291935
-70.76093690 -844.64440060 235.40018305
-57.52057692 -848.17790481 232.14170493
-60.81256935 -848.32263548 231.91045484
-38.84169703 -744.83236040 35.13440351
-60.76146158 -850.04511571 233.37939642
-70.01551044 -847.16305745 236.35993648
-58.02615454 -849.89097859 233.68398887
-68.12621250 -848.23926250 235.01172560
-72.85379545 -844.98813939 238.27211329
-41.24316140 -767.02965088 137.63704918
-48.64729947 -811.21932066 193.91912085
-55.53922481 -849.08834361 234.12511108
-58.25380667 -715.65412133 158.89525269
-67.42255367 -850.31067870 235.48028823
-72.26324900 -846.97288843 239.25052278
-69.11491139 -849.57867215 236.69796449
-72.13750294 -875.71847647 249.69755465
-46.44067103 -816.09611900 200.52996079
-71.01120945 -847.74781732 238.23631699
-63.99996691 -851.68178824 234.64148112
-65.70882885 -851.78740769 234.63289339
-55.84111494 -850.38964770 235.76639752
-63.73007271 -852.99587379 235.69091159
-70.60251753 -850.32318925 239.09575237
-81.59027407 -922.10990926 265.55816954
-57.28471743 -851.03054647 235.47926458
-59.27344074 -785.65900000 220.08513417
-57.93835681 -852.44404971 236.60560934
-60.70434169 -852.91095454 235.91325691
-68.64881920 -852.35879732 237.56064614
-72.87161724 -848.06207931 241.27246763
-46.99947670 -820.40502233 205.85474266
-45.84870460 -806.01837989 187.38378487
-42.29978087 -779.20994261 148.19651501
-56.13467647 -851.89045000 237.24605759
-79.68794615 -921.78298622 267.05480205
-63.81951808 -855.05679527 237.24345479
-68.05465385 -854.01795641 238.01005525
-43.13128923 -753.01402231 74.46940320
-61.30292319 -854.95136787 237.52335076
-48.59065307 -817.96007707 202.34064095
-73.24593706 -868.10660914 247.79495235
-67.29600000 -856.40728690 238.66454901
-69.07089203 -855.62441881 239.55218037
-66.71219776 -858.60861750 239.73726764
-48.77755692 -819.17882507 203.77365695
-73.51493333 -851.17080000 244.01108602
-81.77595481 -924.97961468 266.05296813
-60.93032839 -858.24025426 240.24614049
-47.19593333 -822.55630000 208.16560269
-73.73250995 -853.04612094 244.42620784
-65.83962143 -860.23604286 240.89318364
-67.53079286 -860.61084286 240.79049078
-66.78982493 -861.94644051 241.89381652
-60.68760504 -859.73646705 241.31461974
-46.79264823 -818.88121631 204.07658035
-74.74540625 -855.97830859 246.02352560
-60.74606242 -861.93970841 242.71302684
-69.67017751 -861.85478514 242.59255831
-43.12178293 -785.74337622 159.25848277
-75.21142632 -856.94972105 247.08669830
-75.28188239 -859.31576981 247.68271244
-81.09974191 -787.37857370 290.22249305
-75.24361538 -861.74076923 248.67107064
-82.57024000 -787.75136884 292.95796261
-68.79751071 -875.08863214 250.11771221
-49.50680333 -829.75696667 214.28860602
-84.31168194 -788.15947917 296.10493047
-84.42575817 -789.40662951 296.46295288
-85.75229859 -789.52220176 298.75106266
-86.60905800 -789.54920067 300.21618469
-87.28070702 -927.87036988 265.99572550
-87.66037745 -789.98059915 302.08090489
-32.60615583 -762.80648333 40.14100352
-69.91813399 -873.67394089 248.87500088
-83.53741546 -895.26301134 262.32049461
-78.14633097 -788.96961726 283.87075475
-77.50751273 -787.41036273 282.27706754
-80.41538182 -928.93775455 267.93890117
-76.72326060 -786.56411821 280.81028692
-76.90247979 -788.91990213 280.78627467
-75.33088895 -788.74223316 275.94025620
-74.52990254 -784.93106441 276.21514393
-74.22998095 -785.70221429 274.19518602
-74.46278947 -788.63332632 273.05648778
-39.20623164 -747.72424531 53.11351154
-72.69113565 -784.25633482 271.72016295
-73.15451753 -786.94672765 269.90918959
-71.28510000 -783.47970000 270.89961935
-68.25200000 -782.47600000 261.88861935
-67.57803709 -783.27687495 257.11020188
-43.03786984 -758.65398571 93.00915745
-66.20004493 -781.85970217 257.27086187
-44.89139322 -743.82807119 110.16914224
-65.05645217 -781.16366667 256.42618747
-65.01550354 -786.63650547 244.69758206
-45.53061649 -771.80312543 131.27063379
-63.41192019 -786.36960935 239.18901823
-49.02843529 -812.59626118 195.63027347
-44.22983333 -810.21153333 193.09148602
-44.14318182 -809.79686364 192.42756481
-45.78087944 -809.87065040 192.32566815
-39.81430199 -750.62835828 71.41104717
-51.44509476 -809.88666401 192.08147220
-48.71408226 -808.73261532 190.70739220
-51.76966819 -799.62576921 178.89770460
-43.96271415 -807.06913962 188.95233822
-52.04053888 -808.77304056 190.78596970
-48.85095833 -807.26886645 188.73517406
-51.64733333 -807.22861826 188.76988312
-63.72529158 -865.06243713 244.73756242
-43.83780500 -805.90103625 187.43817935
-43.67090226 -804.36354027 185.47353836
-48.76810787 -804.63045681 185.37431436
-43.44714407 -803.22722034 184.11949393
-48.74109022 -802.20226449 182.33066338
-48.64320000 -803.47602000 183.76121935
-47.79291538 -803.32760000 183.93665012
-51.28504091 -803.34532727 183.93375117
-43.05735234 -799.43370609 179.14014107
-46.00178632 -800.61952735 180.55023559
-45.80324018 -799.49786696 179.12319364
-48.59195706 -800.74230491 180.43108377
-27.04616667 -767.07776667 45.96378602
-31.87209644 -769.24556889 39.34349980
-43.19356266 -797.93893165 177.20835385
-48.78616667 -798.11325015 176.95267960
-43.09496185 -796.60302220 175.72581030
-46.70760902 -736.34064060 131.38978778
-45.49398264 -796.77692242 175.65880903
-48.69870084 -796.98102385 175.43077919
-45.42472123 -794.14385548 172.20707757
-48.82747238 -793.43559162 170.22070653
-57.57842656 -788.16855937 178.35422717
-41.16796164 -767.10877671 140.24943853
-45.91537031 -791.78354594 168.29540498
-45.64592266 -790.83642691 166.93200887
-49.44391046 -789.01109812 162.02860434
-50.80436455 -792.43404705 167.51269117
-73.11898566 -900.73553443 263.45104968
-48.53050338 -787.77392315 161.00296051
-75.59868464 -870.81727516 251.07321935
-52.20363501 -787.51258700 164.61810185
-48.90639280 -786.73728880 158.58720149
-53.29540000 -785.31050000 163.61401935
-47.92837333 -785.32898000 157.07059935
-51.58273519 -783.80041111 158.58232306
-35.42245000 -765.19155833 36.93161519
-39.48871147 -749.85851627 30.46922655
-51.85104854 -780.78309927 154.99142483
-71.06229167 -884.69997500 255.69598602
-53.05311667 -781.88211667 158.33814435
-49.91928082 -778.73075068 148.84842483
-49.19143205 -778.03837906 146.22396423
-43.25777025 -753.38553418 77.38380290
-49.67626087 -775.63589130 145.49670196
-47.25905000 -767.50415000 150.70281935
-46.18794535 -774.96260817 137.43043234
-45.43005616 -772.84974433 134.18226221
-45.11792797 -761.20148644 127.85888546
-79.69759476 -883.32884963 256.74234329
-45.68583143 -767.15354000 121.61484221
-46.87380000 -761.94137143 116.51949078
-41.92505583 -759.30251000 113.65100352
-43.98502222 -758.33195556 115.41668047
-42.57736786 -788.06572946 163.53790105
-64.46600000 -725.48550000 153.92521935
-45.05675000 -759.39295000 99.66961935
-50.61180773 -739.97064541 120.49734882
-50.20209444 -746.65724444 112.28312121
-81.07659697 -903.65814476 261.35560584
-49.51471989 -738.72409489 122.00725799
-48.56337210 -742.50140525 113.12147850
-44.57029040 -756.68766000 92.59674015
-48.66220000 -749.48685000 103.33351935
-43.31166556 -753.42693833 92.44326547
-42.46254380 -756.95548820 89.33429186
-44.38573043 -755.77966957 90.06017733
-40.99214048 -786.37965635 161.26120110
-43.95449490 -754.14024286 88.85048874
-42.50295845 -756.30597831 86.60762232
-72.77323849 -879.47853831 251.81305932
-43.15042388 -754.16740075 80.35874995
-42.93872128 -752.68225106 71.96715765
-42.97652684 -750.10747489 62.55746741
-42.58833529 -749.58220000 56.69266053
-41.18016064 -755.74338723 90.01830872
-41.59786053 -746.63030000 38.42764304
-41.62187333 -749.64667333 30.61938602
-36.18713065 -748.39403161 31.33890903
-40.72384687 -776.64041250 144.52529123
-41.53763333 -756.43924359 32.33362961
-40.06843715 -756.82400104 33.15508637
-36.02103717 -754.19508953 34.25842354
-36.67651366 -757.09017222 35.15124042
-38.70551846 -757.41926308 34.07837320
-34.53620927 -756.48544585 36.36263838
-32.51358000 -754.98292857 36.97827650
-39.67176071 -762.25417857 33.55227114
-78.83953968 -909.91040427 263.36089409
-31.56143712 -756.86447273 38.92853261
-38.79873148 -762.82364259 34.28394250
-85.87635816 -960.42503469 262.19989487
-36.86962356 -763.18162644 35.89792392
-38.55205500 -764.90338000 34.26870935
-35.54015417 -762.97065583 37.06921269
-26.36355000 -770.51105000 46.06636935
-30.82925655 -757.96336190 40.35218126
-32.48166486 -760.86123243 39.98160854
-33.88966195 -765.90571721 38.27843867
-89.91940568 -967.11071528 260.04028267
-74.66068286 -867.99569857 249.33051078
-31.21868440 -762.85528462 41.65029136
-35.90198347 -768.24468347 35.83354497
-35.16250000 -767.40420000 36.79851935
-29.70814062 -761.11355625 43.03686935
-50.26490000 -737.27710000 123.24041935
-29.74974646 -763.03206018 43.35219059
-31.03103563 -766.12082742 41.56404793
-28.94986894 -763.67393913 44.29202246
-41.08935263 -752.83514211 71.32014567
-32.23691667 -767.15506667 39.72343602
-29.68610336 -765.66503655 43.30893952
-86.11116071 -961.77317857 261.70781935
-30.58537996 -768.68143493 41.08742855
-80.18735000 -789.75790000 288.98859435
-33.23326859 -771.54771414 37.80973375
-28.58372306 -765.89471294 44.54518571
-44.76052549 -765.09666765 113.56032426
-31.54214387 -771.85931146 39.19140157
-30.01408953 -771.76877330 40.43319789
-31.34138246 -774.23624737 39.22052988
-28.65524000 -771.98411471 41.87438347
-27.24202908 -771.82502245 44.12215048
-26.17613571 -769.67459286 46.25748364
-25.47594571 -772.03018667 46.20080602
-26.71157338 -774.84715649 43.37720897
-25.78931205 -772.82711566 45.45661695
-70.07735755 -885.91255519 257.39706700
-28.09540155 -777.12004381 42.03548946
-25.36967641 -774.92506545 44.66923131
-24.61724545 -773.78120909 45.98072845
-26.66902078 -777.65774416 43.27438169
-38.16865000 -755.50970000 33.80306935
-35.29180000 -752.44630000 33.72131935
-45.05603529 -812.30692941 195.96766641
-39.03946950 -744.61313688 29.48488815
-41.78849096 -757.63089096 95.14660018
-39.23683263 -744.51246211 20.29321830
-38.96673514 -744.07554505 17.31028872
-41.35820000 -743.49910000 18.14491935
-38.82566316 -743.81988070 15.02262988
-40.90916111 -742.00980278 14.21091935
-38.09885636 -743.80017818 35.07496481
-53.24630000 -719.32440000 154.02611935
-52.43512049 -730.05445000 139.86808575
-48.28610682 -733.43407955 137.36325799
-48.78705581 -732.43103488 139.84852168
-49.55947143 -733.81077143 134.12251007
-39.93856835 -750.67616619 74.52008626
-48.95859634 -737.78470366 124.82508155
-47.81393789 -734.82121474 133.99376462
-46.65849078 -742.75948940 110.34192442
-49.28966053 -736.27947500 128.43656321
-46.98417879 -735.19763030 133.92611784
-46.07570080 -742.49330280 113.29860535
-46.87392373 -739.60189322 122.66123800
-41.27123333 -770.37641667 169.41025269
-46.99217273 -740.19648182 120.23527390
-84.81559276 -925.07758092 265.15100893
-45.64646723 -741.37012599 121.93252331
-44.70326667 -743.50516000 112.58047935
-89.41965789 -961.94963158 262.90958251
-45.60409592 -740.63731429 124.41846425
-44.37048333 -743.51230000 117.14933602
-42.72388479 -759.94497128 101.39694306
-40.75445263 -749.56577895 94.33034567
-40.76041967 -754.00328975 86.81632406
-45.50023871 -785.07758172 157.43975914
-40.79626108 -753.72753011 89.38348285
-44.24697000 -743.35056000 117.17199935
-49.32846369 -828.20134358 213.07578360
-43.27360667 -755.35380000 103.31443269
-48.38919524 -758.11622381 109.71076221
-84.45589300 -906.97768431 263.84306361
-42.00536232 -765.66993261 128.97555535
-47.41810000 -764.38805000 136.44786935
-42.52547813 -768.10792917 134.50935581
-40.45340000 -749.52440000 51.70541935
-41.14090857 -767.94711214 140.62617221
-40.68073522 -772.11249231 137.41709142
-84.30052375 -904.03446167 263.48547394
-42.31172557 -772.73254787 137.02924886
-41.26246000 -767.37500000 148.29739935
-43.14544000 -771.48573333 140.70161269
-43.15499912 -773.75547193 138.18780181
-53.86043604 -801.64954640 182.66980449
-53.83464105 -795.46910053 176.96951409
-40.69264768 -774.19305033 140.66302995
-42.59306896 -774.76337967 140.33914271
-48.39296676 -775.29973811 140.40239500
-72.38514448 -886.81706331 256.26433624
-40.58039711 -775.67518035 143.07364652
-42.34683148 -775.97738457 142.56219281
-40.94337388 -771.86721766 152.77416239
-40.58962976 -771.84612429 155.61013896
-44.15677273 -761.58193636 102.31253754
-41.44019500 -770.24515500 145.78353935
-42.53745123 -778.19246481 146.31657059
-40.32109113 -771.99168424 158.17306601
-40.59061846 -778.96245538 148.53614756
-40.70708273 -781.01280667 152.03574875
-40.07427070 -774.13137188 164.32894357
-39.86103226 -774.06370143 167.25587348
-40.77566923 -782.25380769 154.21738089
-42.87236317 -783.57413241 155.60324753
-39.75688155 -773.96457913 170.29503246
-48.56615461 -823.37353483 208.68307171
-40.91693085 -784.45941542 158.05662682
-75.71353791 -903.93201196 263.20843933
-42.39328329 -784.70380000 157.78191151
-45.32288333 -770.41351667 181.12831935
-42.67726522 -786.83220911 161.33619203
-40.15435671 -773.74713659 179.16790045
-87.65527016 -948.83720669 265.45661411
-78.67272487 -915.84999220 266.12529586
-43.80360926 -761.74435000 104.37802861
-40.86164545 -773.66288961 185.39091026
-87.41335000 -955.00507723 263.83220401
-45.63967047 -789.25927917 164.33630851
-41.17850000 -788.69582593 165.18718602
-42.79503853 -790.29795832 167.28198020
-41.97076867 -791.18197400 169.22838535
-44.19670000 -791.56702857 168.72244793
-52.29668851 -796.62202905 175.71137476
-51.72901281 -798.19660018 176.56375992
-54.10920242 -804.46524894 185.83734806
-73.62629747 -891.93425899 258.38049009
-54.44568051 -807.20793768 189.23923241
-44.10823421 -764.63262895 114.00290357
-46.11924825 -813.68579848 197.40270585
-78.00153173 -882.74029904 255.35160253
-46.79413529 -812.56216765 195.64788994
-48.79174830 -814.05035545 197.46530060
-48.46068132 -815.28979121 199.02505122
-48.95697195 -816.71462180 200.76601994
-44.88518571 -764.59372857 111.47937650
-46.66182308 -817.76336667 202.68754329
-48.87211662 -820.80242433 205.70439206
-48.90336817 -822.06525213 207.10287675
-49.75874430 -831.71503020 215.72393949
-68.46748000 -842.59349333 231.69716602
-58.97344272 -861.73296505 242.46328635
-68.30940000 -860.58920000 240.82401935
-38.30590000 -743.49040000 15.64421935
-71.76248400 -858.61476000 243.30098735
-73.34723439 -858.91389209 245.16855256
-59.23675000 -863.60182500 243.50419435
-71.46864286 -860.85782143 243.64934078
-74.59880299 -858.42918806 246.37624473
-72.70849888 -861.86185363 245.36716349
-71.02484737 -862.97907895 244.06918251
-61.24505660 -866.90926038 246.31529105
-77.82493433 -871.11125746 254.42305219
-66.84708472 -867.72025926 245.65885084
-61.63054302 -868.30376744 247.53383912
-69.82918362 -868.03478362 245.55062065
-71.89866316 -867.50203816 246.46495883
-74.78325979 -864.87799588 249.07043894
-40.89378889 -785.51796667 159.66501935
-88.94794154 -969.12368923 258.52160859
-65.93265263 -869.12242632 247.12489304
-76.04323571 -862.70350714 250.24065150
-61.98392727 -869.95304242 248.96951632
-67.74010400 -869.59444400 246.59551535
-69.93804795 -869.92511781 246.53895086
-76.03688882 -865.10736471 251.04039524
-71.31270000 -870.00580000 246.83361935
-41.25775882 -758.26938235 109.77709583
-62.11830000 -870.99466667 249.91261935
-63.45205402 -871.84555862 250.29210671
-74.51036833 -870.51771000 249.63265269
-72.28987483 -873.61332109 248.93338636
-77.11211000 -868.02624500 253.02076685
-77.49700769 -868.64560385 253.58659628
-75.48526245 -873.88469747 251.52135907
-64.38870000 -875.13089375 253.01006310
-64.90035397 -876.32545079 253.86366062
-65.28870000 -875.68820000 252.76161935
-66.34720518 -877.79465696 254.04011709
-77.01938333 -874.37541667 253.42287102
-78.04914988 -873.95537017 254.88862693
-70.18449475 -879.05088047 252.19478349
-76.69487022 -876.76974338 253.31573296
-78.10665045 -877.11188018 254.97111065
-74.81785917 -879.42313167 252.51800769
-79.27277166 -876.80897068 256.49377896
-70.27782943 -882.73598340 254.93572992
-73.81931304 -881.61065217 252.71521066
-41.15500690 -764.63953448 120.47245039
-77.99447195 -879.85857080 255.01413821
-77.02761250 -908.99734500 264.60482935
-79.59490674 -879.91559119 256.63317065
-73.28738309 -885.73184049 255.20524196
-75.42186264 -885.66792941 254.88466530
-40.85223065 -773.89494032 158.46227903
-68.09985714 -884.49338571 258.68170507
-68.17587273 -885.22460000 259.05258299
-68.72623651 -886.42674286 259.17293205
-70.74355728 -888.62263418 258.35497030
-76.30298594 -889.35545895 256.42761893
-75.47997414 -887.80890345 255.66329694
-77.07446429 -887.09934286 255.94300507
-69.72203632 -889.41125043 259.48598987
-70.05023892 -891.74393118 260.13726989
-79.05433434 -903.99003229 261.14290562
-72.67581694 -892.72630878 259.29828670
-82.16179083 -889.21744934 259.83624381
-70.67597468 -895.07760503 261.21575864
-72.53456748 -894.63527969 260.28715948
-75.32166267 -895.51980415 259.29291613
-76.21237090 -894.44348525 258.40107058
-78.32400709 -894.66851520 258.42901530
-44.61224706 -771.05477647 143.28255465
-70.45367879 -896.22256364 261.92367390
-83.20780909 -892.97939091 261.96910117
-87.14353333 -921.98231786 265.95690229
-83.36362500 -892.99457500 262.09616935
-70.85427167 -897.05863000 262.30680185
-81.65027151 -897.85331452 260.82157507
-71.11028571 -853.49224857 241.16357364
-83.24567692 -894.93745385 261.92500397
-39.37606301 -747.52397671 47.45751388
-76.51810218 -901.04242679 261.20754178
-83.71848905 -897.74115159 262.77594268
-75.27572871 -901.66122249 262.38595046
-82.95244082 -900.76373265 262.06066629
-83.99851236 -901.01218933 263.14297778
-73.91664206 -903.25893730 264.35162650
-79.46507882 -906.18141478 261.58912576
-50.42119091 -789.22223636 162.26316481
-75.18717601 -907.23168590 265.78519756
-74.13819375 -905.93351875 266.12821935
-81.93353566 -910.07462438 262.77157624
-84.46434077 -910.39480124 263.96435595
-50.93562449 -789.67529909 164.58670348
-77.46241200 -910.83383200 265.07296335
-79.43594706 -912.93540178 264.09971392
-81.76371120 -912.75030217 263.26433520
-85.89835217 -909.95193768 265.13431404
-77.98120476 -913.17077832 265.71685698
-46.76503333 -773.47216667 132.38945269
-76.54410863 -913.07063553 268.12266859
-79.94552500 -915.28077553 264.55906138
-84.37085708 -915.67647351 264.23293578
-77.12999010 -915.49187129 268.51769163
-82.09192444 -918.63203148 264.43298213
-85.85396500 -919.07447545 265.06897890
-77.28130000 -917.76060000 268.94561935
-82.87585765 -921.11234941 264.71948994
-85.18016709 -922.25848626 265.00802319
-78.66587930 -922.01919860 268.65176006
-81.82616122 -927.74667815 266.50734750
-84.84061280 -927.77609276 265.35238169
-80.16162692 -927.04256923 267.70222320
-82.12199779 -930.83112776 266.80931493
-80.67979528 -931.11241260 268.29598156
-87.26837464 -930.79683250 266.06417864
-82.38760806 -933.94943222 266.94676185
-84.70327193 -933.90316528 265.79627611
-87.46917869 -933.99721762 266.35380624
-80.21640000 -932.90476364 269.27561935
-88.31972871 -966.37747225 259.81721074
-40.79610625 -753.22636042 77.45318185
-80.95383395 -934.10772372 268.53653145
-82.60153665 -939.85501032 267.12107202
-84.66020319 -939.85245148 265.89226947
-81.51778837 -939.75122713 268.23169610
-83.01768085 -948.84674539 266.46927751
-84.74168762 -948.98687725 265.39659015
-86.02790526 -950.16479474 264.77986672
-86.65842581 -950.14137419 264.78271290
-52.04724047 -731.82846129 136.73059648
-87.09836024 -951.96302771 264.46323351
-88.38380885 -951.43436460 265.36257865
-88.77033333 -954.50547143 265.06232412
-85.52653098 -957.96356766 263.07733729
-88.03510173 -960.48626386 262.33860574
-87.43027215 -961.74697890 261.61511176
-37.88756593 -742.05127333 20.45199343
-89.61898636 -963.56593273 262.23742845
-89.51895362 -964.57526232 261.23023530
-89.12523333 -968.48563333 258.88631935
-90.44696562 -969.14221458 259.21584540
-91.25753949 -972.80913179 256.87617628
-91.49330000 -974.32860000 255.79781935
-92.20830000 -975.02294286 256.29146221
-92.61876538 -975.70233462 256.12521551
-83.96505000 -953.84354167 264.91693602
-70.95620000 -896.44620000 261.83201935
-74.24110000 -893.49735000 258.81606935
-74.35670000 -881.49385000 252.79016935
-68.33870000 -878.23050000 252.86191935
-72.37114516 -852.96833405 242.75164229
-52.87597027 -788.00153919 166.36602881
-45.68338699 -783.70426640 155.05439605
-48.01096250 -779.59431250 144.67515685
-46.53834028 -782.91129444 153.38980685
-45.67825137 -781.87093425 151.89175155
-38.10495231 -743.79407385 20.46395012
-43.39805000 -770.78441293 131.94945815
-44.36545000 -755.41125000 103.03511935
-40.94172003 -756.39020148 95.50976582
-41.04929956 -755.96074298 92.54899392
-39.98453966 -750.73651897 68.35322625
-40.15606064 -750.75507766 65.52908531
-40.13534615 -750.42050385 62.50821359
-40.70091667 -746.36503333 64.30226935
-39.08601404 -747.75306124 56.26867610
-39.35932472 -747.85864213 50.65216879
-38.13421176 -742.31720588 29.39430759
-38.15565000 -742.77469091 32.09066026
-38.20923171 -744.01325366 38.14673887
-47.05305000 -773.37175000 205.04176935
-38.68004800 -744.64828240 38.43035135
-38.24395000 -744.23521667 40.96223602
-32.28520000 -752.30690000 34.86421935
-37.81246136 -741.91139167 17.47521159
-37.57903000 -741.69158750 12.17043435
-38.20814375 -743.56971875 17.46720373
-40.47241818 -749.68676364 53.58882845
-39.32580085 -747.09867712 43.89584224
-40.90177647 -753.01319706 74.40277230
-42.06285000 -755.65072500 81.05501935
-41.96408277 -757.37454769 92.30649014
-41.62429725 -757.99609176 98.29723112
-47.35560000 -750.90920000 93.79041935
-41.09554329 -758.76543354 104.62191692
-44.49324348 -763.07652174 107.34461501
-43.49729159 -762.32452243 107.70890907
-44.85851567 -766.07516159 116.55278094
-43.69757908 -765.08697140 116.78281091
-41.58682600 -774.37192500 157.71163135
-50.38103649 -747.46294595 111.26099908
-45.46070286 -767.67199429 119.94811507
-48.16699091 -777.80082208 143.36864403
-44.08882500 -767.59840833 123.31520269
-49.62494706 -737.07680706 126.00240994
-42.35985933 -768.62002758 137.39357646
-41.25763571 -767.63752143 138.29092650
-42.33496359 -769.33964179 140.24437294
-47.40393333 -775.99608667 137.61721935
-45.66169739 -775.74225826 140.07684522
-44.45985385 -770.08950000 140.02649628
-41.76228516 -769.77242813 143.00663967
-46.72659350 -776.84600100 140.73195135
-43.11752000 -770.89924194 143.50421871
-44.43908182 -772.15052273 147.11100117
-42.52573850 -772.35062581 149.24710363
-41.05909614 -770.87012222 149.63650486
-44.35150000 -772.47880000 148.03591935
-52.37097000 -731.03706923 138.00578320
-92.11284286 -791.28814286 310.19198602
-41.91726856 -772.88639078 151.99502172
-56.23896667 -734.47883333 135.91611935
-48.61567466 -781.00320372 149.43619638
-48.26849916 -783.36755084 152.58590129
-59.44645238 -735.42690952 140.19094078
-41.16032353 -773.59375392 156.33054386
-50.17441111 -728.67752963 145.25680084
-50.17566667 -728.20746667 145.67515269
-49.05019245 -785.80000943 156.22541181
-40.43381541 -774.09161919 161.27016092
-57.76682308 -719.51435385 153.96382705
-57.45496364 -716.92867818 157.59325572
-51.06559689 -794.96064311 171.13416558
-50.04586538 -794.60913077 171.55522320
-56.36870000 -778.14593333 171.48565269
-53.61837500 -803.62417500 183.34814435
-56.31810000 -779.41070000 195.86681935
-58.63362500 -785.49830000 213.35114435
-54.94400000 -776.42790000 232.44261935
-70.08140000 -788.47025000 260.10931935
-71.05238000 -788.47526000 262.86191935
-73.92600000 -788.63980667 271.63567935
-74.24630000 -784.15100000 276.88411935
-77.60995410 -789.11397459 282.55238739
-77.35810000 -785.33580000 283.46535269
-79.58610088 -789.14940354 287.30486183
-81.14501104 -789.23344540 290.46334083
-89.04475000 -791.52720000 304.60681935
-89.96274737 -791.57970000 306.38751935
-90.92121441 -790.98210721 307.92881350
-92.16154419 -791.79616977 310.15764959
-92.74739741 -791.85278707 311.15715987
-80.47916000 -788.17832000 288.75989935
-71.32220000 -851.81080000 240.81711935
-59.34996667 -824.54273333 210.77558602
-62.32555000 -809.49970000 201.80401935
-55.21717892 -792.75572611 176.61849286
-56.00904450 -790.44513875 175.94825510
-56.65420094 -789.47991835 176.77197347
-55.40833084 -789.79596092 173.61718487
-56.83017471 -786.71256825 173.43811308
-56.10834267 -787.84040733 172.79042669
-55.76585786 -787.12996415 170.51106967
-57.28639254 -785.09524328 172.40826264
-56.55717118 -785.97836118 171.21246171
-56.27790000 -785.36733333 169.10661935
-55.88946261 -784.77887391 166.95552022
-44.66110000 -769.62890000 138.63071935
-55.57580000 -728.41550000 141.79501935
-47.18770000 -734.40456667 135.94298602
-46.96665333 -737.11893333 129.26073935
-47.35460000 -743.42020000 108.75061935
-50.21044444 -782.19802222 154.06739713
-53.19620000 -776.63075000 157.03603602
-51.05470097 -780.20507379 152.86314557
-44.98450000 -779.40040000 147.97321935
-48.83266865 -775.14677459 143.01459287
-54.53578000 -786.90710866 167.45211428
-53.96991919 -792.28701010 173.55204865
-53.62327778 -788.83435000 168.47136380
-52.12965000 -776.45490000 225.47316935
-68.36290000 -817.98890000 211.21481935
