-56.95914858 -750.29968265 117.50186009
-70.66858875 -747.21434438 137.06939875
-47.24878889 -752.06953333 95.41816111
-75.99250537 -737.80497903 146.79847783
-32.20904487 -753.95859423 127.00875064
-51.73680796 -745.18366454 108.09252337
-28.56265032 -758.73734507 135.28837369
-45.30917604 -744.63809240 81.08280253
-35.72806429 -757.20836837 58.74422449
-37.96649279 -738.86207950 20.91368108
-98.52333333 -730.06093333 154.38828333
-46.38725466 -743.56583652 104.87013715
-38.09133382 -741.16957390 32.78050404
-48.12817970 -745.31161316 93.12003985
-78.95170208 -738.27221921 146.75129496
-96.48948557 -732.42224642 153.99489835
-51.82686516 -742.30833839 117.12897581
-61.43753213 -741.35956886 134.95820434
-42.60227833 -751.77980833 98.37626833
-98.09617581 -730.33194677 154.56420323
-40.02338670 -744.05181970 59.81345394
-97.64124837 -732.07341630 154.57104728
-50.49205000 -745.47880000 100.23015000
-41.84761273 -745.22627909 47.78456364
-49.02387435 -744.80975570 102.06239406
-56.89641385 -747.68946264 117.48551352
-23.86784407 -762.42830847 143.00450254
-82.03334311 -735.48458367 149.79453522
-32.74270000 -769.99860000 66.93175000
-39.98062773 -747.33785578 92.91139390
-90.91466725 -732.23942484 152.56398088
-30.64563272 -759.53499457 65.96442198
-39.75702125 -741.64884035 38.96428587
-35.23115357 -755.18675179 120.96291786
-47.67500698 -745.25592326 90.29960271
-32.58946154 -766.70740769 64.54433462
-39.40667612 -739.79388358 38.54727687
-72.96074299 -741.46822014 141.27199431
-69.21433198 -747.22926751 135.95964949
-41.62989721 -741.72970592 54.20167195
-35.56940769 -750.66983846 121.63666538
-57.60141075 -741.80621894 126.27011782
-81.76938186 -743.89510831 146.78414597
-63.13599153 -742.63786271 132.76637034
-59.45590000 -742.99480000 127.50165000
-26.63258621 -760.73208276 139.60603621
-41.70285344 -753.21176489 104.68449198
-99.21915992 -730.56223359 154.82397290
-98.85302697 -731.28451685 154.76423652
-58.84453160 -741.20289870 131.51854642
-49.39358780 -743.29894218 113.44439403
-77.72770000 -737.00310000 148.48275000
-42.76899359 -744.21010243 83.97228761
-37.98851504 -740.86104812 26.95197632
-39.05435629 -736.14602413 17.72904406
-81.89692087 -741.42897279 146.74155410
-23.13680588 -761.42309706 142.14915588
-96.69700405 -730.45815586 154.04982950
-32.49650000 -769.59826667 67.52765000
-31.35381838 -753.93318096 128.83683337
-95.59211379 -734.16867241 154.19418793
-94.09578872 -730.69001391 153.71316635
-40.29150732 -742.40272780 62.80997951
-46.07168465 -744.48186286 92.96791743
-94.33650648 -732.42942975 153.27836828
-91.42269086 -735.76749086 152.05211103
-93.97646152 -734.94148239 153.40865346
-87.75568095 -733.71893333 151.31390952
-39.72333860 -736.92568246 12.97077982
-76.15480745 -741.27072864 143.27348597
-58.91726092 -743.55299301 125.47055306
-44.78883452 -744.41402405 77.83248548
-34.60103756 -759.40284086 60.57120667
-41.56033333 -755.32860000 53.12038333
-50.72301000 -750.29929391 102.57603261
-44.87977200 -749.65394333 87.53104600
-32.23845208 -755.69477187 126.99929375
-73.75535249 -740.31112265 142.74074613
-56.13439384 -750.29935685 116.19301712
-37.82927500 -736.79497096 14.77911324
-39.51396338 -740.96894718 27.14787793
-49.43590177 -750.50053783 99.31801681
-64.89630442 -747.47403980 131.33587143
-51.16640652 -745.50677253 104.97694387
-62.23546977 -740.76776279 136.60321279
-41.50684000 -743.05774000 54.95205000
-78.69940745 -741.60687699 144.70241013
-39.98190912 -741.68221300 41.86420214
-66.32672418 -742.54246783 135.59867500
-30.79237119 -758.19032333 132.64250214
-40.06850518 -756.22525285 54.62654585
-91.74216783 -730.81783986 153.32237517
-61.81996884 -750.89576233 128.31525977
-58.34396496 -752.34139060 119.89387479
-29.75093426 -762.51915509 67.85148796
-69.62052756 -739.29119570 141.53920141
-40.11755596 -747.30865546 95.94660166
-90.65419685 -737.71400360 152.05920833
-89.99909620 -735.37141141 151.27633043
-63.07114855 -744.88636260 129.46543946
-41.66475581 -743.25323721 57.25388953
-89.67904429 -737.74347000 151.33311857
-89.63600000 -733.96970000 151.43845000
-88.23485149 -732.47337023 152.02656524
-40.98066230 -746.75127459 68.99324016
-53.30571983 -747.29961488 109.81523347
-87.84304225 -735.48297509 150.54022380
-43.08597608 -747.58103184 77.80821747
-87.93810943 -738.70919865 150.62915620
-43.15932287 -748.13477981 80.81560032
-83.09501765 -737.13632941 148.48462647
-72.56345583 -747.47213300 138.42671283
-88.90102289 -739.18462771 151.63764759
-30.25927360 -757.01497723 65.30050413
-32.41780000 -752.07320000 58.42195000
-45.80425072 -744.81312383 84.09094130
-60.23790213 -752.10350000 125.48705426
-40.19296373 -744.22364528 74.92509764
-65.88129647 -744.74961353 133.01430147
-87.06264854 -740.42926025 150.61630732
-28.68809656 -765.49542191 69.43566898
-80.06991656 -741.05146135 145.70739233
-85.31289191 -741.28832913 149.25322508
-40.07137560 -743.78192308 56.94252984
-38.17125491 -741.32875091 38.75541873
-84.94566703 -735.53678236 149.88139366
-35.45020000 -754.04070000 118.41995000
-47.29913200 -748.68901600 91.99452600
-83.98201667 -743.15421667 148.48185000
-85.32880373 -738.31741971 149.02315519
-39.97997222 -739.90756667 41.86270000
-68.60640000 -742.93040000 136.30547500
-57.37792335 -744.99337357 120.23331068
-43.44102200 -743.94476962 74.87457742
-33.14600646 -768.91736000 65.64263457
-85.48573987 -732.99005127 151.65868734
-84.56102158 -733.69525180 151.23922914
-83.91428816 -741.27893750 148.06742434
-83.92669574 -738.88937447 148.22866702
-83.70328750 -743.17708125 148.33056875
-39.23249035 -740.70770670 21.14014196
-39.95039349 -749.99862117 51.82929691
-46.74233402 -743.54075077 107.78952500
-64.65033276 -739.45616264 138.19293046
-39.98305618 -748.00197669 50.44729438
-36.76907936 -750.68661780 53.73932519
-40.49455386 -742.63974239 65.93363970
-42.90212144 -744.86420255 95.85851200
-42.95271568 -744.53417270 68.92812000
-50.30425458 -747.45315128 100.97962802
-39.60405000 -755.05255000 112.21590000
-81.84683022 -738.56696095 147.42373912
-83.00302143 -733.92123571 151.21333571
-41.55156667 -746.04550000 67.18938333
-81.15363971 -736.72202353 148.27117500
-40.37937624 -744.49214162 77.90585239
-79.11935509 -736.26954708 149.39783080
-53.43165000 -751.89325000 112.54040000
-80.15019494 -744.79232405 145.67513101
-43.02220563 -743.83454120 77.80299806
-53.78576818 -742.77649848 118.15275000
-38.37494444 -750.34923333 102.88842778
-49.80905491 -747.35227401 99.30938666
-43.33553333 -748.87546667 88.77871667
-50.01236908 -752.50740461 101.36775855
-55.79325890 -752.56261096 116.29161438
-53.87913782 -749.94584715 111.71959715
-79.35178489 -736.85294820 148.17491547
-65.37095000 -750.40035000 133.67900000
-42.73245316 -748.65392532 86.65264114
-78.74733206 -744.36342757 144.29414485
-36.11499776 -759.65283613 59.03904524
-78.11875564 -739.63407669 145.17935677
-77.96948586 -746.27655455 143.93439848
-36.18577411 -753.48773269 116.87473390
-75.72996436 -739.22067786 144.70720039
-76.95883046 -744.32137730 142.81359483
-41.85620897 -743.95225192 45.00255321
-46.26021633 -744.90191850 86.92501783
-41.85712683 -752.71807927 52.14746463
-76.98914118 -736.84161059 148.83832529
-38.09976918 -752.54326792 108.24716887
-55.52725207 -741.19397117 122.74774564
-39.71014878 -753.52911591 53.92373584
-77.03725859 -746.58779394 142.91744394
-68.73052424 -749.49081818 136.17863788
-56.77467094 -745.50908462 117.88797051
-76.43997857 -736.94575714 148.32463571
-76.49758462 -737.07689231 148.65565769
-75.55312666 -744.46670920 141.63803906
-65.67493455 -749.62704909 133.13059545
-38.76904286 -761.53825429 57.06030143
-75.51828210 -746.88537661 141.29908270
-21.75341011 -763.75904045 145.79398483
-68.98387041 -745.00741273 136.10097060
-74.97356017 -742.13159972 142.05215706
-73.60735263 -744.20425158 140.19306895
-38.22504201 -748.72139645 114.08097781
-29.75635155 -765.49667887 67.96305619
-42.46273368 -742.89516421 71.21549421
-34.97579846 -745.82795692 49.65543308
-64.01406158 -741.83681602 135.08836394
-48.87179964 -745.09882509 98.99667185
-54.51041763 -741.98051616 120.12282985
-72.85472788 -738.77037839 144.12582447
-74.06922681 -747.09732536 139.85719058
-73.56891276 -737.63200205 146.22236822
-52.79994837 -743.24526685 116.11823315
-71.59931304 -742.64028696 139.35067174
-36.75509132 -747.47438126 50.75183684
-37.19021383 -750.56018053 114.19706745
-64.27785941 -744.06430153 131.83731897
-72.19374611 -744.79275130 138.82225130
-71.98128800 -739.84443400 142.25533600
-71.87855000 -749.02130000 137.62310000
-70.58248318 -738.29315510 143.36561082
-62.38039091 -746.81155455 127.60232727
-44.58248571 -746.31769048 79.03637381
-70.34514760 -740.69551853 140.45409058
-59.88376736 -750.32255039 123.38482128
-69.71224769 -742.16387420 138.48956388
-41.69627143 -742.69055000 43.62133571
-46.19058595 -743.75292777 102.05103215
-70.05122892 -749.30887590 137.01963795
-70.28399373 -744.28483960 137.50758482
-65.15466579 -743.19047632 133.75290658
-38.88544453 -756.94925766 55.88662555
-67.06456766 -743.97268102 134.76942087
-67.57163827 -738.78603884 140.54905713
-67.09745948 -741.32933160 137.63154777
-39.23920359 -739.60842629 36.05674482
-56.50355000 -739.98385000 126.62660000
-68.36987500 -743.06015000 136.59317500
-68.16974375 -740.19055000 139.57292500
-67.37353592 -747.60631620 134.38818521
-66.83215816 -749.77442730 134.59300935
-66.09515672 -739.25438806 139.09933458
-66.08327656 -747.31231563 132.86290437
-44.84365721 -746.80465721 81.25811418
-53.95700045 -747.29202275 111.32600383
-50.18012896 -750.58024545 101.19448771
-64.47960312 -750.29908409 131.71400227
-39.11776675 -759.45963100 56.37553375
-63.87373455 -740.61380432 137.02595091
-37.31381148 -742.05315096 45.13834952
-52.56657549 -752.58408235 110.48194902
-63.32154925 -747.43672932 129.02675996
-50.86816957 -742.93183478 115.30511522
-63.07167103 -750.18488816 129.55864439
-41.93883846 -746.38590769 69.45327231
-54.39002915 -745.16683958 114.10931401
-38.00685193 -739.02837685 23.75364169
-61.46160277 -743.90725391 128.59406191
-49.57541905 -742.78360204 114.91485408
-60.92310363 -742.03156308 131.98457876
-41.82880000 -742.91530000 73.67605000
-42.07250402 -752.74884221 101.87691683
-32.09031154 -749.30607051 55.00193462
-32.55435000 -757.59341000 130.70624000
-38.67777125 -750.65569073 104.58149089
-31.54952410 -753.14308986 60.30005544
-62.21707368 -743.16639211 130.78584211
-61.22997444 -747.41053210 125.56164079
-31.73261519 -750.54562838 57.05063431
-60.75016596 -750.58697128 125.79472416
-60.47392755 -744.61521284 126.06715127
-42.94939956 -744.06241996 81.10805510
-59.28927114 -750.49098054 122.03611107
-26.67986122 -757.54704490 136.85898265
-60.18523324 -742.55030249 129.38666413
-60.03751394 -747.54973670 123.39399440
-59.77325220 -745.27650110 123.91482198
-59.77175000 -752.16174865 123.74057703
-53.24835833 -752.53682083 112.61777083
-59.48700000 -742.95930000 127.16505000
-39.52268407 -738.21011651 15.02203541
-59.15734899 -747.31452406 121.93123464
-58.38173181 -750.29173379 120.00436172
-45.81265550 -750.15969091 89.98497871
-48.64295546 -747.39603697 95.44243842
-37.91558824 -762.12640242 57.93916176
-38.04380365 -740.25106667 15.17253356
-58.22977186 -744.31918734 122.89936645
-49.18303561 -744.41151386 104.91824744
-59.24234500 -752.18564000 122.21019000
-41.84041885 -741.94784016 56.84624891
-58.15928223 -741.40112547 128.76096866
-33.75130474 -756.35922688 125.84123343
-39.90474567 -747.50238309 104.95902357
-40.81767492 -745.46216977 86.72203746
-59.41306667 -741.16793333 133.50458333
-50.67341529 -752.54753176 102.84291235
-26.18182174 -757.76182029 137.57318768
-42.76386311 -745.07235854 99.08844756
-58.17487790 -747.40242260 120.03578935
-56.93816537 -742.43425313 123.53600851
-57.04049633 -752.45998532 117.74576651
-34.77533271 -751.38643995 122.76258083
-42.59641018 -747.34787172 75.06345407
-56.15368958 -740.43429266 125.37251486
-56.15105024 -747.21125311 116.17267584
-52.76011633 -741.28590000 119.13089462
-55.79218419 -743.71859485 119.60260292
-46.72110000 -751.99550000 94.00675000
-55.01677283 -744.47137156 116.93222205
-25.83718160 -759.15030426 138.56570571
-56.40932500 -743.13475000 121.53415000
-42.07490000 -745.90345000 49.55425000
-55.89290400 -739.91120400 125.33857000
-39.37379875 -743.08905125 42.55130375
-40.50811562 -744.85705995 81.07489559
-55.11799834 -747.36231328 113.92734149
-54.73548000 -750.43102971 113.85730714
-55.02109600 -739.90264600 123.32141800
-54.27271250 -752.59285139 114.40223333
-53.86232775 -745.63392967 111.52097201
-53.96740000 -739.96010000 121.35015000
-53.57660000 -745.73130000 109.39555000
-22.50656513 -762.76628354 143.96433407
-52.02499461 -744.62097326 110.98219202
-52.15399976 -743.80621300 113.91953511
-41.87987917 -743.63277824 60.21877500
-34.23701099 -767.67432892 63.49425561
-39.62369756 -746.53876683 48.89502610
-53.08376292 -750.66028539 110.19995506
-43.29410693 -749.36883203 83.99207468
-42.60492222 -749.12196543 81.59010309
-39.84864225 -753.00555894 105.21598135
-52.65839271 -747.32002409 108.00056296
-52.40850597 -750.44026358 107.90298672
-51.91469512 -752.62439268 107.71728963
-51.56823789 -747.49308965 104.87470093
-51.43862500 -750.51446275 104.79620675
-51.27335602 -752.56312356 104.87360759
-48.18080394 -750.22650287 95.90935179
-50.78563299 -745.65751269 102.35955711
-50.77875482 -747.42670787 102.39741168
-48.98206206 -743.90935089 107.90614099
-48.97729483 -743.65006098 110.98748077
-20.29107297 -764.98719189 148.05612838
-35.95419836 -745.81841639 49.61074016
-38.06155161 -740.19681419 12.11738355
-37.99305246 -751.04964660 107.93451230
-50.07715000 -742.33695481 116.03737115
-37.61597473 -759.37620440 57.65154469
-48.99057532 -752.34864675 99.23162922
-39.59588594 -739.03709977 27.17595884
-48.45342632 -745.22638812 95.94675526
-47.98637309 -747.41160739 93.19263681
-47.82530400 -752.13582400 96.70991000
-21.11132500 -764.41212115 146.78647212
-47.54785517 -746.63798966 91.05061207
-47.69077429 -749.60440571 93.97399381
-39.97704844 -747.61027790 86.86993456
-37.86454983 -738.64093094 18.03134755
-46.21370484 -744.33283155 95.79954299
-46.16447193 -744.68248522 89.90600332
-47.21672245 -751.55830816 94.86818878
-32.25073608 -764.92750309 64.19563969
-46.26665284 -744.08870293 99.04971248
-46.85801626 -750.73026612 92.95832913
-46.94203805 -747.47755575 89.70200929
-47.21070580 -743.54041739 110.21838333
-42.80900086 -744.65823646 90.13691758
-39.61875090 -741.12724548 29.82815310
-42.42128624 -751.23404128 95.92616284
-46.00836231 -747.53008939 86.79692330
-45.32816630 -747.26447960 84.17294217
-44.57013770 -743.87720820 75.85353361
-43.71287053 -747.97098070 83.50129246
-40.54322533 -746.50519933 74.93596667
-42.54585652 -742.70039686 68.57919976
-34.90497364 -762.31098309 60.94403940
-41.48900000 -740.99020000 49.40585000
-42.42181379 -745.23699569 101.31838707
-42.83483668 -744.78664121 92.83892621
-42.73176957 -744.45674118 86.84296176
-43.27082593 -749.71256772 86.95915794
-43.31152585 -744.00911717 72.12184925
-42.45099388 -750.46414490 93.03317959
-42.30502967 -749.73513626 90.06809505
-42.57678032 -742.51364254 66.11733211
-42.29148404 -746.80224169 72.03103697
-42.38015924 -744.43669344 65.85167525
-42.34858089 -742.27349459 62.86655064
-27.31086994 -768.55491756 70.62623512
-42.10419363 -744.10457753 63.11755300
-42.14868621 -752.23396552 99.50240747
-42.12616064 -742.08345330 59.99579768
-42.60053333 -751.88323333 100.88951667
-39.45495215 -754.42205731 110.73279011
-41.99554535 -750.45041301 51.37497342
-41.92977960 -747.56446839 50.37107098
-42.15130000 -749.07005000 78.99215000
-41.65986400 -754.23463600 52.68960600
-41.61420000 -746.11034000 49.33111000
-41.57013333 -746.03401429 96.60268810
-37.61545901 -752.82943133 54.89688159
-41.57479565 -741.35626087 51.52359783
-41.55670625 -746.06195313 98.76599063
-41.48928000 -746.04412000 101.85611000
-32.92333757 -757.09701492 61.97552293
-41.46420000 -753.88530000 107.29915000
-40.10336672 -742.20725075 59.89330873
-40.00077364 -741.97007417 56.89373477
-40.99112381 -745.70810606 89.98686602
-40.64855481 -745.17602385 83.94051025
-30.70333196 -770.51664948 69.00847619
-40.85741515 -752.23167727 99.58407576
-30.57849859 -757.32122338 131.69852274
-41.42827143 -745.96701429 101.82322143
-39.97967488 -741.32656073 48.19456749
-40.12289653 -744.86286107 47.87952413
-40.17172069 -749.88789342 93.02314342
-39.62428951 -743.94688392 45.09183228
-39.89990567 -741.60105441 50.74776540
-41.12473306 -747.19549435 71.89043226
-39.91992381 -741.19365330 44.96692729
-41.18544583 -745.86135208 92.67720521
-39.48918581 -750.53911631 98.89972586
-40.11687995 -747.35605402 98.90673748
-40.80398797 -742.80418947 68.28808120
-39.86190656 -744.26394096 66.01689766
-40.16774292 -746.70024336 78.03283584
-39.92402962 -741.78756049 53.99276697
-40.15776748 -747.33834780 101.86484073
-40.45067551 -749.53319490 90.22529541
-40.10991536 -744.26446405 71.90590310
-40.29978066 -752.61779542 102.11852684
-39.85356587 -743.51993043 53.91753783
-40.81885341 -746.17305795 66.64927045
-41.40360000 -745.96452500 94.86640000
-40.94235941 -749.17562871 87.59613614
-40.14407996 -747.11580267 80.85141904
-40.01729796 -747.35950102 84.06731752
-40.09576773 -744.42916909 63.04067545
-39.89423824 -750.29534580 96.06980231
-41.21710714 -742.94917857 71.03477857
-38.05979787 -755.12814894 114.85228404
-39.72242061 -753.64279042 107.88855145
-39.43005906 -738.64389084 21.08224409
-41.15465000 -752.09875000 52.42545000
-39.79900495 -744.00687125 68.70099026
-39.68567937 -743.35415397 50.90307698
-39.66547611 -741.72229926 35.99951404
-33.84720833 -751.79006429 124.97324881
-40.22997447 -758.51071489 55.14961383
-39.90059167 -747.28900817 90.03794550
-39.38751166 -747.69355803 107.83411684
-39.66050175 -741.40897150 32.80412575
-39.12491055 -751.19945829 52.98588116
-39.53029307 -739.17801547 29.78493160
-39.48715845 -739.35722420 32.79793813
-39.46652158 -738.79507967 23.82675477
-39.50124246 -736.70590726 14.79287123
-39.37171953 -738.36814240 17.92497571
-39.30557304 -740.87494739 23.87329609
-39.15800617 -740.50259968 18.00136169
-39.13328355 -740.35767958 15.14086273
-38.98464595 -750.62645748 101.94102243
-35.57193333 -766.43920303 61.56655909
-39.08468788 -754.86984394 112.90008788
-24.75087732 -760.23016413 140.27869591
-38.85495185 -747.90667176 110.94237593
-39.47810000 -743.06680000 39.94295000
-38.86098288 -755.19214775 114.19702748
-38.62086216 -748.26106757 113.39558243
-38.59433922 -749.28843137 107.27066961
-23.26966538 -760.78360385 141.77555000
-36.98750030 -744.54439960 47.89597752
-38.54837143 -755.46338571 115.68753571
-35.87022308 -748.75561846 52.68905615
-38.48700000 -749.04295000 109.72540000
-37.08719526 -756.35040334 57.12280048
-38.09258046 -739.45539368 29.76674253
-37.63422864 -749.45951174 51.97188333
-38.19841851 -741.16424467 36.25491640
-37.91995604 -746.59438551 48.85671232
-32.22701905 -748.69688889 53.95603254
-38.20253538 -741.62588410 41.92153872
-37.05996758 -753.57232259 114.07103770
-38.34983200 -748.74233200 111.37419000
-38.00505831 -740.40833627 18.15280356
-37.98137328 -740.54830718 20.98320718
-37.48088769 -755.40888769 117.19233468
-38.09913636 -743.72666591 45.84262045
-38.23932097 -739.65069839 32.54713548
-38.30981059 -751.05996471 105.43691824
-38.13150186 -736.40253292 17.51823447
-38.01278969 -740.97455802 29.87151145
-38.05369186 -739.23318372 27.20471977
-37.94263981 -740.62850000 23.70903393
-37.65371038 -753.16740701 111.10816080
-37.67766940 -738.54360231 14.84897349
-33.03908705 -753.30436248 125.59556801
-38.45270000 -748.94480000 109.28505000
-29.04251837 -760.08520735 68.19162061
-38.40627500 -752.09530000 106.17630000
-37.58725930 -750.73035303 111.04872006
-31.23187202 -751.66689405 58.92647083
-38.37579630 -739.87224815 35.91050926
-36.57937888 -753.87671307 56.29499741
-37.63581538 -736.82768889 12.11265000
-37.96137368 -748.88489474 115.74866579
-36.59174619 -750.70574309 116.89580301
-36.53703365 -755.73012013 119.93763852
-36.45423328 -762.61011349 59.58013358
-36.12034690 -764.96729469 60.39725332
-36.39394000 -742.77938167 46.87863000
-35.99233313 -750.77110076 119.44435454
-35.89026295 -756.30772430 122.48293964
-35.63708580 -753.88350536 118.83328502
-35.63389474 -751.82363158 55.57755526
-35.49340000 -756.67875000 124.62055000
-34.64610911 -755.75772822 123.17505244
-35.24662128 -751.62395177 120.61495142
-35.29979630 -764.44301667 61.28054815
-35.08493946 -753.43768193 120.12202244
-35.26875410 -755.40926721 58.26943525
-34.22999787 -749.82100452 54.61683152
-33.63880811 -751.06208892 56.32185983
-34.04258813 -765.52390579 62.78691168
-34.41367410 -747.04887687 51.15192964
-34.44004109 -753.11413047 57.58872016
-35.09356935 -745.02360806 49.04857016
-34.14742407 -756.32983654 60.07625133
-33.75065894 -748.46010722 53.24977662
-33.59465214 -762.66115249 62.39610819
-33.32133916 -754.05308352 59.44771920
-34.12562227 -753.49080207 122.84368679
-33.26412522 -759.56128014 62.31594606
-33.08722603 -757.20463596 128.67955068
-32.54430000 -752.90770000 127.48725000
-32.07007512 -759.35118203 63.96541359
-31.45236416 -768.45819777 66.46465432
-32.17792472 -762.42061067 64.01275393
-31.47161148 -756.23536678 63.24222580
-31.40734012 -756.39256153 129.20815883
-31.05851836 -765.59279180 65.88898476
-30.13635319 -768.78380931 68.19610368
-31.91969091 -770.05367273 67.32936818
-30.75253025 -754.22038711 62.29627381
-30.93323547 -762.40561865 66.00054305
-30.03112909 -758.68199745 134.32132580
-29.98486400 -754.61097400 131.31240200
-29.61044800 -760.39898600 67.63493200
-28.53674200 -768.40453092 69.66460376
-29.32416364 -758.57270682 67.22655227
-29.11890523 -756.56149723 132.91873892
-28.95355167 -770.61741944 70.20790278
-28.77892183 -762.62269479 69.21310113
-29.28888571 -754.86972857 132.26357857
-29.33382857 -758.09134286 133.29932143
-29.34616154 -757.67683077 66.66000385
-28.05238649 -756.85767159 134.74942618
-27.43040338 -759.60049504 137.50386003
-28.02078755 -770.48921411 70.74283672
-27.80756250 -763.79228125 70.54821250
-27.42238830 -765.66503304 70.73131667
-26.57962500 -761.03952500 140.01060000
-24.86292361 -761.50008889 141.23935575
