-33.13806645 -742.48475170 35.07836481
-40.69274818 -746.10086058 36.93695731
-37.04010531 -755.59740242 48.41552161
-36.14044199 -756.68048535 50.25220542
-30.77075399 -747.04641209 47.48492633
-36.22092912 -738.98382561 44.15624416
-35.87157633 -747.61136124 41.29262642
-33.92679848 -743.52018267 36.35952848
-37.90276507 -739.15434479 35.40814852
-40.64985000 -737.41747500 66.74343030
-38.93574091 -734.30084091 69.43160530
-34.98568333 -740.43394000 51.88284697
-40.36280000 -737.39560000 63.91203030
-37.58646250 -737.32098750 54.54231780
-33.14750640 -753.73446101 50.36479954
-36.34738563 -739.07878845 32.18104749
-39.25067360 -750.29883352 41.66115680
-30.00402693 -759.76750559 59.21425238
-31.90911538 -745.85746839 43.51481660
-38.26148566 -738.94900662 44.12156074
-40.56230833 -734.24896667 72.09718447
-29.65721227 -753.92928291 56.04032971
-35.81037055 -744.01117055 35.48376567
-34.95870602 -737.56517108 58.15528934
-36.43881040 -739.09325997 35.21407974
-38.33200931 -738.45850332 14.28918998
-38.86352392 -753.11898342 44.78800266
-40.53815589 -736.90983662 65.59977043
-40.42085000 -740.20470000 57.24813030
-37.01734751 -736.77174005 16.69982707
-39.64862801 -734.25363886 70.90206675
-32.24104700 -748.31114820 46.89983642
-40.96009167 -749.39976667 39.61083030
-39.13064302 -738.94851205 53.15387248
-37.90409935 -739.32246686 25.92278027
-29.16117218 -757.00599823 58.61382516
-38.12408405 -739.23681000 32.10154435
-38.66010024 -745.77340782 37.40673173
-36.95625728 -739.02389319 14.27711270
-36.24641844 -741.16379508 29.47361112
-36.49909752 -739.20297362 25.98771501
-36.43131000 -743.41340600 33.38409830
-35.80991744 -742.12971018 32.33839314
-31.27808400 -746.42996400 45.51241630
-37.05531635 -752.52297981 45.46867646
-37.22529167 -735.27704167 66.86461364
-38.09276949 -736.79219479 17.16593909
-34.34930000 -739.33420000 30.52023030
-36.67530386 -739.13572003 23.28372786
-40.44949333 -752.65251333 43.55336364
-39.26938699 -747.32018081 38.76027877
-28.29039167 -758.55327083 59.53873864
-40.67763275 -738.42539863 62.13460602
-38.16833211 -737.17393002 14.16646940
-36.33051865 -739.11898658 38.07864407
-40.52093227 -734.91882200 70.84084057
-36.76343750 -736.97331806 14.17286398
-30.80912335 -753.62356300 53.60333176
-34.08377553 -739.96729149 31.67092711
-39.10433107 -736.44123072 62.39035041
-40.73054059 -744.73415111 35.79668127
-37.98369495 -738.46442920 17.17137753
-37.08854211 -740.41414211 21.07224609
-35.48406779 -745.34320003 38.16398689
-39.06176351 -735.81066746 65.13058567
-36.64565725 -746.57748725 39.36574005
-35.28938151 -742.50496168 34.55971610
-31.05758640 -758.83571252 57.23796956
-36.87333762 -738.72546082 17.30774657
-37.83135130 -738.85128741 20.18846537
-38.21248300 -737.11915877 56.55975598
-37.33160000 -737.33225000 18.80738030
-36.74491531 -739.04203678 20.34236764
-34.83872411 -759.78837199 55.73613237
-37.53860098 -740.49423627 26.39132834
-37.81275416 -739.13244272 23.16347346
-32.71409215 -759.45811730 56.16827457
-36.29293238 -736.70635964 59.55501906
-30.83922527 -745.36809650 44.29024806
-37.47002500 -740.40714000 23.57234530
-38.74739258 -738.91689841 50.34724322
-40.79668099 -747.87696963 38.37310040
-35.17513502 -740.80224684 50.05744148
-39.87574980 -734.61346680 70.56428855
-35.91043548 -741.35725737 47.11796298
-33.89366154 -755.87403522 51.12978097
-35.74808910 -739.30072918 29.12299650
-38.59999915 -739.60790792 29.20040500
-38.25406667 -740.83426162 29.68850866
-38.88160433 -741.63834470 32.20193102
-32.69741870 -745.23913030 40.97252261
-37.56791931 -757.10970545 49.27738542
-38.14409983 -739.15079654 41.18868443
-35.59721149 -758.81753156 53.17592336
-39.25750231 -742.58944525 34.29912626
-38.23882031 -740.85390492 41.26931338
-38.97627063 -744.33122416 35.64161882
-33.72293786 -741.34028560 33.16830813
-40.55738536 -736.24558111 67.91882048
-33.12436106 -744.22387692 38.45446601
-38.00132410 -739.16435402 38.10689056
-37.89180359 -741.05377915 38.15343277
-40.55887143 -749.25869107 39.77691959
-40.65224442 -750.42842448 40.94032350
-38.43467685 -748.61527442 40.57723270
-36.34102069 -741.06547048 38.31475027
-40.41818788 -737.24923030 63.19402121
-36.33332770 -741.44520469 41.21115648
-38.60432027 -751.60493673 43.47250780
-40.51440769 -752.10078974 42.92591492
-32.03707546 -743.13928093 37.21642091
-34.67085118 -746.06984529 40.10883717
-38.56334148 -740.88607668 44.38087380
-34.30520000 -739.08320000 54.42743030
-31.85324318 -754.22447129 52.29018454
-37.15593950 -749.57773697 42.47480845
-36.08881389 -750.57992695 44.44794712
-35.87289611 -741.28425344 44.00361164
-31.21625375 -743.18831313 37.84246593
-31.11171234 -743.59323506 39.06481894
-35.05555561 -748.65374084 43.39983786
-33.94373297 -746.71016148 42.05335908
-28.27243309 -757.44585324 59.45587635
-40.02061397 -740.49915735 58.39835677
-38.11471938 -754.40435608 46.46918464
-38.42662892 -738.87405985 47.14015646
-38.73256244 -741.13220718 47.59141171
-33.19527645 -747.53688595 44.33924658
-37.95883846 -756.02266783 47.88009654
-36.42339512 -736.15620783 62.06080017
-30.96885838 -744.21762284 41.17271185
-36.81088026 -740.62119133 26.38451591
-35.89052900 -753.58504450 47.44606750
-32.27200060 -760.59884426 58.74193202
-35.03885637 -751.61285395 46.46989607
-34.19914794 -749.61521546 45.39133700
-38.84964632 -741.36669437 50.22458869
-33.38855700 -750.55359272 47.55858623
-35.03991085 -754.71051384 49.15907500
-39.28306469 -741.33743644 53.05513270
-34.14699595 -752.70780886 48.41204245
-30.39801387 -746.04949723 46.26321731
-36.76429808 -758.44129038 51.50705723
-32.17792163 -751.11374486 49.82347975
-35.11911038 -757.78835080 52.21487692
-39.52735000 -738.70921751 56.13569408
-39.74091917 -740.91078071 55.96153729
-31.54802640 -749.04585839 48.99376664
-30.43063344 -748.30619052 49.98794915
-32.80911348 -756.85500025 53.16710859
-30.96287283 -750.17547531 51.00384599
-39.97958116 -738.41646209 59.03917360
-33.63558086 -758.67177911 54.22370712
-30.13842911 -750.90317388 53.03125478
-31.42474286 -752.21139048 51.76366364
-38.54140676 -736.76464228 59.43700109
-40.51970814 -739.37479437 59.89411121
-29.72403750 -749.06486767 52.06655197
-31.18276581 -755.80566026 54.22032517
-40.20269977 -737.67621862 61.50374571
-31.74414483 -757.77583941 55.20438104
-30.48541183 -756.68787112 56.27520480
-29.31530823 -751.76789220 55.24382803
-40.77302234 -737.72531848 64.83480637
-28.86123829 -754.71103858 58.22172272
-31.71156000 -761.35754000 59.86257030
-39.33712943 -735.08195649 68.08967389
-30.44816000 -761.36348000 60.19056030
-36.96407071 -740.48127000 23.35274316
-40.52234574 -742.78962128 34.38867711
-36.26446584 -739.07545273 41.07563848
-36.09969729 -738.94328045 47.08744361
-35.79516806 -738.92583816 50.33709534
-35.60597291 -738.62416712 53.03573095
-37.11371667 -737.33510000 54.44431364
-35.27471598 -738.03245520 55.96203879
-36.75067217 -737.12272562 56.33879114
-36.86160750 -735.68264317 64.69360829
-40.41930000 -742.05450000 33.54293030
-40.41205000 -740.43800000 59.04318030
-40.67510000 -734.35580000 72.70563030
-40.47705000 -734.25507500 72.69330530
-29.50651000 -760.50208000 60.79110030
