-69.51725106 -796.56772463 125.67770408
-48.54709268 -766.31242159 107.57315329
-59.03520000 -764.78590000 112.08578333
-45.86875591 -746.91335376 82.34727634
-48.00656058 -731.59484113 53.86766846
-41.87089046 -736.13153993 50.68783180
-44.37761533 -741.47689416 131.15660219
-49.55352351 -748.91088125 89.23171548
-44.44204466 -737.25735573 69.04360725
-54.46435282 -773.13976408 115.68590141
-58.80301111 -770.93613333 115.18878519
-41.17455000 -741.34400000 148.27736667
-50.15172143 -753.69288571 93.42034286
-41.26484634 -735.32518537 45.11831707
-52.98761186 -756.73320847 103.30514068
-51.29214040 -773.58079697 118.44302424
-42.26689447 -736.78245434 62.62227737
-39.23625833 -738.18992500 154.21400833
-43.86545364 -743.56163273 107.61152364
-49.23713003 -769.15449975 113.24585140
-48.52711851 -751.55764851 89.66554075
-41.02776000 -745.33062000 135.70900000
-49.89417869 -746.40725410 88.73515082
-43.40396305 -742.21663027 89.29710605
-65.25772000 -792.00830000 124.04352000
-55.62633400 -787.21268700 121.89611500
-47.87496923 -723.03966923 63.81115385
-45.80700000 -762.17860000 103.01870000
-60.74719568 -789.78799568 123.71033588
-39.87500000 -735.18530000 42.98920000
-62.35541538 -768.33106538 114.89250000
-42.21361441 -728.67927117 54.26966036
-58.90462000 -795.43445000 127.15302000
-61.67922195 -782.87825366 121.11501463
-63.68029593 -790.41222994 123.64227393
-43.37768131 -742.05417227 86.63131495
-50.25561538 -732.48925385 54.63370769
-47.35864670 -744.87507970 81.47427310
-41.47053862 -731.09005724 35.33875931
-53.41504652 -755.49712513 105.01719572
-68.44402937 -807.53720397 132.30064048
-57.63237707 -781.81137070 120.45829703
-37.96050270 -731.16625405 26.15233784
-60.52271136 -793.52343028 125.73411120
-68.81378000 -792.25434000 124.01028000
-53.59513683 -757.63661615 104.36380042
-63.40575280 -791.80555760 124.17469760
-48.12075175 -745.51922291 104.29070809
-69.95389718 -799.81655390 128.10739071
-43.69563333 -735.20990000 157.37443333
-40.65628158 -729.51248947 166.30586842
-45.96441859 -738.42950169 143.15472197
-50.17343469 -745.28036531 111.42601020
-63.59846459 -793.55464239 124.87706092
-39.59646987 -733.65054979 44.45884466
-70.64113019 -803.47956698 130.33116887
-45.37133266 -739.90514775 83.57903941
-69.39941501 -793.73812606 124.56774448
-39.51869205 -727.63274356 167.61468967
-54.24614898 -755.83109592 106.27798571
-46.68250205 -742.25005882 92.47787877
-69.50879373 -805.71812699 131.54507562
-41.87897556 -729.53738000 52.69700222
-45.17560067 -741.79227608 104.38523866
-43.54130761 -743.18238366 128.65446451
-41.77650859 -745.12675937 134.25210781
-37.94424627 -733.89894478 159.13692090
-39.13795572 -724.71921582 170.86103990
-48.03925070 -742.72754206 104.32705210
-43.32962660 -733.38775532 47.19629176
-49.29116809 -732.38401658 53.71209221
-54.73244430 -781.72691062 120.58216632
-53.13348947 -727.58742105 63.61991579
-39.76421667 -735.06463333 49.44728333
-60.37325152 -783.33684848 120.96998182
-41.73258409 -731.56732443 41.70115568
-42.22185447 -725.88356748 57.82295203
-63.34121467 -800.17415733 130.48429533
-37.85220714 -732.62791071 160.59628750
-51.08396273 -730.50412391 59.45538600
-46.31414516 -726.71521152 58.54266498
-48.77251641 -740.32137046 134.58579906
-66.43160884 -781.95225101 122.83477626
-40.97862200 -737.42621000 62.06440000
-50.64771693 -722.62760990 65.37720469
-47.58277448 -728.71047414 57.63355207
-64.26302685 -802.49599861 130.53418380
-39.60699012 -731.11418722 35.04232777
-40.92488978 -742.82564088 143.55526496
-45.14903937 -739.55092508 80.48115873
-47.22637176 -743.22445412 92.94302824
-50.65429244 -742.05836246 128.46100924
-63.48905271 -775.86806667 121.96772972
-39.62401332 -733.23337869 35.45526767
-43.70704167 -744.37744167 78.28483750
-48.48809229 -727.63921725 58.98230140
-71.11970000 -802.39576667 129.94783333
-50.19173793 -744.00242759 114.43615172
-41.68091792 -731.73090802 161.99857311
-71.16597500 -799.98380000 129.32217500
-69.64551457 -802.27699371 129.08842743
-43.55771978 -742.81993483 95.55760022
-46.80759058 -738.37287319 146.69826304
-63.75501333 -796.49427886 126.27472362
-68.62957517 -787.77091379 123.73967517
-42.91976408 -742.53701050 134.38426910
-46.16142851 -757.45402128 98.87534050
-43.57813534 -743.12441166 98.50664276
-45.56554800 -752.64457911 91.85643822
-46.74596000 -723.23428000 67.21457000
-63.57560000 -792.33170000 123.98350000
-42.83027210 -747.85481944 119.48135549
-46.08175797 -753.68998551 93.29029275
-51.15233333 -744.18326667 121.09236667
-60.54341483 -781.54799563 120.46957928
-45.15599116 -737.46082134 71.28638262
-66.62534868 -796.60443651 125.46332945
-47.76576545 -739.08518758 143.36286788
-40.99046000 -737.85206000 150.76761000
-57.19648571 -783.23491905 120.99954286
-50.36661640 -745.00220376 113.61844516
-43.50373486 -740.45500046 137.53756927
-68.99552355 -790.75096848 123.75448406
-48.67483153 -742.66712118 113.44293638
-44.37502627 -748.64692396 112.70935207
-63.87577995 -778.46190817 121.91124975
-61.39142155 -773.19528940 118.59649859
-42.67990804 -736.82660119 149.66493244
-51.62750000 -753.10990000 103.04835000
-45.04048912 -739.52968480 71.64832272
-45.18930130 -746.39545189 101.58939421
-66.55480418 -790.69068577 123.62584184
-62.99492148 -772.87018421 119.57973741
-50.46174627 -751.20822421 93.11658740
-62.58747115 -771.35208846 117.75164231
-47.56929615 -759.07385000 100.10037308
-57.87900000 -777.15255000 117.97000000
-56.04250000 -789.46400000 122.59975000
-44.05867500 -741.01812500 94.40922500
-60.60069396 -778.53866209 119.65045000
-62.46421121 -778.86104741 120.77459224
-51.52783432 -766.01851149 108.04956617
-42.84229030 -724.56804272 58.90103261
-58.15957200 -776.82033600 118.20217200
-46.88321667 -765.52230556 105.51384444
-50.93807500 -759.19959167 99.80297500
-45.07740909 -740.52604040 92.51516283
-43.41623131 -750.79132222 89.58073232
-41.46543274 -734.26154048 41.56900655
-66.59077598 -784.60243888 122.98854469
-48.83477397 -768.37424703 111.48316758
-69.87050000 -792.01531667 124.10077778
-55.18098575 -757.66889156 107.14968364
-42.12872672 -747.50195725 125.35647863
-43.30052811 -742.90878736 131.55292962
-42.29412668 -739.51725692 68.73879872
-50.24925429 -748.26874381 90.48167333
-66.50341181 -787.53501118 123.20136371
-37.49602718 -730.19806634 20.14677767
-71.10020000 -797.66880000 126.15120000
-60.43900315 -791.24479346 124.47444673
-68.96810000 -798.71195706 126.71683471
-63.63057442 -784.73758592 122.06577699
-40.31187711 -731.89358795 44.59881687
-71.28403261 -803.45790435 130.47431957
-71.21691579 -804.37352105 131.13587368
-42.28849623 -747.32659057 128.14340943
-57.61415294 -787.70317539 122.68461133
-48.59017043 -742.02915631 119.20313895
-58.97763333 -795.33151667 126.80010000
-57.63530758 -775.44085253 117.20541195
-54.49172027 -768.76599244 111.38174811
-43.82346790 -743.57164506 119.35855216
-45.40597619 -740.25303016 86.62318240
-52.25938306 -775.66150323 119.58744194
-60.73142781 -796.62772155 127.85061455
-63.73500126 -781.88302681 121.55793438
-52.12881632 -754.69921882 101.69521371
-58.24933916 -791.13837098 124.44110350
-70.55576000 -797.98472667 127.24026000
-69.96807097 -806.67576774 133.23164516
-69.28601185 -807.74002000 133.75148370
-46.82570000 -723.33781667 65.53241019
-68.46778214 -804.65476071 129.73060000
-66.80223671 -806.22851241 130.56375192
-68.22943721 -785.34330233 123.71101163
-43.43791232 -739.98710024 83.56598164
-50.70786356 -748.94637746 92.79501532
-66.46822602 -802.62785362 128.72258032
-47.16214545 -742.21636364 90.34754545
-39.42113507 -728.64624493 20.00876696
-66.97462143 -804.64796735 129.73767041
-62.48415714 -781.06290143 120.83822857
-66.55062683 -793.80847398 124.44013740
-64.64284706 -805.02733088 130.48365000
-64.87154167 -798.33857500 126.77325000
-51.40870630 -752.44600548 101.22869890
-57.62704211 -784.74320433 121.58967368
-67.58909430 -807.73620370 131.23787293
-66.27259918 -800.40211193 127.45638313
-61.34076170 -795.58270745 126.71701809
-48.79536861 -753.91033865 92.76379248
-51.57691805 -767.60118566 109.98586773
-45.35287896 -742.57079948 74.56954278
-66.62842431 -799.10470667 126.61907686
-63.50063189 -787.41987479 122.72987507
-41.30361609 -731.10667739 32.26137126
-38.71463333 -726.07276667 168.93455833
-66.72465915 -792.48514085 123.93916338
-48.26054164 -748.67801548 86.46007598
-47.15928750 -741.78693750 78.90237500
-65.55445826 -779.33490696 122.90310087
-65.21116667 -804.06890000 130.07300000
-49.02475810 -745.46137324 107.48795352
-64.82387129 -801.86184653 129.50733762
-45.50784897 -754.82702459 95.53933595
-60.61056003 -784.84905973 121.64936372
-58.28806521 -766.99921452 112.48715346
-63.75346836 -799.44763507 128.63407644
-41.61264559 -731.22311103 38.65029632
-50.75945335 -754.53605190 95.69778951
-58.40179046 -793.35037443 125.68626107
-46.27732015 -745.83323727 80.57069979
-43.55612785 -737.92506203 74.14518924
-39.58130775 -730.64016221 29.40488896
-60.54011446 -787.60814036 122.76598352
-60.82842805 -770.18227279 115.73619633
-61.71378875 -798.54121625 129.43679625
-62.78585310 -797.55600207 127.52639655
-63.53650000 -774.04483000 121.13883000
-62.69732397 -769.84146392 116.29561469
-62.43377947 -775.03377947 120.60522252
-49.79212302 -732.29551583 55.60014460
-62.29777000 -767.79311400 114.59498000
-60.68392403 -775.77743743 119.14905880
-46.97963448 -766.28737241 106.74766897
-46.63474000 -750.36565000 87.49124500
-37.27775580 -732.91937778 22.99058140
-54.77784388 -771.84351727 114.34519089
-50.04245897 -744.72865641 112.39347436
-44.14000000 -737.50310000 66.29526667
-60.27968169 -772.37931299 117.08019624
-42.42649819 -745.21590602 80.54799910
-60.49361412 -766.72796580 113.46874456
-45.41808109 -745.41572150 98.67494585
-62.01610000 -799.23650000 130.06150000
-51.11170000 -732.15860000 58.13185000
-60.30734792 -768.90716042 114.53562731
-57.54301547 -760.75296031 109.96430531
-42.89063461 -737.33124777 68.49252059
-48.41286484 -758.18677228 98.75316056
-51.01339630 -722.85484074 63.75824074
-42.12830927 -736.55617512 53.74279878
-42.66911585 -735.82847818 152.50043753
-51.15288045 -744.37060602 119.50561504
-59.85548300 -764.21523909 112.47173286
-56.46341736 -760.80882521 108.68995661
-51.29214550 -751.69094502 98.43252717
-59.48725618 -774.66663596 117.69742247
-42.49649601 -739.04949721 65.44407465
-57.52751913 -778.09352096 118.70304501
-44.79606667 -741.75562286 71.74293810
-59.28548039 -762.90494314 111.84579216
-59.22840000 -762.07260000 111.68440000
-59.16930000 -795.11970000 127.02960000
-53.72972081 -760.37385359 104.76960598
-57.96093379 -772.83887810 115.83633276
-57.58329602 -769.64214243 113.64731741
-50.80273108 -727.75397477 60.16355424
-57.63207569 -763.71440713 110.65320661
-47.45804424 -747.85096403 83.96012734
-47.40656711 -723.41576842 64.92086447
-48.58398642 -760.70087367 101.71995549
-45.70980839 -749.38518345 86.25864029
-48.21636827 -742.67438949 107.76963051
-50.25005765 -741.00579412 134.14247529
-57.36086759 -789.92914975 123.42579221
-48.57937893 -730.77990209 56.58108961
-42.07918053 -742.69110973 137.46326460
-46.27647727 -722.76206705 67.43501932
-57.06786555 -766.39008185 111.36533109
-48.52881692 -722.24531063 67.76720674
-58.56265000 -783.10480000 121.04260000
-56.83350741 -771.80108642 114.52128519
-40.91288955 -744.61559552 137.58401493
-56.89430588 -758.90085294 109.20443137
-36.87309583 -731.21818414 14.37852823
-56.43158692 -758.38776729 108.58184860
-40.73780000 -744.22081667 139.49358333
-56.20061429 -762.57912857 108.83377714
-50.29235890 -746.27647397 89.89013973
-56.21965556 -768.26576667 111.93886667
-39.76186914 -726.64292963 169.45938765
-54.67117084 -767.02588735 110.05668653
-54.62716000 -778.04765088 119.49092068
-54.64720574 -763.64821092 107.62595537
-55.31764775 -784.99346228 121.31219550
-43.77025849 -745.10027925 104.38434528
-43.64385577 -740.18057820 86.40137778
-51.58030456 -725.02067456 62.74632278
-50.54583511 -741.51019200 131.19575644
-54.60419047 -770.19551656 112.80009172
-42.60760224 -742.07887388 74.68578172
-55.29318008 -760.88502178 107.27854855
-55.04370083 -775.28723823 117.31521939
-48.61392042 -756.49776702 96.45752723
-55.76198286 -764.56283429 109.29003714
-37.86201231 -729.90956308 163.84016923
-40.85961388 -739.67334019 150.14178708
-54.60316923 -783.82248352 120.85338681
-51.64989571 -764.64635314 106.52123168
-54.26309570 -776.54189336 118.74017852
-42.48319433 -731.09980850 47.73928826
-44.17746154 -741.26079231 133.28734615
-53.83997119 -765.80184040 108.27555861
-42.43016359 -738.66652473 62.63239401
-53.43901646 -762.97359207 105.50834329
-53.16026400 -757.95575200 102.98494400
-53.11185000 -726.85495000 64.25740000
-52.56804483 -754.65250078 103.71641886
-52.28059901 -761.26975974 103.39686601
-51.59634543 -768.61007129 111.38663644
-52.82343706 -778.04696014 120.50951818
-52.45574837 -726.53684186 64.34375535
-47.24775918 -744.61014898 95.83288163
-51.53054887 -769.92883149 113.42398350
-52.47763570 -757.58236065 101.54894806
-52.13995781 -727.46369207 62.45930447
-42.90859896 -721.63189097 62.33877812
-39.60156750 -729.03107375 22.86490625
-51.58673391 -763.21471488 104.89059665
-43.78992231 -743.52431446 122.44846653
-47.37145000 -740.41552500 78.91977500
-51.55620710 -772.13562446 116.47066844
-41.26587907 -732.80144186 35.42317791
-53.02690000 -780.41620000 120.61356667
-43.81886043 -743.56767914 116.60440432
-43.81337072 -744.62557624 98.56213536
-52.82928750 -774.32172500 117.86696250
-42.29286510 -738.30782708 60.16697552
-46.28019908 -740.97930624 128.81059099
-52.61250357 -771.43382500 114.68277500
-48.71241734 -763.55241138 104.65026640
-44.04214000 -744.30218000 93.76880000
-44.62655029 -733.87571676 48.39105549
-51.68021148 -760.27459680 101.77631162
-52.22826154 -729.51275812 61.31632564
-51.53711100 -724.53639487 65.41789284
-51.63662504 -754.59041229 98.61374885
-51.24535204 -757.55791429 98.72640306
-41.09480000 -738.40140000 69.97140000
-50.75742170 -770.85496038 115.46924057
-50.80425592 -742.98529038 122.61252618
-50.75821715 -742.57112816 125.44814188
-47.26378211 -742.75539959 95.57167439
-43.15140000 -735.03960000 153.50750000
-50.65264466 -743.45599417 119.71846505
-50.63743298 -723.47731596 67.22924043
-51.00674029 -751.63910660 95.61396168
-51.11524833 -749.81900667 97.66694000
-51.05795969 -749.18150683 95.06217203
-50.75450635 -744.64339008 116.30220198
-50.50010787 -731.87312083 57.51586296
-50.76769889 -725.76033444 60.78081333
-45.20823168 -728.77630435 54.17249255
-50.48862358 -732.37221310 56.41798690
-45.45460769 -737.98078462 73.55620385
-50.69527761 -756.52153881 96.50700149
-50.41596864 -743.70929290 116.57174053
-50.68169355 -746.81682258 91.84661935
-50.46877000 -741.21265667 133.64839000
-46.02030596 -727.98791683 56.65033376
-42.29781500 -735.03008500 58.52955000
-50.21507000 -741.06680000 132.36222000
-48.80250596 -742.36411053 116.72986617
-50.15335714 -723.08137143 67.34200000
-50.15530000 -740.78560000 136.49920000
-49.75619074 -745.08891947 110.44491796
-49.54937432 -752.33932134 92.03561519
-44.98539048 -741.02915714 100.97930476
-49.78184091 -770.48026727 115.60207455
-48.72409940 -741.75603001 122.58196391
-49.18446133 -722.04974102 66.13078555
-49.66472560 -729.90444608 58.45920648
-49.21051184 -745.79017254 86.45623023
-49.41807813 -723.22093750 67.56971250
-48.88253256 -741.51091111 125.32750801
-47.10340000 -738.34450000 148.02730000
-49.98405000 -771.40785000 116.82445000
-49.51841360 -741.39268440 128.21289200
-48.58440960 -740.67509149 131.59433297
-48.85752008 -767.77273575 110.19532150
-49.81340000 -741.22625410 130.35660164
-48.40162100 -755.47229186 95.03722073
-49.37428026 -764.89916316 106.19284079
-48.97169697 -759.24660303 99.93847576
-48.05932619 -724.38873010 62.28568804
-47.92311837 -725.63812857 60.53330918
-48.77334776 -762.02791343 103.16412090
-48.58175931 -743.30153333 83.42439264
-43.63657746 -752.34221831 92.51272676
-48.54153960 -739.95501947 137.37904093
-48.65765835 -742.89968390 110.51287326
-49.31386333 -743.78098000 85.69700000
-48.19377824 -739.50728657 140.47237106
-48.08584052 -740.93652528 128.84594888
-47.68743426 -745.09114983 101.54548512
-47.88631529 -732.55042477 50.84828287
-47.60365664 -741.07601593 126.29101858
-47.95383428 -745.65943682 83.44363479
-43.85082341 -747.95204047 113.79434916
-39.48978750 -722.67110703 172.91023359
-47.60465738 -743.02786284 80.74725000
-47.71580645 -750.54849274 87.38835484
-47.82822738 -742.73950749 101.45297133
-47.50553462 -765.34792692 105.85833077
-47.48081667 -740.79485000 79.55120000
-47.55594478 -742.70493206 98.71836387
-37.91513793 -727.26939828 167.17593966
-47.34290510 -738.79249184 145.83466224
-47.44398824 -732.01894314 51.61207451
-47.28863832 -745.00656355 98.92259720
-47.44440000 -741.12990000 123.42000000
-39.88540433 -729.95748131 164.17295536
-45.61816223 -738.94607620 140.60534410
-45.74694224 -740.74794735 131.71230224
-45.42999740 -741.81286602 119.32243065
-45.84095833 -741.41488833 98.68341867
-45.51505511 -741.51972553 101.51112394
-37.84983137 -731.33168039 162.10303431
-46.52157377 -763.36000055 104.04390437
-46.28754194 -723.85929013 61.94731613
-45.48711745 -741.86817800 110.57660668
-38.04406000 -731.16616000 28.67868000
-46.62331355 -729.68486152 55.67532520
-45.43885417 -744.69713036 95.84758512
-45.71669371 -741.77204705 107.51879856
-38.02081667 -725.33531667 169.43858333
-42.97920000 -750.04685833 88.32700833
-45.60338185 -740.31696805 134.46770355
-45.50209054 -741.83750369 116.69894625
-46.69942432 -741.09589189 126.40967162
-45.66002996 -732.64670250 49.89438294
-45.07346293 -731.45902421 51.09185221
-45.93817325 -730.47018672 53.60993856
-46.56986403 -741.96752561 89.51274659
-46.56519450 -741.90849755 95.43874220
-45.29502482 -724.83859833 59.99607319
-46.19780277 -760.56824365 102.03867229
-43.84379831 -743.52074294 113.49754068
-45.84454104 -751.36220896 89.52755590
-46.00011769 -747.88791506 83.48128879
-43.04365417 -748.95315152 86.30924886
-41.21552584 -739.44370562 148.84796966
-45.39217917 -741.56325027 125.44162043
-46.41738846 -743.00327981 79.90933654
-45.55803140 -741.81735341 113.62095497
-46.30913674 -742.95571473 77.50995383
-45.94554309 -758.58575053 100.32140638
-45.44623734 -741.73806784 122.54215241
-44.66103628 -746.54676982 104.48557866
-45.59423903 -739.70105726 137.22849581
-45.49202436 -739.47296462 77.40896026
-46.43766538 -747.25831538 81.80091154
-45.61975006 -722.32360452 62.55226870
-46.31633000 -761.94863000 103.15412000
-46.99530000 -756.31103333 96.81555000
-45.95066786 -744.34661429 93.44885000
-37.65662405 -728.37772099 17.25661298
-45.76008182 -722.17776569 65.29027822
-46.60146800 -738.26245600 148.65023600
-46.41952963 -741.72478222 86.81517704
-46.32554355 -747.24853387 102.64493065
-45.36556556 -737.96297889 144.34736889
-45.40216995 -737.17469771 149.51603853
-45.40411458 -737.63080231 146.59638819
-44.98799524 -755.79167976 97.45200952
-45.61838357 -747.53947819 104.65706856
-45.55066087 -744.75701025 77.83316708
-45.10689297 -740.30095523 89.50347204
-45.76606944 -741.68663889 83.57725833
-45.70515313 -739.48464687 74.59034875
-45.16130032 -747.91512370 107.37297143
-45.05260384 -740.79314247 95.48414082
-44.89130404 -736.42778904 152.54894288
-44.80145011 -741.56820677 128.48695734
-41.21859318 -730.75448788 29.98128106
-45.00002574 -740.95075050 98.19015198
-44.56538674 -748.20283581 110.50357294
-45.11829167 -744.24115833 75.95858333
-36.89217663 -730.71441297 17.50275059
-39.49366400 -732.91063200 32.68769235
-44.54328354 -735.86583861 154.91496772
-43.49800087 -742.53657907 92.65166860
-44.50005845 -722.80455986 60.74334085
-44.96850000 -741.09335000 103.58480000
-44.39192034 -739.35392331 68.87359153
-39.28591818 -729.36561061 55.16998030
-44.31091769 -746.70173265 107.24588503
-44.32090714 -741.27367857 69.74004286
-44.16854000 -746.95574667 109.26021333
-44.21210000 -748.60980000 115.21120000
-44.11800000 -734.91670000 157.64940000
-44.10310000 -734.49260000 45.66130000
-43.92337674 -740.76728605 92.30501977
-42.27070198 -747.73068730 122.37690754
-43.31604417 -737.70264491 71.50052829
-43.95072571 -744.39563857 96.09189286
-42.64652327 -727.01570392 56.86307995
-41.83261815 -739.59703164 71.27812739
-43.96933871 -753.90345161 95.05833226
-43.68575795 -743.39105762 125.62696954
-43.84081278 -743.41240652 103.90848446
-43.25570769 -741.71456568 71.72501657
-40.45119241 -735.45826966 47.64659241
-43.79252131 -740.45550426 89.29176136
-43.06373265 -730.66719854 50.12931837
-43.67788115 -743.36679923 101.50590385
-43.77113272 -745.87486152 110.57965890
-42.42814307 -739.70830876 143.45357299
-43.73263276 -721.40754655 64.46434828
-43.99785057 -747.47370115 111.43531609
-43.82094084 -745.32995954 107.50022977
-40.05813173 -738.86317196 152.45180295
-43.09377909 -739.38197802 77.40883941
-42.86055172 -722.60815724 60.45266759
-38.16397500 -732.23532500 13.33011875
-43.27395479 -735.28463973 154.84732466
-43.28078000 -739.73660578 80.70078361
-43.86743077 -740.87129231 135.09337308
-42.88288872 -747.69625590 84.22192923
-43.00902243 -739.96515297 140.65001919
-41.03300000 -742.02533333 146.42580741
-43.87347886 -743.55274715 110.43003171
-43.54308387 -741.30355484 69.76742581
-43.74779875 -744.89124032 101.83428441
-42.69012131 -736.92848445 65.19957239
-40.48271783 -735.91081656 50.65501401
-42.36114758 -739.76888695 74.31829495
-42.42285373 -734.23389055 44.60452139
-43.75399000 -738.00246000 144.57604000
-43.14814597 -737.56614597 146.62582986
-42.22745611 -734.07684000 50.54700833
-42.51809648 -733.70190474 158.43081131
-42.59239057 -746.68617972 82.70179623
-42.64167821 -734.69669359 155.80819017
-42.23239314 -742.84791264 77.34996643
-43.83474000 -753.23056000 93.79866000
-43.66991429 -738.07440714 76.65182857
-43.45980861 -747.99448565 116.42127033
-37.96674286 -729.02185714 19.81190476
-43.85130000 -726.20633333 58.06303333
-43.59171574 -745.82037593 113.64412315
-43.32855561 -741.82409193 83.84498251
-43.15100082 -741.75597377 80.68321311
-43.41394099 -745.80240806 116.79003791
-43.23660138 -745.66199801 119.55544817
-41.67114733 -742.23535038 140.49304453
-42.97104056 -745.70525507 122.46021948
-42.76484320 -745.65588640 125.41617456
-41.94447521 -737.01269543 59.63862816
-42.58337336 -745.68190383 128.51806223
-42.27550400 -732.56474114 160.85376171
-42.35031571 -736.81854436 56.44154824
-41.81545000 -731.46420326 44.35544457
-41.62447321 -739.66206717 146.66385660
-42.30213592 -745.57844469 131.54898429
-42.27350927 -734.76562914 56.34625430
-42.27695975 -734.46183396 53.52096635
-41.53156141 -735.57269130 47.45594620
-41.43503901 -730.93640659 164.02508132
-41.38037556 -733.81618444 39.08840889
-41.40206562 -741.88940045 143.43872187
-41.31785577 -744.51450000 136.63109231
-41.20602000 -741.61293765 146.60024353
-41.21140000 -732.38697353 33.20458529
-41.21232222 -730.08591556 26.80601111
-41.36020000 -738.18770000 57.79180000
-41.14402500 -729.74792500 24.35807500
-41.15210000 -729.74660000 166.17150000
-40.97088125 -740.29121875 74.14776250
-39.82681119 -733.77994179 41.40589179
-40.86024423 -743.52530705 140.85323333
-39.62896650 -730.77337460 32.43911780
-40.46966364 -735.31752955 45.53994091
-40.88444870 -736.96026087 59.54138957
-39.62687243 -730.58841391 26.44641865
-41.03241429 -742.32747143 77.33837143
-39.55056453 -731.23547907 161.83457215
-39.47285812 -733.66964404 158.41509645
-40.47364167 -737.20561090 153.02159872
-40.78589621 -736.79163333 56.57480758
-39.82047262 -731.81991297 47.48002277
-39.67790567 -733.62107139 38.56156211
-40.96785313 -738.81899375 71.60679375
-40.16500162 -731.30992216 38.69436595
-40.35477172 -731.63546598 41.44680615
-41.08770000 -737.33250000 64.24740000
-39.51679781 -730.67309356 23.61483769
-40.98214375 -744.00391875 138.76954375
-40.52049074 -724.23421574 58.78023565
-38.91850494 -732.38479383 160.33519506
-39.84384409 -727.63318465 56.07486713
-40.53515000 -736.24110515 53.46321985
-39.86199748 -725.61111765 57.41438025
-39.64335451 -730.97574170 50.39183520
-40.78259667 -728.96959000 54.68763667
-39.84521163 -730.03902267 53.47469360
-40.74565000 -722.82946818 59.96468182
-40.16290444 -734.71165556 156.44617556
-39.47428895 -736.48888263 155.43258868
-40.95290000 -741.33954000 148.63824000
-41.03335000 -737.90750000 69.88780000
-39.48927949 -733.29994615 47.21534060
-40.97762500 -737.99140000 70.19482500
-40.96436667 -741.31453333 75.88786667
-39.49321940 -732.59221592 29.59042214
-39.20859189 -728.74073423 165.47593153
-40.07233831 -730.33485901 20.52241935
-39.07465671 -728.26236505 14.64290694
-39.39706801 -730.55161108 17.37111360
-39.27699021 -728.38403508 17.56511116
-39.33966763 -732.31901965 27.17497977
-39.17739712 -730.40095936 14.63626080
-38.48513333 -732.68527500 23.54675833
-39.37838276 -723.48799655 172.42392874
-38.46224792 -735.40384792 157.42695208
-37.85378000 -728.70436800 165.30690000
-37.51857036 -731.29714883 23.33148908
-37.35805822 -728.03462329 14.36633014
-37.96994444 -732.21710000 13.81054444
-37.97213333 -725.91950000 168.84470000
