-41.50405658 -730.66692263 32.11038844
-46.14627500 -736.95894259 203.29362993
-41.16654623 -732.51172361 254.40810401
-34.88611667 -748.34379326 262.65550377
-52.37842317 -741.30470550 176.09783530
-50.85376116 -732.42284203 48.13240801
-53.81227416 -741.83265634 194.17771580
-40.14419261 -733.85116847 266.17886561
-19.73160769 -744.12516538 303.99919396
-44.07519672 -734.20910656 83.05953069
-44.44681681 -742.32275630 188.13474663
-50.36084675 -736.80392764 152.22205102
-39.40458521 -735.84338580 254.41117009
-46.77929600 -743.03025000 173.54553512
-53.78440681 -744.67733433 194.28063590
-38.77370000 -728.30150000 18.72586512
-10.97074017 -779.70505556 152.68611212
-35.55661962 -751.45806351 128.37460832
-41.91724692 -742.40025554 107.10812527
7.34375417 -732.13821667 366.89755678
-16.48893571 -760.34686905 144.56987702
-53.72622227 -750.92609749 233.21569334
-65.12595221 -723.96517455 48.01972330
-21.73113430 -733.71483866 323.38721279
-42.06068417 -736.78567583 68.12181262
-56.11326500 -752.36827250 237.51136387
-40.21843670 -742.84042500 227.34183267
-42.69182827 -753.03695153 242.30631584
-54.60889789 -742.21066911 209.10380455
-37.88298800 -754.85570800 262.99769912
-40.28480684 -739.46891158 239.26837775
-41.08278853 -731.89003670 17.38130319
-35.23664810 -741.41937755 260.10650914
12.32476722 -792.72262423 160.09707581
-20.28484930 -766.86205305 145.00726183
-47.03439853 -745.98727647 193.97187394
-40.15410472 -733.93444724 268.98060527
-54.17743956 -742.01281787 203.18250441
-43.86196066 -735.02565410 62.26029708
3.02797972 -727.03454499 368.25130568
-43.68403529 -742.61660588 106.14979453
-40.45950909 -737.51995000 88.99673557
-51.29445971 -747.17456311 197.09341657
2.98826567 -777.72880378 154.79978502
-9.07948254 -771.53604343 150.21909004
-22.82264848 -748.04627515 295.55517360
42.77085651 -696.29033562 442.95315998
-52.18800253 -748.69355696 241.91542145
-52.28893656 -746.06091505 229.95402641
-38.58069070 -755.43786977 260.12456047
-50.07216493 -736.94516638 146.25887497
-43.57960000 -752.27280000 237.82264012
-42.27708611 -742.55788297 212.14749506
-52.28496317 -740.65705184 179.27065917
-20.87913420 -754.06795891 136.51536322
-52.07203451 -740.01401593 176.31532264
-39.06352043 -729.18394923 23.19674437
-44.26690876 -735.26176719 230.27693815
-37.38919570 -746.92735054 248.84332318
15.41667323 -720.28571797 389.01334619
-44.09827903 -735.16093065 44.35274012
2.86972582 -726.13410000 373.98315907
-11.13712724 -747.43314664 326.16124534
-53.51281962 -744.44598246 191.16665343
-49.94272131 -751.36342131 221.06022577
29.21059209 -703.75976475 419.74511548
25.73030545 -714.74809273 408.03389784
-46.64375714 -735.77408571 89.95336512
-36.85977778 -739.46260278 110.59466436
-45.13307568 -739.04787536 113.30439744
-20.68240047 -770.64983915 147.13608257
-46.21184865 -746.55243514 200.65408404
-47.88549562 -740.88032440 146.33103633
30.40029008 -702.73420097 421.97249683
-36.66166501 -742.13794988 251.22128214
-26.33852815 -744.78455442 286.98666431
-50.81154966 -740.66088044 134.61098126
-31.48850000 -731.26260000 297.55876512
10.89496667 -722.16955833 381.41509012
-25.19309669 -736.91850579 302.34749239
-36.93371307 -742.55644876 248.30225876
26.66277215 -703.99065190 417.30754360
-40.29535098 -737.50829608 83.40582394
-50.82216757 -746.52554730 191.35592998
-55.75097120 -743.00929973 209.36360180
3.69508000 -725.45414000 385.12304512
-31.62320000 -737.37493333 285.95553178
-48.45874857 -743.65733000 170.47626512
-24.02560191 -732.87573168 317.30379412
-53.55890052 -756.12885315 254.20429811
-43.59972000 -733.61156000 53.66208512
-52.13613248 -745.20947070 224.32900970
7.23015909 -735.11079545 367.32637421
-34.59820000 -746.18530000 261.83063178
-30.49273195 -733.14594552 296.38892650
-24.70604797 -736.41165473 305.07835295
-50.77593333 -743.58995333 170.44743595
-47.08611809 -736.12740887 101.22136263
-40.01387635 -738.95639900 241.97325971
-53.23286856 -738.30893674 164.21023601
39.15157080 -697.09885592 434.12979294
-48.47023286 -739.37487350 127.95607289
-3.90915116 -738.92644698 341.71701953
-6.01978854 -731.73492604 353.04022657
17.44030371 -723.62239546 389.38135316
-41.92481035 -738.90594118 230.28762211
-40.48917778 -738.77907778 99.45666512
-14.33826053 -747.73479579 317.06703670
-52.95815909 -734.21868182 204.10943481
23.95290879 -711.87863105 407.10031570
-51.38331667 -758.17891667 277.20758178
-50.79432558 -734.59815844 205.98000934
40.01750417 -694.74554583 436.38817970
-52.81400066 -739.26575230 158.24635706
24.81119799 -717.15809518 406.24248761
-40.07703684 -737.49448947 80.33885459
-29.13398423 -750.54381231 126.95590788
-42.02531917 -733.96374537 80.01872550
-34.39317742 -752.53984839 270.18051673
-40.37641136 -734.18426364 76.70990375
-40.49400000 -737.18562500 243.39741512
-47.77577931 -750.97414460 221.15215523
18.12730016 -720.64798854 392.05698996
-62.81396570 -729.43972122 47.74590828
-52.48675547 -749.40706719 228.13303855
-47.96350638 -749.94227752 215.30420941
-5.83267089 -730.71708924 353.31272651
34.62896629 -703.10071429 426.32452512
-52.32484333 -741.67016373 173.15287394
-39.23739808 -755.46321154 257.27219781
26.38442390 -714.17348553 410.24185415
-52.95976952 -734.48624652 202.84755496
-53.35051161 -744.06210793 188.29279288
-28.37646765 -742.31042353 282.20377394
1.92790000 -740.41450000 354.76056512
-39.30093301 -728.60507680 17.27797982
-54.15963648 -747.71701761 215.35115191
-30.33760000 -758.23325000 138.70656512
-43.35620213 -733.99016170 236.92084384
-37.73282182 -749.91283636 124.12477421
30.28597857 -700.61698132 422.98326017
-44.60751929 -741.39306320 176.22178322
-39.47662406 -732.34253043 14.18984744
-44.12174511 -734.01124962 71.25358391
-62.68736059 -723.13395685 47.84872259
-49.07218333 -734.13295000 215.59630053
-52.10507058 -753.87556701 254.23938966
-41.98737859 -733.43206057 71.28181002
-15.21742644 -733.53242960 338.15577632
-4.25127692 -736.72767308 342.33284589
-44.52366329 -732.65933153 235.85519241
-47.02973061 -742.84319388 170.22254063
-36.11513004 -732.10367202 20.14375812
-27.00706433 -759.21011883 137.92125646
-52.47025000 -722.39935000 45.65791512
-44.79419383 -750.93467638 230.17779637
10.93633625 -724.83943625 377.99179387
-51.82871491 -748.32865055 233.08726775
-39.80619091 -737.45601818 77.42910148
-45.42958933 -736.56338989 218.14245332
-29.75472094 -732.70981556 298.87685003
-45.76371128 -744.31164586 191.34666512
-26.70449204 -763.39790647 142.13524422
-42.72876990 -747.54473417 224.27492973
-37.36531633 -734.73196480 50.10210389
-39.05332633 -744.86567271 113.25913920
42.20690031 -696.78721036 440.22935366
-53.07993535 -741.79371632 182.19675619
-52.23955000 -751.59352101 250.97262309
-54.29126017 -744.47768085 197.21958088
-53.65708867 -724.36689633 46.06381567
-56.18977819 -743.06860864 214.52079598
-56.45468889 -731.21798730 48.79072226
-37.00034736 -741.85629344 110.53893552
-46.49623333 -737.22862222 194.57519845
-52.19798653 -741.81267640 170.10549885
-52.01243126 -748.39398872 224.18498588
-36.83912209 -753.28811124 263.38057757
2.22109223 -733.03644696 356.42642221
-46.61691500 -737.37403500 190.66669512
40.55191250 -697.31981250 435.51177137
-45.44195699 -735.21850211 92.22840153
-53.59270000 -734.30600000 201.33756512
-9.29985333 -731.99049667 355.94557401
-63.45928125 -722.12945625 48.86826512
-34.08736051 -753.25266000 272.56528258
-45.06536865 -736.26354389 119.18005621
-51.80352863 -748.34455982 230.20162478
34.99977500 -704.39475000 429.77264012
-24.69152111 -752.99594222 293.18235956
-41.63605235 -730.80046113 35.20402029
-43.99260106 -753.86964416 241.97467149
-44.81656327 -739.02010500 143.35590793
15.11647577 -714.74013538 401.17880281
-48.09133165 -736.47663568 176.31269089
-51.30041182 -746.74541429 194.18454147
6.02964122 -726.01073378 373.89670498
-38.89004000 -727.97119640 14.06539072
-44.85925032 -735.73014156 77.18893200
-9.08686667 -733.71036667 341.37886161
-31.27411449 -752.88027971 279.41722019
15.22717414 -715.95777069 395.88565477
-54.41682031 -752.62609554 239.47726635
-48.17269550 -738.95146274 122.32563134
-51.75373858 -738.74976021 152.18484719
-24.84780443 -739.71770887 296.66600009
-35.81665122 -736.43918338 278.57960579
-52.63937500 -740.16983250 138.25509512
9.31376393 -790.87345738 156.95247659
-23.41999742 -735.16185164 311.43998956
-38.89917847 -735.79105817 65.11276437
-48.15356500 -745.28098700 184.90158062
-62.47075000 -721.79534592 47.77375287
-38.98459202 -728.86530599 20.20062023
-6.32391348 -780.80390113 152.33330951
-52.62971244 -739.68341106 155.93241627
-31.75129577 -748.58474648 274.17402991
-51.81480196 -741.88198067 167.27322772
-42.52522500 -738.02863365 107.40970454
-16.60085000 -757.76615833 144.86109845
-50.61307243 -736.69237716 158.21317214
-47.96952662 -736.53118532 152.20475428
-56.70531632 -744.53854225 215.28561474
-38.97623251 -741.97395561 239.21146691
-52.09091488 -751.05855491 242.13073440
-50.74483396 -738.79976098 143.19552848
-38.87764927 -735.08708212 275.13439468
-14.87368382 -732.53050373 347.24334478
-40.06175113 -747.40772189 236.39991021
-31.96327857 -740.68998929 274.81391065
-32.32237742 -750.79972903 275.02786130
-53.83226136 -753.64633002 245.17338514
-7.38578387 -737.01300000 336.40370383
2.98408114 -735.71832633 356.22539430
-50.86604697 -749.81306364 212.15294087
-51.21952170 -738.93036159 136.86043865
-53.53354049 -741.66630939 191.25979788
-39.53511101 -738.79603028 245.17588224
-45.42864437 -738.91862782 176.28878046
2.90837714 -725.93250286 379.81990797
-53.77507974 -737.84482285 170.14103222
-18.04137279 -734.95295680 329.08159829
11.69970192 -719.68663558 391.78720742
-38.38631429 -753.92728397 257.08473946
-63.25387355 -730.00290431 49.23104907
-33.01879350 -749.92065557 122.65418077
-51.97204649 -745.98551140 190.90382915
-47.91015891 -745.61377054 188.12496047
-39.06690070 -735.82062430 68.16318965
-45.19606181 -738.90930903 164.26308619
-53.14101619 -757.04052676 256.98864873
-52.11852566 -734.14871416 206.66482795
-26.44867500 -748.46580621 130.61445907
-48.01333298 -736.52081584 149.24839823
-44.19055532 -742.75349617 193.93947661
-44.85665160 -745.03852353 200.32644099
17.26640670 -718.65406563 392.56614547
18.14165397 -715.08126561 398.53479660
-17.27064767 -757.15900082 142.87231114
-53.91110016 -749.48230190 224.92729819
-45.36015105 -740.79824802 158.25143691
-50.83081786 -733.34085179 215.06256333
-52.01388889 -747.29140556 216.29348734
-26.30936371 -747.80932016 287.06753662
-54.43200067 -755.65805832 251.43283891
-43.32453327 -744.08056462 209.22550685
-51.52004617 -757.75500261 271.92287229
-45.51684158 -736.56994904 128.16591778
-51.86311095 -759.41671581 272.15778947
-40.34047813 -736.80504167 245.59576095
-43.96669087 -745.62009254 209.06114792
-36.13598849 -744.63008933 113.47718497
-52.49727000 -734.28247000 204.45544512
-52.84971546 -743.71908814 182.20602594
-41.13956907 -744.80393250 227.09801771
-42.13325587 -737.96203743 86.07635003
-43.40949929 -740.98904113 185.38484951
-25.06854792 -744.90274155 289.97008728
-43.11363919 -736.74929459 230.44694890
-0.10945455 -741.05201091 350.12669784
-56.18475732 -746.94162744 215.45117304
-57.12871538 -752.19412308 238.11678819
-20.42748475 -744.82876032 301.86841752
-42.43730930 -750.83635139 236.21173213
-40.77165882 -734.45722941 80.67488472
-51.88596081 -740.99740061 194.15405461
6.53959957 -791.83967702 157.11119320
-32.26253564 -753.64239861 133.92089105
-50.33760365 -740.82210048 149.28546131
-41.93919486 -738.07139860 89.13786605
-56.19729580 -749.62192587 227.22078190
-51.97094046 -748.57578603 227.14548241
-64.90629882 -726.26503459 47.78696112
-55.14981205 -744.47219209 203.14269767
-43.49724687 -746.43354062 216.11167449
11.36457657 -787.27330879 157.21700989
-15.05891844 -741.81324385 317.10667967
-51.19751268 -761.84102210 287.21272466
30.09176000 -710.61963000 418.34592512
-9.29763657 -731.86637593 353.06827762
-48.15479802 -743.87630000 173.49071264
0.11174235 -726.93020977 371.03182310
-23.92887917 -732.57987778 320.13364647
-10.66894000 -747.71118000 327.90842512
-25.55256667 -746.80206667 288.66243178
-42.25713879 -732.80403966 53.08273098
-38.97444398 -729.86003489 29.13684620
-51.43175557 -754.63170575 259.97241574
-38.65224201 -742.50863902 109.16310197
-55.13003929 -752.35006607 237.52524904
-65.12381303 -727.05980065 49.00487977
-21.13362124 -765.57711078 143.88326563
-51.32378519 -740.27703704 184.10126141
-38.59193181 -734.81869340 280.75737172
-51.22115213 -735.11961137 197.20371896
-50.50734953 -738.74525419 140.20158131
-43.62625806 -746.19575806 214.15694899
18.98854804 -709.12319412 410.23459159
-48.17185149 -736.37702484 187.92947257
18.82325000 -710.11489400 407.90525712
32.57687500 -705.62907924 422.58158693
-53.03312941 -737.02513718 170.26502041
-42.42954651 -738.87211175 227.24395988
6.73642547 -735.46945000 365.09000097
-46.38490841 -737.13463925 149.14762119
-47.83929824 -744.34405941 179.17480335
-22.71863333 -734.50742857 316.69058893
-37.22677226 -753.00331241 260.27592424
-27.86974366 -730.63014014 308.31344047
-52.41655909 -741.62995909 204.93312875
-4.40375000 -768.42412500 150.67676512
-44.15962617 -734.11365888 77.13193988
-51.11092934 -735.46029843 191.24244698
28.10349286 -710.76837143 415.24889369
-27.34197752 -735.92013232 299.09691418
-52.12675965 -758.85929560 266.26029143
-44.96476465 -741.13690758 167.11345956
-32.99008052 -748.02760378 268.86642615
1.83475439 -738.30804649 353.42742038
-2.92127292 -731.69031667 352.75121512
-41.18124521 -732.89759224 268.87311032
-39.07967002 -751.01597069 248.07675639
-43.62416522 -743.21079130 203.41164338
-41.61270083 -738.09801867 92.20292362
-37.17042273 -734.50957727 41.42195603
-43.41551875 -737.11905156 115.85227293
48.84661111 -686.49718333 457.08350401
-55.59800000 -746.47200000 210.27296512
-57.09269524 -721.51100357 44.71453774
9.12684929 -729.68193555 371.19326914
-22.37556749 -750.38562181 297.26441450
-44.13183636 -741.23367208 185.29206771
-19.73758214 -740.85274286 307.01237583
-52.77359121 -746.39984066 234.27625523
-42.06645771 -732.52487709 47.29273485
-45.28410406 -732.78253202 233.07472616
-40.52826667 -737.11716667 94.38326512
-54.27749961 -742.04655185 206.16857625
-48.21115600 -735.49807800 209.30722312
-59.06513333 -731.35686667 48.55869845
28.69446180 -709.85556629 414.29135051
-10.36966102 -742.29205932 327.22473969
25.34427500 -714.67322500 408.81844012
17.53808077 -715.98357115 396.04433819
-37.18320466 -733.41723316 47.08167030
-46.65894881 -737.43207262 187.86440916
-44.88613203 -739.18640703 122.50141270
50.22989697 -689.61563636 457.36181360
-52.44958421 -752.36102105 243.47270722
-41.38835986 -741.76826627 224.04824564
-52.19646978 -747.74902563 218.51831527
-53.00400758 -731.58371667 48.55367875
-54.07437787 -729.92724467 47.78850600
-13.21080990 -742.08735700 321.08991187
-53.09217853 -749.05969661 223.98010647
-45.54837611 -740.43060354 128.27606689
-60.37107945 -724.59985419 46.29663279
-64.64252500 -728.41967500 49.42221512
-21.32847309 -741.84999687 301.81516338
-50.22096250 -740.40888750 132.22061512
-60.13676724 -730.50176997 47.78490865
8.73543485 -720.68644848 392.48210148
-42.01869954 -735.58388146 95.10636831
-52.79813435 -737.16723053 167.60308649
-55.96498278 -754.34707296 245.05799104
-59.66377933 -723.70331034 45.21940534
-43.78364704 -745.94563454 211.86241413
5.29518631 -732.85404107 362.21430708
2.23775776 -730.61124310 359.62079831
45.87060227 -689.55324318 451.13983103
-52.69513047 -759.43102578 267.06288152
-44.27991011 -735.47399494 68.09982916
-42.44378941 -748.02523840 227.14315624
22.79973871 -719.87069032 401.51636834
-12.36473381 -763.08001388 149.28532046
10.14707215 -729.26912785 373.15604486
-33.28825392 -750.99831275 272.03327982
-55.60817000 -743.15258000 203.94996512
-46.67346000 -734.46439333 223.19420512
-46.71288118 -737.48608548 181.89784791
-55.76670941 -754.93691765 247.72178708
-53.46253818 -738.04233740 167.06852662
-40.37424222 -737.58109556 86.09331401
22.70978923 -715.61116308 402.31447896
-9.03562119 -732.63419735 346.96958013
-41.80830205 -730.47622386 44.17908103
-52.67363846 -746.36934615 195.15854204
-41.73157976 -732.82643776 32.39381013
-48.09965865 -736.49600506 155.10439545
-48.36457521 -746.77213333 194.38365999
-35.37676667 -738.35443810 268.95030491
5.18438526 -790.98826154 157.00450935
-45.74247717 -735.45497826 46.63801403
-37.19486853 -734.60867972 44.30330917
13.80358200 -729.24929400 380.69514112
-9.66883528 -766.24945603 150.24237611
-48.22018000 -736.51465383 125.21138857
-62.03951194 -731.59720746 49.94629422
-29.83710599 -735.73166625 293.23751054
-44.17899231 -734.22862692 85.69530358
-51.26765040 -760.29090864 281.07953424
-48.19311159 -736.46762332 161.04197945
36.21966029 -702.57172819 430.76553075
-3.11084495 -774.77613568 152.22652879
13.58180000 -725.06154545 381.36139239
-48.85469615 -746.56590769 191.41282281
-41.77008915 -735.19380624 50.10677782
-38.83918873 -732.71862556 53.10201767
-51.07977284 -735.58864547 188.25856280
-22.01188718 -741.93942680 299.96893774
-50.63504185 -740.77371222 140.10333549
-60.78963805 -731.13174956 48.95787131
-59.82046119 -732.16472313 49.95589634
-37.95123989 -751.49445562 253.93547186
-52.25829077 -743.22605692 211.71092973
-53.50026266 -736.07783590 185.07945534
-16.40001579 -740.08596842 315.45331775
-23.83312870 -765.82451148 143.48124503
9.20389231 -721.07442125 386.06483581
-45.34969481 -744.37712013 194.58718297
-9.73565758 -774.06567879 150.53682421
-47.45771733 -752.50309067 230.55510645
-41.11597316 -738.72874867 235.90285656
20.22888642 -715.53955585 398.92319983
1.09302909 -775.82089818 153.84777603
-6.75032571 -731.57326571 356.13592226
-32.78695669 -752.87663950 131.12371111
-39.96432483 -753.51367788 251.23625902
-38.66037640 -735.50471800 53.25285592
42.57227000 -692.76715000 445.41280262
-8.83473864 -731.04912273 356.49123784
-53.72518311 -743.42739868 213.08022273
-52.61006923 -760.01336154 271.05020358
-0.91645018 -738.78401864 347.17022712
-0.84768365 -772.63294937 152.06727078
-44.64055850 -735.73487451 74.25146969
-53.03250235 -746.93250294 200.32906394
1.21623111 -738.88337111 352.56007401
-25.48013333 -755.66470000 132.61923178
-48.03657644 -736.50119042 158.24523613
-1.00319931 -733.63652014 350.42090401
-54.02275720 -741.96592298 197.16122399
-52.95441163 -747.41903333 203.06369457
-40.99627927 -754.56284795 251.02047894
-50.76860559 -741.43075435 158.21033732
34.98922256 -697.63671654 429.02327564
-53.75291187 -754.35880263 248.12823105
-50.51036907 -736.75636737 155.10446031
-51.95064583 -739.80104643 169.87841750
-42.07805564 -733.12689160 65.18511367
-2.73864800 -727.76351200 373.50947512
-39.57201238 -731.07796617 40.97263388
-4.29097188 -734.01898125 345.18193074
-54.11908744 -741.96774522 200.21642570
-37.15533673 -734.08560816 285.43386308
-41.95412385 -733.25203609 68.20610976
-0.48651203 -777.85990437 153.16688512
12.25107565 -729.59683565 377.27135077
-52.66031159 -758.78881739 262.70885642
-45.74975960 -736.78284495 212.12533431
-65.31911167 -724.71352000 48.91919512
-64.57900000 -722.30050000 47.94536512
-64.49052195 -728.16821707 48.99317731
-43.86104000 -737.74730214 221.05023083
-38.95286317 -730.17935150 32.10498128
-52.91490934 -740.81206693 139.15944955
-47.67785219 -735.17247092 215.29562647
-26.06782113 -735.03296620 304.68094775
-63.91191607 -727.42235417 47.34664041
-38.96479482 -746.64152670 116.99355912
-53.68419085 -750.33605988 230.19556553
-11.87607941 -735.79376618 332.26995850
-51.57144755 -744.88168988 182.10499947
-52.60041702 -741.28705532 171.19691831
-5.91333333 -738.81375741 338.06563104
-28.85535596 -744.76407890 280.32577154
-21.18515786 -736.20195886 314.33520191
-43.23188489 -746.69993556 218.53282956
-63.71617753 -722.82074494 48.83744264
-48.80923901 -733.88590165 218.28267336
-16.33661589 -747.68627788 311.90672493
-45.41279297 -749.76694601 221.48862869
-45.14878889 -740.92096010 161.14146057
-5.76374772 -768.99514550 150.85714506
-18.40927088 -750.63752473 308.04515303
-52.60480000 -740.31020000 183.31786512
-48.22346252 -726.90864403 47.61728492
25.96861667 -709.58036264 411.00423466
-43.41544695 -743.61159817 206.86931085
-30.29234710 -732.38939290 14.86221286
-42.19581167 -736.54206067 65.03810778
-52.06961237 -750.56178634 239.18942619
-51.15256667 -733.66169626 212.27816580
-5.87206904 -777.87397912 151.82475381
-59.72347495 -726.73005201 46.84463758
-44.49835200 -737.75859600 86.22826978
-40.67379444 -733.95631667 277.23025956
44.88272985 -690.51586791 449.23154646
-40.67452381 -737.54809206 241.42658893
-61.11738652 -721.42114157 46.11457186
1.55520000 -731.14332500 357.37621512
-27.14650655 -761.99648457 140.95689683
-13.45858182 -764.08060000 147.56067421
-51.44611318 -738.76870000 149.25394151
-52.06819815 -751.27748974 248.11822283
-43.98999943 -748.95577966 223.85573045
-51.05411267 -736.61768341 164.21356579
-59.54986312 -721.45622875 45.15761012
-41.20952409 -731.07884695 41.12236664
-28.16086733 -752.84952574 285.13184828
-51.44706515 -758.04817323 274.55441411
-37.07686036 -730.90864201 32.05676393
-47.90273436 -747.93110859 203.13537125
-41.90805023 -735.45268455 53.36175466
-47.64077118 -751.90547192 227.12843827
-50.51447760 -741.21505437 155.12815678
-57.12964529 -725.09024382 45.90907835
-41.64497652 -734.55479391 41.12321294
-46.64584667 -737.41864000 161.23387178
-51.27965635 -734.94422460 200.16844485
-56.96459035 -726.57412120 46.72585389
13.06398947 -715.95165263 398.21636512
-26.08348508 -741.58190698 289.57847369
-36.05279953 -747.94007258 119.21158705
-57.08160560 -732.49477015 50.03985355
-34.97741753 -737.61503196 274.97870532
-51.94651865 -738.47774757 158.06257268
-52.67809265 -741.56082279 173.50803129
-11.89495794 -765.70760663 148.89880251
-38.84488568 -735.77633626 62.09018521
11.32502500 -719.36875000 394.14176512
-53.19024751 -744.77479337 227.24549495
-53.48733439 -748.19815260 218.51163246
-42.24083762 -732.87617583 56.12056999
-3.87799503 -741.61179193 341.38397692
-48.21209584 -736.40830012 179.17607835
-56.92275372 -729.95490047 48.02641674
-45.83176355 -736.87751308 209.45273801
-15.14764926 -771.73094529 149.89154412
-36.32565948 -748.98660560 121.40277050
-54.16927143 -737.47450266 175.85593688
44.30080777 -694.83387128 443.43733708
-25.40920000 -731.20066875 318.00928387
-46.24310370 -730.96403827 233.55285524
-44.61464965 -741.73806725 181.99974469
27.46163000 -707.99005571 414.95943083
-28.80993333 -755.36738182 132.54589542
-57.13103111 -724.04138492 45.06585176
-23.30769439 -752.84403178 296.50685203
3.64666226 -724.35127736 380.05132738
-44.73966000 -740.37195000 126.49983512
-52.08569808 -748.31567910 238.92407574
-33.46434822 -751.94390206 128.13960660
-51.09624551 -747.68377545 200.35696302
-51.12671767 -736.23062684 173.18425079
-51.15311682 -761.49634720 284.90104128
-48.88034121 -739.65326424 131.01658693
-51.47530306 -744.12576852 176.48592333
-54.52422364 -723.44919673 45.44264330
-52.78953383 -752.08034428 241.51249273
-24.01795106 -762.17259766 140.73350214
-47.88178107 -748.42537041 206.19018168
-48.19055922 -736.49310070 170.20768127
-2.34374255 -735.39385638 346.65137966
-40.81940636 -740.70201773 232.91381648
-45.15688957 -735.17870122 101.18123764
-41.45775306 -732.49813787 26.21196466
-40.04209336 -750.27742266 242.25479090
-52.22468981 -741.47424491 202.99407908
-57.34216292 -747.68632484 224.20030644
-57.76532345 -748.84667522 229.81854388
-57.62385090 -748.16957028 226.89258696
-44.69788099 -739.02824099 134.31791402
-56.70842082 -750.05298838 230.60791185
-42.29953333 -737.38663846 74.95733435
-47.80765490 -748.88674118 209.00634551
-13.80762515 -762.14167362 148.06659763
19.24723276 -720.12879483 394.15400822
-57.73052245 -746.13440612 223.07170185
-39.38475319 -733.08029149 20.12241724
-18.28531401 -736.54447280 320.37013078
-57.53974884 -745.67427302 221.03904209
-42.81117384 -738.95422939 224.19329648
-56.62750942 -750.80447000 233.26306081
-56.98169170 -747.38171208 221.25740625
-12.43345509 -736.64647407 329.28611882
-57.75000000 -749.21480000 231.87456512
15.01126245 -718.36684319 392.32554858
-34.14097982 -736.95572982 281.07979319
-53.34435960 -741.65968016 188.24060727
6.07295398 -723.30091681 383.00502087
-56.56195264 -751.75938965 236.14316443
-28.19022424 -733.85973737 300.14407118
-45.42850896 -735.35313986 86.20864696
-57.12688496 -744.96029071 218.03857254
-51.99385946 -739.86336486 173.18230115
-50.02780219 -732.36031967 221.09803615
-56.41401211 -752.78661447 239.19527997
-44.29986921 -745.50020965 206.03449100
-24.45170773 -756.56312194 134.59664569
-56.56762929 -747.14230607 218.14188411
-43.51068000 -738.39308000 128.27454512
-45.21486054 -729.87996963 46.62490665
-47.90407633 -740.80037122 134.66468797
-56.23067054 -753.58278568 242.08184469
-47.32688649 -735.01246689 218.02306208
-25.10549857 -750.70229355 290.67682390
-53.57655364 -749.79951971 227.30713491
-51.15344171 -741.57295456 161.17142824
-53.17092478 -751.88869196 238.94134865
-56.36755206 -744.44701163 212.18805208
-56.71220000 -743.23910000 216.94946512
-51.89722269 -738.99101875 163.96000308
-46.47827500 -743.42162500 179.68019012
2.16318728 -783.88573675 153.47948278
-56.04071729 -744.40041282 209.26420982
-55.87181100 -742.88381955 212.26307469
-43.17962577 -741.79874124 191.71279501
-46.01781814 -737.01965343 140.05603325
1.05010000 -740.72006667 352.77888178
-55.85936182 -746.59074000 212.46854875
13.35146667 -722.36550000 384.79603178
-55.81763437 -749.41208437 225.02584324
-41.34620638 -732.84535536 248.24796425
-55.76922540 -744.17130355 206.37368661
-55.69185909 -755.42477727 249.15886284
-55.69751058 -743.04762596 206.38319685
-51.50181762 -741.74146043 164.20574357
-54.40501429 -737.34062857 178.04556512
-46.97949360 -737.78216480 101.38333712
10.73554737 -727.57215965 375.14046687
-55.64151933 -743.88987815 203.90700965
-50.18166667 -743.43177778 167.97574956
-47.76076042 -746.91714134 197.54880717
-55.61723529 -755.62707647 249.97127100
11.85148131 -724.02518694 380.31012683
-55.20168137 -745.21936312 205.79511417
-52.59283333 -743.36440000 177.56663178
-42.03249079 -744.77750039 221.14590750
-53.73838423 -751.57073237 236.17190108
-38.31061250 -755.36246250 262.57917762
-52.75387500 -734.36232500 205.06054012
-54.11705390 -732.77507005 49.68788608
-54.01595546 -726.68730234 46.79946581
-28.17808072 -739.97668434 287.56858560
-41.29080476 -730.18420095 20.15192226
-46.04541466 -749.64765000 218.43497287
15.24125948 -714.49068534 403.86134701
-40.29384435 -742.89979391 224.02582338
-53.89269062 -753.01329775 242.25875675
-54.66463942 -747.08627591 212.12863665
-51.28469007 -754.80656358 262.53296026
-55.21500250 -755.41137167 249.34090178
-46.42827857 -734.19025000 225.06344369
-43.54492000 -740.76986000 177.10236512
-38.65935816 -735.57639492 56.05506827
-55.34216591 -746.12645000 208.67934239
-19.04608809 -744.87646979 305.38541661
-42.39332393 -734.10424402 83.14641383
-53.17325248 -748.67795633 221.36854525
-51.89797350 -741.21504099 197.15655891
-53.93746225 -742.88444687 211.76663199
-51.89239440 -756.68266879 260.28534184
-41.02258686 -740.92915714 230.35797512
-51.94878674 -748.29672685 236.21560936
-43.36924981 -738.20108927 119.08607546
-41.36480539 -732.33286108 23.34823757
-24.15348909 -739.04976836 299.69473712
-54.64036552 -746.69341724 209.43489098
-28.66950000 -729.76975714 307.06565083
3.55827042 -725.05733662 374.42547498
-31.34565025 -744.72518374 272.94078384
-45.35883433 -740.64507425 155.26512692
-52.21615100 -749.13241500 244.20664412
-40.37390000 -734.48213571 34.67661512
-54.14720476 -721.92320774 45.16787762
-4.68888421 -742.13652105 340.08991248
-55.11753611 -731.15573056 48.77002623
-52.93215729 -746.60425208 197.49209428
-42.19617311 -732.90317406 59.18590545
-53.58433613 -734.69184706 50.59937268
-54.84372862 -744.27097644 200.24717349
-53.22084132 -754.78314048 250.91210092
-53.02612500 -747.74600114 206.23976057
-42.28352212 -732.16948274 43.99225671
-53.59191243 -736.31465433 182.04360810
-45.95235549 -738.48244913 104.37995182
-52.71006245 -759.61899802 269.08694852
-53.57571329 -736.55668422 179.23279361
-53.71550439 -743.57450791 215.17787039
-53.45509847 -736.77814297 176.32772562
-52.77420617 -741.12966617 138.11436904
-21.25925206 -761.91998933 141.10325014
-53.43900829 -735.76485968 188.31457884
-52.35843385 -749.60302612 230.39353390
-53.69941149 -743.75449021 218.15682239
-53.61230897 -743.93387923 221.05452993
-54.01249892 -737.65853758 173.19844978
-51.92909724 -738.57965705 161.18438068
-33.80482921 -739.36421994 272.29927439
-53.36025435 -735.57514699 191.07211094
-53.29777674 -735.27280535 194.12744930
-53.14765540 -734.99969620 197.20021112
21.26399146 -712.27223780 404.88229944
-53.20723969 -736.87896521 173.38649089
-37.30689892 -733.74150699 49.99406995
-52.05429828 -741.32116581 200.11476877
-53.39063799 -744.18837461 224.04106216
-46.76587439 -730.91409634 232.35151268
-53.12151162 -734.74955763 199.99591863
-51.07259531 -738.79569561 146.16049071
-53.21292032 -741.75741099 185.19986476
-40.23960472 -736.22935330 86.04784861
-51.77041582 -754.31324055 257.09068910
-40.85922228 -748.81800435 235.78445751
-31.45695714 -743.52934286 120.60763654
-38.77268500 -735.12697958 272.32008470
-26.54656353 -735.59698984 301.73754460
-30.89704856 -730.91514808 299.36844060
-53.09513762 -743.94835381 185.25719369
-41.83466471 -730.64811070 251.05123731
-40.61775556 -740.43734444 235.01387623
-14.72147875 -774.58366768 152.13665875
-53.20469167 -743.29546667 213.95380678
-53.06743223 -738.74270557 161.30672250
-53.00209307 -745.42838795 230.21606090
0.11744014 -726.92949456 374.03032022
-24.81678457 -733.49118517 311.76603385
-38.34486744 -747.69918656 245.20941680
-52.82466269 -757.95402691 259.39166420
-52.62230000 -722.26750000 45.73836512
-44.23938994 -738.72883696 128.16170331
-52.84876493 -746.00625846 232.84315865
-52.79979351 -758.44667013 260.84796122
-52.91282321 -741.87597965 179.28877166
-39.04047407 -743.75871162 110.72431346
-4.89280125 -738.37376250 340.29808887
-28.67276000 -761.49558500 140.88815512
-51.26090083 -735.01743000 49.40361053
-50.65229908 -750.37900642 215.33145044
-52.73492550 -755.10238450 253.30936662
-46.67435844 -736.10173636 92.58381577
-52.79090753 -734.06641667 205.75278071
31.21036107 -708.94220000 421.25518391
-38.34059145 -750.95430206 251.10875892
-27.20996587 -754.39185005 130.92372838
-52.68680208 -749.22991250 226.24546442
-52.77847493 -741.79191420 176.52309671
-11.96645546 -732.64681790 347.34879132
-52.92806667 -746.23664444 235.43250956
-52.72491097 -746.81951097 236.06483565
-52.72612951 -740.17513279 139.05360118
-52.69322549 -743.52644314 179.62022296
-52.66644000 -733.63642000 208.35990512
-51.53120000 -743.38415000 209.10041512
-46.66934545 -731.43425455 231.90921057
-52.63348455 -747.29776091 238.59641239
-36.12973929 -731.92064439 17.19325287
-52.61737500 -752.19847500 243.80739012
-30.91803082 -747.58987026 122.74474701
-52.60123333 -740.27293333 185.17353178
-52.60963333 -737.28850000 165.31613178
-52.63600000 -740.28290000 186.92226512
-52.21154659 -752.94119732 248.32960343
-52.10934462 -748.07932335 221.26090800
10.75386000 -719.45166000 396.98092512
-51.88227556 -740.61065088 188.14695622
-35.55997586 -741.72921207 113.22957992
-52.06446466 -759.04207726 269.28467114
-24.04289398 -759.33037545 137.76610961
-52.30910425 -752.58147398 245.48681954
-51.60791602 -744.46615971 179.32116706
20.36699070 -713.03654419 402.22773023
-34.13691268 -747.40540756 263.60707365
-51.93069080 -740.91761024 136.81141022
-51.18351628 -736.35627235 170.17269429
-51.99795759 -738.74776827 155.04340564
-46.34675517 -743.63448621 182.14159443
-51.64096522 -749.00824928 208.96011439
-52.24027879 -753.30212404 251.25258576
-52.16136980 -740.50662450 182.30981734
-46.14058071 -737.04480305 143.16834380
-51.25398055 -734.72635855 203.13841124
38.81801568 -699.77618047 434.10032729
-28.47880000 -745.86158000 126.48554512
-37.35884406 -739.78215099 254.76767304
-52.16314780 -756.06746746 257.53809996
-0.13607705 -774.68132358 153.02568364
-51.40705208 -745.39903866 185.10016991
-51.80530000 -739.57507439 167.10800251
-52.14711656 -745.78353312 227.34695684
-0.27362353 -730.50787336 356.41452982
-51.13958268 -736.49766742 167.18832343
-51.11595251 -729.96689461 47.22123905
-52.22096632 -758.64910151 263.44046941
-51.11672682 -735.94962602 179.28082937
-51.18837133 -735.71126503 185.15102530
-23.76384585 -732.36228814 323.37786235
-51.97164577 -740.75212739 191.05961917
-52.19781828 -749.90226464 233.29626800
-52.48322000 -746.15951000 232.34051512
-51.23652610 -736.12360265 176.21857481
-39.61037996 -744.67164578 235.99703263
31.58009417 -707.67310194 420.46615735
-52.40518080 -755.53008320 255.24742912
-51.14546305 -735.83661068 182.00624312
-47.85416418 -751.50181237 224.18339733
-52.12924231 -750.27591889 236.24992122
-37.18758894 -750.04156533 254.50984401
-51.98067157 -733.51749510 49.11683080
-26.09452222 -732.05147889 311.61555289
-41.73482746 -738.27771254 95.14915347
9.13335000 -721.49147035 383.34583837
-52.16283051 -743.04870169 209.52966286
-43.44933210 -738.39479753 125.15570215
-43.20017759 -742.02589655 193.67514701
-51.68522861 -740.48007235 185.21135904
-51.17751937 -735.28339631 194.21099620
-46.24977989 -737.07140172 146.15033351
-52.45213286 -758.41886143 261.36676940
-49.14743333 -731.28640000 225.37513178
-52.37494235 -743.85804706 217.65532276
-51.12857601 -726.70383253 47.06438089
-36.61862913 -736.59965472 272.35793362
-52.44235714 -722.09674286 45.51529369
-47.34026489 -740.54608168 131.52242008
-51.21102892 -723.93740141 46.63710762
-48.08103243 -744.13117683 176.05974349
-37.13699005 -736.83362308 266.28412258
-21.86713041 -750.83054368 298.80983642
-52.27984828 -743.58556207 215.18282316
-51.62092278 -745.73587611 188.14394789
-40.14291285 -736.19897639 248.47836998
-31.69635455 -730.85867273 298.20811057
-51.36743068 -748.65174091 206.20880603
-45.08198147 -738.41983000 203.23612541
-52.01295792 -751.09480356 245.11939397
-44.48696576 -738.58503763 209.50427257
-39.80947390 -751.06623312 245.24011242
-47.78482373 -744.76817034 182.37144732
-41.74270000 -743.10408509 109.21511667
-52.36158276 -746.15929310 193.37523063
-52.21840103 -743.38419485 212.83335687
10.44160000 -731.20560000 372.59586512
-51.71759763 -733.89472068 209.30092647
-45.72910504 -733.25366427 230.54196488
-52.32460882 -744.49028529 221.37691218
-51.39965389 -748.09288683 203.19637709
-24.99584350 -747.78735045 290.23699744
-52.05438519 -740.13974074 179.21670401
-52.21833350 -752.03363005 253.70248925
-38.48390383 -735.60562967 263.21862469
-33.71066771 -742.40418341 263.36175592
-32.80565443 -738.65342872 278.35888542
-40.23102277 -733.88552673 257.15831561
-52.00502000 -722.27608000 45.79716512
-51.47662207 -740.24311081 182.38743268
-51.58138099 -756.87043348 263.08446124
47.68617500 -691.65394000 450.39707012
-40.21629315 -734.02042466 272.32112813
-46.70022778 -743.15432778 175.42061512
-50.41481603 -740.97050401 152.22898832
-47.28676429 -740.19482738 139.88908535
-51.24582021 -743.85715638 173.52592044
-15.01974569 -749.90153793 317.10284356
-0.05430424 -786.79293819 153.22081094
-51.60575611 -759.65895805 275.17935393
-21.02424444 -735.60818389 317.14970956
-52.10600000 -749.13894000 211.28859512
-50.81054278 -736.65477167 161.19960892
-44.99051092 -735.82882420 113.18078327
-44.36590379 -742.63537424 191.11507118
45.73047564 -693.59297436 448.75130358
0.73685939 -731.95504061 355.66441603
-20.13900175 -734.66222193 325.95835108
-48.24925705 -736.42600820 164.24569282
-20.93285426 -768.87595106 145.89021086
-50.66269722 -749.49700556 210.13609012
-7.14541333 -731.41014667 358.90027845
-51.91220000 -752.21786667 256.55038178
-8.88347096 -765.49086164 150.92460073
-51.36603438 -759.99041310 277.99335053
-50.81268311 -738.68844161 134.37206985
-38.72166096 -741.76020173 241.85750435
-51.45484429 -757.03819062 266.09807206
-51.47734031 -757.39296740 269.04204857
-36.07227993 -747.81708861 257.06535168
-50.47668883 -736.68674630 136.59988409
-51.11824605 -762.16802434 289.01393946
-51.24817161 -760.85900036 284.06654476
-38.69767715 -735.16842734 269.04068646
-33.78464372 -750.58611047 269.26321040
-50.19094926 -734.48074559 208.65623570
-47.42594153 -742.77098390 167.14088207
-51.29638333 -761.34336667 279.52994845
-51.20064362 -761.48229681 281.36340661
9.37553511 -720.60180426 388.92489490
-44.64135329 -745.37098819 203.14612322
-51.23763750 -755.13258125 265.30156512
20.94401412 -717.65942431 398.40788002
-50.45993088 -740.64140829 146.23611949
-50.37303247 -732.92958672 218.23050940
-50.85657534 -761.02094932 287.03375279
-50.23269055 -738.57282861 131.37825275
-15.64162054 -759.88009096 146.15751854
-50.24826526 -750.87642316 218.00889775
-4.66870000 -785.44097500 152.39679012
-50.15506429 -746.40127857 189.38900083
-6.84515475 -736.29610894 338.57510813
-50.25131738 -736.87523782 149.17425643
-50.43012718 -740.57916796 143.13131512
-46.60088750 -737.34422500 155.66584012
-49.92515284 -738.42335225 128.36589427
-49.92776226 -734.90317736 48.50625757
-38.04213798 -738.42236126 254.20558325
-43.93548121 -732.04752819 238.82053827
-49.92923033 -737.00636067 143.27885345
-49.78121077 -737.09285673 134.44127223
-49.80442087 -737.08060261 140.31765338
-45.16818950 -735.86103228 224.11748967
7.64260000 -722.38625000 391.73781512
-8.77025000 -731.51978056 361.54703734
-49.70469091 -731.85018182 223.21635148
-49.74181429 -734.35737143 211.35235083
-46.47183043 -737.22548551 151.88064628
-49.66371263 -738.32543579 126.10619670
-45.61169825 -736.66274254 215.39064582
-7.98757368 -782.52534211 153.01205810
-49.64662738 -737.21558929 132.02696035
-49.66081176 -751.64571765 223.21564159
-25.61590000 -737.33300000 300.88066512
-49.59160000 -737.29000000 128.51128512
-43.07453817 -738.18060249 113.54494561
-49.59275000 -737.22400000 125.55671512
-48.10393260 -735.44846583 47.68949364
-48.02864403 -741.71284712 155.17565154
-39.11075514 -733.94191233 32.09312368
-49.39727000 -734.25162000 213.10412512
-41.94729643 -735.82576154 239.20645358
1.66093265 -781.60051633 153.55557124
-48.31043402 -736.53272223 131.40685200
-47.84301704 -741.96528365 158.37860720
-48.23397311 -736.44913671 167.09225197
-48.50884337 -736.53319525 134.08446403
-48.15700692 -732.92456295 224.28998588
-48.23004424 -736.58141886 140.12431394
-37.07405049 -739.27750631 257.19838890
-22.03672228 -753.29651792 135.34851427
-48.33331697 -736.56925487 137.06734779
-47.95039658 -736.52058890 185.19799279
-43.31875380 -739.77474304 215.61723980
-34.36394744 -740.77774615 114.41219845
-48.21818211 -736.30107744 191.13092482
-43.69193774 -734.69952830 59.46058021
-46.71236134 -737.52770309 173.24986460
33.17627112 -705.74347948 424.81065336
-48.14877291 -736.18522587 197.11403457
-25.22721364 -740.09180909 294.16744239
-48.18255569 -736.40956426 181.99674783
-41.71824163 -739.62174522 100.89071611
-49.11914571 -739.41296571 133.40685654
-48.20982286 -741.17070648 148.88855293
5.63426912 -723.18108676 388.83593276
-48.15924936 -736.49062096 173.20792512
-42.81296164 -738.12145205 110.23311923
-48.45625195 -733.51631592 221.21641677
-47.88586711 -750.41826342 218.24988827
-43.01334765 -739.22671127 221.24994892
-48.26375957 -740.73836206 136.68473178
9.37207358 -732.65323443 370.99555097
-48.14074024 -736.55204116 143.23923417
-43.06258597 -733.25923122 239.55974611
-48.78711502 -724.56842763 47.49831226
-42.69941743 -734.19611101 85.70339264
-7.61301875 -741.29588438 333.82229012
-47.39950584 -740.03507338 137.40917096
-44.23207045 -737.61923864 83.26297724
-48.00698370 -736.14967543 200.14031378
-41.20936132 -748.28633779 232.97794105
-48.20669348 -736.55611540 128.18164653
4.57205000 -737.74495000 360.22930797
-48.11287601 -729.50572480 46.94708051
25.24205000 -703.33975000 417.84876512
-48.04734192 -735.84727686 206.11342800
9.73442329 -725.76279863 376.30392402
-48.31508212 -732.62182154 47.35295262
-48.07486161 -741.42529707 152.33352355
-48.28890994 -739.18602973 125.34197420
-47.95955335 -736.02815112 203.20194275
-31.35435946 -749.64698919 276.20037593
-49.55140000 -735.48740000 48.69366512
-47.95972620 -736.53411849 146.13403761
-48.18028037 -747.46187905 199.78740915
-43.41350000 -734.28340000 91.32096512
-46.38941833 -737.13423333 197.24507678
-48.40316336 -740.45195191 140.33978878
-48.04100805 -736.28833161 194.14985286
8.01609691 -784.74981180 157.85414133
-49.32998000 -746.36276000 189.18630512
-48.30645781 -749.64487969 212.42858074
-45.38676155 -738.88309390 170.15718212
-36.30240152 -733.75873916 287.44191797
-49.08331000 -749.44516667 210.16948178
-47.46203103 -745.82741494 191.15273523
-48.01318129 -740.64950951 143.64514303
-39.49462244 -733.48279972 65.07282550
-48.01148165 -735.30655814 212.21090879
-40.84064815 -745.87134568 115.38386265
-20.18272273 -752.49365909 304.71063330
-19.38541200 -761.77828800 141.45947712
-48.79370833 -743.45818333 167.84752067
-46.97013354 -734.76372484 220.77738872
-47.65243490 -742.54292941 163.96316865
-47.73113216 -742.23482157 160.99229021
-43.02453026 -742.20422105 197.26699801
-44.93318604 -739.18011810 119.16204349
-25.76674400 -731.49696000 317.29178912
14.86397846 -716.92565692 397.81029665
-34.81002270 -751.59070982 268.35631113
-36.27139352 -732.49118294 26.51693781
-40.33456311 -749.67580328 239.77117577
-22.50091429 -743.18070000 297.46200797
-48.02239504 -736.42115023 122.18954047
-48.01666013 -738.75620134 119.15969760
-48.42240571 -731.13832000 227.86042512
-47.65993842 -732.38063793 227.29206388
-40.71862130 -734.81659907 247.94640401
-47.91073576 -736.41202309 119.15796564
-48.35120385 -752.37900000 228.11827281
-47.86515169 -738.61041892 116.27282373
-47.81373478 -736.40031937 116.21498666
-47.68382953 -738.46569862 113.21314012
-47.64733832 -736.31645931 113.19807552
-0.05177437 -783.70742391 152.86837727
-41.64470931 -734.98168449 47.31840903
-34.98076126 -740.83797801 263.20364260
-44.72295982 -737.87836073 89.11084183
-47.52755339 -736.27201050 110.19772201
-40.35791439 -746.82757879 233.65142421
-47.48944484 -738.33615228 110.33531140
-46.49005714 -746.35267143 198.42979369
-47.10765802 -752.14508855 229.80939794
-47.40247616 -736.31083912 107.12031396
-47.40806080 -731.05833200 230.46606592
-7.10017532 -744.41048766 335.31552258
-42.08677301 -737.00412699 71.21097485
-1.06011618 -741.19851618 347.27966070
-47.39018651 -738.08545000 107.35532504
-25.65711852 -748.33732593 288.91833549
-47.07271360 -731.89806654 229.94298313
-47.21350180 -736.21977784 104.29532388
-47.15860296 -737.95863448 104.28377842
-46.99502192 -752.88551301 232.80063498
-47.03924045 -749.02978090 212.15602916
-47.26814286 -749.18371905 214.59464131
-44.89298744 -741.48179436 173.17115486
-46.98946851 -736.17279362 98.31169746
-8.82325111 -734.50635778 340.52681845
-27.30962521 -760.51429619 139.48879265
-46.81970217 -737.58431522 98.45589229
-46.80669487 -736.23631846 95.20730409
-46.83596786 -740.41234286 128.61831869
-46.72702632 -737.39020000 95.74260722
-46.71820800 -740.26929600 142.78175312
-46.72135417 -746.21435417 196.74688178
-46.71909508 -737.52273033 176.21134708
-46.71539832 -737.50608655 179.09489915
-46.72581325 -737.49206026 170.17357174
-37.20987358 -743.65962075 245.42939814
-24.58570122 -733.16030884 313.91484865
-46.68677014 -737.46410903 185.43025817
-38.04833179 -740.99276667 248.14551896
-46.68418462 -753.38503846 235.09994973
-46.69106557 -737.44444098 167.02960446
-46.67231190 -737.43657857 164.29224369
-44.82427453 -739.27646340 146.18259233
-46.62629583 -737.37015417 158.30998178
-45.69423609 -738.68173132 187.60596464
-45.42370786 -738.89442882 173.21399961
-45.21747889 -738.94079099 167.15615709
-45.37832858 -739.01920792 185.44645609
-45.15531660 -738.83732524 161.03119386
-44.68900296 -747.74085537 215.18913972
-43.89297123 -733.87383493 62.20640690
-25.17348636 -731.16124091 323.02811057
-45.73696602 -736.93740334 134.13425425
-45.65668286 -736.75888048 131.18399939
-46.07963171 -733.84586402 227.55530475
-45.24243252 -746.77204009 206.32343004
-41.77352466 -748.05683762 230.08592395
-45.07146882 -738.17162366 95.13567049
34.50313333 -704.45958667 426.39640512
-33.34726269 -747.66750525 119.32153262
-45.14936264 -735.31803349 104.17227127
-45.22434973 -736.39606519 122.08881538
-45.12979439 -738.69346362 155.16657572
-46.55483333 -737.30736667 159.13416512
-45.61240802 -740.56258312 152.23854950
-42.49096476 -744.78459114 218.20464483
-45.04901443 -738.60618582 98.27251563
-45.40269980 -736.46811161 125.15781257
-45.89567127 -736.96984145 137.13819239
-42.20615211 -737.59843052 80.05528343
-45.28592577 -744.95379417 197.25147805
-45.66861875 -738.72864896 107.33722293
-22.07589881 -739.86830040 302.16310425
-45.50414399 -738.89007137 181.93832638
-44.98981143 -752.76016791 236.49430446
-41.53977208 -732.71822877 29.27710643
-40.07376905 -736.02664851 83.17379369
-45.37858503 -738.98927500 179.28564810
-21.76280525 -751.65072782 135.06865987
-44.94853506 -735.45436847 107.16029806
-40.87204783 -731.61854783 14.52739193
11.69341667 -731.95149444 376.62881789
-34.96442692 -754.25232479 271.67692281
-46.50715000 -737.26046875 154.74970887
-45.98086542 -738.28925216 191.10237520
-7.93868000 -730.50277714 364.52555654
-45.15831445 -735.71319263 80.19982559
-45.41277335 -736.19781777 221.02116537
-32.25130739 -741.40791392 271.92842165
7.94971429 -722.51562500 385.75615083
-45.43576758 -727.40029361 47.46987471
-39.03789595 -734.13384737 35.16551694
-41.10120825 -729.84054168 14.19497812
-46.07565442 -752.61126735 233.77899505
-12.03018451 -733.05090796 344.35931113
-44.76215436 -750.31263546 227.22304864
-46.20860952 -740.53949728 133.93994947
-46.11318750 -740.40001919 146.50820349
-45.00582977 -735.03305797 98.20140942
-40.09642990 -742.40588804 230.50802512
-45.12602875 -738.79532638 158.22929073
-45.13231458 -741.07492750 164.15813970
39.68799737 -695.97048684 439.61410459
-45.80811325 -740.54969603 131.21450022
-38.99817723 -730.49652921 35.23198319
-44.97345429 -735.62344049 110.16522538
-46.25526429 -737.04849898 200.18159267
-45.08031802 -738.63715031 152.15645661
-45.94758533 -744.01070667 188.21244245
-38.59330065 -735.84354859 260.38406598
-45.97635982 -736.95216518 206.07277494
-44.94461325 -736.07386854 116.23578482
-46.36022727 -749.41295000 215.87537875
-46.18210213 -743.84563191 185.16818852
-45.08795915 -734.97334202 95.15800502
-39.87868233 -735.83434526 251.20670477
34.07372590 -699.76126115 427.14646296
-45.01995287 -739.14373842 116.18127825
-45.73596077 -738.52564308 100.97837050
-39.20023930 -734.71419389 41.35665289
-44.69064847 -738.81682096 137.07703222
-43.72110213 -754.39037234 244.09262895
-45.84737950 -740.45455901 149.03697133
-44.51256460 -751.48131808 233.03301631
5.05606400 -737.80875600 361.68564912
-45.53396454 -746.57406241 203.86828427
-44.93176487 -746.98353087 209.26600238
-45.62906936 -735.49257191 89.18305575
-44.77447219 -747.33244786 212.23026331
-44.24342500 -734.21101250 89.07516512
-44.73831629 -739.18132059 125.43906486
-39.14831663 -733.72531044 28.96870496
-28.22823645 -730.94937383 305.43032119
-45.50276653 -738.90803108 110.39360496
6.13645474 -724.26808895 377.33361512
-15.02004026 -733.96052000 335.76794985
-42.08332675 -732.99722800 62.07720712
-39.07285726 -730.84037490 38.20290640
-44.77678738 -738.81906790 140.14644097
-42.03658019 -741.28703463 104.16994889
-45.00314096 -749.92507976 224.33845757
-45.81447910 -738.29464212 194.19595290
-37.78500660 -739.14887075 109.13567078
-44.77005700 -741.17429650 170.14754962
-45.38249226 -732.39827508 46.23944155
-16.80062143 -732.67860000 346.26247940
-46.17161000 -740.35991000 144.46344512
-42.04471253 -735.68028789 56.18316240
-44.43963859 -741.43326610 179.34989220
-46.49840000 -731.01280000 231.68256512
-36.41346690 -729.97929216 20.11124944
-44.95657875 -738.01539875 92.27124428
4.94607452 -778.66163784 155.96053963
-44.90440922 -738.74827589 149.26422375
-45.61588879 -738.28925402 197.18073092
-20.65171688 -750.74267144 302.14087276
-45.36649267 -735.54480196 83.19983406
-43.47277333 -740.85554000 179.45204512
40.73987692 -698.41233846 439.47704973
-44.67089389 -735.65201079 227.23660157
-45.45193955 -730.76566836 236.00665269
-45.39434377 -738.30275112 200.08748045
-44.31629974 -753.13679470 239.14648167
-37.91159284 -747.75721625 248.12572903
-44.61316271 -748.30162329 218.11140092
3.11290059 -787.12950030 154.00351615
-44.87101111 -738.37998556 206.08919882
-17.91084760 -733.64516642 335.47734298
-44.37647156 -738.82777330 131.19807333
-44.49264638 -735.59195702 71.21172554
-44.39708081 -748.76013361 221.03094966
-44.26875637 -738.61319528 212.02525427
-40.75776389 -734.42473333 35.21078456
-44.27865260 -730.62362486 239.29456338
-44.51870000 -734.29800000 91.48936512
-44.04434812 -751.97683011 235.77399845
-44.12767984 -732.26033952 44.49773286
-34.49155000 -734.21830000 288.44476512
-44.06886436 -741.12427921 101.06157155
-37.45887500 -731.23408333 37.08478178
-43.24407905 -736.91458986 112.97278133
-44.08428927 -738.37931102 215.31891512
-44.15129231 -734.14361319 80.08287391
-6.04485182 -730.52103591 355.97916921
-44.45662069 -740.57958966 99.32965477
-38.73397944 -747.61995888 119.08078685
-44.13730675 -734.06041718 74.13345775
-44.07064891 -733.94323139 68.13921767
-39.49037354 -732.75494978 17.17939561
-42.11478376 -735.85558595 98.13249632
-43.99383583 -738.07353361 218.08795956
-44.05184872 -735.32342885 65.25890806
-43.98237714 -737.46953429 80.44086654
-44.02423333 -733.93063194 65.18961998
-44.03557115 -742.92735192 197.01516319
-43.91162476 -734.88061433 232.78502863
-19.08026804 -759.38421453 141.19629175
-41.83856467 -751.18898915 239.05860657
-33.57420366 -733.66143455 290.57437528
-43.85323985 -742.11911128 103.97586662
5.28286264 -780.90815319 156.03434600
-43.73175050 -733.84863168 59.27386215
16.02844000 -711.98354000 406.09046512
-43.83460000 -731.28920000 45.63491512
-42.66688623 -740.62437029 102.01346657
-40.72014828 -755.14670862 253.16853581
-43.79163902 -743.02752195 200.01931146
-33.11619763 -751.00218281 125.13262827
-43.74092222 -731.83482222 42.30618734
-43.72280926 -737.51035370 223.62999104
-43.71372222 -737.37587778 77.93728734
-43.68612128 -730.26358298 241.12133746
-16.48569310 -762.10082414 144.56277201
-43.64141667 -733.78585000 56.83957623
9.30656102 -720.10522034 394.85016003
-43.62915769 -749.18459615 226.13506512
-42.15511850 -737.19417181 74.18529067
-43.61670000 -734.43985455 234.91008330
-43.62815000 -740.38850000 211.61271512
-21.49276189 -739.36338981 305.25578398
-43.58760000 -735.25860000 42.62366512
-42.92156379 -736.47918807 107.16149145
-42.18942470 -735.93709225 59.06927819
-43.23047430 -752.57126308 239.59774315
-40.54350000 -737.63430000 94.81986512
-43.08311215 -749.76691657 230.35282055
-43.08873664 -744.40323402 212.25712710
-16.49601875 -749.53454375 312.42790887
-43.20000985 -739.53087611 218.29195847
-43.41448091 -749.45391091 227.92299784
12.43585665 -718.27319480 394.81391714
-43.33864524 -741.62770476 188.31388178
-43.53323333 -737.27383333 118.01309845
17.83911408 -713.86856761 403.83679188
2.26191803 -775.79280574 154.12948233
-41.94316115 -733.61655584 74.22217382
-41.75853763 -735.00094040 89.23384163
-42.71076198 -750.22798531 233.29283647
34.34716000 -701.63868000 429.90838512
23.82528450 -709.29499768 409.96672662
-42.96024864 -747.08494864 221.36287932
-43.26558022 -738.21619813 116.21453489
-43.20289559 -730.58680308 242.23465322
-42.89603875 -736.32678518 233.14052940
-42.19359712 -736.26384529 62.02793501
-42.98307640 -742.69416685 203.38916343
-43.43010615 -738.37128715 122.29996735
-42.17969600 -737.77125950 83.08686212
-42.60591382 -735.84046885 235.95998268
-42.16804447 -735.97647921 101.00347591
-29.66358057 -730.56115693 301.90374253
-42.86163055 -744.66584745 215.23212048
-41.88027339 -730.78312844 254.44897475
-42.89392826 -742.35587935 200.25450751
-42.76920562 -736.24807416 104.20269208
-43.45383437 -741.00018750 182.32169949
-41.53279397 -734.77750219 44.23474073
-43.06644018 -736.70837169 110.11126512
-43.54435000 -738.65795000 129.86571512
-42.14516674 -753.55729831 245.19146737
-41.95363675 -738.73828162 98.50911255
-41.57151916 -734.71573449 86.26358707
-42.68999866 -732.53795496 41.00631495
-43.19510000 -728.06160000 46.70453178
-43.34688974 -737.05816154 227.62235871
-41.22054928 -732.31878152 260.43296765
-8.87786947 -738.69581858 332.43232135
-41.51508458 -754.01043707 248.09231776
-43.33189286 -740.15930000 213.13088654
-41.86652201 -733.81048995 77.10909555
-42.24248053 -737.44723000 77.14964459
-41.77909632 -735.45461473 92.30185252
-42.74297697 -729.33273816 46.28269406
-42.90543045 -742.81916682 206.33823671
-43.51085000 -737.25620000 225.60576512
-42.98092857 -734.22151429 88.50885797
-12.10352832 -733.54751618 341.19407841
-37.18017479 -747.48057878 251.41150986
-40.98652338 -735.41753853 245.12647204
-41.19052184 -732.66215563 266.16908218
-42.54567880 -732.80853959 242.06806043
-41.29547297 -737.10214054 76.57868404
-42.11945280 -732.62498513 50.16526566
-38.81807778 -734.98612367 278.54342043
-42.06798939 -742.32013959 215.25700695
-42.45692203 -732.75843951 38.29782753
-42.52956383 -742.66087154 209.22455029
-36.90277990 -750.64960201 257.18095331
-41.79847379 -742.10726443 218.27905903
-42.48049882 -730.47870882 245.16332159
-41.55708594 -743.75976719 110.69448605
-41.95175823 -732.96360357 34.90647004
-41.98310000 -737.34825000 72.00956512
-41.49151345 -742.09845080 221.10795006
-41.54155472 -730.94690830 38.20946361
-41.79060032 -732.84549905 245.23264893
-9.09955318 -775.41982682 150.96130239
-16.00382465 -739.39613556 317.42119892
-31.33572143 -743.19867857 120.99276512
43.73359171 -695.57711347 443.09415527
-41.55135023 -738.79908023 233.12911328
-42.01584647 -730.55263588 248.13921100
-41.23185366 -751.63264941 241.98035306
-41.45368511 -730.57341426 29.12629490
-41.39021818 -735.81134349 242.00276619
-37.67040000 -752.05031429 256.18446988
-41.17764011 -744.89816417 113.15236645
-41.42140556 -730.44803722 26.21230901
-41.55023158 -744.70257480 224.15785748
-41.97711667 -737.67445000 104.66721512
-40.80175784 -752.03286275 244.43807786
-41.34033604 -730.29366198 23.27246333
-41.91715513 -730.92611795 256.79818306
-39.85857504 -742.14997258 233.29232423
-41.92784872 -731.08929231 260.09155742
-41.11813651 -741.45676961 227.09830525
-31.11616406 -733.87143906 293.72992449
-41.93902000 -731.18161000 262.50514512
-41.26402478 -730.08288253 17.22074515
27.74059406 -704.66702871 419.03273195
-41.03105427 -734.61726402 83.41418341
-41.25065613 -732.35074721 263.10085805
-41.22655450 -732.13003500 20.07110162
-41.17314449 -732.42787755 256.86768716
-41.18169320 -732.71286529 251.06538720
-41.06315635 -734.47247302 38.34086512
-41.00959211 -733.34314737 272.19598178
-40.86565954 -738.05678960 238.85676396
-41.28840000 -755.32790000 252.13326512
-40.88427262 -733.67306548 274.99271631
34.09182991 -705.34592222 427.37896255
-40.80365994 -745.25515385 229.82622762
-31.97080926 -737.58833056 283.94349938
-40.83900000 -755.36870000 253.25018178
-40.65680833 -746.36110833 116.33329012
-40.60830000 -734.35295000 33.20091512
-40.59641429 -749.19744286 237.88073654
-40.57430000 -734.32430000 249.93276512
2.99433704 -789.46920403 155.20942846
-39.27350931 -733.31344177 62.11953695
-39.67981551 -733.67959367 68.05927588
-39.50888114 -733.38465658 23.21687959
-40.06896990 -744.57821893 233.14420118
-40.28680301 -743.90848496 230.59444933
-39.04364307 -735.23776282 47.50918255
19.01085385 -711.28508462 409.39554204
-40.35364561 -743.49542456 227.50076336
-17.67077320 -738.08828196 316.92248702
-39.45752860 -735.80439337 74.22879845
-39.18269308 -745.94011563 115.57507226
-6.16626047 -767.08583256 150.64408605
-40.11349630 -733.82858148 260.56970808
-17.87579444 -738.82374074 314.45793850
-38.67340772 -735.62727663 59.07810452
-6.04421909 -731.90032682 349.90349603
-40.17435000 -728.47889694 14.39572124
-20.69668447 -733.34968012 335.06736946
-30.69792269 -736.29562507 290.20287795
-38.88058810 -731.67957333 44.23054877
-39.71697064 -735.71340349 77.15554027
-38.92069932 -732.96610570 56.08710555
-40.14839191 -734.03831098 74.03625991
-38.90629486 -735.40352119 49.97009022
-40.11591837 -733.80158503 263.16243178
-36.69397713 -747.73803839 254.41838169
-38.89686398 -732.00328193 47.24391689
-39.37691544 -733.60158596 26.56484863
-40.32942734 -733.99180647 254.51538238
-39.91749341 -735.83670000 80.07234380
-18.27246705 -768.52755126 146.86139564
-40.23155015 -752.85470272 248.40519774
-40.21464258 -739.12617070 101.62829676
-40.45774474 -742.62012632 221.66838091
-40.48363125 -734.14911250 251.67316824
-40.29236964 -734.13786607 274.93558476
-40.48010000 -752.42280000 246.37068654
-13.41170909 -767.92493636 147.53668330
-39.32448211 -753.90843028 254.09958140
-39.68652711 -741.03613657 104.57251313
-33.29951083 -736.50034815 284.47938705
-40.44192069 -736.95947931 91.52556512
-40.38174561 -736.61049035 88.91723354
-36.53919355 -732.76926129 32.17054030
-40.15746933 -736.00493681 101.86872278
-39.15795706 -734.98264802 44.17126144
-22.23346500 -737.04092000 308.99380512
22.04236182 -719.94762182 400.07777784
-39.90552128 -733.87507915 71.15136341
-39.54660328 -741.95486970 236.04651385
-39.21129551 -734.43807303 38.55373085
-40.48054091 -740.02769545 236.95811057
-39.85278750 -730.94785500 43.38228762
-38.93227004 -741.83554397 107.30358721
-40.50346154 -737.45006154 91.75939589
50.56713333 -689.19716667 457.25159845
-39.07379032 -733.15630679 59.18125442
-40.25348923 -734.14987077 278.69710358
-38.82681185 -729.52944222 26.30565030
-40.52345000 -734.27390000 79.05601512
-40.10236957 -755.40926522 254.90032164
-40.32756452 -734.38635161 32.56180060
-40.17012000 -740.37256000 102.35464512
-38.95561354 -732.30312613 50.21696785
-17.63578002 -741.75077662 310.71759849
-39.50380000 -739.06417884 104.23832235
0.16814484 -727.26061310 368.38255281
-39.84304569 -748.19313362 239.08409546
-40.48883333 -743.36333333 225.44136512
-37.43614500 -743.43365500 243.03089012
-39.21849933 -735.74760045 71.23553321
-38.25825833 -731.51759089 41.25019897
-39.66455886 -734.12153101 280.99376575
-39.36263394 -736.64268899 104.00914677
-38.88651589 -728.16883738 16.61268100
9.01295866 -722.82245196 383.18101037
-38.14849894 -732.95165957 38.21883533
-39.03928787 -735.84630118 256.96720358
-39.01272915 -747.89704915 242.19427223
-38.97728998 -738.82667751 248.26373040
-38.99576186 -744.36935876 239.34126017
-38.60734403 -735.30629198 266.16117088
-39.64163333 -737.33680000 74.96919845
-38.47091237 -738.80391514 251.14063697
-17.69667582 -759.81537651 143.06083820
-38.58211381 -744.65372800 242.11650550
14.81394863 -718.72398197 389.75308725
-38.54940395 -739.03598701 107.22149073
-11.70931768 -773.81662576 150.45344542
-38.23142300 -741.64503449 244.91669648
-38.24760723 -733.91799277 284.27260006
-17.98001153 -735.24932356 326.46599783
-38.78372222 -737.10494222 106.22476067
-38.22586944 -748.80274570 121.66240607
-38.08674417 -744.88126442 245.10414548
-20.11853215 -757.42708789 139.20267848
-37.99376957 -754.41038221 260.06845919
-10.80912500 -734.33262500 339.96361512
-17.93640457 -766.18246582 145.39251327
-34.69974151 -740.55725283 265.41932361
-37.99437667 -734.53156333 283.20276512
-37.88129500 -737.82226300 256.64454612
-37.89822500 -749.51166190 123.14599369
-36.15454599 -735.96065401 280.48425755
-37.78957568 -733.49338919 285.90034349
-37.74635056 -740.67659775 250.73511568
-30.75441224 -744.81904868 122.71364308
-37.73887556 -745.10713511 247.59159134
-16.19010000 -734.20633333 333.38535401
-37.68190205 -748.25258425 250.63812745
9.04515897 -726.67004667 374.10315127
-37.68403500 -754.98830000 265.36408012
-37.65494400 -737.45367600 259.58036112
-37.14898533 -744.47968778 248.53658401
0.11449208 -729.79517760 359.21868861
-37.43656591 -733.96958409 52.58963784
-35.99536018 -750.49676955 125.13791190
-37.43356667 -734.67040732 52.94212853
-33.80121817 -744.66048463 263.32768048
-21.34689932 -756.60161500 137.54343501
-37.24498133 -728.18454533 13.58909845
-3.47916080 -733.38563426 347.39337036
-36.92751809 -736.63971156 269.14711537
-36.70025801 -732.80972937 35.19177337
-36.97039898 -732.81678577 41.00524195
-37.28218367 -731.11241837 34.98002838
-26.47733396 -732.68146566 308.15015040
-33.59294762 -747.80463171 266.23069500
-37.03533843 -733.20294144 44.17960655
17.96821834 -714.36822485 400.75694736
25.58085294 -712.85234706 408.44138276
20.85161017 -711.79815014 406.32925523
-19.54790000 -752.43050000 306.39346512
-37.10920100 -742.84068600 245.59970612
41.71829242 -693.61663990 443.71176916
21.99896359 -717.62810154 400.42609794
-36.24551915 -729.72134364 17.12991327
-36.89082752 -732.74785252 38.23282625
-9.13297279 -768.79382201 150.05973923
-37.32192553 -743.07492979 242.33294597
-22.40282500 -734.16574500 317.79285012
-37.34456444 -737.01472889 263.64824956
-36.30615683 -736.56443345 275.19022519
-37.25285103 -734.69570515 47.27293367
-36.54843388 -730.25030894 23.12978841
-36.99744000 -743.85746372 111.02478977
-25.97265875 -764.93022875 143.07765637
-37.45363333 -742.52058889 108.60166512
-35.99035566 -729.48234448 14.32653910
-36.37892015 -753.52477757 266.29703470
-34.28364878 -743.06730976 257.21554560
-37.44733889 -749.55458333 252.27203734
-36.88322257 -730.69787938 29.03939936
-1.93263462 -741.94751923 346.38713050
-36.68272893 -730.49253499 26.19368715
-37.45300000 -733.99816667 56.05743178
-37.46601379 -734.67604138 55.87484787
-35.96185253 -746.71621946 116.79094683
-35.89230473 -735.13042271 284.45031496
-36.68119172 -738.84757389 260.31106066
-37.42221351 -752.61509459 258.23962187
-10.28329906 -744.68151321 326.99877597
-35.58117572 -745.36437684 115.36212422
-12.96835505 -739.46071606 323.70649356
-37.53050000 -734.71750000 58.24931512
-15.68104213 -736.95608202 323.34996736
-36.14668240 -732.28192918 23.18427198
-19.25180667 -750.32359185 305.45214215
-37.48493333 -737.21265000 261.42111512
-35.86641634 -749.69162064 122.80291733
-36.47246660 -732.74570810 29.04310864
-36.21945934 -741.84587487 254.30959183
-8.99560200 -746.88586200 331.88745112
-36.36270290 -731.82963478 14.38789893
3.05877753 -780.68025968 154.48095060
-37.50350000 -728.31010000 15.79686512
-36.14317158 -738.80651403 263.33730537
-36.74842113 -744.73534038 251.15207063
-0.03600119 -727.77506429 365.13136988
-37.06950000 -734.43049231 38.51585742
-36.19489063 -750.55276159 260.37566395
-35.54907121 -753.58224299 269.09597682
-35.65158240 -738.75217248 266.11797584
-35.67915287 -741.76459650 257.08833136
-36.11445530 -744.74364873 254.38784231
-35.66071547 -750.75555315 263.10731555
-35.26627021 -734.69161206 286.72600554
-35.30778137 -732.97989461 290.06499845
-26.40604425 -738.29863218 296.36449558
-35.44662244 -739.88143819 112.58869149
-14.72968134 -734.62550672 334.84471810
-35.16179199 -751.10310125 266.07805355
-35.24201111 -747.86713926 260.29172438
-35.37991638 -744.74618549 257.03563884
-35.20144062 -737.89204821 272.11659547
12.21394507 -717.89170915 398.05569821
-19.05518404 -747.81449574 305.13238143
-34.89267195 -751.92975244 130.18945902
-20.87032153 -759.94801401 139.86975779
-34.83927826 -744.95896499 260.00023834
-34.75448468 -742.66895676 115.01072908
-34.73441724 -737.41786897 277.58751339
-34.72470000 -732.10804000 292.14712512
-31.61407500 -755.49552500 136.44772762
-34.61310000 -755.09930000 274.04121512
16.58265000 -719.19527500 390.46426512
-34.61156667 -749.12386667 265.18886512
-34.48187500 -740.16580833 267.18164012
-32.74670787 -748.53748149 121.18146214
-33.82298685 -753.95624709 274.76567949
-34.13177574 -746.80224559 117.15954085
-34.05613188 -744.74431730 116.78956839
-34.18004582 -749.92188327 266.66703384
-34.19472849 -752.17164186 130.67276047
-34.22788566 -744.28610943 260.73740036
-34.15071400 -742.71942550 260.58279012
-34.41202000 -746.78439000 261.13661512
-34.39031000 -743.49041667 257.93819512
-22.73537000 -752.91266000 298.13392369
-34.31598523 -737.17716250 279.34739921
-33.32290749 -739.03563279 275.25523163
-32.96358170 -735.82788061 287.15215771
-23.49126047 -741.77426988 296.33219791
-34.37351000 -740.19126000 113.96549512
16.62821296 -724.07143704 387.24084845
-34.20971032 -739.83687460 269.28340162
-33.52611225 -741.86097623 266.15091960
-33.68871510 -742.01339686 116.24853190
1.24822903 -779.86882581 153.78083608
-14.30967007 -744.77973725 317.10804849
-33.56780000 -731.30470000 294.63426512
6.23133077 -786.52009759 154.88764641
-34.48600000 -749.58886154 264.27191896
-33.46248779 -730.41742290 14.18348649
-32.89158795 -732.74824538 293.14146552
-33.29226629 -732.10007191 13.48020444
-32.41053727 -734.90995727 289.78814421
-34.23380000 -727.74025000 13.79426512
-32.60673378 -738.10017600 280.89492378
7.54352727 -733.61532727 366.54214693
-32.83519227 -741.70820249 269.17128581
-32.70113423 -744.74728294 119.13850034
-32.47335088 -752.63879471 128.93043791
-33.21619890 -744.91857373 265.97372275
-8.77229474 -735.10796880 337.71215985
-32.20201727 -753.70643636 278.55446921
-19.26900612 -739.78121837 309.10740185
-32.13843841 -731.83682649 295.87979359
-32.38307424 -731.02598485 296.68407118
-32.36747273 -742.75260442 118.80114148
-22.77748333 -732.83388611 331.57064289
-32.47739153 -744.79132768 269.10259365
-32.13721625 -747.84690850 272.26308787
-31.82153913 -751.61016739 277.23271077
-31.78519187 -744.86719837 271.57584195
-31.72081556 -754.90898222 135.95211401
-31.76097627 -754.26568475 279.92785495
47.05777667 -692.77133778 449.33197178
-31.73560091 -745.16144000 120.94408784
-31.63975333 -740.40085333 277.13962512
40.15648261 -698.61911304 439.13335207
-31.67136667 -734.43253333 291.91973178
-31.67960000 -731.34510000 297.71446512
-31.62780000 -743.11220000 120.71796512
-30.74394393 -742.01141318 275.37899612
-30.84529926 -754.75290714 133.91816125
-30.88193448 -739.55423448 281.37477132
-30.15917657 -754.21604520 131.17946633
-18.81455034 -739.33009334 310.87535829
-30.63321518 -753.35183577 280.96210001
-31.31470955 -742.41912611 272.71707849
-31.29853319 -740.00220929 278.83562795
-30.02456439 -753.10357945 128.40094742
-29.32818404 -759.75793670 139.50318328
-31.35844667 -755.15376000 135.92893178
-31.17966184 -737.03329605 287.60891380
-29.90815979 -750.35431807 125.54817308
-30.12162362 -741.72056377 278.06943771
-30.30642886 -739.06667849 284.22737523
-31.46483750 -746.61300000 273.44266512
-25.12794186 -748.97568915 132.18592791
-31.04353739 -747.65563009 275.40958852
-21.77872723 -736.58029092 311.40731974
-28.69420000 -740.38020000 285.69626512
-30.66112887 -750.44695208 278.54012097
-30.07336470 -756.98496598 136.99434170
-31.14061481 -750.01167354 123.09538734
-31.44986667 -743.09075556 120.29265401
-30.82854915 -730.80736610 15.27190410
-15.10736098 -735.96039810 328.98174750
-29.83810113 -738.57499661 286.93633148
-30.65051829 -744.81383244 275.20223707
-18.11286527 -771.44854086 149.36130826
-29.75173377 -747.65618993 278.49981029
-29.53875023 -755.91760947 134.52791870
-29.93489494 -751.29224726 280.87060119
-29.28507787 -741.51857992 280.98441880
-25.51754000 -737.24538000 300.59534512
-29.63406341 -747.80273551 125.34969025
-29.73464096 -745.54462694 125.04656954
-9.63339965 -741.80427597 329.13920363
-9.10915462 -777.96373881 151.68919798
-29.21272692 -758.67440043 138.35562409
-30.12061429 -730.99860000 15.85637940
-29.21764884 -738.00478977 289.82728791
-16.02761333 -750.02897000 314.22232734
-29.73338929 -752.44037143 126.48381869
-29.59934423 -744.78347140 278.33113237
-29.06126692 -735.09510654 296.10924435
-29.07430115 -753.39919195 283.81922489
-28.94012246 -731.92553972 301.47376653
-29.05312267 -747.94750800 280.08217001
-28.89426594 -730.35826884 304.67856657
-28.87977692 -740.62208173 283.81748723
-28.75770943 -751.24443585 283.09935002
-28.78822941 -737.55970000 292.32295335
-28.71358061 -746.08081429 127.01455287
-28.74979023 -747.73754119 126.97828550
-28.70458776 -734.52424694 298.00971206
-28.59836000 -754.03868000 285.87902512
-27.74308463 -750.42259367 128.40978360
-27.91253367 -747.91503148 128.24954330
-27.86665571 -741.95620163 284.15358797
-25.65194444 -734.55555556 307.06682067
-27.90689527 -733.23114331 302.02481861
-28.30987451 -746.11329216 127.24923374
-27.55444403 -753.28452575 287.00991586
-27.39588118 -757.88627275 136.33288057
-27.95107904 -753.30872302 128.88459845
38.05061857 -697.56903143 432.24690940
32.14773700 -703.24979469 422.97578306
-28.52985000 -731.26315000 303.37331512
-27.84292902 -750.75664433 284.79819203
-2.49994359 -741.61679583 344.27950422
-27.03958924 -755.56796424 132.27843372
7.53954167 -785.18835278 156.38990123
-8.01208588 -738.44642994 334.18502331
-14.50441675 -732.49884833 349.76037995
-27.87544419 -736.50974506 296.64816744
-27.04954617 -756.50634683 133.93872091
21.01815000 -722.52542500 397.12004012
-23.68965144 -747.79011440 293.25002067
-27.74070074 -739.43525985 290.09889337
-12.05490395 -771.77335876 149.70952508
-28.22981625 -744.94117000 281.88966012
31.58205025 -706.75624874 420.38237919
-10.88907939 -744.76838189 325.63295871
-20.38960712 -738.02109738 310.92598066
-26.97658758 -741.77450813 287.03952494
-27.11013851 -738.85054919 293.28286350
-28.33577059 -737.05665882 294.28957100
-6.07094588 -732.53085000 347.05116127
-28.43486000 -749.63278000 282.61754512
-28.16633226 -747.42248065 281.85847694
-27.23886063 -732.78344429 304.97088362
5.81115000 -725.26396667 372.60294845
-27.14378746 -730.63951160 311.84248800
-27.39876550 -744.77553780 284.18734915
-27.26714611 -747.50784665 284.31353348
21.31283200 -708.38956080 412.19521552
-26.83080644 -730.69735236 313.58751404
-26.77282754 -750.85854903 287.10876922
47.03660612 -688.50430204 453.05844063
-26.20902286 -753.23501071 290.10329869
19.86022857 -718.38235489 396.03661173
-26.24879200 -750.55061673 130.60409331
-26.16804167 -730.82925667 317.22764345
-26.11358528 -737.82850000 298.42666613
-25.95429935 -731.77366601 313.57621414
-25.86627000 -730.87707000 319.80197012
-25.82614242 -751.02590606 289.25215603
-25.82539333 -740.50131333 292.24533178
-3.35695934 -728.93739341 371.11575852
-15.44096135 -772.91461554 151.09390257
-25.68536579 -743.88661579 288.93423354
-15.39571124 -744.79049017 314.43185219
-25.67171765 -731.39321765 319.87800041
33.86561538 -697.80062788 427.84058531
-25.69052500 -753.64737500 291.81739012
-25.60045000 -755.19180000 132.71011512
33.84453626 -702.31474396 428.12287720
-24.61247886 -741.84764574 293.24886985
27.04274080 -708.74048697 413.52775289
-17.00637895 -734.52868947 334.23099143
-25.34300588 -752.61617353 291.26215335
-13.91596296 -732.20590000 352.38910586
-25.17250536 -753.50267277 132.17561601
-14.13447764 -760.56166463 148.18849520
11.97109841 -720.84576296 385.91548125
-25.00496781 -750.78575319 132.12288829
-25.36221154 -733.99903462 308.80968050
-23.88585458 -760.69190563 139.33405762
-4.55550000 -742.33100000 339.67126512
-23.77532484 -757.56934006 136.15417940
-25.33903289 -742.22392632 290.91149801
-23.81115473 -763.74369218 142.12549598
-23.92397710 -738.48354367 301.77278234
45.13359685 -694.32859650 446.16661092
-25.28309231 -731.12551923 320.23043435
-24.10956824 -735.85006588 308.09926394
21.85029178 -706.82376027 413.12712265
-23.54254843 -753.71013019 134.09242738
20.83975312 -710.66657500 409.53690887
-24.95492500 -731.26645000 324.89521512
-23.57579414 -732.48470938 326.06176238
-23.69900515 -750.98316187 133.50180472
-23.94291205 -750.72339237 293.26920929
-24.46926818 -749.20448636 132.82961057
-23.75555171 -744.76002603 293.16668669
-23.51837692 -767.75145128 144.42453114
-23.28351610 -738.02036293 304.72660951
-23.18686719 -732.53976875 329.06708426
-23.10675210 -734.84039664 313.92997100
-22.86311757 -741.22653446 298.45128066
-22.88118723 -750.98261348 296.15922150
-22.83013922 -744.29694902 295.79219201
-22.89914118 -768.65229118 144.93567688
-0.08871628 -732.76760209 353.02841940
-22.76734706 -737.53644706 307.16372982
-22.58907500 -752.06727500 297.79651512
4.02931163 -724.25493488 386.05760233
-21.05087576 -738.66730471 308.06627017
-22.25431263 -745.13204505 296.79853585
25.62632500 -716.63152500 408.19567762
-11.65759412 -734.61107882 337.81215453
-21.13374325 -733.47310245 331.98254732
-22.00188312 -759.06417442 138.13751218
43.59360385 -695.09225000 441.51069589
-21.25602468 -744.72671830 299.73869377
-22.22290687 -747.72068202 296.87928027
-20.90774137 -763.35586368 142.43649080
9.06287333 -734.74640667 370.83433845
-22.29577407 -752.68614568 299.10857746
-22.25927273 -767.50054242 144.56013784
-22.51373333 -755.44666667 135.63459845
-21.14792707 -733.51234501 328.93384024
-22.41695862 -740.08838793 300.33711167
35.54557018 -702.72200521 428.29118400
-21.23791613 -733.73421613 326.49595737
-22.16035231 -733.96037462 320.34028589
-1.11507500 -736.25464722 347.87713178
-5.69359892 -774.47554391 151.43252300
8.12603934 -724.85017049 374.89470118
-20.83080742 -735.19539309 320.03341601
-21.32322043 -747.73583761 299.33530751
-3.77722368 -731.15501579 351.15525985
-16.47138000 -743.09976000 312.39712512
-21.17846842 -752.54444474 302.10249538
-15.03840684 -735.16474615 332.06605486
-20.38600382 -734.80074514 322.96078109
-20.77967143 -752.15543714 135.78532797
-6.01530625 -731.18822125 351.07124012
-20.12143452 -733.13411012 337.99419190
-20.25094038 -741.64568302 304.81914021
-20.37794024 -747.86802191 301.88014500
-19.96916038 -737.61368868 313.53223870
-19.97741806 -771.26727407 148.15649938
-19.94470455 -751.21761010 304.39190047
-19.90657500 -734.43759375 328.56808387
-19.73942000 -732.97378000 340.09502512
-19.62516129 -748.13486129 303.82084899
-19.55463333 -746.04880000 303.66993178
-18.08411492 -733.33751748 337.87996721
-17.83777407 -747.77696296 308.10119197
-18.07494611 -735.94676076 322.89061683
-19.40496786 -755.50866429 138.52404726
-18.55009289 -756.57387899 140.42560230
-19.23885417 -742.67478889 306.09369845
-19.02099597 -754.27678702 137.90022708
-18.53660698 -733.97542093 332.40871628
-18.11233110 -762.75065688 143.35768901
-19.01615284 -736.89692159 317.43199353
-18.56807212 -764.87409464 144.25938442
-18.05974938 -733.07501369 340.91079375
-19.20545614 -734.07542456 329.18890547
-19.47694000 -734.24964000 327.52169512
6.09034110 -723.64657712 380.13551469
-18.62694331 -741.86695512 308.38963716
-19.32716923 -737.18371538 315.27892665
-17.78438054 -769.83390919 148.09811052
-18.16192636 -754.94105489 139.48387218
-17.69564925 -734.67950299 331.82694497
-17.88289793 -744.81462448 308.19325474
-17.36136625 -732.88075750 343.93773137
6.11008458 -726.56610607 371.08682423
-17.19267241 -772.86982644 151.12439443
-17.11010161 -750.28966592 311.55992364
-17.16088545 -737.67098727 319.66243603
-16.90600833 -741.00394896 313.43805887
-16.89547241 -744.64160853 310.66593736
-16.89684138 -773.49091379 151.76990305
-16.77555300 -747.80602975 310.82807212
-16.75021538 -750.51944231 312.94763627
11.81504234 -791.99195523 158.86708034
-16.67271600 -763.44738200 144.81120912
-16.67211905 -759.52392857 144.83540797
-15.13289203 -762.78823365 146.22464317
-16.45674023 -757.30401034 144.42798696
-14.43090772 -738.15356399 322.96840306
10.15305714 -719.17097143 390.19282226
37.47865000 -701.39255000 432.43264012
-14.94947705 -769.39035012 148.17034498
-16.16927500 -737.17237500 321.36514012
30.79856432 -708.40352129 419.52438406
-14.97312584 -738.80365620 320.53045256
-15.32853309 -768.05842734 147.27710325
-16.39614101 -745.24600787 311.82476006
-15.03970126 -765.74265636 146.48154717
1.59878000 -734.01776667 354.34412512
-15.97804085 -741.96345884 314.65376512
16.31980000 -713.23175000 402.53216512
-16.17290657 -757.83628169 145.37785385
-15.13077591 -736.43666704 326.16121123
-15.02428258 -732.87163876 344.19996512
-16.46586667 -764.89516667 144.54496512
-15.09872396 -733.27769115 341.09203022
-15.34498543 -747.72646969 314.34059976
-14.27567143 -734.45213810 337.27865083
-14.01038362 -741.44027491 319.74596721
-14.00417812 -737.45471563 325.27086824
19.49558571 -723.56790000 393.60982226
-14.06291250 -749.73233750 319.88627553
-13.78341023 -748.34245909 319.42495603
-13.81979697 -776.59497576 152.72236663
-13.64825106 -744.39334255 318.92849490
-12.08815799 -732.30905694 350.04578282
-12.20640638 -733.86881702 338.01587022
-12.99759615 -744.74398256 320.55666435
-12.41063863 -775.18200585 151.30877247
-13.19189787 -737.02017979 326.64230129
-11.97095371 -768.70842836 148.78345738
48.69801667 -686.17002500 457.28491512
-13.09414423 -734.20023846 335.97445165
-13.11895442 -747.42328186 320.52491488
-13.44680299 -765.78028955 147.58891437
-12.01231946 -777.76119910 152.26639272
-2.52652188 -728.91123125 373.79210262
10.05180889 -718.82429111 391.85308289
-12.27025458 -738.79008926 325.97318172
-13.28530141 -761.07242676 148.95044821
-11.99833090 -734.84296654 334.96661155
14.77238863 -726.63661318 383.06977494
-11.95243534 -732.14245905 353.17096425
-13.49550000 -740.21910000 321.55431512
-13.44032000 -749.59192000 321.39382512
-12.32065278 -741.76170960 323.19283052
-12.36973736 -747.64394943 322.92452287
-12.82588571 -749.44598571 322.83350797
-11.60370156 -731.99396719 355.92459012
-12.00859322 -744.84341583 323.00010682
-11.19674065 -738.34359065 328.69823287
-11.14581865 -741.68389177 325.72651685
-11.05058750 -731.21319688 358.25886199
-11.00983000 -731.87410000 358.32172512
-3.01895303 -730.25221326 356.27096853
-10.74473636 -763.69298485 150.75027421
-10.70033000 -731.28627000 357.49625512
-10.62356667 -737.40593333 331.19026512
-10.58720000 -764.36980000 150.82756512
-10.10568201 -739.41141727 329.49664857
-9.89078333 -736.55170269 332.99800759
-10.40789583 -746.73172500 327.22337345
-8.92442811 -780.46748747 152.54680891
-9.20187560 -735.95919080 335.03519312
43.50437143 -695.47378571 441.58907940
0.10717879 -727.11057424 377.06362724
-10.02620000 -747.16749134 328.96351945
37.33494000 -697.85836000 435.97804512
-8.95684211 -733.11275526 344.33098266
-9.14818333 -732.07172946 350.12658217
33.31731430 -702.59127112 425.01574406
-10.52395000 -764.13426667 150.62347345
-9.37211053 -734.08878421 338.76192126
-8.99490959 -731.79608219 359.19217745
-9.07125776 -730.84139138 359.16344270
-8.57958469 -730.60586020 362.09555185
-10.20600263 -764.07570263 150.97234933
13.76899796 -721.91447551 384.25774063
-9.55625000 -744.83958538 328.97838512
-8.40956592 -744.67639497 332.20739249
-8.22425805 -741.72189280 332.40599647
-8.11332308 -731.20818718 353.43909845
-7.75181429 -745.20737937 334.28846353
-7.95115000 -746.54087500 334.21126512
-7.71773333 -772.13383636 150.74678027
-7.66153333 -731.27830000 351.32166512
-7.62260000 -767.42520000 150.74446512
-7.05457573 -739.02466959 335.63010781
-7.01023664 -741.81087347 334.99344241
31.05459010 -705.66323267 421.52960175
-7.01134912 -766.61926404 150.77957038
-6.70053316 -768.59744973 150.62886030
18.24075000 -725.56290000 391.08909369
-5.88459214 -771.87404131 151.17415256
-6.03099291 -733.46691839 344.47893332
-6.09454155 -730.12587397 365.10379708
-2.08261489 -728.14489362 365.43716937
-6.05495593 -783.35664322 152.70370014
3.56184932 -783.49094595 154.10733088
-6.84611806 -733.87831250 341.92655539
-6.00363024 -730.25093902 362.23367536
4.26570000 -728.40442500 366.76029012
-5.92400878 -730.34149317 359.21216560
-5.78171269 -735.67752356 341.26143460
-7.27219333 -770.70465333 150.66080512
-7.31210000 -746.45216667 335.60266512
18.25437937 -713.00811746 401.97277940
-5.60162035 -729.66770000 367.89239432
-5.99947500 -744.32895882 337.86557026
-5.59618000 -741.76444727 337.86635930
-5.04332000 -734.78065600 343.62971512
-4.92735909 -729.07391818 370.41413330
-4.94186667 -744.22803590 340.53602153
-3.80966445 -769.63155694 151.05042321
-3.24243862 -729.18943968 365.06051062
-3.02693088 -729.70642500 359.11171622
-2.98989273 -729.38354602 362.18724193
-3.14011257 -771.85571368 151.67138596
-2.88998691 -784.06014544 152.53195629
-2.83368710 -732.45897866 349.97929589
-2.87602259 -780.66169009 152.45183209
-3.07365083 -777.77330442 152.34127375
6.71525376 -732.65454925 365.18287639
-3.53635707 -735.95971312 344.34338828
-2.61405811 -786.17491623 152.70566161
-3.36302843 -729.09464412 368.11245433
-2.98346113 -730.69606679 353.46662436
-4.16287500 -743.87621667 341.91150678
23.44857333 -709.94411000 408.32911178
-2.59099406 -727.77935644 371.21036908
-3.12998800 -743.63835200 344.13018912
-2.52509421 -738.72439776 344.19994213
-2.41670732 -727.91484024 368.30303097
-2.24320000 -743.38430000 345.91666512
-1.85640000 -728.58197500 375.75261512
-1.68698276 -737.97888966 345.93424098
-1.70400000 -728.22230000 376.36056512
-1.63450000 -734.44563333 348.93679845
4.84636133 -730.71559067 363.06433445
9.32075749 -792.22749278 158.38828316
-0.11190577 -780.87637679 153.06872798
-0.13142828 -729.13676828 361.92608787
15.24569855 -719.49977826 391.06374483
-1.52463333 -740.90193333 345.47926512
1.84378840 -736.02181713 353.66764633
0.27207115 -728.20830577 363.20711319
9.00610110 -723.21721282 379.92768783
-0.64065263 -728.50132895 367.72545196
-1.17518889 -728.40380000 376.64502067
-0.00465631 -728.83833592 365.07716317
5.57551533 -727.47459562 368.45455003
-1.46343333 -728.41980000 373.71236512
-1.03686750 -731.01843000 353.99154762
-0.18458844 -735.74274133 349.94362119
-1.38078750 -728.39902500 371.02100262
0.58815769 -726.56261731 380.15639204
0.40099083 -738.57701542 350.09264637
0.49564516 -788.62407903 153.45876189
1.05146590 -735.34813699 352.44400384
1.05346995 -777.63882902 153.87117341
1.12267333 -788.80700667 153.76666067
1.26197500 -788.23852500 153.71494012
1.36010000 -725.41370000 381.91456512
2.99338337 -729.81583964 362.11174484
2.28354351 -786.06120534 153.49250557
4.28004444 -790.78211111 156.74597623
1.92561739 -728.14933478 363.22974338
1.78972899 -774.80422899 153.43219410
3.32859313 -728.89267125 364.74059137
2.91429611 -726.36315833 371.06959456
2.93611022 -727.69446613 365.47848662
16.33485000 -722.46520000 387.78809012
2.95640641 -726.01984872 377.03868178
2.32259583 -725.94173333 382.99999845
3.20554688 -724.68509375 377.02787137
1.72210000 -789.47758000 153.64252512
2.73559394 -724.62219394 383.53383481
3.43579698 -732.61408953 359.12891465
2.86138036 -738.40670357 356.13622940
3.95204306 -738.04754444 359.11574845
5.53055224 -735.63671095 362.03957308
4.05981163 -731.73369767 361.14317442
4.05865232 -735.61485099 358.67613267
5.64921278 -729.89774083 365.48947095
5.82858803 -789.61841901 155.56765244
4.60924286 -733.77260571 360.24603654
6.02208037 -783.90954704 155.62225082
5.53346444 -723.63652667 386.48188956
6.68262493 -729.32500301 367.68996402
4.72216639 -735.65602269 359.98153234
5.94885580 -724.82963260 374.16236346
4.76575909 -728.05812727 366.31726966
5.62161538 -725.45726667 376.32518819
6.82076286 -722.05476571 383.52950797
6.30233681 -781.34529130 157.08772164
6.09733125 -721.97160000 389.83125262
6.83896176 -721.59451176 385.84023570
6.02520000 -737.39140000 363.82226512
6.98881086 -783.46177228 157.40066718
6.92547500 -721.24061250 391.21162762
7.15187143 -722.53120000 391.18349369
7.29905000 -728.48572500 370.09281512
8.31122030 -786.86763412 156.00606350
8.08453937 -732.62783143 368.27760543
7.91974770 -730.17700962 368.74747516
9.05436260 -789.22414182 156.08819706
9.05331573 -724.22623961 377.40889489
8.24440804 -727.51362991 371.74566646
7.91295161 -734.84050645 368.20043931
7.47600000 -728.25960000 369.51686512
23.39402222 -719.44115556 403.10126512
9.32912647 -722.14668529 381.22414159
9.31673320 -786.01515855 157.32611227
9.55455000 -718.84991667 395.61195956
10.09830000 -732.90662000 373.39867623
10.31890000 -792.79155000 159.77831512
10.33456667 -717.97913333 397.09893178
10.45925000 -731.39430000 372.64416512
11.65460952 -726.78651454 377.34358040
11.94154468 -721.51614742 383.57315721
10.86711970 -732.16612727 374.24143784
11.00472690 -729.75207766 374.46123771
12.36309617 -718.64417705 389.73396020
12.16718904 -718.32385914 391.96149502
12.30508580 -723.15590597 382.63454551
12.05189195 -720.16418046 389.19595075
12.04674589 -790.18501353 157.42433169
10.53970000 -790.67770000 156.45836512
12.90143349 -726.49217123 379.52651983
12.91748974 -715.33374872 401.13330871
12.92423158 -717.13967368 400.56844933
13.06367949 -729.64239744 379.57257281
12.77093333 -731.47790000 378.80206512
14.36835250 -723.97884671 383.51507949
13.95456667 -716.55741481 400.76463919
13.83011429 -726.84183571 380.99092226
15.03879094 -717.53224964 395.15200678
14.56055286 -721.34024750 386.34465726
15.23560640 -715.24667440 398.40148432
13.49740000 -790.94550000 157.37096512
15.51303045 -723.57651923 385.70962217
13.56400000 -791.46140000 157.80086512
14.56116000 -728.95397294 382.76391923
15.62941515 -712.83489697 404.54830148
15.89532788 -726.59908303 385.56607663
15.66255000 -728.51670000 385.05766512
16.25338000 -713.75856000 406.00650512
16.38960000 -725.76235000 387.72656512
17.07288141 -721.09954207 389.63966668
16.65668276 -726.29140000 387.05067201
18.35067590 -712.25961265 404.38796753
17.29108101 -726.00003924 388.93039423
18.09550339 -717.80880896 395.11336432
18.22058588 -711.88788724 407.03581733
18.05827083 -716.76033229 397.43670470
16.79052000 -713.46979000 406.09307512
18.72011479 -723.55672795 392.09457114
19.25313333 -722.72481667 393.91118178
19.47232500 -722.04282500 393.59034012
20.08684311 -720.76614671 395.30752110
21.17548501 -708.86605881 410.32229166
20.75885870 -709.92133043 407.56578251
21.15729682 -713.83231465 403.48278932
20.13007400 -723.01516900 395.07922412
21.05607984 -714.85770898 401.20252819
21.26516667 -720.45176476 398.08042940
22.96455357 -712.80295422 405.21050343
23.91243547 -706.56944316 413.32706554
23.81584154 -714.54957996 404.91304684
22.88817308 -717.66015897 401.84421255
24.25139482 -708.07251006 413.16120384
24.79021751 -710.78948111 409.44280152
24.49868611 -706.35329306 415.42786234
23.83096886 -717.41061272 404.11241292
24.27992222 -707.34346111 414.77267067
24.73520383 -714.95606776 406.45877140
24.92242414 -703.93810345 416.99557201
26.12288935 -711.89696019 410.02633132
26.37567191 -706.81150337 413.95894602
26.87649218 -706.00481638 415.94997123
27.43052795 -703.30075285 419.10799572
27.44120426 -711.62585816 412.70231370
27.60922683 -713.89518049 412.59004560
28.03977333 -701.91091333 420.93094512
28.24588333 -701.15391667 421.40963178
29.11904551 -711.50173750 415.54308531
29.14327431 -708.97910648 415.77302995
30.23202847 -705.62326782 419.36632839
28.74182886 -711.18711745 414.24667384
29.03471086 -706.18968571 417.02131026
30.85382034 -699.74426949 424.13842783
31.18907778 -701.78912222 423.91884289
32.75696923 -700.30497510 425.36465783
31.71412425 -708.04864551 421.34275349
31.69479211 -701.00887895 423.51760722
32.38236667 -698.21756667 426.41383178
32.46641613 -707.48890323 424.17132318
35.42197261 -700.07227234 428.55496977
34.66684872 -704.60058889 427.90174546
36.52740409 -699.89444731 430.55489888
36.44791460 -697.10428805 430.96720981
36.52625254 -699.22505254 434.05437698
37.03977215 -701.69811013 433.53340562
37.16308000 -698.17754000 435.21329512
38.45631887 -697.13285660 437.03088681
37.99079795 -699.62146129 431.95547010
37.50511111 -701.35736667 433.39265401
39.07498413 -694.95430794 434.77190480
39.40272110 -699.52525505 436.65434585
40.19926429 -694.97549286 440.97299369
40.68522727 -698.55603091 437.41977421
40.79905143 -694.06764571 437.85710226
41.41184720 -697.22637919 437.48463095
41.38631667 -694.07849167 440.05858178
43.08727941 -691.91107353 446.68839747
43.17180698 -695.80172093 444.92337907
43.67722800 -695.45552000 445.35490912
43.86203947 -691.69356053 447.26853091
45.96280476 -689.04861905 451.84264607
46.61832308 -693.08432308 447.48653435
46.82573056 -692.49583611 451.07435678
48.10487791 -691.59438037 452.21133137
48.30214583 -687.09035492 455.45265678
49.01606269 -690.88728955 454.24108601
48.42085000 -686.20791250 456.42475262
49.77050845 -690.11723662 455.69859329
