-56.71180000 -726.35870000 43.45599167
-53.31550936 -729.68248583 38.10365441
-59.58191411 -726.22850736 49.73207868
-65.03298478 -723.66453696 37.42762428
-59.71158571 -729.70355714 52.41880357
-65.01548602 -730.98022812 37.52835325
-67.46090904 -725.00977670 65.50209912
-60.17989758 -726.57634303 42.73447318
-59.05385544 -728.26974589 34.68393044
-58.26222819 -721.85729610 36.59247203
-63.61770254 -731.04181305 57.23913903
-61.00649229 -732.51721325 35.22463042
-52.44170952 -727.51500488 32.17656096
-59.05053184 -727.73117196 50.60590476
-53.63039123 -728.40022456 40.59354868
-57.93109590 -730.32514621 42.16010943
-44.54311000 -729.57701333 25.56626167
-62.98291456 -732.54593301 54.16645898
-57.66936301 -727.94179072 33.85538146
-58.00334296 -726.25682518 42.67869366
-58.51705758 -730.47323808 47.76861892
-69.45975870 -720.08328994 41.64128297
-62.50705916 -732.61746260 52.91969943
-59.71677391 -728.56417609 52.43978804
-40.86781139 -728.81222796 20.16282134
-38.01112823 -730.50374124 17.46182628
-68.87778889 -728.15389556 64.21405722
-62.91381902 -731.71209805 51.45931305
-52.75354398 -729.71820398 35.88580469
-62.21539859 -730.15341237 56.23962960
-48.23105294 -729.70665294 27.25571618
-62.71361591 -727.63149773 58.41280682
-69.78044262 -725.74876131 66.24943738
-58.62065884 -719.77058809 36.84956737
-60.60519366 -727.74029143 53.76165223
-57.95490230 -731.09503161 33.27438356
-65.76640000 -720.45700000 37.26797500
-61.27233102 -731.13014395 35.79513949
-64.64977253 -725.61170004 59.70676052
-61.27632331 -730.87874054 53.60829974
-39.92598900 -730.52730824 17.98282947
-70.04508090 -727.54195613 39.00672869
-37.39490437 -730.75813130 14.50904208
-54.06780952 -727.18470476 31.07945595
-39.95259064 -728.32508350 17.91982809
-39.32487040 -730.18919672 14.91168261
-37.67132982 -728.41397203 14.83232210
-39.28511138 -728.68941682 15.23466970
-61.99764449 -727.81657877 56.65806061
-58.57689631 -724.83825801 35.14062198
-40.74762835 -730.42278601 20.39481844
-67.86742108 -728.79192985 37.83134177
-66.21983422 -724.94198422 57.04984735
-42.18735681 -729.80153230 18.56271625
-54.36460285 -729.64889041 36.66399858
-55.16749838 -724.50755803 35.43230065
-43.09407348 -730.97087638 21.33796348
-43.88340136 -732.87169168 21.44216023
-69.00740000 -727.10755714 37.26341786
-64.01141007 -727.71867365 36.35334258
-43.04739893 -728.61403990 21.19057267
-62.90197268 -727.76523497 58.01842801
-71.03496274 -724.88425387 38.88188881
-56.53343191 -726.35811915 42.15059202
-60.48291814 -730.57847241 45.24928985
-46.19301909 -729.83643182 26.84130591
-61.72112072 -718.56942550 37.53054578
-62.14602317 -732.49965986 50.89030505
-63.89496612 -719.69557081 37.06409670
-66.32291503 -724.53214392 62.92962451
-64.83478371 -730.02448470 59.27688193
-66.55200118 -727.65397153 36.57941465
-42.17698793 -728.85308276 18.79898017
-64.05997500 -723.34857857 51.63151429
-38.29909404 -728.71187384 17.15593841
-67.05233303 -730.10859584 38.00045306
-63.79961921 -730.67475316 36.95452076
-52.04079009 -730.46998578 32.41717554
-51.14738618 -730.61170163 31.08868150
-49.31215243 -730.32376871 30.15756781
-70.42234904 -722.27193599 39.30931842
-51.84830722 -728.42061345 36.22146191
-61.22113319 -725.11945832 47.85396332
-47.24241504 -728.25971313 29.16776099
-71.88810066 -723.95789868 39.98868553
-50.14628307 -729.65088651 32.21646098
-71.98592204 -724.01161827 40.61768393
-71.82780297 -722.83407649 39.89001485
-71.49065333 -724.89902083 40.44951917
-71.89588808 -722.35313096 40.92477941
-70.12267308 -721.25887677 41.39038487
-49.68813298 -728.04326570 32.64336745
-61.37435496 -731.42018712 50.71970683
-52.27950063 -725.82489735 33.39797677
-61.31991758 -725.28602835 50.76086977
-54.69323068 -729.12595114 36.28115000
-52.71749567 -724.94450560 35.08937398
-67.92209944 -727.16678730 64.70755008
-55.17467188 -728.02112168 38.93267324
-56.34535181 -729.85172133 44.31682338
-54.94473982 -729.94560391 39.01937101
-55.78387393 -722.07831452 36.69325586
-55.56700893 -730.13390482 41.40619614
-57.56862428 -728.17656618 39.25324754
-57.02127802 -729.76389670 40.01085632
-58.33642817 -727.04235926 41.97959666
-68.89470370 -729.47972593 38.66157870
-55.19475988 -727.58400448 41.78225612
-58.29524899 -730.61972771 44.93064020
-60.39218387 -726.26038871 43.02106694
-60.83899637 -725.63489698 45.14941989
-60.14025294 -726.43225294 43.39802794
-57.41550126 -727.29778414 45.27692442
-58.42476835 -726.04642904 44.86461427
-61.02055953 -731.16913438 47.84416277
-56.09572370 -727.98862393 44.76400300
-60.09981000 -729.26033000 47.20438750
-59.07045241 -725.96474765 47.56900147
-57.84454095 -727.71702043 47.93606567
-62.93422428 -724.14792139 48.77331199
-63.28843853 -723.95166629 51.03289467
-63.12592051 -731.82201707 53.81981924
-60.04800705 -726.69198943 51.67255169
-50.49551981 -728.56290377 34.66193821
-63.91117491 -724.42003511 53.89087707
-61.92737065 -725.64763678 53.53278185
-47.84318000 -728.41920000 25.22445500
-64.23397824 -725.32791115 56.78698916
-63.26922771 -732.50381687 55.88153645
-62.48329418 -726.09334947 55.91390675
-65.75770000 -730.44390000 58.22187500
-66.26166534 -730.25504098 60.24533109
-66.37324087 -724.46360200 59.92833427
-63.84257881 -727.95746129 59.83523941
-66.79776978 -729.81385117 62.41501794
-66.91622381 -728.15250188 63.49467839
-65.37964120 -725.75135832 62.09515694
-65.19947809 -727.37890380 62.20847369
-69.32812796 -727.25673449 65.26527979
-66.56600556 -723.33388148 62.92915278
-59.77811429 -729.55460000 43.13161786
-67.59616268 -722.10985207 38.72558114
-43.42013550 -729.93175060 23.47662348
-48.67841660 -728.12238184 27.14291631
-46.27518538 -728.17828484 26.58193076
-45.99321964 -728.36078825 24.08841033
-45.65210756 -729.84643467 24.04056078
-44.98499892 -729.01295161 21.91078575
-44.94726111 -729.52994167 21.85543611
-48.96955957 -727.59895481 29.86207837
-65.00963481 -722.51124769 37.57936673
-63.61314380 -721.92373215 36.97508837
-43.64086693 -728.57015169 23.51255198
-52.05149826 -727.50827854 30.30147351
-69.80165083 -725.21278500 37.05781583
-65.84490833 -719.95420000 37.26212500
-67.02537732 -719.20939873 39.02282836
-64.58935730 -718.50606062 38.06905936
-61.13006599 -719.46211422 37.08664505
-68.26876456 -719.38886589 40.83456426
-68.63240962 -721.31596404 40.62100577
-66.80141639 -725.50986161 36.89433172
-62.06054000 -732.41848000 49.20411500
-59.22603791 -730.22613247 50.52246588
-55.32283316 -727.78049352 32.61120738
-44.83568750 -733.06533750 21.27771250
-52.91491221 -728.39523807 38.67343817
-59.93110196 -732.56413333 34.18438480
-67.11730647 -724.11942333 37.65979132
-64.17740411 -724.96588587 36.79457770
-61.40001405 -722.23076293 36.60798486
-61.24759626 -724.68805639 35.90869465
-61.35136501 -727.92034527 35.78844436
-57.46993773 -725.94752009 34.04561196
-55.41176797 -725.84758568 33.61448238
-55.72512658 -730.97102058 32.26594432
-59.39798939 -730.34689986 34.64165282
-59.10624657 -732.51193480 33.57545588
-44.55995574 -729.03538279 25.62853566
-50.39824524 -726.18481071 33.39488095
-47.32386207 -729.73673448 28.75530086
-66.05851667 -729.62995333 37.18314833
-56.66712836 -728.08965075 46.46937799
-65.82835000 -724.23755000 55.06252500
-64.43355000 -723.36530000 52.54825833
-59.86579310 -732.23296207 34.19003707
-65.72227500 -729.72747500 61.41430000
