-34.34780355 -739.67237376 44.70138466
-26.05111111 -782.27620142 179.44892083
-31.54005333 -762.31580667 108.09819417
-29.66974828 -762.94479163 100.58915055
-23.76913538 -767.98581988 107.41708452
5.72123085 -803.67726119 133.25397954
-47.69795000 -793.20535000 211.21858750
-31.65287692 -782.67453846 155.61723365
-101.45350922 -827.24886942 278.76416473
-53.71764474 -803.72631822 227.38218487
-43.03312500 -790.29220000 195.77563750
-18.76580833 -789.87545556 206.96551806
-86.84979449 -822.65356696 269.48506327
-46.13365000 -741.75500000 58.12133750
9.28198226 -821.59252424 131.84829122
-35.98757746 -776.32244523 161.81552927
-72.97254945 -824.68565275 247.37654354
-12.61007327 -798.01046271 224.68570994
-57.11579063 -806.41752904 224.58154047
-36.05603333 -780.98861667 154.97603750
-31.61356000 -771.95018000 131.15072750
0.37448617 -803.56119224 132.07199940
-21.94337979 -789.02635226 192.35323767
-39.93652857 -733.33404286 58.20937321
-37.95850721 -780.14526210 170.70851635
-40.38136440 -783.77168560 167.67292834
-33.82181307 -741.93672841 53.21487045
-2.36176164 -806.66696032 132.69703514
-3.96158000 -794.88374000 130.10664750
-28.00235000 -778.47106667 157.00790417
-32.03670169 -763.72342881 101.87971123
-21.92122500 -793.30459167 198.83896250
-32.69564010 -746.39339142 65.73321407
-15.27655909 -794.49071998 216.07601893
-47.40079940 -737.41406471 62.63867817
-15.75093148 -792.78285556 213.47424985
-52.47574730 -811.61688378 219.42817939
-31.88586747 -777.60737711 167.95771762
0.61391029 -812.88824674 132.60740673
-36.66744141 -782.79505455 158.99001275
9.09848494 -806.52218828 133.02645319
-4.44039015 -791.57778403 130.55708637
-46.75987402 -737.57894613 59.90904149
-39.15868485 -782.48419915 176.72883133
-37.04745714 -778.28395714 165.94891607
-36.30860588 -789.71781176 172.40985221
-41.49562425 -737.64264249 54.04534976
-49.56615123 -798.51133493 203.77605869
-21.14606118 -773.03902478 111.53114868
-35.23335000 -745.33236250 54.73922500
-107.72123598 -822.70060367 290.74878332
-40.16440000 -784.23730000 166.07488750
-29.52979139 -765.00338390 122.20040997
-34.52405501 -755.22421713 92.72608388
-41.92751201 -788.36943160 191.85873696
-28.57166190 -769.35038571 109.10867798
-81.03355500 -821.17231979 260.42583176
-37.69010833 -733.00065000 26.38944028
-32.42936959 -767.51975453 137.71069434
-26.89033536 -782.70387643 167.75135898
-108.33845296 -822.63913805 296.12818493
-33.20920619 -760.65196476 96.59878512
-45.97073049 -793.38112195 203.26861311
-39.48573667 -739.63096333 47.71878750
-40.05410000 -784.29606000 177.38002750
-38.12178552 -738.24295966 44.49944750
-35.67331250 -736.61570000 26.73443750
-39.27919129 -782.52501184 173.94422387
-18.64713542 -789.76713750 204.17017917
-32.62014590 -756.84983558 101.41443080
-38.85006299 -737.43615385 50.61328833
-55.63520029 -804.63867890 224.75105499
-95.66182183 -824.63541072 281.59160231
-51.41772178 -799.99434673 218.79525743
-38.93321419 -734.33966351 23.70949020
-40.28790000 -793.22640000 181.11348750
-43.79824374 -803.26905233 198.41457405
-45.06518296 -803.90350806 200.45815212
-9.96040000 -802.16990000 234.99838750
-60.27901364 -808.92824176 239.64724261
-122.28068741 -816.33798321 303.71447515
-29.64143256 -761.81492409 99.12976159
-32.76050253 -760.66656618 114.06326618
-43.51192349 -789.83181638 194.18933470
-33.23142561 -747.95350069 74.11538231
-31.52278947 -764.63328421 113.62894539
-35.52889157 -737.84915108 41.75255569
-29.45123301 -773.63053172 144.05527714
-34.90663675 -764.54341096 119.86918907
-1.44384000 -794.28825760 133.40318190
-44.46638207 -734.21261448 67.28312543
-36.12118621 -776.26013793 147.12121509
-32.92644817 -755.10468101 95.60779087
-31.55696154 -763.63133077 111.26399519
-115.42995581 -820.03072791 297.99386657
-33.40532340 -773.68195792 158.34509908
-67.58667273 -813.91556136 245.00812159
-76.65517500 -820.08831250 266.11941875
-104.73223779 -823.60206555 287.19157310
-38.80262637 -729.55195385 14.66402212
-39.69672612 -731.19737239 14.93531660
-34.07870000 -737.49990000 35.53768750
-26.71079261 -771.01371761 110.49279934
-36.68436316 -775.94344505 155.84823803
-38.34356656 -797.01319558 186.17871305
-32.61399239 -761.74333543 98.40290076
-91.92564286 -826.33890000 281.51943036
-30.40618070 -763.90525088 113.82930154
-36.78773125 -733.01746875 26.28931250
-36.65230000 -736.16520000 37.83598750
-34.49511217 -768.71831306 137.73451005
6.38872500 -811.35142500 133.25408750
-51.60604961 -813.23946772 221.41853632
-110.46434728 -822.22994001 293.56224420
-26.44676503 -765.32835416 103.99242034
-61.64797018 -814.96802047 231.59109393
-30.22847292 -759.07919062 96.10155312
-43.44158765 -789.63861420 182.88080617
-36.05971538 -732.85656154 23.79699519
-31.11860000 -766.24640000 104.62538750
-39.19648061 -781.53865306 159.70301811
-67.45005660 -813.84301604 240.15399976
-49.88688152 -800.08078382 204.38117192
-35.81646186 -769.55436102 129.43298496
-34.73997615 -762.28146538 113.67718865
15.34828275 -821.63202424 134.15332829
-34.94923693 -749.06870325 74.71958663
-36.21700800 -743.11699333 51.39670683
-42.37728805 -737.33185977 56.10691843
-19.15315000 -795.79895000 214.47288750
-21.04511620 -791.58407306 197.74149630
-34.66241003 -758.26927793 101.81735773
-65.47570803 -813.13642086 242.61706507
-38.09813626 -734.69157529 29.67688588
-127.88473464 -813.31602810 306.04977443
-41.87952476 -734.38191125 59.66368797
-106.48810000 -826.58120083 285.38544122
-65.43753175 -815.74616935 236.84898845
-42.80742318 -792.76550662 184.93733651
-25.38212000 -784.51049368 194.26318750
-49.12632500 -796.15667500 207.59888750
-23.42193089 -785.89682255 191.56835441
-59.53638259 -812.52166042 227.94406884
-34.78607947 -752.21985703 83.67096942
-104.95015246 -823.03142813 288.10076161
-49.36611654 -808.62374646 210.80182530
-32.38678474 -749.21573197 75.04152395
-35.74613488 -743.41172589 56.57575104
-36.10643333 -781.76902667 156.25795417
-11.44653168 -791.37982560 126.55009515
-37.38999379 -777.75973968 161.47548069
-31.95231072 -778.54831743 171.06136525
-52.63631703 -801.29910808 215.69546816
-17.69809905 -785.82442838 125.34721604
-36.38172441 -735.81905118 35.56821388
-31.98786053 -766.08483947 133.60350382
-21.27183920 -793.54687787 201.06100083
9.00038939 -807.56788004 133.37956322
-7.25443027 -789.65080108 127.31683939
-34.50084114 -756.73038259 98.42597516
-0.48255169 -795.58706637 133.84338908
-60.57690893 -809.58703393 242.47907750
-46.47177553 -799.81302185 198.66477729
-15.39682449 -774.30873143 118.86341321
-1.82240345 -792.95887931 133.31082888
-68.77221716 -821.79536944 242.12856103
-34.54253478 -759.79545151 107.35556442
-44.92835373 -741.19164030 56.61244422
-40.70886128 -785.23938845 170.81962033
-52.06760000 -813.98950000 223.43785417
-38.98589688 -734.04255469 20.92437344
-32.90600485 -756.09700644 98.70643309
12.07569161 -812.80978281 134.56599158
-17.14301020 -789.52418027 127.50346301
-22.33064694 -793.55161837 200.29734872
-31.26920000 -774.28630000 141.65985417
-37.91207107 -729.90551447 16.85754410
-39.23545204 -731.22242959 17.77476403
-18.58945222 -793.87517822 207.18988106
-28.77584345 -758.19183092 98.92873875
-35.18840106 -763.60298830 114.02874282
-30.33093281 -766.62993799 134.80031246
-36.98660000 -733.36692500 12.17076250
-66.96151000 -814.29058000 243.40348750
-21.79001429 -787.07467143 202.59115417
-25.80525632 -790.49979885 186.11149899
-55.60578608 -804.85247202 227.38210739
-31.79518465 -752.33432303 80.55101687
-37.99530072 -737.38264604 32.57244362
-38.57800000 -787.32846667 168.74732083
-32.05554348 -786.77313913 164.13373967
-36.25909384 -729.63474315 15.05923065
-34.90198696 -730.82087391 12.80910489
-45.98809367 -804.85757468 202.38986218
-35.87578249 -737.09423261 38.64840477
-48.90722382 -796.57041309 212.44923802
-34.58691836 -771.88760676 149.40944982
-35.27142000 -733.58537600 24.33259550
-32.31624345 -765.60777314 131.59313038
-49.24926078 -805.53470588 207.86326985
-69.29941328 -818.68479688 242.35343379
-17.77612582 -780.72491941 118.92534192
-14.60649004 -795.14526309 218.26168503
-63.79267895 -820.96942895 238.39539803
-25.35855641 -786.76589487 178.61227724
-30.96987963 -768.82093519 143.16885231
-113.76350907 -821.38093076 296.46478956
-32.42865193 -768.35666806 140.64314184
-34.46503714 -740.84174000 41.83383321
-47.21329476 -797.43753942 197.70252203
13.02498960 -818.18378174 133.72725587
-32.13782708 -762.97991042 100.52671875
-30.98817949 -760.03077179 112.71656699
-37.71888024 -738.18218563 41.47548960
-36.57990729 -729.87971562 16.72676771
-33.09243457 -757.44071223 102.56227332
-61.53563464 -810.33831049 230.87562846
-35.19256923 -748.43221538 66.51368750
-92.91383017 -824.61218793 278.45040302
-37.10655000 -774.33425000 141.89578750
-29.56576905 -774.43744429 154.90214845
-43.47985165 -789.76827348 191.87498991
-36.16853333 -772.28185000 135.72370417
-42.30363089 -733.97204087 65.93429145
20.17181067 -827.61938142 134.66259541
-29.53517759 -768.00142759 128.49170991
-36.41669013 -776.02796118 158.84311743
-45.86145579 -793.91743000 194.46839600
-29.97616298 -755.29913772 96.09841804
-91.94614538 -825.23298319 269.74503930
-38.99264545 -733.55042727 18.27129205
-125.74000925 -813.83293096 305.49313732
-65.23437772 -812.88655000 236.67436048
8.15283636 -804.85727013 132.84283425
-33.00590130 -753.91814126 92.19277921
-61.56515000 -810.84592619 244.55103274
-45.90720500 -808.39722000 204.61813750
-23.20520195 -777.32824559 118.98580961
-21.31470348 -771.19253427 110.89553929
-38.96644686 -731.82499257 20.35388636
-7.09370000 -783.10770000 124.06968750
-34.27225500 -760.60330375 95.73473750
-32.82101362 -769.54464790 144.13400367
-53.71792304 -809.56167192 218.47751171
-67.96462500 -817.20822500 253.32443750
-35.01024980 -774.65298095 158.41340192
-5.41645136 -803.12352836 132.54919061
-46.52613609 -792.70287033 207.10939563
-33.96346596 -769.34046383 141.77227899
-40.84907536 -793.77071964 183.24596143
-45.80100343 -801.75596829 199.61677807
-24.29246300 -762.23976154 105.04031277
-102.50590939 -826.84024502 280.64035436
-34.46221239 -765.64824115 125.63263219
-31.39494211 -775.77460526 144.37354539
-47.01044380 -736.82349948 65.06564701
-7.70699231 -783.76299615 124.50746827
-74.72597080 -818.73673769 251.48541679
-35.91604553 -769.90713170 131.84467251
-32.41035172 -752.12761150 84.11357749
-100.75904211 -823.17404737 284.25622961
-49.27857785 -795.98016443 215.22730495
9.76524658 -823.92115894 132.27362922
-35.50961111 -745.56545926 56.69893935
-37.70317826 -737.52587759 38.63603215
-34.44701250 -772.09350000 152.12728750
-38.53269528 -779.62657085 158.91663343
-38.77481125 -783.72791826 184.97080624
-23.58450329 -769.98097605 108.47450305
-31.37220000 -769.13803333 145.39322083
-43.70708214 -741.63821071 53.56701786
-11.68342408 -783.02851257 122.23815533
-11.62701568 -785.71988364 123.21006425
-40.59882118 -784.60502365 168.24319982
-30.53744074 -777.98890667 169.71820231
-43.74654286 -790.18841429 202.31940179
-37.67933704 -780.57239299 176.30036860
-32.90882391 -750.27997468 80.66190501
-35.13341796 -751.65755388 78.32961905
-51.92795313 -802.58235937 226.76955208
-33.13327088 -759.40388045 95.19185247
-61.14190000 -810.46733333 229.15008750
-32.65422421 -757.89672165 104.66986073
-21.68756593 -790.90930370 195.00771694
-24.56210357 -764.23668452 105.62120298
-34.81033378 -757.84878615 99.03012095
-92.08290972 -827.77784264 267.56328694
-44.78206744 -791.71741491 200.70560515
-20.16756355 -788.81697447 203.50013421
-51.71935766 -810.86985045 217.65823795
-74.20769467 -826.37499200 249.42517417
-68.56945360 -816.64501967 251.35798981
-49.18078000 -796.11551200 209.95370750
-33.23656120 -772.95520726 155.80667094
-41.46426484 -797.07536309 189.07565246
-30.24017857 -760.28211429 97.08489464
-38.53836000 -732.48273786 23.50288607
-55.42134698 -804.75758989 218.84236352
-18.50323824 -789.96005176 209.38965632
-105.54508824 -822.86877014 289.91170605
-8.63451180 -786.08963199 125.09803455
-22.26591667 -778.51587083 121.38436667
-6.71981967 -783.80271803 124.88309242
-42.03751579 -788.68720295 194.41381704
-27.78595261 -757.54805582 99.76326621
-35.10403723 -751.85495704 80.91447461
-18.68448785 -776.11932170 114.82667901
-34.69037500 -742.15970000 55.34383750
-107.42876819 -824.60293495 287.81286437
-29.44558214 -765.46059119 104.03775369
-41.93280119 -740.36673452 50.94927679
-38.84920000 -785.98699775 167.81252907
-35.88880902 -773.67709730 149.62321893
-28.93323815 -786.69099306 172.92688577
-27.04460211 -780.69452113 176.85042201
9.27630583 -809.55767267 133.63611756
-26.60211897 -782.96476066 188.79895588
-43.39048340 -789.91585892 197.65791115
-48.71660377 -810.50306203 212.22373538
-39.79913632 -784.47193857 182.99101530
-71.56362500 -819.89487812 259.49773438
-42.53221819 -788.09881078 185.85854451
-36.19673636 -796.38312727 183.76976932
-34.99489310 -738.09804310 44.02065388
-1.42740682 -811.89861970 133.01968068
-112.93644054 -823.75639865 294.01983514
-15.28489578 -796.82021957 218.77527551
-30.34289537 -758.16222407 101.89525324
-31.06668000 -763.19498000 124.24384750
-78.47592277 -820.47943267 257.55160532
-48.31051046 -797.62503280 200.68051396
-79.68217264 -819.94539811 258.29089033
-38.48255347 -734.60374191 27.21970037
-32.41359983 -761.24999709 116.60876279
-28.20677083 -788.67004167 178.52908750
-15.89355061 -773.51559451 117.87056433
-35.65724195 -770.68885901 137.87172505
-30.72710000 -775.28870000 138.71268750
-58.92159532 -807.55015566 230.76186266
-85.95410642 -827.42337783 261.45720310
-46.25173929 -792.96157143 197.90259821
-38.02561481 -736.55681852 26.79214676
-37.96520000 -736.33150000 25.17118750
-15.90293437 -778.88603406 117.98250081
-25.68367826 -772.42210870 111.80262808
-42.60701071 -740.20424286 53.40389286
-10.42443793 -804.14416552 241.94111164
-5.69066734 -800.74805312 131.27241374
-56.18659444 -804.87842273 233.56138598
-23.11864633 -765.04346544 107.31117804
-34.02180000 -766.34400833 129.82900417
-46.67454097 -735.30926801 65.32427541
-35.38136593 -746.17672398 65.92694741
-117.55192222 -816.91540606 302.31952689
-42.01803838 -798.20247575 191.18314692
-32.28900663 -762.08855119 119.66736245
-37.31055500 -784.46417000 162.65638750
-34.57013278 -750.66217262 80.55111583
-11.68530000 -799.12940000 229.58618750
-23.48010687 -791.09812332 191.74213494
-80.66739122 -822.19662340 269.52624176
-36.50942486 -772.65838092 138.19574473
-35.63393024 -734.11417561 27.03321530
-37.99697514 -737.14323315 29.99129910
3.91499811 -818.15471836 131.65499731
-36.02466536 -734.51204581 29.75065510
-42.58706780 -788.30755299 182.73404057
-57.11632470 -806.17560532 230.70342946
-31.70559808 -763.12692308 124.31982981
-30.83315000 -754.02720000 89.30993750
-32.38408571 -787.38631429 165.42830179
-30.03879195 -778.70550690 147.39821509
16.46010000 -829.02010000 136.19588750
-41.11607768 -785.69967158 176.75023736
-58.71904857 -814.54248000 228.74668179
-27.19365431 -761.81973319 101.81278664
-109.80833387 -822.84016083 291.55075248
14.39519122 -815.92668470 135.60843311
-51.06523436 -812.08376790 218.50780314
-49.18938824 -811.35601765 214.01659338
-37.90834577 -735.43798992 32.60700323
-36.50052080 -732.79608496 57.04140564
-35.83858752 -770.47399904 134.88377625
-37.25229688 -739.40946875 36.21301563
-23.62639943 -785.73670519 188.56091800
-36.28342508 -735.09226911 32.55054163
-40.09883333 -784.25626667 173.53292083
-40.28653308 -783.92527308 176.78733327
-98.78207789 -824.15236785 281.52557182
-38.03228704 -785.17897407 164.97007454
-35.64330455 -780.15385455 152.79884659
-37.58059044 -735.93252721 35.20875074
-35.42084861 -748.67547500 68.58515694
-55.61927138 -804.52782253 221.40499888
3.36798500 -812.67445705 132.27937824
-37.87210529 -737.29733356 35.86961739
-52.36156033 -801.70831392 210.32504499
-12.06241823 -787.61324373 123.90035606
0.53077747 -806.71897288 132.17224536
-40.26501157 -784.01468347 179.38004618
-45.94364545 -739.62588182 58.50761477
-5.47018993 -798.47091007 130.35748675
-21.83040157 -787.01405906 200.77462608
-38.87529334 -782.74194722 179.78442549
-45.27910928 -794.46247336 191.59791687
-35.81866946 -777.67444022 170.34655026
-32.58858394 -766.74632076 134.85168583
-36.02228788 -739.66906667 36.22294811
-31.24195000 -777.76565000 149.92398750
-94.98768645 -825.69804443 273.29142063
-14.15408621 -794.53727742 128.74100778
-37.76764907 -780.38647610 173.87276585
-59.95137769 -818.28718038 233.38831135
-34.75361292 -765.13610499 122.53106239
-37.41886389 -739.67215139 38.99220417
-11.48624861 -799.57535324 129.96714306
-35.39428000 -740.18198286 38.87472036
-31.95677153 -768.97450560 143.32979045
-44.98352705 -800.89565869 197.73920205
-35.97931250 -787.78398750 168.42068750
-45.02569261 -797.90608500 194.61534780
-37.97992803 -740.37104770 42.02251344
-35.57647500 -737.70843038 48.09249288
-35.83224298 -745.95103761 62.99210518
-38.37954755 -740.24584895 44.23292946
-35.10103604 -770.98093093 143.52669936
-43.94804000 -733.12652000 67.06038750
-100.73839472 -825.55659016 279.17982666
-38.60791329 -738.06274473 47.72978349
-28.38317241 -776.28462759 155.19853233
-18.29699837 -791.76151389 206.67097459
-43.56577436 -741.73101282 51.39566442
-44.25640000 -742.41714167 51.67821250
-40.37296000 -739.93758000 48.90982750
-29.17222361 -773.15283141 147.32464009
-40.42926667 -796.38523889 186.91752639
-40.03550000 -793.18800000 181.24068750
-69.64512857 -819.17750286 257.06415321
-40.51327156 -738.04702444 51.29825106
3.38858627 -815.76869823 132.05915364
-28.80420396 -756.40124709 97.99546780
-31.50980909 -765.74803636 116.27874205
-33.87836731 -775.05224231 163.57435673
-40.01663333 -739.33370000 49.53212083
-31.58353636 -769.81160000 125.90577841
-17.50676771 -791.79599065 209.75502827
-82.19988261 -823.00212174 258.86696576
-33.95262623 -740.29559836 42.16373176
-44.63943793 -742.57926207 53.66421509
-3.97510882 -797.15571765 130.11470221
-27.38296721 -779.55154836 161.83239324
-44.94702909 -736.85567688 58.97305860
-37.46470000 -796.29445000 184.16188750
-47.07155167 -735.12049191 63.07188074
-45.58821176 -742.43445882 56.66673456
-98.55397371 -825.24433745 287.36314049
-46.78768926 -740.36580909 59.78401395
-47.58641786 -739.67518929 61.77601250
-127.32752000 -814.35882000 305.70214750
-40.98196858 -732.44622281 60.09018946
-41.60669609 -732.21254766 62.74501923
-34.75794678 -761.39643619 110.74748522
-36.83992789 -778.46081105 168.01503118
-42.75331689 -733.74441785 62.49890401
-34.88524000 -751.35196000 75.81586750
-53.12124726 -803.45509807 212.99119818
-44.92886201 -734.37493292 66.43194305
-41.38222710 -732.66277729 64.97447898
-39.62359110 -731.32421104 62.28522922
-36.21129854 -743.24851581 53.82091519
-60.39495960 -808.82261876 233.46117944
-40.06372500 -731.97700000 64.24358750
-58.62574939 -807.70422078 227.78523409
-30.96480000 -753.36440000 87.09342083
-35.32125026 -741.87593598 53.34372692
-32.79064767 -748.56721658 65.98124242
-20.01218072 -778.69385344 117.41811546
-35.53020541 -744.05744692 59.63684426
-18.30758444 -796.36867111 213.50238306
-32.25372500 -757.17392500 103.20486250
-35.70741239 -746.04314071 59.90533794
-30.66473864 -767.29294062 137.64171932
-7.62735147 -804.12664263 133.58571109
-29.04335962 -780.48489038 158.80585481
-35.20183404 -744.69661044 62.45284771
-46.68071711 -796.74415000 195.77621382
-33.28713007 -744.60600880 62.76437625
-32.70598407 -764.05133985 125.67560906
14.74999824 -824.30887157 132.95737983
-39.95000227 -787.33938864 192.70992841
-24.76867536 -767.26026908 105.72782566
-34.54517297 -745.07174324 64.72145236
-1.94218346 -812.31489559 133.45491103
-33.09206349 -750.89838426 83.12638290
3.42337474 -806.69868231 132.52819032
-17.47058333 -794.97847717 212.70012068
-33.46900140 -745.03421888 64.94320498
-35.67885683 -736.71808251 53.08471100
-35.22139319 -746.90585383 68.53558987
-17.36286873 -782.00574162 120.12125044
-76.59633067 -826.75781333 252.58492217
-32.71642127 -746.90056465 68.46387966
-34.94847587 -747.72063050 71.45773175
-13.84344366 -799.59629293 227.65307701
14.44194985 -822.51759825 132.86451520
-89.15375000 -829.26245000 264.20453750
-35.36416116 -748.75225933 72.15789637
-44.57100330 -805.97352507 201.22415485
-18.76862285 -783.68684869 124.74511934
-42.85435833 -805.36554167 198.77714583
-73.07515556 -822.06935556 247.29409861
-32.99589672 -747.39431330 71.61471220
-34.38212241 -748.05907241 73.67111509
-13.55277333 -800.42724571 230.47198131
-34.77716909 -749.94374190 77.80003856
-25.54677222 -784.33667778 192.82802083
-88.50428750 -825.54626544 264.77972647
-19.42827283 -781.69888668 123.19830761
-32.48817996 -749.71560736 77.71317116
-34.25059630 -751.09661111 82.52820324
-32.51437270 -752.60868136 86.55401068
-14.03761005 -783.79678095 121.38233829
-34.68615419 -753.05974017 86.65268476
-51.90732286 -804.72109500 211.58323750
-37.63246715 -776.60685765 149.72927977
-28.56704122 -770.22541298 110.28283979
-114.93822500 -817.82435000 301.25576250
-34.54080000 -754.33530000 84.89418750
-77.75801709 -819.95663719 260.56074077
-34.83961105 -754.60661628 87.08243459
-46.64467232 -794.98452120 194.91237089
-64.27683485 -812.73566818 234.88169205
8.19050000 -805.16490000 133.18448750
-44.35943575 -734.73210402 62.31285887
-33.10201949 -753.19867241 89.64883320
-32.55111925 -758.75330956 107.73072586
-19.54000727 -782.69171679 124.82178650
-34.49339685 -753.73154860 89.40216442
-12.77721860 -780.16557035 120.89600087
-31.96640583 -751.89041274 78.25618448
-34.84191408 -754.89148446 89.59467841
-32.90087813 -754.62874386 93.35407768
-34.54801161 -758.30437226 93.46582685
-64.26559744 -814.84287692 234.95863109
-31.55413000 -770.95830000 128.76753750
-60.48994075 -809.27502749 230.57921595
-34.59149448 -756.10212194 95.59941287
-28.18634000 -782.51638000 163.93472750
-33.62558739 -758.11570672 93.71639254
-30.80599915 -758.52389658 104.59249519
-34.55031064 -758.73534255 95.45552651
-34.65296394 -759.11682469 104.62931805
-34.90634667 -760.52244222 105.14499861
-35.24979065 -774.18984473 155.69546395
-32.46821326 -770.07689288 146.57206433
-29.34599246 -763.94626065 101.87894549
-34.90396718 -760.83372074 108.01624106
-13.72636624 -787.41384841 124.01290916
-34.49865971 -762.75986547 116.24820333
-36.46310075 -773.45771240 143.80914239
-27.32188395 -764.30551632 102.13238197
-33.08967713 -744.18362534 59.60684445
-15.71537431 -792.84423854 215.23621974
-31.45049091 -765.14534545 103.82752386
-52.17130000 -800.73940000 207.99878750
-32.38979717 -759.53552598 110.77312290
-33.71876316 -760.55824211 111.27158143
-29.36682410 -766.67810964 105.63125497
-14.76410635 -799.52664127 224.78865258
-36.69733784 -792.98646486 178.52655236
-48.60551757 -804.22852928 205.94409704
-31.99249904 -759.99573868 113.00593469
-9.71244337 -784.85960753 123.95395058
-26.31451426 -767.08660116 105.38440966
0.21007589 -800.83249748 132.26384156
-29.16604434 -767.83493303 107.22498477
-11.57133200 -801.36334070 233.52925462
-35.05858528 -763.95425421 116.90236157
-26.77283030 -768.22150754 106.88849397
-28.23462941 -782.06322353 187.57720515
-33.92553011 -763.44900215 120.61118212
-26.22667378 -769.73512805 108.64634512
-35.34437692 -766.41034615 120.60711058
-23.20704576 -771.17528131 109.81075706
-32.06230841 -762.77410171 122.49774474
-12.30586442 -798.83893299 227.40778205
-48.81181370 -796.62593283 209.60706924
-35.20928326 -767.70019566 128.62147678
-33.41391204 -763.64083531 123.06461912
-35.10007500 -778.84125833 149.51838750
-58.66500255 -809.60701856 225.41969075
-32.58672844 -764.87177350 128.65463635
-35.49189336 -766.75784076 122.93741120
-27.45588444 -772.03447778 112.41050083
-26.17550687 -773.50943634 113.78277193
-47.03296643 -808.79528156 207.03311658
-23.32883671 -772.79107479 111.35036120
-22.65359102 -786.44964776 200.23992383
-35.33272484 -767.18620155 125.98024274
-19.80481005 -770.86276825 112.85757533
-47.08289601 -794.76145202 200.63694041
-20.01514648 -773.99802270 113.05779960
-101.57806549 -825.21561549 289.83024665
-34.25866694 -765.93347686 128.02310486
-96.57133333 -825.16629231 286.62451314
-18.67718762 -774.40592015 114.39201954
-20.13335275 -776.19660431 114.32663704
-24.91895122 -783.80755935 180.07493953
-33.68105521 -766.54891354 132.15671927
-34.90267895 -767.94544654 131.51131691
-17.00725151 -774.06377118 116.63765056
-44.46647338 -791.76788286 188.67619877
3.28005549 -803.85792155 132.70922284
-17.53481827 -776.88051114 116.17986010
-34.68722638 -768.31179966 134.52950991
-20.45930380 -779.56556902 119.96876666
3.20244530 -800.46644004 133.44699013
-15.85505126 -777.25017185 117.82945053
-40.63089902 -786.85102087 191.73181132
-60.90510500 -819.31682500 235.39280750
12.35386785 -821.83885995 132.37661539
-21.78887273 -787.02009091 195.81621477
-22.32626721 -778.31674918 120.85822357
-29.10379474 -781.64763421 161.31739803
-14.57140861 -776.86965056 119.43623168
-14.87284867 -780.06805166 119.19894157
-62.95375960 -818.81760915 236.30372009
-20.50782933 -780.09263731 122.26022261
-30.84863294 -768.01720980 140.32394005
-35.32678038 -770.68822233 140.71583438
-29.92762181 -771.15157304 143.34629632
-36.55892931 -773.07762658 140.90166940
-12.92999545 -777.54221818 120.92448750
-18.09723745 -782.95336981 122.55041467
-28.31833333 -786.06241667 172.11450417
-11.12362552 -779.99595407 122.11341541
-49.49960000 -799.29360000 201.91038750
-16.79894615 -784.98705734 123.50827445
-62.77876423 -812.66707561 245.46657709
-36.59803333 -775.62485238 144.33336369
-9.50289158 -780.52898519 122.92866864
-38.64716369 -783.20531398 182.69074367
-43.96751755 -797.12835435 192.16817751
-39.51540298 -782.43742538 167.66285778
-41.00732908 -785.65305125 173.62983453
-30.24800000 -769.56130833 126.41097500
-34.82838453 -771.43163365 146.63688367
-36.23618784 -773.68033451 146.73739289
-9.05219044 -782.75988197 123.50864712
-28.90813684 -787.41841053 174.57536382
-37.42024601 -775.80365460 146.89965867
-58.44054458 -811.81215964 225.91835136
-24.85970237 -783.84133846 182.69901058
-16.74392978 -788.19183371 126.31004958
-32.30708838 -771.08890099 149.46017459
-35.49132539 -773.77022837 152.64595152
-36.93370690 -775.52354926 149.80740819
-95.84969361 -825.30731395 284.58816279
-39.95410000 -787.51405556 193.48819861
-10.37065000 -786.80328034 124.33503237
0.25511653 -809.74551296 132.43156370
-6.49941923 -785.96678751 126.46978772
-8.67325578 -788.61225187 125.97525434
-11.50522715 -788.95437926 124.99255239
-32.83460972 -771.80228159 152.40783251
-33.01855540 -772.59895915 152.93982365
-36.81606971 -775.77875961 152.76947089
-37.70389256 -777.17271216 152.74203214
-39.03828634 -789.02768814 173.51997771
-2.70302221 -803.51291217 131.99915089
-51.29154526 -800.25849862 221.49513852
-27.61193235 -777.56602353 158.49434632
-9.06055487 -791.44362884 126.70530336
-81.13167234 -822.55790851 271.53454920
-17.92296677 -794.28052981 209.72708758
-14.68947735 -792.15135307 127.84684384
-38.35953645 -778.55410280 153.29446600
-5.49895573 -786.54058050 127.83786583
-5.88406016 -788.95897793 128.55125245
-15.86363750 -790.14487500 127.23508750
-72.16534694 -817.52468363 251.68879559
-6.87738176 -787.83222765 127.00231750
-54.50618021 -815.26838125 227.11054583
-32.51203103 -772.12680000 154.56893233
-42.50593066 -795.57739794 188.21649299
-37.56671794 -777.43498549 155.67335552
-108.48537036 -823.84871634 289.75481243
-5.83108427 -791.75373226 128.94185614
-47.23133130 -800.55101445 200.63072181
-46.44192787 -802.88011429 201.53768914
-8.23023640 -792.23663863 127.49175715
-8.60635599 -794.73763793 128.40022802
-37.02057500 -780.54200312 178.96447188
-11.44654508 -794.62477529 128.27963826
-38.46250063 -779.01125643 155.85023437
-38.52770625 -791.25445075 176.90271275
-76.74628202 -821.67833143 252.04162666
-13.51131397 -797.02172020 129.28237877
-2.64795261 -800.59265851 131.21146485
3.04948800 -801.49419937 132.99580034
-71.67771444 -818.17380426 254.56499898
-3.77120000 -787.91020000 129.92048750
-91.39658421 -825.87581842 267.84329013
-5.77492255 -794.65057455 129.16616345
-11.49296877 -797.61147280 129.37836392
-37.48878998 -777.59806811 158.64754593
-50.13304645 -797.84802020 215.72306151
-31.61323710 -779.15380403 173.33921250
-3.88599459 -789.69596712 131.36879245
-4.42930098 -789.40700074 130.65210049
-48.71899239 -807.55416332 208.90131553
-8.55763931 -797.35426744 129.59502322
-5.10094983 -806.35202413 134.43415647
-3.26615311 -792.11723019 131.88866830
-5.79512097 -797.24710859 129.78095067
-33.71608493 -774.55242757 161.65037316
-95.93267075 -824.25780213 278.61819850
-34.51553824 -774.96489559 161.36142377
-37.39101368 -780.93714789 179.34500276
-38.40359367 -779.81453584 161.58744091
-2.93514406 -794.85394291 131.39848585
-54.62693084 -810.66840935 220.78188937
-8.33500864 -798.82543711 130.35979018
2.62184296 -798.68543873 134.11086144
-8.46173191 -800.78301244 131.27853246
-10.58870372 -800.91073096 130.76191779
-39.42109882 -781.85575209 161.80077071
-2.46859902 -797.69111708 131.26809696
-13.12160000 -777.00670000 121.24108750
-8.43773100 -802.82199688 132.48475422
-71.99343712 -824.43074408 245.92904358
-60.65770057 -812.97091001 229.70565703
-35.63419204 -776.63396770 164.65596666
-32.93475217 -776.27787681 164.79102663
-92.40865000 -829.25965000 267.65773750
-50.35607733 -798.93671221 220.62272297
-37.30090000 -778.00199580 164.11150988
-22.91968747 -791.75498958 194.83697249
-31.40753333 -772.60900000 132.76268750
-38.26604281 -779.76516935 164.70638723
-74.83230909 -820.03904242 260.24118447
-36.97445455 -783.45536818 160.61318295
-0.96352333 -795.79639667 133.01888083
-0.51607490 -798.17477185 132.50803865
-95.98605288 -827.36540130 272.47491051
-39.51522208 -782.28430914 164.67176423
-67.65991500 -813.85545833 242.71544583
0.65299241 -797.60217733 133.81118295
-9.98785000 -799.36272500 130.13151250
-12.43074549 -799.59177255 228.19293103
-88.85066667 -826.28213333 278.57735417
-5.75797909 -804.55295148 133.66441841
-104.34033252 -823.85615935 290.56597205
-46.88553203 -794.92788929 197.75386874
-35.65585066 -777.15780398 167.54197299
1.51217179 -799.62885043 133.36274135
-76.28041017 -819.75381186 252.51085275
-38.13470451 -779.88621571 167.59837814
-40.26347326 -783.22487907 165.14930494
-38.95367523 -792.54581273 179.36344421
-46.34042981 -792.90476394 203.73028894
6.16047186 -804.10285469 132.96735584
-113.00998321 -822.56048697 294.58001006
-36.70099681 -778.71701093 170.75061028
-41.79282838 -794.57123768 185.79256987
-3.15055714 -809.69571709 133.79821131
-98.74945677 -824.90669911 278.66781571
-39.46671798 -782.54004451 170.63826097
6.10330998 -806.56575487 132.98791587
3.52713795 -809.66443713 132.30971623
-40.26728274 -783.90640619 170.55070210
6.20978920 -809.97409612 132.80795340
-30.26625846 -778.43735000 171.44635596
-46.41376245 -794.32204206 192.70032784
-35.91968200 -778.04723600 172.49066150
-99.52850000 -823.17000000 283.00468750
-43.66830498 -790.69285597 183.24784148
-36.65088907 -778.97638007 173.56025205
-29.33298539 -770.94187640 131.74834480
-39.45754395 -786.68573982 170.14734355
-38.74649956 -787.80306906 170.85532998
-40.27570386 -783.89466867 173.72172226
-30.25820789 -778.99667544 173.54263004
-36.88988603 -779.64802500 176.12636691
-70.45725819 -821.54922034 243.68587507
-40.89536342 -787.84975564 174.28680073
-56.67606194 -806.32908372 221.67631729
-12.84902727 -799.53383182 225.80729659
-30.26855887 -779.71041991 176.66673598
-31.24756053 -779.63363684 175.82202434
-41.76482537 -788.37585261 176.98475039
-26.82810189 -780.55042642 173.97165731
-25.67147228 -782.68572649 177.09692116
-62.74477608 -815.71896460 233.73828750
-40.00141111 -784.33076222 180.41982750
-41.06753686 -785.64235462 179.72999182
-12.01850554 -800.47655948 231.06835852
-43.02195714 -799.12111429 193.36991607
-42.34401188 -788.55286949 179.52759004
-39.78430816 -789.94315714 175.76894872
-29.61421770 -780.19004654 179.55159838
-12.82740523 -796.90342616 222.44875203
-40.47144432 -790.55059318 177.60625682
-27.51525015 -780.88249174 179.28783704
-41.22249768 -785.88835690 182.63424800
-33.36150973 -743.19397082 50.90398233
-41.10470577 -791.37346416 179.97558012
-43.03242000 -805.42682000 199.26260750
-29.24724789 -780.85018732 182.37181313
-11.21368333 -802.36651667 234.84281750
-36.40959231 -788.64399231 170.45932596
-34.30518795 -769.02089157 139.87705256
-50.13454927 -797.83304410 212.76206911
-28.26713750 -781.02771250 161.18185000
-28.63413699 -781.36731370 183.66505188
-26.68289791 -782.12675233 182.72686479
-24.78262105 -790.41285789 186.72233487
-63.59547258 -816.61364677 235.41921331
-26.60950122 -780.39594512 170.49478750
-33.65428784 -741.70058389 50.70470908
-39.53924833 -784.79374719 185.71114047
-41.06591767 -786.03721603 185.64663800
-41.94290931 -792.13317542 182.53054766
-4.10790000 -805.27400000 133.17828750
-28.61213873 -781.54804063 185.29998179
-24.19595676 -785.52418089 182.80617913
-43.39320922 -789.55443211 185.75335936
-43.97051135 -791.33706843 185.89260993
-31.58836973 -754.79356536 86.95096898
-26.75312051 -782.50933049 185.87345302
-39.45583675 -785.52164520 188.63556864
-40.87662058 -786.57054527 188.36383356
-30.08562115 -779.63084231 152.69848750
-42.21476902 -788.09604947 188.76652152
-43.44610057 -789.59694094 188.37321674
-25.84007970 -789.79300609 185.01552811
-24.78976105 -783.93161686 185.46759622
-23.77885854 -785.76796777 185.56054595
-43.98746969 -794.44789882 188.97963939
-123.75263214 -814.02135000 305.24729464
-13.96012667 -784.28212000 121.14392083
-43.29734697 -793.58539242 186.78718144
-39.71603106 -786.58777059 191.55496726
-44.65805329 -791.71306437 191.73631012
-24.89753776 -784.04444796 188.53209872
-23.89621113 -788.56504408 185.84028591
-26.19948662 -783.57687324 191.37803399
-23.08467623 -788.72498509 188.69124599
-44.78961837 -791.66235623 194.55029455
-43.22995000 -796.33978750 190.06989375
-51.55733287 -800.21549548 212.69940424
-64.88432104 -818.36990710 237.45407548
-22.46289264 -788.75451676 191.44864513
-23.56593606 -785.79206413 194.61781050
-76.90791753 -824.55693342 252.26862723
-42.30369159 -789.24876534 197.46495946
-43.00758387 -790.32510645 197.88136492
-44.80499097 -791.80353806 197.60677859
-45.93795500 -793.49069853 197.47815044
-22.25982660 -788.01052128 194.10071941
-21.61464106 -789.03071872 194.81396963
-43.86609455 -800.09572989 195.43994915
-40.07930000 -801.60630000 193.18378750
-41.93302858 -801.10049073 194.35312806
-40.90249508 -800.05006140 192.29349719
-39.56851468 -800.41746498 191.46928689
-23.12015495 -786.13858189 197.63390961
-45.98639692 -793.39008538 200.55787981
-45.82428977 -798.77264825 196.74107113
-21.82780167 -786.91256500 197.74564417
-21.09538102 -788.86895490 197.74136985
-45.18217412 -791.89213432 203.56646815
-41.36109409 -802.67963065 195.14553750
-28.45766667 -784.09083333 167.41470417
-60.38779788 -808.93447731 236.59627635
-36.43103928 -733.96959315 56.00774894
-47.42039405 -794.91095407 203.65600229
-31.01385000 -754.56025000 90.48333750
-33.13763701 -743.78910489 56.52845175
-48.57646834 -797.12281411 203.44071321
-42.61945906 -803.86562402 197.47728947
-66.16198581 -818.79120841 238.97270866
-20.57851078 -788.80503288 200.62063152
-66.02201969 -816.18514962 251.32885042
-45.60370035 -791.91896713 205.96653093
-48.47219700 -801.26730801 203.26097361
-20.12485615 -791.82549014 200.74938708
-35.04943743 -737.00338877 36.00979873
-22.50144839 -793.39931935 198.45090685
-47.47569055 -794.62357447 206.65226158
-48.74853608 -796.90496243 206.56495936
-47.41573032 -803.67769133 203.61972102
-43.21423636 -805.42182727 199.05673295
-27.62226667 -784.35690000 168.79194306
-16.52994696 -791.00412957 128.04473098
-49.67037592 -798.32399603 206.67559106
-50.66062668 -800.35825835 206.73832113
-59.57336044 -815.55410573 230.41236801
-46.59051377 -806.31885868 204.22576655
-47.87735542 -794.67264626 209.67547264
-18.80344860 -791.60949385 204.03480500
-63.59476506 -811.55943373 237.08593509
-19.50459624 -791.96192759 203.30734734
-45.56783076 -806.72665098 202.95963348
-49.93115308 -797.86654427 209.74320493
-49.78679707 -803.37721781 207.04075798
-19.65830301 -789.15193060 206.37576373
-51.08665465 -809.80481890 215.29278576
-20.53771023 -793.80607219 203.75103548
-34.31667667 -757.04295000 100.71818083
-51.37272573 -800.59184292 209.57980978
-48.35672507 -794.99688179 212.45252871
-50.15554570 -809.30794812 213.03250458
-114.19628333 -823.46233333 295.57604750
-80.66412677 -821.99362160 266.91826084
-18.92999615 -793.44375000 204.87737596
-47.81790471 -806.75497932 206.61704928
-39.03573011 -736.56162769 53.35709664
-51.22569333 -803.90687500 209.80521515
-19.97154922 -794.35228080 206.63245578
-52.48257940 -802.66814716 210.72255765
-50.04771696 -806.56410122 210.09185641
-46.07452000 -808.68146000 205.31048750
-48.72088366 -795.67200828 214.98255351
-25.67932511 -761.65770220 103.77673199
-52.52862893 -801.58085391 212.97533877
-48.90587251 -796.59462715 215.75436963
-19.66506567 -795.07256517 209.81591433
-51.58375318 -799.92850256 215.72804101
-48.25921771 -809.34404226 209.81146138
-51.33431310 -807.03058742 212.57210171
-16.80514553 -792.04410710 212.50789335
17.11033077 -821.66381923 136.35825673
-53.92881092 -803.59858157 215.68640520
-125.29021045 -814.90950199 305.16534148
-52.56700540 -805.96528645 213.37528023
-52.88953714 -801.49092714 221.26967131
-48.98951200 -797.21956000 217.55599150
-24.97018000 -784.12874667 191.10194750
-50.26956147 -798.41857751 218.68186408
-53.51792246 -806.69117443 215.66811818
-11.34329369 -802.03354272 235.67782682
-15.73617928 -793.99353122 213.51170297
-61.84842525 -810.47553569 242.45732588
-52.81706515 -801.37925968 218.72370771
-26.62346076 -780.24515190 167.59478180
-54.21712569 -803.48930298 218.44195554
-29.59395455 -773.94728364 140.51681841
-51.87008193 -807.94327831 214.39153328
-24.79306949 -775.08706102 115.47683496
-55.63643165 -806.18020321 218.82881284
-54.69896306 -807.11534958 217.93121736
-52.65978824 -808.89139446 216.36976535
-17.35537172 -795.83221700 215.41173758
-21.95762500 -790.45922917 192.84208750
-35.17420600 -731.83582200 20.01641950
-17.42483416 -796.40110311 216.33249185
-46.93304429 -792.82787623 209.05686574
-55.60585348 -804.89601390 230.60609659
-73.38546667 -817.06570833 248.87112083
-80.49591932 -821.37012029 263.73670908
-22.72735112 -792.59121166 197.13459198
-33.30834286 -748.34931429 63.72095893
-24.69330981 -785.55820622 179.83282841
-7.15180000 -805.30126667 134.24592083
-43.24757826 -789.47743913 180.43342663
-42.95347667 -802.05575667 196.34641750
-25.66274626 -783.03834673 173.65714077
-29.86299316 -776.53379231 146.40189947
-24.28323594 -790.71879813 189.00658406
-46.10360000 -793.29630000 205.76898750
-46.16374167 -808.41226667 204.89496250
-53.81104028 -813.62930139 224.30953750
-56.91404274 -812.29249200 224.81740476
-48.82442353 -811.33694706 213.53284044
-36.26297734 -795.41580859 182.39458750
-53.90682146 -803.26262495 224.66518422
-15.74417419 -796.41578065 216.66843911
-54.21780343 -803.12093737 221.58232565
-49.84476735 -811.58853776 215.97183699
-12.83225937 -795.87195625 221.45272500
-65.46053688 -813.74854872 245.18548612
-16.78778976 -796.97760234 218.77263973
-14.46937787 -798.50569497 224.37209957
-75.71037647 -819.93024706 265.59846985
-51.58581706 -801.38334255 224.28368318
-89.74407257 -824.74703451 275.45729900
-55.35983333 -808.82702258 219.76529180
-52.50663403 -801.85283235 224.10182994
-56.17342680 -809.60732738 221.77016780
-87.37629406 -827.30107450 262.83298403
-14.39071540 -797.33237969 221.43983728
-30.83287186 -763.76196089 125.76531232
-16.52262426 -797.65027692 221.14510525
-51.92694643 -802.32502857 225.79029107
-83.50350261 -822.70988783 272.36899620
-51.61905714 -802.11308571 226.35807321
-58.42834100 -807.70380711 224.90958290
-86.37591246 -825.01638997 275.33429236
-57.39161592 -813.60158662 226.68354164
-57.49897744 -809.97420028 223.93967970
-53.48636755 -812.22358609 221.66010571
-57.07325657 -806.17544871 227.64503326
-55.52322500 -811.61722500 222.61433438
-59.77306878 -809.53561148 227.69886514
-49.01932917 -811.39331667 214.87659167
-54.21647812 -804.25247430 230.29653305
-54.86593913 -804.54827826 232.43513098
-35.19567097 -736.98974194 29.42787460
-57.31292593 -805.97688379 233.69528556
-59.02808875 -807.42056943 233.74876783
-61.65757877 -812.45001822 230.81262293
-44.11696861 -738.04153333 57.25981210
-57.78657026 -805.85335035 236.13916244
-81.44185806 -824.55725261 257.15901963
-61.99096545 -810.32831113 233.78484065
-67.46063487 -821.62354934 240.92948553
-63.31865373 -812.63539627 233.52164828
-58.74319803 -807.06209761 236.46465811
-62.32871885 -810.25463653 236.70078937
-35.08253750 -743.15559583 47.77480417
-59.15808977 -807.66114148 239.18116477
-60.77018667 -816.96948333 232.57536083
-37.17900000 -775.07635000 149.57733750
-62.32415918 -810.39222349 239.51003243
-61.75332200 -817.84823400 234.46807850
-10.90822687 -802.61794568 236.93258769
-25.31429464 -775.36177857 116.45952500
-63.50474562 -811.62175861 239.88451409
-16.24801818 -798.03230909 223.47565114
-65.65062083 -812.90730497 239.72802123
-66.68647267 -815.78098592 238.71176851
-26.94099684 -779.86742089 164.79670965
-13.80950975 -790.90009365 126.69363137
-67.66252765 -815.65421749 240.18286158
-63.21558590 -812.02455170 242.70464342
-10.77325217 -803.32790966 239.37526286
-68.80414373 -815.48663184 242.70489767
-67.74208046 -818.56889626 240.46785963
-86.79402903 -823.02822258 271.52615847
14.68626109 -818.68981743 135.28152850
-63.06654940 -820.57299398 237.60551642
-74.08222505 -824.59547712 248.90453797
-9.80423673 -803.78502755 240.09145791
-65.72082327 -821.29209430 239.71721893
-99.64336250 -823.13089375 283.78605000
18.04225111 -822.58672389 135.53184806
-14.38348547 -788.67191341 125.30780799
-60.76730000 -810.67514000 244.23362750
-20.91430571 -767.79011695 110.66480121
-60.99905000 -811.36982500 244.69288750
-38.84595485 -731.82324461 59.60614397
-9.43657562 -804.46907880 242.43619739
-66.21176265 -814.50171852 246.21203688
-68.57044701 -815.09130922 245.73991295
-70.23227353 -816.35577941 244.03854044
-70.92435569 -816.41523034 245.68875876
-71.60516811 -818.70251934 245.59890280
-70.40087942 -818.87688971 243.73478092
-8.94709583 -805.39610417 243.26039583
-69.13290818 -823.71237799 242.65566046
-14.39256278 -785.65218408 122.70210441
-9.16557647 -805.02500118 245.26272868
-63.28415730 -813.65482360 247.93855379
-72.05470030 -821.77279592 245.73886072
-27.80102500 -777.97907500 163.75862500
-8.96714345 -805.45797440 245.91246964
-63.70507188 -814.62040156 248.72380625
-38.73564012 -794.67739855 182.80769099
-65.82870808 -815.17228577 248.70703231
-38.26118234 -735.87647179 54.55100345
-68.54210335 -815.75578906 248.73624516
-34.70093333 -737.16652716 32.96653441
6.31409921 -812.57363270 132.49559207
-71.26165929 -816.62819409 248.81522264
-72.71523253 -817.99637520 248.45619870
-119.71890000 -820.23940000 301.38368750
-70.43022131 -823.92914754 243.91034652
-73.85589588 -818.93232963 249.29217096
-74.31110851 -821.63477576 248.80907238
-73.15271667 -821.97291667 247.13775417
-71.14096646 -816.91443088 251.09773453
-106.74055481 -823.55782596 294.39292404
-75.69330339 -821.56980885 250.74204922
-68.97276210 -817.44470806 252.69601089
-66.76381250 -817.35311250 252.92071250
-74.52997829 -818.57846889 254.75467346
-75.42078646 -824.80591242 250.71766470
-66.93345455 -817.52451818 253.47796023
-68.95386357 -818.00897079 254.29718956
-77.06323946 -819.61479865 254.76135966
-78.18744270 -821.52192422 254.51820194
-75.42154951 -826.60637961 251.19319430
-78.42282556 -824.63465559 253.90675747
-71.86215482 -819.41614941 257.81134656
-74.63153814 -819.41178031 257.63658471
-77.49997183 -819.75820517 257.45143892
-80.64295124 -821.84960406 257.83484583
-79.53870394 -822.54545039 255.67345994
-80.06605309 -824.75359182 255.53193760
-29.24832237 -779.24296316 155.97611908
-30.77548493 -759.77254201 110.84296193
-78.18271282 -826.83702735 253.96447724
-80.18780714 -826.94814832 255.57578918
-77.65137434 -820.63879444 260.90046210
-29.53604957 -776.50068376 149.71145246
-18.23082222 -790.49807778 200.41135417
-81.57711118 -827.06008944 256.77435862
-27.51697391 -777.78280435 161.07844837
-74.87859929 -820.47911071 260.65915321
-82.92731275 -822.32089593 260.97288855
-27.40928632 -782.05195789 164.87024961
-82.62563599 -824.93066474 258.43989473
-83.96730736 -824.50976980 260.40904099
-83.09075094 -827.26260608 258.33741371
-84.42035831 -827.36013012 259.91207015
-75.37475462 -820.69951000 263.87231212
-77.83381796 -820.94271431 263.77083803
-26.16852624 -782.78088783 170.62264834
-83.93256438 -822.13852208 263.62913745
-84.84284595 -823.47704865 262.65867804
12.48284668 -815.72377905 134.24769848
-86.45136064 -824.61110022 263.39657784
-85.62171972 -825.38240000 261.72295123
-85.67543305 -822.72755494 264.26318621
-75.77752000 -820.69869333 265.44629417
-31.58234000 -780.03690000 149.83369750
-77.88829897 -821.10516082 266.72163544
-83.46568037 -822.36948903 266.87883588
-86.62656211 -822.62963201 266.92851951
-87.54693262 -823.72836562 266.56815293
-89.08134454 -827.72501531 264.51364564
-89.26898334 -824.90804245 266.69138870
-52.39411429 -802.16312857 226.68093036
-90.18663433 -827.19562104 265.86386535
18.43388238 -825.00498852 134.26812660
-78.56101279 -821.41281860 268.49070262
-83.46361749 -822.61369430 269.28939206
-88.97660733 -822.96916250 269.72640129
-90.04820464 -823.99530079 269.70518562
-25.01293030 -783.96077576 177.32116326
-118.51275915 -820.51228873 300.15190722
-83.51550412 -823.55498471 270.64847985
-86.66964035 -823.49242193 270.50799978
-119.70396714 -816.50904597 302.92724032
-92.99082361 -827.31289902 269.11740727
-34.27737000 -763.01255000 119.02988750
-81.68729615 -823.38334423 270.94366058
-89.77827403 -823.74450815 272.41703965
-81.61104268 -823.52864390 271.75218506
-83.74049755 -824.17789233 272.89912991
-92.81464888 -824.76310826 272.72377069
-79.95851410 -820.02515128 260.27803237
-94.70294330 -828.02042989 270.59288750
-86.45815081 -823.97479381 272.80658099
-93.06537764 -824.39312899 275.21993689
-95.69912752 -824.98554938 275.48323662
-40.15235000 -782.40387000 162.75656750
-84.32095038 -824.91318092 274.60758674
-57.67724884 -817.71804651 231.34499797
-96.82096190 -826.42498333 274.41329226
-97.57344644 -827.91587895 273.62964416
-98.77812133 -827.13875278 275.52028345
-25.46772869 -790.92320082 188.32753914
-97.95933246 -825.56158538 276.18884888
-93.97478000 -826.37217000 271.30213750
-99.81733690 -826.53163810 277.51919345
7.55446591 -809.30132597 133.30794432
-100.37177368 -827.54117143 276.93151382
-101.66922361 -825.05185505 281.73411148
-103.92601811 -826.97560284 282.06182066
-21.90215574 -778.04175738 118.70813668
-98.60145766 -824.23536607 284.45063915
-101.91740358 -823.91996759 284.50133409
-103.72208388 -825.60021827 282.63627254
-21.19288182 -765.94283455 109.57554205
-104.51196639 -824.75353470 284.76727005
-25.67832798 -774.90733486 115.82161044
-105.31961372 -826.79563646 284.08659093
-19.56126286 -768.61751857 112.56866036
-101.89826520 -824.06345502 287.47840772
-107.67701471 -826.45762353 287.20891397
-108.16357522 -822.47224687 293.58421257
-111.48027467 -823.71906333 292.56818550
-110.36272917 -824.30634963 290.87470146
-105.92000000 -823.17590000 292.25868750
-110.69894371 -821.25358228 296.65945133
-113.12859667 -820.31780000 298.44935750
-115.74461858 -821.51163064 297.22503771
-44.17454102 -735.66072017 60.19354428
-113.71331165 -819.36034506 299.22233953
-117.23342500 -820.75142024 298.86770139
-116.67138140 -818.99766344 299.87653922
-116.89185192 -817.69516269 301.64961635
-118.81562940 -819.19865704 300.68055283
-119.60738534 -818.16253832 301.86832567
-122.02315000 -817.71303521 303.10920863
-123.08695654 -815.29346597 304.59632467
-109.36310000 -826.35110000 289.74033750
-44.39566667 -733.09621667 67.22323750
-106.45480667 -825.51644089 285.71148706
-93.65790000 -829.22190000 269.33378750
-72.40876500 -820.35517500 260.71701250
-24.61374862 -788.11188104 182.95893031
-76.04670000 -820.23490000 258.97168750
-10.03343333 -802.50970000 234.91172083
-32.01995962 -754.44124423 84.58238173
-13.61295388 -795.79411102 220.94205689
-35.60069281 -737.42122230 50.40881124
-55.22705000 -804.51957143 216.69923750
-55.21079474 -805.43917895 216.92925066
-49.14840000 -802.42237500 205.07383750
-42.99570645 -790.29743871 200.69252621
-29.06688571 -781.18490000 184.59060179
-25.87483519 -784.08908519 193.58040602
-42.71704843 -789.75346142 199.97333947
-49.33382702 -798.25101439 201.55560399
-43.40100000 -790.32325000 180.95323750
-33.81579696 -740.87396768 45.07485100
-30.17558462 -777.54576737 167.76327875
-34.39445294 -775.09650588 163.76887574
-30.60075143 -761.29598857 108.38452179
-37.24810423 -774.99340141 146.03710440
-37.23992123 -774.74961712 144.22669024
-37.38590769 -775.40960000 144.92227596
-23.32460740 -776.27901854 116.46462962
-112.08120000 -820.09950000 298.15878750
-35.11430000 -763.22940000 111.85528750
-30.81624000 -754.16618000 95.17874750
-34.25100789 -754.11103684 91.53669013
-35.62090864 -741.41854815 50.97292238
-35.75196038 -740.66183962 48.65107869
-18.58757857 -770.69931786 114.32126393
-11.57035907 -792.79292272 127.42248247
-30.77750496 -762.88602017 122.61789724
-12.31619091 -777.52347273 121.53850023
-33.04025000 -774.21357500 137.42563750
-30.40554606 -765.60248750 131.67625764
-32.60896250 -773.02728750 134.28907500
8.45336324 -813.16055708 132.95135341
-30.41991290 -766.11741226 133.50626234
-12.91914225 -781.80687113 121.02511074
-10.21697647 -802.39942941 131.75830515
-14.56560491 -782.50366528 120.25756535
-4.40298261 -808.63609275 134.58837591
-31.61481087 -778.03731739 169.64145489
-29.92438532 -776.81671376 164.85153521
-56.55054490 -815.24687510 228.10077077
-4.22798750 -794.37752738 130.29537619
-17.32069611 -779.25438689 117.26521579
-27.18677033 -758.64982510 101.33540828
-29.50422727 -771.13193131 140.89728851
-27.92635108 -756.95196547 99.12628534
-35.40048571 -730.89702707 18.00288374
-33.95046667 -731.96444167 18.88800417
-20.81777849 -777.39304844 116.21590804
-33.20404484 -743.59014263 53.78858431
-30.37007434 -761.19244572 113.83641139
-30.39548067 -761.68407444 116.54343928
-30.58430000 -762.27094039 119.82270005
-30.63074065 -764.66712774 128.73040247
-37.97317175 -793.55234746 180.28524004
-15.49973732 -786.94440048 124.43002051
-33.87910000 -732.23960000 19.26748750
9.13509326 -815.83638194 132.55981777
5.41612466 -801.58665890 132.98689024
9.53545982 -818.75835859 132.00485998
11.71405430 -818.97435317 132.68136775
6.44640529 -815.65600701 132.05114969
12.57468995 -824.08557907 132.78169855
-29.91244589 -764.44922671 116.93365531
15.67616796 -825.32135939 133.43077746
-31.89815833 -776.09622500 146.56725417
-25.95610000 -760.10252500 103.29698750
9.91177488 -812.53238462 133.67805916
15.51240668 -827.56812491 134.20809974
12.32294703 -825.52341591 133.54601023
18.33045485 -827.75516166 134.78293161
18.99930868 -829.79321485 136.62699338
18.33249344 -829.35334590 136.05450881
11.09544865 -816.88431351 133.05322264
-34.32087500 -765.93902500 130.37953750
20.09932667 -829.72759556 136.62340750
10.41211381 -814.92334476 133.41086036
13.74152857 -820.43747143 133.31356607
-120.64955000 -815.16546667 304.31028750
-29.95011471 -776.03025882 162.05998897
20.39385000 -829.36055000 136.11742083
7.15161297 -807.26235949 133.29813022
16.12407826 -820.80403913 136.62685924
20.12482143 -825.45360143 134.31552679
4.40998037 -803.45258879 133.24311367
15.62073406 -819.38662926 136.54654427
7.99373333 -811.00965000 133.15113750
18.86478519 -829.11975185 136.27054676
6.25268326 -818.78677061 131.55867997
-53.21696129 -814.50199194 225.16375363
13.15319204 -826.83591217 134.05418949
6.91427477 -821.31572471 131.52668479
10.46155045 -824.72872973 133.55501903
-30.68493705 -759.19214462 107.81575204
-1.69876805 -809.37958153 132.83160148
-87.37150000 -826.27705000 277.30268750
-4.05954000 -805.06414000 133.25342750
-3.59374308 -806.84138274 133.50404323
0.89999647 -815.20104382 132.75752496
-29.26080000 -769.13337500 109.28183750
4.75887500 -820.35782500 131.47438750
-27.72053243 -779.01202162 159.08264696
-30.28901642 -771.71658806 146.79946735
-19.40849915 -795.43117064 212.19958410
-18.49997308 -789.47889231 201.10815288
-15.83795417 -792.44502917 209.72371250
-16.38379469 -792.31676087 214.79238557
-15.24593333 -793.44040000 210.84868750
-14.13810405 -799.04523649 226.78509426
-10.02000784 -802.75585686 237.30954828
-9.88660000 -802.17790000 236.05038750
-25.98178231 -788.98935547 182.65564973
-24.88960833 -787.58183056 180.50907639
-26.64048423 -788.15851490 179.45803372
-30.74060714 -782.79576429 158.90485179
-24.94372333 -785.10265750 177.51948583
-38.56184327 -799.52013846 189.63370096
-25.80056311 -785.95613204 176.75612375
-26.59417004 -785.48286916 173.70174697
-58.22565000 -806.84922500 222.66163750
-49.22791564 -795.94488957 213.17836380
-28.04607143 -761.96415714 100.06317321
-30.25725313 -761.06742232 111.10140670
-21.76914870 -765.24439416 108.56069594
-21.96237500 -766.55471875 109.02260625
-31.60076000 -784.54411000 159.34938750
-22.31018542 -768.29659583 109.43436667
-106.56353082 -823.05168931 288.77860448
-18.87939474 -768.97847368 113.57193487
-23.71483175 -774.50940771 113.68726681
-29.41441882 -765.01680863 119.95271495
-17.37384526 -771.51439211 116.09839382
-22.82187670 -775.57189903 114.69292051
-30.14067222 -766.95508025 120.61071590
-29.78097207 -767.33978252 122.56862886
-19.25089687 -784.62021094 125.90940781
-29.73814516 -775.83293548 141.02279718
-30.66268640 -772.02816360 148.60908478
-29.59481082 -773.09561204 149.25973654
-29.02629500 -775.89088000 159.37153750
-31.48385208 -772.42372500 150.19850625
-29.57681484 -773.92878379 152.59046690
-28.08757500 -775.04260000 151.70191250
-27.99190250 -775.72015250 153.69935000
-28.61258069 -776.50378207 152.91322336
-0.78380517 -813.70990862 133.25347716
11.54136863 -810.19767745 134.11339691
-0.50769787 -814.43232340 133.30790027
1.75477500 -817.42707500 132.29493750
14.07723611 -813.83959167 135.40689861
19.94550000 -829.15470000 136.21358750
10.90110000 -808.08360000 133.27608750
-29.39655200 -770.95376800 134.54659350
-29.38216885 -772.81394918 135.04051045
-28.16210000 -771.92530000 112.26048750
-23.19743636 -763.11850909 106.38185114
-34.27480833 -760.07788333 109.83579583
-30.97931111 -755.56811667 93.12113750
-31.39784988 -755.20745704 88.93626984
-40.48224242 -787.04828485 193.68796326
-33.90186667 -742.47417083 45.79222917
-32.14988581 -749.42495322 71.76911145
-32.41625890 -748.97973807 68.68852898
-32.60164565 -746.28071320 62.79758722
-39.20803929 -795.79206571 184.99389179
-22.20737500 -793.64035000 202.50933750
-32.87350505 -746.18410000 59.70822926
-33.63303364 -741.36838424 47.55784235
-34.01826667 -738.57406667 39.53665417
-33.92200000 -737.75420000 43.44598750
-38.65127711 -734.74033916 56.29380908
-37.93281376 -732.89894220 57.86032511
-37.03542500 -731.89481250 58.32783750
-33.90849130 -734.27582609 18.64745272
-34.43626957 -734.34491739 18.91343967
-27.92096667 -781.12087143 181.67540655
-34.79105000 -734.14528333 19.33090417
-34.07300000 -730.71656667 12.65718750
-35.27176792 -730.55783774 14.35214976
-67.17080000 -823.22340000 241.04088750
-27.93018163 -776.85039388 155.63118546
-49.03256667 -811.13183333 214.54685417
-31.50330000 -783.83430000 157.77658750
-38.96486567 -798.31929906 188.52547399
-39.93872353 -799.03840588 190.37369632
-36.77484444 -797.13180648 185.26208750
-22.52124091 -793.11072727 199.75938295
-46.32663097 -792.95671161 200.83089976
-20.29205000 -781.12730000 124.18728750
-57.28232575 -816.33199042 229.80254558
-57.52531143 -805.08466857 235.88688464
-43.44147638 -789.98877940 200.57431815
-35.95615278 -793.91185635 179.69710536
-36.00645540 -792.26328993 176.87726448
-27.18292955 -787.75275567 177.69733492
-27.00286903 -784.79016106 170.95437688
-33.96463500 -792.15364000 175.70828750
-33.51075439 -791.14970877 173.75579803
-34.63602500 -793.33612500 177.89701250
-58.76249355 -817.62558387 231.70248589
-64.28256471 -811.06146176 236.56505221
-64.18261429 -811.11358571 238.88807321
-64.88031731 -813.92192308 247.93411635
-73.06925000 -820.33340000 262.42298750
-13.30511622 -800.97778378 232.88481182
-75.28617623 -820.04841885 263.85804816
-76.98405538 -820.08867615 263.43857596
-88.30876882 -822.94103548 267.42471761
-89.75720280 -823.08320374 271.75490993
-87.54880000 -826.26190000 277.12608750
-89.49038846 -825.66724615 277.73811058
-93.31466654 -825.60054201 282.10452951
-93.64481000 -825.75726250 283.51797250
-103.67650000 -823.19045000 286.02716250
-102.77727500 -823.14832500 286.60853750
-105.28860412 -824.33233608 293.32348235
-107.03774528 -823.42940000 295.46684410
-111.10371604 -820.62780094 298.61929127
-28.26954000 -778.33006000 168.76344750
-111.67833837 -819.85471628 299.10746308
-113.85227121 -819.94657988 297.78433239
-109.22675581 -825.33304651 289.05068750
-87.75338333 -826.00780000 277.56170417
-10.32956667 -798.59273333 130.18545417
-30.77777500 -763.44870000 111.91146250
-31.58328889 -766.40070000 117.76695417
-30.85160000 -766.24620000 117.95848750
-31.60466562 -767.43137813 120.22830312
-31.46817209 -768.22704419 122.27352703
-29.44947485 -768.07618282 125.47841388
-31.37775000 -769.03125000 124.26793750
-29.57064868 -770.05122632 128.82090461
-30.00932000 -772.25278000 132.68032750
-29.87242955 -768.36244773 131.71089205
-29.56880896 -773.69134627 137.86819198
-29.76025000 -770.78228721 137.62286424
-29.95228030 -776.54393030 143.91639508
-31.41612632 -774.89818421 143.26387171
-31.28628750 -778.72848750 146.52141250
15.02730962 -816.69729423 136.27126058
-29.94020968 -779.48727419 149.45635524
-31.48523333 -780.19196667 151.82512083
-33.79755000 -774.87705000 145.98878750
-31.51783333 -781.45903333 152.90702083
-31.36290000 -779.57790000 154.80275417
-30.44446250 -781.53790000 153.80730000
-34.04232857 -739.89692857 39.62331607
-30.62745833 -782.50785000 155.88547917
-31.00020000 -784.26680000 159.31388750
-31.81863214 -785.61021429 161.75312321
-31.00100000 -784.64130000 160.37458750
-27.97862000 -781.38078000 162.31342750
-32.62916400 -788.29158000 167.61840150
-32.99285938 -789.52762500 170.37781875
-33.34122500 -790.32945000 171.87003750
-40.24515455 -784.06924545 182.31614205
-19.26375556 -792.14878519 205.60996157
-40.02380000 -786.98622500 193.23028750
-29.35510000 -784.30625000 167.02323750
-31.39250000 -781.94510000 160.42218750
5.33432167 -801.55692167 133.26116417
-16.11926667 -773.94290000 118.23055417
-30.61147500 -757.38582500 93.99643750
-46.64744451 -735.89706707 60.77508323
-32.37774211 -751.47192895 75.44194803
-40.97372817 -735.58228638 56.97881332
-35.90020762 -735.18375820 54.53840313
-34.05760000 -742.15540000 55.22098750
-33.26345802 -745.76695115 56.70907300
-33.64312712 -745.44622034 54.53747394
-33.69441528 -742.86971485 47.71803947
-43.06833333 -736.40693333 58.20672083
-34.30826500 -742.70456000 45.11745250
-16.29824091 -796.09942273 217.35631477
-19.26850556 -789.52873333 208.69885972
-25.21865714 -791.43595714 190.72635893
-46.21781000 -793.08003000 195.43362750
-28.42229811 -788.18278113 176.98367429
4.70723333 -807.10350000 133.20455417
-38.59590000 -784.20850000 187.24338750
10.85550000 -817.44820000 133.25958750
-22.18860000 -786.85245000 202.36328750
-22.20452000 -787.39606000 196.86419750
-37.65237353 -790.43327647 174.73737574
-31.25874444 -779.73400741 178.41761713
-36.34970000 -790.61043913 174.14599185
-70.76710000 -820.24370000 258.98698750
-35.43039091 -786.95346364 166.38359659
-34.96930000 -786.14576250 164.40957500
-28.01020000 -778.12533333 166.25795417
-37.33596000 -777.97164000 166.89002750
-32.44307963 -775.79316111 161.62209120
-30.21046316 -774.76886316 157.83854539
-30.98145000 -757.07095000 100.41813750
