-61.97145432 -773.82641071 21.79510897
-17.75008173 -736.80932328 45.15169785
-33.78098333 -741.25870833 45.55508270
-43.20081619 -737.31714857 13.23689289
-29.80129867 -739.37209981 45.63761894
-18.03890800 -738.35084979 45.03714048
-34.96040187 -744.87494378 43.59111994
-43.56518371 -756.52850039 37.39741314
-55.45103830 -758.03483076 34.38194448
-53.59920751 -760.04336344 34.13633891
-53.34641850 -757.07588671 34.02064586
-45.53270000 -747.06300000 30.30308270
-61.11122609 -743.44054203 39.61776820
-65.16507720 -747.99264559 35.65524114
-53.98771076 -750.47880969 36.81678080
-59.36622589 -749.21287004 35.91556488
-45.13509744 -751.49019231 36.11977244
-55.97147996 -751.36316142 36.88713608
-44.34096550 -754.54305235 37.68025754
-58.31211525 -764.75700719 30.66040318
-44.84900950 -742.60504192 22.69551201
-51.60130000 -746.58350000 39.56686270
-65.19475855 -745.84187382 38.15480541
-64.75106948 -747.17548700 37.44060245
-37.05930525 -743.18262546 44.66044595
-52.78140802 -754.90052727 33.89128056
-34.94700821 -742.68114226 44.84486166
-51.65780000 -743.58610000 42.53858270
-61.13475772 -763.07205208 31.71329271
-60.48795385 -774.09378462 21.47614423
-29.05359603 -742.09474190 44.56442353
-53.58001780 -751.48287379 36.21819273
-51.61633333 -743.51950000 42.44568270
-35.40945670 -748.58522922 42.31661693
-51.83610000 -743.46385000 42.55398270
-49.27630966 -748.17920052 32.47167183
-67.00580791 -745.83471157 37.01856443
-64.84287111 -774.79065742 20.41227008
-52.04647500 -756.14960000 33.42170770
-38.09836219 -748.04186788 41.53999398
-49.91228969 -751.34480990 31.38378397
-51.41606154 -743.31040000 42.46546731
-26.13443799 -738.98803329 44.92052335
-57.22174783 -745.50286522 39.59852183
-48.77869604 -746.23020297 39.16188072
-35.17833615 -749.67611462 42.00064757
-56.85261408 -770.08705475 26.83259104
-56.94273138 -766.74512290 29.94687514
-58.61614678 -760.54246278 33.97325767
-27.26546106 -746.74762345 43.54278624
-53.70142576 -764.65216136 33.61896451
-44.09941065 -740.15559261 19.42073308
-44.60916059 -756.59487647 36.29231917
-46.56269208 -750.12395335 36.89425752
-37.33731940 -749.68824582 41.34339674
-23.04017387 -738.94864364 44.82596260
-46.97643485 -746.84327329 26.92923416
-34.63476239 -747.55684647 42.70747384
-51.79921437 -745.55220386 40.70882721
-56.15952121 -768.64700554 28.92731712
-50.23881555 -745.48323131 41.30369902
-56.63232928 -753.89285323 36.23111905
-59.45326483 -772.50663986 23.57432509
-23.85200578 -744.13912144 44.13620914
-55.71846137 -749.15971588 36.41865780
-48.32682890 -746.15670000 39.04638674
-57.70703587 -752.23581957 36.60700661
-33.02989685 -749.31457244 42.46292364
-54.74175683 -761.86374532 33.58486039
-57.15008412 -771.00335432 25.72219998
-52.74242173 -748.29111586 35.85518391
-60.67667500 -761.51982500 33.02365770
-67.42065741 -747.08276884 35.20726779
-46.11413627 -746.32954373 27.81600575
-56.06353439 -747.92000522 37.86531944
-64.11980831 -767.25934809 27.27756472
-33.42520000 -749.57645000 42.57218270
-37.83697805 -745.17771898 43.27700707
-66.63616667 -746.56936667 36.58838270
-54.41808339 -763.81882500 33.38049346
-45.85320895 -742.14248000 20.05475743
-51.05978675 -751.16119050 36.63608245
-45.97975417 -744.28819567 23.49598335
-57.69823143 -752.69626286 36.57636555
-61.84290757 -764.26547973 30.22604375
-47.02179376 -749.90430669 33.04359117
-51.96262236 -754.38066851 33.09730986
-61.98268197 -745.43572035 39.19727990
-51.46946000 -740.73000000 12.84286270
-62.07694513 -748.95485073 35.76063856
-56.23960000 -738.07546667 12.88678270
-58.83204633 -761.34662005 33.37673338
-50.36325241 -746.67463456 39.75680394
-46.34893031 -754.14072531 35.17323941
-59.08275994 -769.51816922 26.58695232
-52.42646211 -746.26266835 38.80624049
-25.43672619 -737.14664450 45.04702700
-63.21823038 -767.44128861 27.43957637
-58.22224419 -753.72023256 35.84569045
-45.69952214 -754.15696286 36.64742484
-18.14100263 -738.17417895 45.57738270
-55.98195341 -765.49707235 31.46634484
-20.75149771 -741.44436572 44.63772667
-57.62500000 -758.51340000 34.47978270
-56.41498162 -746.03398862 39.13758182
-51.35830000 -755.57590000 33.61668270
-32.10833613 -745.10161419 43.67371151
-44.86849065 -740.96077439 17.50301603
-50.93015677 -753.52721578 32.55650491
-62.34008974 -749.84326154 35.31849808
-59.10203469 -747.76140426 38.29652399
-40.48384512 -746.11200884 41.62665246
-43.95646732 -739.31930538 16.97104952
-36.50272800 -746.41882400 42.49522270
-45.34471000 -743.43971000 24.60740270
-46.89915884 -750.83462474 34.82977180
-59.34098341 -745.34165457 39.70654666
-65.62255591 -770.41240753 24.42692571
-59.00967020 -750.04965469 35.36412657
-47.22247334 -747.81470942 29.18882619
-32.28094257 -740.76307972 45.61227005
-50.28903381 -743.01033526 42.87148610
-46.20598399 -745.70244091 26.31516270
-64.52046276 -773.72753411 21.66973608
-53.73084601 -762.87222704 33.90746798
-49.99729024 -747.79493902 12.81306562
-51.78437143 -740.82638571 12.67333984
-57.05117500 -735.52125000 12.77012020
-52.91073333 -738.49276667 12.54018270
-44.57319985 -741.39215659 20.16333620
-51.31610000 -755.61900000 32.92438270
-49.13778640 -750.16316404 30.13990862
-48.82270444 -749.15042296 29.51086825
-49.73691181 -750.87119945 35.81662981
-49.55396275 -753.08209412 35.77181407
-50.17898363 -748.48787854 34.87917178
-46.79997884 -748.16490196 31.66158278
-47.20369943 -749.19837429 34.85076127
-44.27880909 -740.14010909 22.72545542
-47.86591386 -747.53717892 38.07801041
-44.36243369 -747.81442894 35.43352210
-43.25954971 -747.78553688 37.40042649
-41.81256105 -747.79557455 38.83063021
-42.83885000 -746.48855000 38.57063270
-45.27488434 -747.58184524 32.62172804
-43.67122308 -737.38034615 16.18339039
-45.27972684 -744.51305102 25.19577081
-43.66996656 -738.23769328 14.06595950
-45.68386667 -739.79760000 18.59291603
-48.42705852 -749.78998424 30.06776758
-42.22040000 -746.49464000 39.34614270
-42.04113437 -738.58050625 17.00061395
-42.25957073 -738.15681220 13.54671440
-41.99746480 -737.16995921 13.62206493
-45.70935294 -740.38913529 17.54505328
-45.90282727 -740.77712727 17.52694633
-42.56373333 -740.34383333 19.99628270
-45.87859679 -743.04171979 22.53869072
-45.22788061 -743.96701580 23.59048270
-45.51142500 -746.33792500 27.64673270
-46.26900000 -743.68950000 21.44028270
-42.52000000 -737.29840000 15.74108270
-40.54524271 -747.64634938 40.25935137
-38.09318711 -746.27298108 42.31261607
-59.15994552 -766.02301037 29.45534529
-39.86223568 -745.18379648 42.90498886
-32.10773182 -747.77362700 42.98679159
-29.43230610 -747.17817172 43.41284878
-29.13028785 -745.20414340 43.80455111
-32.01569674 -742.13482939 44.83345936
-26.31384158 -744.71837675 43.98314870
-31.56057051 -740.37442179 45.47321988
-31.39116467 -740.14426925 45.67989690
-26.02956620 -742.09975653 44.46052478
-28.54020592 -739.46502976 45.22050680
-23.10825943 -741.93110995 44.55317313
-20.07954048 -738.97575762 44.98296974
-22.92213208 -736.62083566 45.00854664
-20.16898354 -736.46385599 45.19901163
-19.65180606 -737.81055606 45.59073573
-19.73687429 -737.47669429 45.63411698
-33.34680000 -749.54430000 42.42828270
-66.62201333 -774.49497333 20.37688936
-62.55957237 -774.61770621 20.84911320
-66.24998333 -773.40327963 21.39840121
-64.97922641 -772.29848408 22.84197998
-59.03922333 -763.05171078 31.96690580
-61.96080497 -772.39437451 23.18059500
-60.23388985 -773.75418639 22.15307304
-64.47723408 -769.27965686 25.75028093
-64.04601038 -770.67707925 24.68706005
-60.29038182 -764.46706545 30.46286088
-61.67362208 -770.91009379 24.77599809
-62.22877064 -768.86491465 26.48612496
-58.78223896 -771.25656967 25.08519392
-57.51075000 -771.97730000 24.43753270
-63.80107304 -766.57147156 27.83967173
-61.97627089 -766.13088806 28.67359063
-61.42412992 -767.68279073 27.63623887
-58.87064450 -768.04202789 27.95980747
-55.05038245 -767.76009714 30.78967127
-54.54210000 -767.60940000 31.08848270
-67.66875635 -746.27935991 36.00447846
-54.15428345 -765.55960849 32.83691143
-56.02958485 -763.09720098 32.53021503
-56.17965507 -761.12487887 33.29383588
-56.04863334 -759.82874736 34.02205924
-66.57740000 -773.01760000 21.55528270
-56.31894373 -753.04617656 36.72277539
-62.06370928 -747.73351709 37.83418531
-54.84678056 -751.94607778 36.21597992
-58.62269585 -746.28228100 39.44658563
-53.19724158 -747.52357798 37.38158710
-60.99141875 -744.39319155 39.65336128
-59.60094615 -746.59747308 39.53196347
-61.50525909 -743.31409000 39.31455361
-50.35697003 -747.36615713 38.20293515
-48.36280312 -745.50771875 41.09184832
-50.27720266 -743.92932696 42.67210732
-45.89083922 -755.73372353 35.75111015
-45.50278889 -755.39313333 36.36650492
-41.43935455 -757.10078919 37.81938251
-42.25040000 -757.88558333 36.46545492
-44.56793750 -752.38250893 37.06376841
-42.12380880 -755.32169760 38.65369870
-46.82860000 -754.41640000 33.45298270
