-126.69226057 -779.27040382 63.10409225
-51.31065000 -756.82595000 42.57579000
-62.65655912 -773.22528924 68.49654359
-80.90950000 -746.59700000 75.56114000
-132.84912353 -774.38004000 70.36343765
-57.30877005 -788.38665283 71.73610873
-46.49682052 -748.31859127 32.12106594
-41.45555900 -809.34933180 71.44759565
-45.46027162 -733.94773716 81.79774878
-30.59734033 -719.08366575 65.42697753
-20.19658750 -798.55275000 78.66019000
-81.04637138 -767.40508883 69.12288380
-55.42723333 -775.58508750 45.63223167
-50.68305714 -749.30425714 47.67939714
-63.65125576 -802.16223490 30.90580174
-132.61330327 -775.58288289 68.30381307
-57.61443624 -724.92398822 77.84950082
-43.13592574 -788.07333142 72.01366537
-115.19794396 -755.90132967 75.44930659
-48.65833820 -752.68932921 49.18418944
-52.59824839 -756.76869462 77.42307226
-41.23151154 -806.49129808 72.68910923
-27.53240541 -818.02383118 61.73810832
-28.38392542 -775.11029605 75.71099367
-27.13263830 -797.28076314 76.19625489
-30.73261216 -818.03513907 62.09227395
-60.30495876 -724.83153400 78.16514230
-21.68381540 -712.99552373 68.38620455
-65.07308889 -801.89615556 31.04769556
-12.57562554 -829.07565931 49.34885565
-59.68044153 -786.94573370 72.96935603
-41.62277158 -743.72702842 84.69201789
-45.18766259 -746.39431744 83.59757590
-122.62252889 -774.65515222 75.70298444
-51.75796536 -725.08428493 77.81669082
-113.78133983 -800.33752915 62.98832341
-39.44592638 -780.80078377 75.98736377
-126.49224680 -776.59622470 71.09745225
-79.06184041 -764.42634200 71.41227161
-42.70310482 -775.36223233 67.38547373
-109.83112400 -759.28443200 75.52086400
-82.05144456 -752.83025013 75.52354849
-122.97492564 -780.72836410 63.38534000
-105.75706114 -764.07155407 75.07794227
-59.20852222 -801.69910000 57.76002889
-52.02100000 -753.42480000 64.96994000
-58.42794265 -725.70688235 78.74221500
-34.80562553 -794.93012340 72.88154851
-80.92654286 -769.94725573 69.74797083
-134.08546667 -774.31870000 69.61797333
-109.12368650 -800.60172456 63.21276478
-74.90790566 -757.22285283 75.75474000
-21.80058715 -822.78556474 57.87948156
-63.29717586 -743.12504366 81.74238688
-89.74457680 -744.89902120 75.65517600
-36.34053894 -819.93810457 58.00173177
-47.74637047 -743.10994729 20.37913570
-25.98828333 -714.30221667 66.55250667
-96.44724192 -778.94497368 73.08017195
-100.87922188 -759.28656875 78.68565875
-108.81923094 -755.23332573 77.87651678
-72.03095745 -761.99264964 64.50730618
-52.28176245 -782.20400704 45.17889502
-84.18536667 -767.51996667 69.29347333
-31.78094198 -819.16483086 60.35268198
-24.56452718 -784.75637090 71.69752543
-41.06532500 -739.78187500 48.72129000
-49.42586644 -754.97129207 35.41298705
-78.59192776 -766.35704143 68.54646500
-27.42949458 -812.39466851 65.78850670
-49.15031667 -749.84727750 43.76521583
-21.57054835 -814.50540295 64.50476936
-129.08508333 -774.43561667 75.46074000
-53.58610321 -767.75697949 43.18121949
-49.41571765 -728.35548824 79.55737529
-81.49605511 -760.98485546 73.75748079
-81.58894815 -767.19631368 70.15906314
-60.15808131 -790.96781249 38.03672617
-44.43019239 -743.33273495 40.40457183
-38.98608099 -822.80943058 54.86475570
-43.90436250 -743.59417188 39.19707750
-70.40865886 -761.81771906 63.97714736
-57.46701298 -740.07375396 81.07265021
-30.50898805 -772.87468036 77.35304000
-45.53154623 -740.71609093 20.02923111
-48.38503704 -751.63665648 41.00772796
-9.95022481 -818.12846099 72.13320839
-59.37152139 -716.41689613 76.41912351
-42.59065343 -832.56339481 47.82548416
-15.57574794 -775.96753189 68.85083047
-41.20040000 -831.54690000 48.59504000
-100.97318333 -759.37008333 78.55649000
-30.06688742 -723.26670660 63.48257365
-48.54028640 -748.78016324 83.07021793
-48.50057714 -762.85836857 57.17309143
-25.42022469 -727.56544100 61.55445109
-90.72498923 -743.76005231 75.47752923
-33.69858992 -805.08955544 69.90549080
-6.69098697 -772.34559388 63.26737949
-27.68262000 -730.92385000 59.58735359
-111.64113921 -800.77964940 62.98407390
-102.81383588 -794.60693893 66.47335908
-84.51842790 -779.06742666 65.53935579
-89.90144840 -796.27760118 49.23983429
-48.95802135 -760.62088385 56.33344654
-36.27136377 -791.16268261 72.86393130
-86.82934725 -774.07960639 68.91419305
-48.25318704 -746.90950000 38.01948444
-47.48889868 -743.80167336 25.93976697
-19.90967500 -766.59310000 75.64731500
-36.31619167 -788.49194167 72.98972333
-51.71965321 -727.58749350 78.31906064
-12.79336697 -834.80718100 42.69898842
-58.79126825 -802.77880000 30.48420190
-89.25197500 -798.85002727 47.37657636
-107.95215037 -760.26856704 75.96820343
-57.57369945 -785.46406626 41.82997491
-16.85030485 -775.98259806 69.68502155
-37.57578333 -816.35451667 60.44653444
-51.67599644 -788.46581669 72.16438623
-56.34701728 -773.50929630 45.48077827
-49.74292353 -756.09852059 36.89291059
-84.64255690 -791.64563495 53.68344551
-72.23690914 -763.01525429 63.10140629
-73.63181111 -763.82855926 67.83524000
-89.98264581 -794.47783481 50.74410165
-127.20823127 -777.37205876 68.08127368
-117.66642378 -773.07022867 74.56280787
-78.14525337 -764.94597626 68.27738747
-52.30436786 -763.31252500 62.34854000
-111.60051835 -779.31490581 71.27376998
-13.51307011 -831.67709540 45.83287218
-53.63004286 -757.34834286 56.52802571
-18.35788869 -770.97810260 70.77943908
-7.87048462 -819.30888462 72.52556308
-71.59608252 -762.09769854 62.87894534
-26.22264286 -807.62322857 69.68097571
-49.09912549 -746.15634902 40.85147922
-129.41139728 -776.77806801 64.65469832
-7.88858947 -831.34217895 45.40912947
-39.64196853 -820.94169867 56.15345873
-70.62959373 -782.35450416 64.77719998
-35.84230128 -801.28114359 72.06346308
-55.65067818 -760.46518964 73.02172289
-28.06943043 -801.06978755 72.27063387
-27.61947471 -808.90419399 67.96032696
-11.32531680 -770.84481600 66.36473040
-43.96430000 -774.78198333 66.56300667
-73.72245556 -774.73805556 69.67271778
-49.72880120 -757.70176072 53.42839130
-47.60763261 -764.66274534 61.11380615
-62.28731295 -730.03984456 80.01300943
-102.35334498 -791.03298826 68.84793072
-7.86476829 -837.82798780 42.44278634
-63.38966153 -798.02656602 33.27279052
-43.80776875 -740.46510625 20.39022750
-56.72163333 -768.53380000 69.95660667
-34.22639836 -810.36836230 66.51227934
-58.34442685 -737.95909907 81.79950481
-123.47859548 -777.89136366 67.87604882
-122.93036515 -755.03678632 75.01076650
-52.67720000 -768.25880000 70.00629000
-48.55510000 -735.34604286 81.63425429
-49.69147980 -802.23283308 64.75914303
-36.27315642 -779.94821257 75.13869697
-36.52911864 -781.45833749 73.73950255
-17.34000814 -807.76943488 72.70998070
-51.65616414 -757.86090488 62.02501626
-94.25841816 -764.89780865 78.14382028
-45.04972000 -744.36197429 36.26878857
-57.92008384 -789.13529282 39.35013227
-27.49683671 -799.72196329 73.87221741
-81.43541125 -751.69503892 75.71767384
-84.40456121 -784.32958309 61.37287543
-58.01849804 -751.48346529 82.51794407
-33.70092132 -727.73205907 61.59681177
-118.05985741 -779.91438426 66.11568336
-48.49702123 -733.89212128 80.85573282
-21.44839700 -829.47670329 49.91968666
-45.52146252 -742.89215298 19.99317697
-111.50612116 -799.31273286 64.26345382
-42.51716545 -816.03240933 60.06353479
-33.04221648 -799.88821507 71.58338317
-35.92095556 -726.70543333 63.65977333
-111.38486584 -793.96959764 67.20719597
-49.16692677 -758.36494580 55.81654907
-27.55030700 -716.03733139 66.05462254
-57.02819394 -793.15436553 67.10220433
-53.66138113 -746.94010566 78.38841925
-102.58541713 -782.02728941 72.06035748
-46.57440156 -747.97187813 29.67090172
-59.64028243 -747.14835203 81.47098189
-117.42052344 -754.23471109 75.83339531
-60.16456593 -794.25183826 35.73604859
-108.48170165 -757.96748940 76.70952099
-19.53943769 -769.27960983 73.24174902
-111.53542199 -777.95936017 73.33140903
-123.52834561 -749.74155691 77.18842910
-99.02045311 -761.84724511 82.12566844
-87.53689170 -796.51422399 49.31964889
-44.96747500 -759.58180000 75.88114000
-42.69394957 -756.74328391 78.88222565
-22.56351757 -828.30331622 51.26429541
-26.65276615 -823.50137220 56.38887090
-47.93807405 -799.40016819 67.64585621
-65.27320487 -799.57996824 32.40582679
-28.13605182 -806.85513029 69.08779712
-34.15643729 -796.62208136 72.80034169
-62.80713872 -796.15805727 61.19863306
-88.06151102 -746.88361333 75.48181769
-124.51683636 -753.32849091 75.49563091
-30.56422112 -781.90865547 72.93037887
-60.49839745 -796.86293264 61.95072217
-42.43224721 -814.77801533 61.57643917
-105.68264376 -776.07878695 74.31145885
-56.65057083 -756.84557083 51.29192750
-54.75791250 -759.65836667 78.44419000
-108.75730940 -799.27571418 64.20772948
-43.43143939 -742.70677479 41.27638339
-50.80729222 -754.59989111 44.57595556
-17.53550883 -801.80840671 76.30763293
-54.81495290 -782.05100234 44.20559402
-33.89663388 -724.14270354 64.04803221
-26.48855743 -779.60327584 72.48896099
-47.66381142 -743.42588417 23.29163780
-57.30881923 -736.96811353 80.77055429
-46.65934474 -764.96160368 61.22422158
-57.29421597 -755.81269417 53.20395300
-35.43555556 -806.95993867 69.20516844
-112.95595000 -780.86073750 69.18805250
-122.38819925 -757.45074419 74.25202390
-44.84725873 -819.24885979 57.30588921
-57.75985633 -794.42691583 65.68302213
-87.77447273 -768.33960000 72.69543091
-50.50204324 -759.83561081 54.07980486
-52.02174970 -763.99934131 40.98641104
-49.05960000 -757.74417222 64.94912333
-18.52998009 -824.25151142 56.38120613
-43.82204902 -739.14687451 17.11393020
-18.49461904 -812.00397530 70.51479020
-54.63699466 -778.91883599 45.12079812
-33.37325967 -820.74890985 58.59648042
-87.42282205 -782.32452943 62.57309322
-60.13925416 -778.75889549 45.91944665
-38.11597200 -775.34505600 79.00844133
-79.74413529 -770.82332353 70.31087529
-41.20980513 -781.77633974 69.75079641
-65.74557676 -799.57442258 53.62038178
-114.85440000 -792.25810000 66.56104000
-47.54196905 -743.59448690 28.96722452
-51.29749639 -754.61710278 50.29039969
-18.58219157 -802.99394041 74.22399614
-60.38770570 -793.82158886 64.81111839
-44.44871662 -824.01776727 52.51196753
-51.25725556 -752.98436667 59.11099556
-68.43926667 -735.37774167 81.19691778
-43.62465391 -782.20552345 75.95258389
-54.46132900 -727.59405055 78.30250410
-120.49668721 -749.53918973 77.26870017
-51.17739002 -752.63008057 47.19048091
-18.34547077 -805.86543731 73.18282762
-110.31056600 -786.75359400 69.64612400
-108.40765893 -785.05378086 70.29103437
-16.63775086 -782.57905115 68.91826040
-2.72089868 -817.60913024 76.18942653
-55.74645000 -756.79773750 52.23619536
-96.42082121 -766.92937183 76.37948491
-106.37773721 -774.12436279 75.97321500
-62.91346272 -798.98885089 58.21036592
-58.11768409 -761.00892273 75.75801955
-10.53881610 -822.79819153 54.82505695
-42.58611686 -748.16635352 81.98724198
-53.42407175 -754.51159013 48.03314000
-7.34047837 -824.33420317 52.72722810
-9.42758546 -823.99256904 53.39579786
-50.17358125 -742.66560625 81.60116500
-28.67240581 -732.81434186 58.45869000
-45.87013333 -748.71196667 40.82432333
-52.35435111 -745.25213111 77.46635778
-15.61957924 -824.06205219 56.15313365
-22.87767000 -723.06933000 63.51819000
-122.73101029 -753.84051647 75.87000529
-39.18614378 -826.40328951 52.23747975
-51.29790000 -756.64370000 42.61374000
-50.56085000 -753.07422500 55.29585250
-9.71678456 -809.53068941 75.05765809
-44.75856963 -743.90185903 38.32644860
-51.62341543 -757.91842429 59.08238773
-137.63239907 -775.66926093 65.66632389
-23.58275000 -825.55786364 54.67726273
-24.27038333 -723.61388333 63.63437333
-24.53010510 -817.86631462 61.80061145
-10.73594444 -774.99871667 66.97807333
-84.53862869 -793.22350190 52.26076732
-114.87740238 -771.38666905 75.95434714
-57.80542500 -711.44961250 75.89636500
-90.14847812 -770.05228945 72.17945563
-114.29932340 -794.55765309 66.20699279
-18.80313273 -798.90433939 78.91676303
-33.62420000 -790.79521429 73.10039714
-31.16695000 -780.43495000 72.37344000
-34.42632091 -781.60859327 72.46035178
-49.61617284 -753.83578580 44.49842889
-46.08459333 -745.14292756 23.44627689
-51.78888832 -755.63363723 62.07331445
-87.43668667 -778.97590591 65.15305769
-101.03500000 -759.53410000 78.59384000
-45.96125665 -745.60663639 26.09269791
-114.83907640 -773.53113539 75.16038101
-90.53440584 -789.99486022 55.02727449
-42.46594027 -823.97205485 52.96830378
-55.89411250 -789.43120625 39.55110875
-51.76547067 -766.77364863 68.77964653
-64.43750000 -759.41800000 61.36504000
-84.39192163 -773.83207718 69.11236733
-43.06053795 -814.76751613 71.30904892
-51.53098333 -750.53764167 81.65335667
-81.40614170 -781.26202624 64.19030460
-41.85754554 -814.75493960 68.99025089
-24.58100157 -821.09090350 59.29320331
-49.40090000 -753.56833333 33.11360667
-48.04879667 -772.53762667 66.24895667
-44.24260377 -822.05350377 54.28878340
-59.59988838 -786.18713990 73.57343697
-42.62174717 -826.92865925 50.60267346
-59.41296957 -798.71085155 60.83058845
-33.39685967 -781.76808206 73.01676915
-52.31269503 -755.04325978 71.20308928
-26.35860000 -819.43366667 60.54647333
-29.99141371 -716.42196801 66.14015761
-128.34316571 -777.69948571 63.73433905
-132.10050018 -774.92522617 70.29039253
-114.79170513 -779.67207760 68.48780098
-108.49154288 -774.84725861 75.86583476
-40.04116307 -827.65020117 51.10226876
-8.64674474 -817.33257568 72.84423459
-32.99195135 -722.19881917 64.87056388
-49.84386851 -757.63718213 37.38335404
-120.44311081 -752.03587044 76.63777841
-34.83105472 -791.97374906 72.02667679
-36.45474679 -734.36677332 56.37113572
-30.47233101 -804.92560818 69.82818344
-37.22243823 -788.22375121 71.68536162
-7.74598986 -809.95907246 75.46951246
-48.74052086 -751.37370583 32.83529244
-68.20197910 -738.72111493 80.76122060
-51.71571528 -760.77674332 65.28240028
-96.08950378 -762.97040277 78.96335148
-96.92480931 -762.05347568 79.89056689
-99.64771250 -780.40959375 72.55384625
-53.96444102 -770.19530690 43.98819078
-44.65609618 -829.14824896 48.94467715
-60.17441086 -796.46545146 34.25712563
-59.50329752 -762.06406762 75.12556667
-38.26901795 -780.35435128 75.46602205
-33.32184285 -779.48505047 74.61445383
-36.48120062 -815.00161496 62.00533773
-41.43184559 -790.54324061 72.87667804
-52.91340000 -768.52850000 42.54589000
-29.62060333 -715.00269333 66.69167444
-47.43390226 -741.96211131 17.46374814
-39.05304822 -812.31294259 64.95266026
-30.75564415 -769.90505746 79.06686855
-59.41308571 -789.61985714 69.71286857
-94.99353333 -762.40963333 79.59084000
-46.92219000 -754.94531000 72.13206000
-19.03292143 -828.73904127 51.95678365
-42.42843896 -820.72202948 55.73160823
-47.21130000 -768.89042500 63.39256500
-25.81539365 -772.00328254 75.83545270
-120.77984473 -755.59546066 75.10001406
-57.80373727 -799.84968338 32.24647710
-56.43106923 -764.45778462 65.59617077
-103.69827317 -756.09319024 79.21815951
-46.77521290 -741.73190968 82.73861742
-59.40954516 -795.71072258 63.78294161
-61.42110426 -758.28928138 58.01926128
-96.60122953 -776.07729960 73.66686241
-52.10420000 -780.35080000 75.56574000
-110.89653883 -751.93702146 79.84936762
-41.55147507 -772.19012378 69.98814602
-32.11810000 -825.56630000 57.63094000
-61.64077965 -753.74639646 81.71881345
-80.45221378 -772.15445796 69.86908798
-91.40457500 -771.84220000 72.51849000
-111.29095519 -760.93950426 74.48587307
-21.32833704 -825.78488653 54.93476155
-52.85753096 -773.26957310 45.14435878
-22.03639449 -812.83628897 65.79877752
-7.48070678 -833.18225183 44.58243029
-45.14464564 -737.95189145 13.75003932
-87.37229060 -791.51810736 53.69502436
-66.19980000 -798.43280000 54.52540667
-92.61275795 -789.89498975 55.03542657
-93.82239505 -772.36401028 73.87440486
-30.35502235 -733.28586150 58.05982296
-51.80700000 -777.67920000 67.22176500
-14.38764660 -820.05302718 69.97607204
-54.14753580 -763.56367037 62.97679926
-20.53528600 -828.62552000 51.76222800
-50.42856667 -748.93376667 27.59287333
-120.46121347 -781.37195882 64.21341917
-57.39367670 -793.03918371 36.89841833
-13.08646158 -812.56340947 72.23665053
-79.27873490 -766.27358456 69.85667691
-18.53817755 -808.92319182 71.71363231
-36.60609399 -782.01562459 71.89915716
-19.58441486 -798.14254114 79.17680971
-56.10250000 -765.74265556 65.81515111
-51.54251432 -787.01144000 72.82381009
-80.38300000 -765.23758214 69.31490786
-49.21362500 -756.65052500 48.51369000
-48.11004487 -745.24827521 26.26081137
-36.60557716 -818.10714177 59.40325136
-21.08331546 -767.75547869 75.06513157
-67.11760000 -762.50350000 60.62319000
-61.59378000 -759.65968200 56.80470600
-114.26236984 -780.67463641 67.78198348
-85.48905000 -802.42333309 45.45875544
-43.97295000 -744.25787500 30.00374000
-99.27259120 -766.25759337 75.97172140
-27.69917360 -778.92848955 73.21669377
-50.46781111 -750.14578333 48.92257889
-63.26980068 -803.52199742 30.26547090
-52.47046991 -752.52602443 74.16189792
-39.81538333 -791.34918889 71.86082333
-50.16904151 -750.27018742 40.69862742
-31.91210000 -825.52396667 57.66930667
-52.41415000 -771.86340000 70.00159000
-3.39434018 -823.62400934 74.14116923
-57.57699477 -731.02639790 79.49007626
-110.51436522 -795.60971304 66.64336174
-13.21172196 -778.32081822 67.05391106
-23.47914922 -709.81674145 69.92944674
-114.33587021 -752.15064645 76.92561241
-39.67253162 -745.82554516 83.36906099
-51.81879028 -797.66046870 65.91488497
-45.42586427 -788.31938700 71.69249309
-13.82560213 -819.16512979 61.06652511
-18.76921876 -814.95371789 64.27597983
-52.59924373 -788.33977360 41.89384640
-53.70515483 -761.52040355 65.46848951
-24.51947915 -812.55918897 65.79968487
-33.55759488 -808.86317747 67.62261973
-30.26395290 -810.85880154 66.84853884
-54.52491595 -737.06260013 80.31001862
-62.32558036 -745.23109357 83.37638857
-52.20758182 -777.85114633 65.90341830
-132.49939631 -776.04574018 64.68693102
-55.87612000 -714.11418000 76.20091000
-97.85733488 -788.40642209 69.27924349
-48.48257239 -757.90591689 74.07880071
-111.07559338 -774.89763995 75.80889434
-75.46763249 -790.63242763 55.56390446
-29.19217500 -714.41127500 66.56586500
-79.97215000 -768.90885000 69.52934000
-30.70293692 -812.22339548 65.88338741
-73.73846071 -774.27998393 69.17646857
-33.58919404 -731.03162584 59.21939908
-84.06817811 -777.62856331 66.67664769
-59.35396495 -777.03657423 46.14586268
-114.61160089 -757.96910735 74.93343816
-41.79515000 -741.63416000 45.87801000
-51.94720798 -748.57909754 79.57115456
-45.52660839 -755.94595236 77.65608951
-48.45159362 -748.94968713 32.07087793
-51.02986753 -751.98845304 44.31373133
-85.89020667 -768.68196000 74.40410667
-117.64080888 -749.77289452 77.48004899
-57.68571879 -794.44719149 35.92137188
-96.41214902 -769.46166664 74.97182654
-54.98781942 -761.74715384 68.09779815
-53.14670000 -756.22200000 57.48404000
-70.56554296 -783.99506732 63.88881436
-78.44584559 -785.98378588 59.96000503
-126.40092675 -778.18615560 64.31007494
-49.96567500 -760.29137500 39.18571500
-46.40566667 -738.28160000 19.13984000
-51.53339308 -790.74605690 70.61062611
-82.86690000 -750.21150000 75.58554000
-92.35281146 -779.09774479 64.43376604
-49.17619444 -760.27672222 61.55849000
-129.74871001 -776.70125047 68.45611351
-57.54619163 -775.95238708 45.90053510
-75.36953219 -754.79051287 75.94070629
-47.58462256 -766.01518947 61.74606105
-35.47214026 -726.12383377 63.30484519
-65.55768142 -759.21404985 59.63891581
-25.66832083 -785.47269583 72.66728583
-30.62710235 -808.84169389 67.86802679
-114.59901526 -778.76937984 70.97157685
-15.65988264 -818.02237836 61.80954327
-39.31990812 -764.60745771 73.05910642
-62.34052874 -782.74123333 44.29789364
-15.60293353 -820.80022500 58.83123264
-45.88918462 -774.88312564 67.06824513
-33.66072025 -818.67870571 59.86272650
-51.09970827 -796.40244641 67.24152298
-53.52836667 -753.42230000 50.24987333
-28.13049039 -797.97930527 75.21425240
-37.61204450 -830.31059282 51.14208689
-40.65429079 -832.41932039 48.36927947
-24.60037933 -710.73391406 68.73914361
-71.75957536 -783.84342967 63.72885579
-65.31745377 -796.58161804 34.27554088
-52.18709009 -757.72829810 67.96326958
-50.79910000 -759.64479438 72.89890517
-37.06221953 -736.63788691 53.29564677
-67.02501728 -760.63587775 61.42107536
-108.68957492 -779.57396444 71.85993290
-49.72640465 -759.90033953 54.24991674
-21.23939000 -717.61740500 66.63661500
-93.63290118 -770.16159162 74.51208205
-35.93897115 -765.86621410 72.76897162
-30.44066636 -802.95634801 70.66976372
-40.33733939 -748.33185691 82.08029473
-62.84097500 -792.27895833 36.52104833
-53.20483333 -750.17513333 74.93987333
-48.16980000 -759.71395000 75.80109000
-38.41350660 -734.47445139 56.67625597
-49.48569597 -755.45641990 52.62245033
-40.85473030 -753.79116667 81.19220515
-57.55502784 -783.97277366 42.86379119
-3.51834152 -821.01128211 74.41280034
-50.63733974 -775.74970470 66.76114919
-50.26292642 -751.10606509 38.54068717
-39.30966009 -784.96630544 70.88894670
-11.17683611 -814.27810278 72.66470389
-120.63934978 -776.15592682 74.55739914
-52.10222489 -779.07870136 45.67222778
-54.40353804 -754.84430163 50.24731806
-82.58894265 -799.11475105 47.57531164
-129.37602404 -775.66930914 70.88852593
-111.59136805 -773.29754765 76.49333466
-46.19018967 -745.74628195 34.96809537
-59.69198185 -757.29788629 53.87906742
-63.42586879 -736.82028830 81.75335305
-7.76444524 -829.22624286 48.79818762
-72.76108091 -763.50791073 65.05991601
-29.97548047 -785.94102318 72.44231253
-86.50493333 -747.84617067 75.62312533
-108.65585510 -778.07598920 73.20199930
-27.43919615 -729.31765577 60.46975923
-50.45141456 -757.23968544 50.69789922
-84.53469426 -775.95351041 67.67436870
-21.48150306 -817.77575774 61.91203785
-117.74972042 -780.93896841 65.31067577
-98.02870000 -762.47540000 78.54344000
-60.17624598 -785.41640043 41.83005759
-59.87421184 -767.16629054 68.35490558
-105.53823824 -787.72741736 69.96162139
-78.28270353 -754.19537270 75.73065826
-22.63574366 -721.68316179 64.50044585
-46.33386984 -740.74168095 22.06053683
-55.35610955 -755.26937389 52.24394605
-65.14548750 -792.69470000 36.75243000
-31.94236667 -798.42116667 72.06900667
-92.55137179 -792.60052564 52.83300923
-105.80175753 -789.16937836 69.47090301
-69.21857327 -761.26792667 62.46535981
-39.35174837 -806.18106998 71.85350129
-57.38656941 -764.13338277 68.09230393
-36.45500297 -802.99256262 71.79255463
-32.38963416 -719.83569342 65.77592066
-124.27355345 -780.10469353 63.29972664
-48.98097546 -752.21854541 34.58314390
-49.78177996 -754.85863268 50.05525693
-30.12204471 -816.81709176 63.80556000
-21.35512858 -799.13963242 76.57137033
-78.50840699 -775.98186306 68.16885344
-56.31306304 -762.21705435 68.64880522
-57.78113159 -786.90697860 72.86924963
-6.46497793 -817.86757856 73.60700854
-15.75526337 -819.36240990 60.45159446
-54.32556363 -763.77447344 65.73245324
-113.81788399 -799.01773281 63.98146668
-120.32475357 -777.82758452 73.12774182
-40.50050339 -779.36564237 69.14048068
-43.01032384 -830.96436083 48.35377771
-28.78330000 -714.54800000 66.59534000
-120.47572398 -778.41876543 67.79937329
-33.53833375 -811.97754432 65.39305388
-41.29813667 -806.97984500 72.38519000
-51.61187516 -754.55582733 47.18531681
-86.64266667 -768.16573000 71.94959233
-58.41516910 -739.14550215 81.72471983
-49.01031304 -758.00991739 61.71872913
-24.67169022 -724.87476384 62.85748135
-108.87964691 -761.40919681 75.05491567
-47.95694936 -745.86923740 29.14374492
-21.44823667 -819.39130333 60.51095833
-38.31217596 -731.74213005 59.85200448
-12.54661732 -817.95787997 71.17005889
-18.97628362 -784.76096747 69.81611391
-12.09548960 -805.71308393 76.56935985
-24.81876250 -819.39416667 60.51903306
-42.81955500 -740.07252500 22.08823250
-48.39826812 -761.55163010 58.58688297
-101.22492500 -765.58824286 75.66978643
-40.85755000 -822.42593750 54.54865250
-31.01943620 -734.59662396 57.06143870
-114.45123970 -760.96570911 73.93149780
-49.75680345 -760.69773103 65.84819862
-42.97543333 -743.81812000 27.28939000
-39.59048596 -808.61877863 70.91026586
-45.60725000 -754.79087500 82.31054000
-47.33168000 -740.86716000 22.89000000
-20.29012281 -831.77170000 46.94021719
-111.61859067 -776.25075249 74.83463084
-57.32336667 -758.48686667 69.07337333
-88.39152091 -769.45342053 72.94885977
-34.92498310 -763.67154366 73.98642310
-90.54132242 -770.21265179 73.37608682
-92.64364688 -770.75742812 72.44285562
-57.22046996 -799.25920466 61.43023729
-24.05491011 -822.83186657 57.90439337
-30.59632355 -731.06655720 59.47301313
-32.75212487 -788.47487617 72.48888508
-133.94980000 -774.42440000 69.42654000
-44.55147709 -769.43338257 70.30037836
-44.54346527 -770.37475626 68.68098769
-49.65095605 -754.19596632 47.26991526
-46.83630000 -757.20733333 56.96190667
-108.83380006 -752.68373711 79.91510618
-55.41705156 -715.84760625 75.36935250
-12.89732643 -775.79637567 67.41706213
-46.80577500 -766.39683333 60.25547750
-45.84414291 -742.75710659 23.19109352
-75.84909858 -782.71786624 63.00471506
-90.14222280 -749.10318455 75.05097297
-73.74001152 -790.88116898 55.65833001
-21.66326380 -800.43440021 74.25174395
-54.46145351 -773.01290510 45.00818047
-89.33472500 -780.52767500 63.60511500
-33.92858545 -829.12569455 54.93314424
-10.09900580 -775.69729741 65.47217699
-117.48517245 -751.90655680 76.57730757
-65.20360833 -741.55245833 80.93175667
-90.13821566 -783.80600546 60.87328608
-67.11712500 -761.72775000 64.89519000
-27.49992709 -776.06511373 74.55585173
-12.45633840 -830.45403968 47.11347747
-27.23692272 -820.99261331 59.35485411
-18.14059851 -819.39575075 60.51856985
-75.79991584 -764.46557826 67.34544731
-113.11373333 -780.78140000 69.73244667
-68.47198864 -761.15991591 60.28636500
-108.47013463 -791.04653057 68.58536292
-35.25149901 -796.06229901 71.17333406
-26.14901379 -827.86485862 50.26520207
-63.50637000 -755.71068000 78.25303000
-37.96190000 -737.80362857 51.28031143
-48.17219622 -731.44996425 80.61880016
-46.71382838 -760.19030132 74.76652185
-48.94201176 -743.13250000 31.48588706
-60.41057856 -797.86886238 33.16486814
-52.84370699 -769.61265699 43.90270471
-111.51331194 -797.01614426 65.76375783
-21.47821771 -821.09899030 59.22212768
-36.64717187 -735.73576302 54.89390615
-32.06096000 -798.89244000 73.03494000
-37.89629388 -744.73487959 84.13632163
-84.53694529 -760.98593938 73.75157844
-96.63954842 -780.67650737 72.64000368
-27.86046325 -723.22995724 63.49167145
-99.45758447 -778.97897191 73.00383494
-35.19434444 -813.57063333 63.66644000
-54.00408519 -789.94443815 39.89927259
-43.08560280 -766.59263649 72.86658006
-78.41090872 -782.76566024 62.94783592
-46.52000000 -819.56830588 57.68486353
-21.45386695 -816.10476337 63.26838905
-55.77209423 -801.09276442 60.38316500
-119.84814122 -762.81250968 73.51016473
-55.12390798 -794.81773230 36.12315793
-33.64392597 -815.48712131 62.62500685
-44.00740000 -738.53350000 15.20604000
-24.46026100 -811.11192727 67.03149120
-111.22161579 -786.26404474 69.49177421
-40.87580000 -769.82981429 69.54202571
-75.99178612 -756.08924199 75.49094071
-61.27260000 -780.56980000 45.60024000
-58.15503333 -723.09570000 78.62120667
-54.59694973 -767.13591677 68.09527480
-53.11332308 -765.26813846 41.20794769
-36.70762869 -826.93193033 53.28325034
-50.99932222 -749.68692114 82.22586826
-91.39213951 -771.68650000 73.14232519
-87.43916679 -769.33562310 72.02069361
-52.00574134 -776.07708208 66.20131061
-9.83857628 -836.27679377 42.24940846
-84.88130367 -768.91916744 71.17176278
-5.50235219 -823.18876733 72.89581371
-63.26634406 -788.98559676 39.25819126
-84.33545600 -767.76353641 71.38038723
-81.53298671 -773.26783703 69.01780795
-81.66674230 -770.20819770 69.32843503
-80.54241322 -764.18723678 72.11110942
-46.68920000 -747.50180000 26.90084000
-76.43517568 -765.76253378 67.23284507
-46.56423321 -773.02969321 67.05393660
-76.07962250 -765.73348750 66.36323250
-40.47701250 -765.63910000 72.67594938
-52.40575931 -766.41166418 42.05375948
-74.93940671 -764.13160206 65.85498138
-74.29198947 -762.28552105 65.57929263
-69.86932488 -762.96256280 62.68836370
-39.76088806 -816.08923710 60.19662699
-53.43015556 -743.64021111 77.85011778
-70.63619877 -762.98196481 64.03255852
-52.60122131 -760.33475861 71.29193939
-36.35827930 -790.95920170 71.73706845
-66.16293955 -760.48413449 59.70627157
-66.13232549 -759.04041863 60.99016451
-12.01287000 -822.76217923 70.69568462
-63.92943153 -760.14871547 59.00587679
-45.55677685 -794.01865409 70.60231445
-63.52562920 -758.68801387 58.74340002
-57.40127588 -796.65160288 34.39299668
-62.79068485 -759.89508788 57.23145667
-18.50699436 -827.30638429 53.38600905
-60.51330291 -757.85868495 56.23507236
-108.60098946 -773.81226508 76.73552922
-59.37564286 -756.38998214 55.42788286
-60.34278822 -800.06195566 31.88360944
-78.47010413 -790.40280961 55.43157652
-58.44394205 -757.23961402 55.13776689
-23.00770000 -723.60630000 63.53759000
-57.62839895 -757.18360755 53.28494314
-27.63640904 -815.90428635 63.25170135
-50.90508401 -757.90820370 73.10920465
-58.46879329 -756.14388537 55.09396927
-55.25227031 -756.71993125 50.81840562
-27.02094474 -822.57710000 57.72315053
-54.80181514 -763.81766687 67.12133308
-53.31401980 -795.69908416 66.73045287
-50.30536667 -747.06956667 37.46979000
-50.16276889 -749.41489111 38.54036000
-48.19532728 -749.03544524 38.03132385
-53.70011250 -760.75049861 58.25926222
-24.69698333 -827.84697753 50.76788271
-51.25210830 -757.48989918 56.18160545
-97.49992126 -768.24006087 75.40591005
-51.61099241 -764.33812402 67.49394144
-52.15843255 -760.59140445 61.94101136
-24.62436780 -716.28998683 66.15930578
-18.81994857 -800.20468158 77.11344334
-51.68399608 -762.98364902 66.28006026
-53.34504000 -758.01492000 66.55878000
-47.79847882 -763.67416094 59.46702432
-16.55667500 -801.32756111 78.20151222
-51.79632604 -757.77661103 64.97811864
-50.63421004 -760.35407329 68.08315807
-49.75161447 -766.24055912 69.00368780
-49.83479655 -764.80090345 68.44230897
-51.78092426 -757.96652052 71.12721080
-32.34984615 -810.55195385 66.62980154
-46.87257956 -764.30433504 60.00010934
-9.98963589 -827.62401516 50.59372503
-46.26502459 -766.46475475 61.97714992
-44.79395497 -772.89201988 65.78993036
-84.45492902 -799.90707949 47.01056661
-49.76960977 -760.46869098 69.30953850
-44.99549564 -770.48279063 65.19571981
-113.78567606 -791.23927421 67.45682161
-112.53210068 -795.25415342 66.46355644
-123.51622059 -778.98895296 64.93648592
-90.19591034 -793.01080690 52.14733159
-51.56391882 -755.46920552 73.61210713
-44.47894259 -774.76787407 65.88221222
-42.55515851 -742.04072717 43.74222261
-49.32384231 -760.13764487 70.13231821
-115.55377379 -750.13522207 77.56348483
-42.90382174 -772.55517575 68.18750906
-42.38656472 -785.66533251 71.84567974
-64.29300456 -737.60481352 81.50824267
-43.48979227 -772.80375942 66.09949386
-48.36753696 -753.19021957 52.59180957
-108.31768772 -776.26771045 74.81419248
-54.79116426 -770.30097144 68.33219716
-43.71715054 -771.23336989 66.12694753
-42.77318456 -770.43290676 68.80596131
-113.66758622 -766.26491303 73.03990416
-38.49526165 -787.47641123 71.05307377
-39.23343312 -782.13712913 70.67216457
-33.55162883 -735.93909416 55.46579730
-104.77456694 -762.97830191 75.83615148
-99.54254530 -782.01759603 72.16530131
-35.69085732 -793.56052613 71.73261025
-17.23105000 -828.43110000 51.58214000
-37.65875498 -785.80385777 71.34507187
-33.62912851 -797.03933596 71.84862030
-34.40928313 -794.16448955 71.97257037
-24.04834066 -714.88030586 66.77157333
-38.65222385 -781.36515190 74.69850343
-52.12790110 -760.09358989 59.33746096
-50.92405000 -747.41885000 44.53639000
-61.53255049 -774.95007044 68.38173926
-45.37597570 -745.21936822 37.60661617
-50.67831333 -749.06390333 44.83289000
-78.07834000 -765.73802000 66.53754000
-81.43561056 -749.01240187 75.94346847
-61.20069333 -759.68729333 58.40102667
-53.08588333 -755.05343333 71.38939000
-39.76964922 -738.97632306 49.50979570
-99.29352985 -773.63295004 74.22932831
-40.46571555 -739.78254215 47.40028946
-67.23193333 -762.59830000 60.37800667
-14.87523740 -834.97234237 43.05011061
-51.08740439 -752.97990482 49.25359614
-24.96871856 -723.35525876 63.51473381
-50.92819789 -755.84001857 55.50765899
-51.50097302 -755.64925023 59.17030233
-50.97720829 -755.47771285 52.66266549
-53.83674286 -758.83820000 61.77371143
-29.24554032 -714.12468065 66.83789484
-120.53985357 -778.30233692 71.33640195
-111.62297875 -758.49643487 75.26830982
-87.55187096 -788.64788030 56.66564920
-53.36571657 -766.61354793 42.11033053
-52.57563117 -767.34080216 42.97585299
-63.59795586 -740.06960873 81.36569714
-14.66046040 -822.08794765 57.30605275
-39.78070000 -785.32390000 69.58224000
-73.84572051 -757.17845385 75.68449897
-51.21967415 -757.62045472 53.07424303
-53.09040000 -756.22440000 57.71264000
-41.49710984 -781.34803934 69.38211049
-41.76751268 -779.58913380 69.01539634
-46.76467561 -748.38886341 37.73741073
-40.63362500 -780.39045833 69.71246500
-41.02730000 -777.11340000 68.03214000
-45.74470000 -768.16657500 63.70389000
-20.44479783 -813.98579565 69.14228710
-49.11100000 -757.44637391 59.59937478
-48.64875943 -755.37677295 55.49903644
-94.90394524 -783.72459048 71.78417095
-36.61521822 -805.90960693 70.86022124
-49.39985152 -756.16916970 61.32597333
-46.52024000 -751.73360000 50.78322000
-27.28201460 -785.10580010 72.32617296
-46.38403583 -746.29937541 31.85449504
-39.56732177 -766.98047555 71.62590617
-63.25549586 -790.91563700 67.58464563
-46.10638187 -743.59485915 25.82624440
-37.11683378 -775.01790649 78.95667223
-43.82646667 -741.85531667 21.18187333
-46.70381432 -748.39488878 35.07756721
-46.17940836 -745.63016715 29.23296048
-104.42292637 -756.71945055 78.72440154
-45.50844444 -742.35382407 17.52389957
-44.01010000 -741.81650000 18.00044000
-55.03469586 -758.44088090 73.20258988
-53.62764091 -754.17772727 74.53471273
-51.45064069 -752.47863227 77.60899645
-90.25194862 -785.19434142 59.53388480
-41.49553428 -740.36571501 46.74526698
-53.25034034 -748.81881136 77.90565080
-53.95736008 -753.19435226 77.81113691
-39.09607809 -737.97767170 50.72072064
-39.32213133 -813.36026024 63.39763880
-38.68378964 -736.93094076 52.87086297
-47.77178252 -760.00511775 74.25077550
-48.62044399 -749.67874076 40.82779191
-49.00446667 -755.52150556 57.86096778
-48.99876221 -751.76984044 44.20464602
-50.43093951 -760.08461852 55.75412765
-46.82520000 -768.81263333 63.40887333
-47.05370000 -769.38900000 63.64464000
-41.34448000 -780.30478000 69.75084000
-45.61140268 -739.94090255 14.13336675
-43.53060000 -737.72077222 14.36613074
-47.19210435 -740.57728986 14.32739362
-47.54486939 -742.04134286 14.88668490
-45.90111017 -742.01346017 14.80545271
-50.52067292 -757.16445417 36.24254625
-30.02462857 -822.62524286 60.65059000
-45.15237562 -739.76020765 17.12999267
-47.23896296 -741.01239198 17.00087580
-43.25947500 -738.36830000 16.37284000
-48.10468833 -745.12639000 22.91639167
-128.44033034 -774.76092921 74.90119730
-47.77132500 -744.74932500 21.54236500
-46.34258119 -744.31693564 28.06448752
-49.89107778 -748.28085556 27.54059556
-50.47499286 -749.02127500 27.51963643
-48.05731942 -748.19953741 29.74171626
-47.93039778 -746.46550819 31.81840464
-99.42786179 -775.96924571 73.72606446
-23.95271071 -831.59432857 47.50721143
-47.68493011 -746.97955538 34.48411067
-48.63480229 -748.70614055 35.23997514
-87.70562870 -785.53272496 59.70605469
-50.45245833 -751.14078333 36.06445111
-50.25704524 -755.50418254 35.62732889
-48.40880678 -751.21434105 38.20005168
-8.67118571 -822.30595429 54.37959429
-111.66497646 -801.83321813 62.13471250
-50.25774063 -755.98182500 36.84215875
-50.59366513 -758.45911601 37.76516840
-51.12050766 -760.62885014 38.80800546
-52.52609936 -776.42945860 45.63763427
-87.34781242 -799.82980148 46.95123808
-50.64144183 -751.48799687 41.42141616
-43.66919286 -747.81675000 38.90619000
-51.50377312 -761.70911129 39.97252038
-52.03637250 -762.85888750 39.42715250
-41.93193067 -741.00808629 44.67918857
-49.79092857 -754.33666429 42.45794000
-129.31127971 -778.22091091 62.90261067
-52.94405000 -792.61275000 38.06374000
-46.74040000 -749.81245000 44.72018167
-43.54106111 -825.39790000 51.48687611
-49.34310573 -752.46639134 46.82634251
-53.55291429 -768.84514286 42.35345429
-49.47089167 -748.46468333 46.17180667
-46.20568333 -749.61391667 47.97769000
-57.16465000 -757.33651154 78.01338231
-56.52467333 -755.87001917 51.17231500
-12.58330713 -814.97761099 71.98580615
-59.18842857 -756.39364286 54.27029714
-46.99650000 -754.49320000 55.78784000
-81.50680655 -794.84266675 51.07106689
-62.94642867 -758.43553513 56.69482029
-53.45027333 -760.00682667 56.89138000
-18.55355556 -829.71683285 50.05897928
-51.39321296 -751.79427778 52.81928074
-64.12831111 -759.86318000 61.40339778
-32.18776154 -777.37486923 75.44744000
-127.09430994 -777.26904219 65.19856617
-77.62734561 -764.96000526 66.34629263
-53.24017071 -761.94825500 62.26829857
-54.23590000 -762.52160000 59.46647333
-51.78898892 -755.97779019 65.29368241
-81.57716579 -782.72253284 62.95037104
-52.00476769 -755.70209152 68.47373079
-24.48093225 -815.96259437 63.23158957
-64.37586107 -800.32486140 54.03857604
-53.54995856 -758.19934905 68.82940768
-84.39624000 -768.23528000 73.28026000
-24.27922148 -808.36167685 70.05521114
-52.26744667 -753.18515333 72.27100000
-12.72624739 -823.47626567 55.46974460
-53.24731500 -753.20336167 74.53423667
-51.94490652 -750.29958261 74.81883783
-52.60685159 -749.45021731 77.54932481
-53.91932849 -758.69247293 71.21038185
-93.25103333 -771.73140000 72.32910667
-57.33143333 -761.08753333 61.75650667
-39.35246667 -738.75463333 51.88044000
-46.95260000 -751.62370000 45.73194000
-40.96756667 -740.63440000 45.34017333
-45.95962778 -738.16205000 16.17655111
-46.31722766 -744.89898298 20.47172936
-47.05406667 -740.31603333 20.72524000
-49.00720000 -741.29280000 30.05644000
-38.15151818 -730.62788182 60.84717182
-49.75871923 -756.84300256 36.01407846
-44.26706000 -744.60012000 40.18652000
-123.39086401 -775.90524306 74.00263095
-48.22249250 -750.16936034 81.03669314
-50.23428571 -754.46194286 41.36934000
-40.45110000 -738.40563333 47.74070667
-50.75825882 -756.83048824 47.44705176
-49.91011579 -756.72595789 51.35414526
-51.40500000 -750.33130000 53.10924000
-51.46255000 -752.17557500 69.53154000
-35.43318085 -793.56623936 72.80963468
-40.81301287 -788.84763069 73.05340733
-51.57677697 -754.77434470 77.53495229
-51.67120000 -753.34300000 62.06084000
-52.53895556 -775.93757150 45.50088203
-47.27896500 -766.09962500 59.56445000
-32.71157069 -729.26264741 60.34837190
-31.06237603 -729.16593630 60.39903384
-30.52082116 -727.87866578 61.29694908
-30.36042951 -724.85387687 62.82698070
-27.49251444 -727.86287066 61.34813537
-24.57980130 -718.99304250 65.27562239
-30.46350127 -721.82629109 64.25042586
-2.21798875 -819.99655625 75.79895375
-27.65104249 -724.94491133 62.81258993
-111.91114057 -752.66337829 77.53128008
-27.49731320 -722.02554954 64.07219039
-25.95222857 -729.61220000 60.44016857
-27.52399676 -719.00020223 65.12936354
-85.93881667 -741.43155000 76.48552333
-24.46244702 -722.02653392 64.12644790
-27.33440320 -712.77748561 67.24145215
-27.30148086 -714.22673025 66.50969309
-26.44454179 -711.22393582 68.14507358
-24.43054597 -712.85092689 67.55196485
-22.05756565 -718.82317467 65.82848111
-48.15341178 -737.52709145 81.91732776
-22.32045758 -716.75129918 66.36284471
-111.09529298 -757.32765788 75.89727723
-21.45753505 -715.73936319 67.10902359
-22.22506620 -711.15354789 69.37114775
-94.45361766 -763.64831617 79.02921030
-22.06556958 -710.16261937 70.16559337
-21.18563333 -711.57635000 69.63399000
-22.98480000 -723.53080000 63.69924000
-34.74658974 -736.62733846 54.33842718
-68.56340793 -753.31330610 82.97377110
-33.24254882 -725.34673432 62.97871736
-31.61629667 -723.62581333 63.65390333
-26.60574444 -723.62427778 63.62484000
-63.69128857 -792.80093375 36.78673250
-24.58215985 -800.09951137 74.10400216
-92.31984135 -785.60834423 58.98075827
-31.80190476 -735.57343810 56.17072571
-38.39796667 -735.73227051 54.90887333
-120.45120440 -760.95367906 73.86013120
-33.75187145 -734.37878934 56.75118023
-33.53392182 -732.95622508 58.01868072
-36.70558430 -732.95432633 58.05196440
-38.49042783 -733.16888915 58.28031075
-36.50839507 -731.22507308 59.61397757
-25.90927273 -729.16749091 60.52600364
-60.10982925 -787.55512428 40.33199597
-37.09003117 -730.02521364 61.06260494
-17.86536157 -814.38667701 69.82894252
-57.85584971 -800.62566645 59.55205207
-36.05756791 -728.21095998 62.09602203
-21.48220162 -808.84762196 70.78747441
-35.35536447 -725.16055584 63.99845472
-27.21049090 -805.66656391 70.26500442
-36.55724000 -735.25681143 54.24190857
-33.93304545 -732.20033636 57.38651273
-63.13697997 -804.98718650 29.74663942
-63.51680968 -799.98706819 32.07777986
-21.46447748 -776.13834754 71.56538968
-41.57571429 -825.78557429 51.86223190
-61.61564912 -804.73977281 29.74740404
-26.18702000 -798.54855000 75.65221000
-63.61358033 -796.55995409 34.27385197
-60.75878587 -803.36161754 30.27161562
-65.26364433 -794.43314647 35.59533208
-18.40901395 -822.80058517 57.85376529
-63.65279800 -794.34355623 35.71839272
-60.28767385 -802.06404340 30.85277356
-65.16074228 -791.64579664 37.44012389
-30.29892054 -820.60028871 61.23914339
-63.56051247 -791.06615365 37.93689581
-65.05655000 -789.39865000 39.08899000
-58.55573532 -801.99139161 30.98326070
-63.27403861 -787.57784705 40.33629280
-31.32703185 -821.07688981 59.77747057
-89.00120000 -780.42255000 63.51989000
-60.17548638 -792.78652325 36.78918044
-44.80744543 -830.61244765 48.18889568
-62.96705162 -785.70544083 41.79437575
-60.26898934 -789.02955444 39.28666108
-73.69337544 -783.27066959 63.44947918
-62.63173660 -784.15559330 43.15423258
-39.58051890 -744.00473820 84.35313285
-7.47195419 -772.67971366 63.92482579
-57.59907632 -791.00862008 38.20839561
-60.55811138 -783.97287281 42.90708004
-60.55247289 -782.13735738 44.22520466
-57.46985615 -787.69190918 40.46178007
-59.95076086 -779.82802039 45.33004099
-50.55496250 -739.59789375 81.67223375
-57.60466936 -782.24818310 43.69913250
-57.37139296 -779.20538403 45.00889007
-54.83795294 -788.02148590 40.85198927
-55.06044381 -785.83378779 42.14832043
-58.44208598 -778.01791215 45.74619607
-54.44692746 -784.60024752 43.17264169
-97.79636981 -762.30083962 81.80450038
-56.52476415 -776.80550000 45.48116453
-6.82801443 -771.30197113 63.31008536
-55.92990000 -798.60560000 33.61784000
-55.44718125 -766.03684792 65.80847125
-56.66340380 -774.03424130 45.76224380
-53.14460000 -786.61193333 42.65404000
-54.53476032 -775.97493683 45.36269576
-52.32537012 -785.00433830 44.00328894
-52.29065500 -787.02234900 42.93414667
-24.49705915 -787.55414955 72.36234653
-52.46941384 -779.07847991 45.48474759
-51.74923802 -781.13477438 45.67638876
-65.35724745 -798.08732500 33.31028745
-57.77402883 -798.07527139 33.32705621
-55.84794019 -798.75777383 33.14489514
-102.59251709 -767.01458332 74.88993889
-19.11083793 -767.20200636 74.38291669
-55.20331735 -796.59751726 34.82303435
-125.23368977 -751.07635341 76.64831727
-15.69500000 -801.61840000 78.58994000
-55.76113440 -798.28640160 33.44812160
-54.74817994 -793.46659185 37.10683130
-55.14303301 -791.01539889 38.71571462
-30.71574946 -784.85770700 72.85822091
-55.24688000 -773.98508500 45.73685500
-7.86883333 -826.05245000 51.56117333
-65.09350000 -802.83800000 30.54794000
-105.54511020 -791.00853477 68.69471214
-62.38841818 -801.26594545 30.47276727
-75.62789403 -779.47502561 65.87857625
-60.34424091 -792.25856818 36.47540818
-30.67263229 -814.92352042 64.34928004
-58.60732500 -792.30785000 36.29634000
-56.70387500 -783.03282500 42.33903583
-52.72982791 -790.31568512 40.38371488
-11.48025000 -831.31243125 45.41662542
-42.54023232 -749.64871452 81.28979777
-52.96110833 -791.42598333 39.50974833
-137.25169400 -774.92874600 66.75917400
-135.71444156 -775.81956037 64.90623867
-9.55080743 -831.08426688 45.12252854
-134.99386239 -776.66598590 63.31887248
-135.26390571 -774.94481936 67.68851451
-135.02638085 -774.39833830 68.66305064
-90.95210000 -752.86850000 76.04764000
-78.74431419 -755.54708581 75.40618707
-132.43016265 -776.96215324 63.14160559
-131.57240746 -777.70575075 62.58385791
-130.39882949 -777.21280000 63.30199299
-129.63460000 -774.41805556 71.89429926
-81.57972234 -784.56783447 61.46887628
-126.17927456 -777.68062015 68.63044227
-36.38503607 -823.70289628 55.29285544
-128.55255214 -774.17202286 76.20379714
-128.56545926 -774.57999630 75.76904370
-126.37518338 -775.14974283 73.56512851
-125.64632533 -777.61805800 69.79269467
-123.90686667 -777.45720000 67.53564000
-126.46939984 -773.94444686 76.56169523
-126.31538797 -774.35290150 74.99746293
-105.32198730 -781.90853204 71.61745660
-122.40577812 -780.65927344 63.75599156
-123.37629261 -777.93658828 71.06118943
-11.29467500 -837.63841071 41.71685071
-124.47547327 -777.11701923 71.91596365
-121.21648607 -782.22387295 63.43851623
-120.61140653 -779.45895006 65.47664749
-124.22518780 -774.29577886 75.26706195
-4.38238605 -812.92380421 76.51712553
-123.62656116 -773.97984113 76.29338878
-44.14110870 -815.68742174 70.93530957
-60.44702484 -745.82298239 82.61468447
-122.34544792 -777.60498958 72.77261083
-114.15321198 -796.87288824 65.17918447
-111.36070000 -755.23090000 75.56039000
-113.23350909 -801.69828182 62.05141045
-38.25249554 -776.65327024 77.55715161
-117.34590163 -778.97651375 67.72038662
-53.46470000 -768.50540000 66.11804000
-121.90748500 -774.16959000 75.67729500
-120.17725175 -773.47121583 74.68340922
-81.49017221 -786.02909933 60.13971302
-117.50676447 -778.40566688 71.42818091
-43.65631960 -798.82747638 70.12820633
-113.76210488 -793.26834919 66.81812445
-57.64182704 -801.64991069 58.74806956
-117.36374928 -777.88179547 73.26176563
-117.52976981 -776.25665088 74.39263060
-21.52232896 -824.24486705 56.43998662
-123.42174328 -752.03584594 76.39607417
-115.72186667 -780.79272667 66.29336000
-111.64532247 -790.99483825 68.19723701
-125.21256042 -749.98190833 77.28427958
-109.88652000 -801.57542000 62.44032000
-107.43121190 -795.37502619 66.49127571
-113.26963200 -789.17402933 68.26206667
-120.61217785 -757.96731545 74.40977661
-111.53189438 -788.29207811 68.97277172
-108.63011790 -763.98152511 74.27676165
-108.64127653 -797.13294441 65.61955702
-31.02720947 -816.05959579 63.15915395
-120.59771093 -754.10797476 75.95992731
-48.50808077 -751.74679559 79.61842959
-90.08078034 -786.91931899 58.01179261
-114.63058725 -777.95439430 73.34693104
-117.51690413 -760.90910936 73.77252454
-117.29490860 -763.39582182 73.32872549
-114.46735900 -775.98592823 74.51129008
-108.57942408 -793.92301736 67.40366529
-34.75534795 -827.55503918 54.30843766
-109.39976353 -795.62404235 66.65000824
-117.53281300 -757.96766261 74.62206566
-111.40455263 -780.92534989 70.14559705
-106.87363929 -798.72890714 64.21294714
-117.57554207 -755.68121301 75.29678694
-110.43579717 -785.78692689 69.80196264
-108.63567012 -788.64232697 69.35067635
-28.39370000 -819.63856170 60.71640596
-106.37726617 -796.69256986 65.46920605
-54.77157554 -752.54776948 80.05145013
-113.98719151 -772.48204170 75.99963053
-114.50476323 -763.95255476 73.29061196
-19.35795628 -806.93657978 72.34181923
-108.43925869 -787.19162639 69.77663371
-105.96786343 -795.04775410 66.38180343
-105.67408766 -793.51310591 67.26164680
-54.53315644 -757.60346421 78.35514462
-105.45862933 -769.46381809 73.88573965
-108.27436841 -781.75291563 70.82256455
-112.89204500 -774.34375000 75.53838500
-96.69503957 -764.28046459 77.78892747
-86.26907879 -762.70235556 73.19198343
-87.50187296 -754.98840343 74.72782279
-111.64825279 -766.82626817 73.16794121
-111.12651672 -768.99250853 73.35237754
-114.50090568 -754.59928679 76.00564313
-111.48686014 -764.07395047 73.51261626
-105.42455223 -784.93020698 70.83229385
-55.94855000 -768.31395000 70.09779000
-102.46165618 -793.45026876 67.26224792
-13.88556667 -819.54633333 60.65027333
-108.31619113 -769.33072204 73.56492461
-105.57250270 -779.97002088 72.33434663
-113.23406923 -756.58390769 75.62964000
-108.45286147 -766.92451598 73.61685812
-102.52195240 -787.96989453 70.19927968
-103.69665909 -789.39090455 69.54393545
-111.54716798 -754.94057588 76.62296455
-105.53078827 -778.46575928 73.00600192
-30.50505894 -806.36086255 69.04888250
-7.65002834 -835.63986464 43.25920066
-102.13247045 -789.60252121 69.63999985
-102.66137263 -785.05284772 71.17914540
-24.94656640 -803.29675081 72.16075354
-38.43285205 -810.11808129 68.69399439
-100.56645841 -793.03821005 67.39540893
-99.83961488 -790.95226024 68.53241942
-53.30204672 -777.89588689 65.53059984
-106.88782333 -774.61163000 75.70757333
-105.00222092 -774.13142446 75.16896717
-34.03714022 -778.17736143 76.03362751
-105.46100788 -766.98898864 74.26714598
-41.91500098 -812.32078012 71.47866913
-83.43094349 -751.12366654 75.64406528
-103.28116230 -780.06315803 72.47698295
-34.97027500 -766.02510000 72.80884000
-99.64601283 -787.71257926 70.13490847
-60.36772506 -743.50975971 82.01974835
-102.35854717 -778.80594932 72.92497631
-98.86373287 -788.97327731 69.32078931
-102.54018189 -776.00694561 73.84320124
-99.49319633 -784.99451486 71.17511606
-42.77896675 -752.00880838 80.78636785
-108.07224535 -754.04077767 78.99795026
-106.71815948 -762.22748170 75.42768706
-102.56809834 -773.93951584 74.64191270
-105.49053278 -761.05527510 76.41095392
-102.65910199 -769.51657736 74.32794905
-57.51721096 -769.95388879 68.74524980
-97.93570000 -789.82018333 68.70089833
-100.79226667 -789.57247778 69.62039556
-31.77018889 -772.64594444 78.66565111
-105.61511649 -758.06091141 77.62294978
-97.62845479 -787.10793151 70.06687973
-99.08934143 -780.62990857 72.63096000
-106.47749491 -756.12448657 78.34019787
-96.99180840 -784.66335965 71.23905193
-87.56679788 -794.61503297 50.83815036
-16.73835412 -822.75847412 57.74724824
-59.85415524 -719.10506923 76.97565558
-103.20725908 -764.96294770 75.37819061
-109.97548000 -753.43172000 78.49958000
-105.67210487 -755.10980322 79.39946742
-102.19649817 -763.70829261 76.28696451
-31.37101455 -789.59612364 72.29856364
-96.48577007 -782.12075953 72.16526007
-106.80650377 -753.24874528 80.37292679
-102.37422384 -760.83388178 77.55879072
-24.69438903 -775.92974870 73.30293111
-99.38483429 -769.15326530 74.80778159
-24.59188093 -806.12011531 70.97427002
-102.58506945 -758.60730282 78.26556282
-99.66092595 -767.55343145 75.27964543
-102.64385592 -757.49379036 78.72348711
-34.62308053 -829.47531263 54.24004211
-99.66305483 -764.02551713 76.99674040
-29.14799091 -796.81440000 75.63963091
-48.96722845 -770.98907997 68.67745740
-96.56828349 -773.17388012 74.08195525
-24.25248068 -830.48209510 48.01073985
-94.53499497 -781.90551242 72.23881808
-100.19502776 -761.52177626 78.13003011
-33.81766306 -824.24147051 56.48240266
-95.28149000 -780.39720000 72.56632000
-94.58545287 -779.20960722 73.05012061
-94.44392679 -780.66241339 72.62801411
-99.12584877 -761.17920585 79.73999036
-61.32459204 -798.14219425 60.14840770
-94.79923571 -776.98225804 73.62714893
-36.52942925 -829.27618376 52.48136004
-24.61291568 -824.06361253 56.30895659
-39.27375052 -743.13431674 84.93066311
-95.50679223 -768.64325922 75.68701282
-93.59907385 -768.72901692 75.76642954
-93.83057005 -766.99465973 76.92458408
-116.07455000 -780.52955000 66.74724000
-121.89874828 -774.71549310 75.62559517
-54.48253541 -745.90699430 79.77831651
-101.54215000 -780.52475000 72.59569000
-122.10660000 -760.41060833 73.92542333
-128.10100000 -778.01970000 67.91904000
-115.91290000 -780.48980000 66.47154000
-94.32895000 -768.29892000 75.43573000
-98.06170000 -762.55290000 78.59994000
-34.46550899 -821.99305873 57.24380296
-38.86238417 -803.76047087 72.24083794
-40.42624504 -811.48562730 70.34645738
-33.55028258 -802.87905035 70.95222397
-30.79354216 -800.44945548 71.75994502
-30.34213785 -799.21643141 73.44923067
-30.19227727 -797.83352671 74.68189972
-24.23474239 -798.83775074 76.02434229
-24.54843772 -797.51413736 77.16559311
-22.09609102 -797.84618466 77.98127034
-21.06437957 -797.58596434 78.87591491
-19.49900433 -800.83664591 74.63251692
-21.49849525 -802.90653916 73.07652410
-22.68671866 -787.52660484 72.14518309
-23.89575550 -802.37304126 72.76187514
-27.55564816 -803.07938654 71.42215512
-22.31116638 -772.55913440 73.09280105
-33.50402710 -806.51745287 69.05671323
-35.25265517 -825.71919655 54.69983138
-36.38340027 -809.30267385 67.81338261
-24.42915243 -829.04658820 49.28338869
-35.59196833 -810.40740000 66.49848000
-66.33745451 -752.99328330 82.97230077
-37.51214083 -808.05649000 70.18734792
-36.42574598 -811.84590402 65.17193090
-41.21087500 -751.79777500 81.67854000
-37.42964684 -810.66760886 66.81413304
-92.90820421 -782.11415579 62.07920737
-40.73686977 -806.06957907 72.70497953
-44.49554500 -832.46479714 47.46224929
-44.70919354 -826.87896279 50.19182404
-46.03527090 -737.94739711 82.86880302
-42.42614050 -829.64366155 49.14361832
-9.40268092 -833.01930975 43.81384832
-44.73006635 -825.24632115 51.37062654
-47.09165455 -820.20264545 57.08654000
-45.47618623 -820.34934720 56.57235470
-39.47677527 -829.97373492 50.15009667
-39.50041644 -831.90234501 49.16080011
-45.16422885 -818.11557894 58.46389796
-42.85725775 -822.25564535 54.38309000
-42.38410551 -819.00866115 57.20203265
-39.49875504 -814.67791789 61.74585837
-15.85023282 -778.95455937 68.42533759
-39.51932790 -824.20224429 53.59387413
-15.00680050 -828.18394901 51.16845485
-42.46809175 -817.54091111 58.54955180
-44.34989120 -816.10685600 60.15504080
-38.09298889 -828.60463333 51.65807333
-44.18402500 -815.47531250 60.74495250
-40.27097360 -819.22918680 57.33794600
-7.49209700 -830.51479171 47.23924207
-37.17276009 -824.85134424 54.10988986
-50.69384444 -725.75660833 78.76247611
-39.54671901 -817.83402578 58.74477708
-68.41423277 -756.72536050 81.42981983
-36.77798816 -821.36544958 56.71567275
-35.63430802 -816.74128086 60.80004000
-41.87921957 -813.36498043 63.32493130
-38.29658421 -819.61991579 57.73538474
-21.52580605 -784.52081950 70.53397443
-33.58186202 -826.54134939 55.78463312
-39.28089219 -811.29221996 68.09854911
-40.34040000 -813.77145000 68.67910429
-37.05478250 -813.34518500 63.40533500
-43.20396296 -784.08885556 76.01734000
-32.41813770 -823.56335754 57.88276778
-31.90848966 -825.76174138 57.40010552
-33.32085683 -817.18500793 61.29346952
-31.15847850 -823.83100407 59.09238695
-8.02120000 -822.47280000 53.98954000
-26.14050909 -828.79423636 49.33347636
-19.81920455 -813.26194545 69.51395818
-33.14669872 -814.04847794 63.98514150
-48.87665000 -754.53840000 68.34088167
-60.92233235 -752.41952635 82.18390137
-26.15485517 -826.01621379 52.66073310
-24.37041387 -826.44500918 52.93711300
-21.64477024 -830.66175283 48.02566348
-26.20040556 -825.07940278 54.08229000
-25.32928608 -825.25640127 54.22056468
-21.61257034 -827.21942516 53.14957991
-18.44159546 -832.22449415 46.51841689
-18.52922704 -831.06191865 47.94394769
-17.78890203 -833.41455610 45.08006073
-27.50420103 -814.52547918 64.25844289
-15.39835273 -833.29005789 44.37445073
-15.85034213 -831.96759091 46.27855154
-14.33686061 -835.70913030 42.46945515
-27.65465671 -810.85665974 66.82420494
-15.36288142 -830.95533062 47.55235103
-12.27584073 -835.96636953 42.17160607
-15.66176000 -829.39700615 49.88088570
-58.52411250 -762.63337500 75.61467750
-12.49894528 -832.99465387 43.92957725
-24.52856702 -814.47604487 64.32525862
-36.86179607 -767.01092408 71.94893497
-19.62062152 -781.96578167 69.82165288
-18.82542937 -825.84985559 54.91139350
-79.60490775 -793.26629925 52.66435043
-15.48714092 -826.73277617 53.19449259
-9.31158309 -838.10696986 42.07133330
-18.50278414 -821.10615416 59.12113603
-32.52624366 -772.07753662 78.78874986
-70.73749867 -784.46655333 63.51141067
-9.00223359 -835.24618025 42.85980501
-25.04037266 -809.89556929 68.08381865
-16.25068710 -825.59642258 54.69638516
-18.68952298 -817.95167514 61.78197605
-39.04312864 -779.49005121 76.36904974
-12.49666404 -827.96263179 50.75230034
-12.75655438 -826.54629778 52.66827970
-9.55517770 -829.93479869 47.06568297
-37.80185294 -765.41251176 72.54326941
-57.39724327 -749.91268077 82.18075538
-31.31988000 -780.81719000 72.45654000
-21.53136469 -812.33522036 69.24952247
-14.52818696 -825.37782826 54.46470304
-18.64970978 -816.09301002 63.28180675
-12.17432062 -824.82141679 54.08280379
-9.45718182 -828.85000325 49.03427019
-20.92699335 -811.34674941 69.94032219
-21.64551636 -806.25640020 71.91289099
-12.35456051 -821.53613464 56.69589289
-9.69707673 -825.99936759 52.04619152
-7.06258000 -831.85472308 46.02770385
-18.75936625 -815.17153330 69.32238636
-40.82633462 -749.51105513 81.48157462
-13.22467457 -820.21860816 58.60350926
-16.43636739 -816.29291196 63.38423565
-22.25582568 -804.09607432 72.32022514
-16.61616809 -815.81366383 63.79466447
-17.45822447 -816.84439255 69.25777191
-20.73493297 -805.01457875 72.81337077
-10.24838207 -821.89413697 55.40302319
-16.48493289 -817.61664631 69.44399503
-48.93329602 -756.14767966 75.05638361
-7.39681398 -825.72383656 51.82345075
-15.53121748 -814.97427258 70.66448542
-15.05739905 -817.77647807 70.10481383
-15.58604510 -812.06012116 71.52076571
-15.11651557 -770.84512244 69.04862382
-12.52987261 -820.92028225 70.63723498
-16.26965598 -809.67551645 72.23055239
-15.26120963 -808.56591048 73.19619958
-15.52085903 -805.98048396 74.28424625
-72.21025527 -781.92544945 64.69982287
-15.90052445 -803.74008707 74.97227676
-14.26496250 -810.64112500 72.62230250
-9.56459165 -820.71055365 71.66600868
-15.98175474 -802.37785277 77.04565258
-12.12879854 -811.59913528 73.02988443
-12.62088871 -808.88603889 74.18996221
-60.39361241 -799.67367091 58.97879943
-81.57443990 -744.14336571 77.01692590
-13.30815457 -806.40457241 75.18710677
-10.66152222 -815.68423158 72.48713942
-9.42052243 -814.76828118 73.14794397
-13.34950615 -804.15432462 76.30072615
-9.42207623 -811.96501626 74.00644234
-7.31219291 -821.23080069 72.33783497
-6.67202587 -822.95560070 72.36354769
-11.19785714 -807.64074286 75.71399714
-5.84162341 -820.78878192 73.03372687
-9.25657852 -808.29142868 76.62810709
-59.59742025 -747.77466329 81.34079781
-10.35366902 -806.56854383 77.62873769
-6.61876273 -814.96269970 74.50351129
-87.27836499 -784.06818348 61.13990176
-7.09134420 -812.42218255 74.98867758
-9.11462719 -806.98333509 79.28703605
-7.42623928 -809.45223677 77.30443109
-5.83140983 -811.84934407 76.02352932
-4.06062948 -818.07639072 74.94781937
-8.38368144 -807.82457784 79.35504240
-4.70644561 -815.92172924 75.37990316
-7.34166659 -808.65971121 79.55643603
-42.64178338 -769.32308152 70.30798940
-5.20279296 -813.97308873 75.68719634
-3.54449362 -814.99766142 76.34963757
-1.76874500 -823.84290773 75.35434409
-0.57799107 -823.72148726 76.58169276
-1.84167119 -821.80719661 75.43551966
-57.83721053 -772.22285655 68.64435957
-0.99655659 -821.04039069 76.61072335
-1.45332442 -818.27787774 76.97315623
-1.82893636 -816.06459848 76.96324152
-13.63362727 -819.45092727 60.49121273
-7.86945000 -837.27262500 42.55326500
-41.68093000 -813.02677000 63.90918500
-37.95320000 -831.49180000 50.28174000
-59.62005312 -726.84089479 78.49207750
-16.97356667 -816.34073333 69.54730667
-31.50974751 -787.58529910 72.68402733
-19.92938000 -813.27824000 65.39204000
-23.02800000 -810.45400000 69.57254000
-41.13398571 -813.28704286 69.01092571
-78.52043397 -784.45107192 61.50350337
0.98400000 -823.02170000 77.06874000
-31.69306667 -825.46486667 57.46660667
-30.47314706 -804.10782353 69.37010471
-32.93816175 -787.35114915 72.77725135
-23.65277143 -798.16531429 78.80681143
-19.71712222 -803.76876667 72.34467333
-27.19206667 -804.30936667 68.34614000
-92.80667411 -791.47248947 53.80824379
-89.59787910 -797.78933215 48.15636058
-92.63370814 -788.46414356 56.38074746
-90.49228193 -791.44635003 53.63479021
-86.76692581 -801.79193817 45.78564376
-73.74881818 -792.31417818 54.43350000
-86.58352169 -802.32122771 45.43971470
-48.58007273 -782.35116361 75.06670366
-87.59929921 -797.98815238 48.22574185
-16.85950625 -777.62635625 69.68692125
-92.51615556 -786.82724333 57.89194889
-90.40265651 -788.40510303 56.55129408
-85.17390122 -801.86014742 45.80080413
-87.31248029 -793.13277459 52.20602223
-84.45856000 -798.04063855 48.28216681
-84.34207118 -796.51735102 49.52333879
-87.40812688 -790.05887985 55.20038815
-90.40347197 -782.18151987 62.16632419
-84.56025950 -794.71708603 50.93266555
-87.45207593 -787.16538225 58.25513583
-90.76201092 -780.27021597 63.44164504
-11.50921225 -776.30844198 66.22824685
-82.25098321 -798.09927266 48.32274312
-48.78467695 -775.42374326 67.24207278
-90.27182438 -779.15602492 64.43424358
-81.71830425 -796.58383552 49.64738114
-84.49327561 -790.08943515 55.36338478
-40.34343534 -791.35420835 73.07561279
-84.54252476 -788.82737156 56.84608176
-84.35281552 -787.40351241 58.48077383
-81.43459843 -793.37195594 52.39470446
-87.05285952 -780.84255268 63.87577715
-81.52248421 -791.78604878 53.89381150
-84.53960411 -785.82809447 59.99550144
-89.89185000 -777.03959097 66.20919208
-81.54557833 -790.32346014 55.50534658
-89.62365046 -775.87279282 67.29368514
-87.74873791 -777.18040687 66.35390209
-81.60453585 -788.95682725 56.95158848
-87.40851877 -775.66396833 67.63302592
-84.50250657 -782.60142447 62.86059254
-79.84871143 -794.73871810 51.25672190
-81.50226184 -787.40556721 58.71885175
-84.34294779 -781.15793259 64.07718542
-57.65278938 -754.86825088 79.38435839
-78.75312254 -791.71100967 54.13227787
-85.50300435 -777.12454783 66.52642696
-78.59481799 -788.86210635 56.94745401
-78.52750633 -787.35116870 58.58563993
-81.52592632 -779.19233749 65.67490802
-75.68910806 -792.10832430 54.34768860
-75.18744198 -792.90064568 53.93387064
-84.29406695 -773.13089407 69.63998153
-81.53839738 -775.96119494 67.76944000
-48.76950000 -780.44670000 75.57144000
-81.29243158 -777.75068731 66.76593009
-43.54573073 -730.70766615 80.96119234
-75.58033639 -788.89663900 57.06051169
-75.58114030 -787.44045187 58.48253723
-78.42740318 -781.25894839 64.24886915
-78.55718751 -779.34288466 65.75338890
-75.93533037 -785.91242398 59.93977470
-76.22941187 -784.45564172 61.30590321
-78.44444073 -777.89638179 66.88283511
-73.86609416 -789.16152044 57.16109620
-60.79462963 -770.46775926 69.83658074
-57.17291080 -748.40785349 80.90289591
-75.37223843 -781.41092249 64.40128135
-89.67759052 -757.75346346 74.08767389
-82.88285000 -777.32776667 66.39425667
-78.76722985 -774.07031419 69.32781554
-78.44758230 -772.76056812 70.23312917
-75.53416552 -778.01513861 66.97033248
-75.55753315 -775.97451627 68.32705673
-72.43512825 -784.18504213 63.35971528
-50.45706250 -756.80928750 79.73224000
-75.49398059 -774.19888265 69.40857303
-75.94759080 -773.24198659 70.10113841
-72.44378466 -779.64597617 66.06455745
-72.41664687 -778.17123137 66.99396702
-72.87877983 -776.41690751 68.00449297
-73.84815970 -792.68587910 54.23995940
-80.01120000 -795.77505000 50.62549000
-36.47794790 -776.25542706 77.63979879
-73.96883333 -788.38678095 57.83556857
-71.00585000 -780.31415000 65.73274000
-73.89101667 -774.31516667 69.68842333
-9.50650518 -773.01187600 65.19643020
-92.58427500 -780.28687000 63.35820500
-24.32548451 -787.80632300 72.70979822
-92.96346782 -783.83949310 60.83205724
-74.31500000 -774.51705000 69.73579000
-92.19372622 -751.05299207 74.83306317
-22.48370057 -774.98026171 72.85183029
-41.72335092 -788.45502173 72.87789103
-90.36103627 -751.90578424 74.80754396
-92.19201304 -750.19359420 74.91092841
-89.97873636 -754.82813149 74.54061967
-89.13741111 -759.67681667 73.67052333
-87.02549868 -760.79124011 73.65917540
-87.34546978 -757.98647154 74.21903155
-42.27449767 -767.41570168 71.75697142
-90.10426926 -746.24651364 75.31926975
-11.96639758 -778.06669637 66.24812426
-87.53948814 -752.02702792 75.05542838
-28.22957918 -784.72460546 72.75873812
-84.34640756 -763.29363542 73.16093578
-89.89960361 -743.12708157 75.91919806
-84.89420439 -743.42259115 76.34452519
-87.55574063 -748.97524881 75.30504604
-84.44554689 -757.99292879 74.47682365
-40.81560625 -753.28097917 81.26464833
-87.20219587 -745.77531088 75.74710217
-84.51925842 -755.05692445 75.05373216
-89.42752819 -741.01896702 76.29802085
-87.48833517 -742.97991480 76.12484176
-45.71024613 -754.45307985 79.94235049
-81.70369161 -763.38449244 72.96861503
-84.65325641 -752.09938743 75.39106440
-87.86453183 -740.93980285 76.49191437
-85.27711334 -749.60508132 75.49158003
-81.49033331 -757.98685319 74.66293607
-84.57778819 -745.91496897 76.03725181
-51.73419784 -731.05286540 79.22880314
-84.09279209 -748.73369260 75.76534166
-81.62604238 -755.00386236 75.27212603
-78.25111761 -763.14767166 72.97345100
-78.52854881 -761.02506750 73.88566077
-78.51993879 -758.00032606 74.87770446
-81.32027026 -745.95666564 76.45156320
-76.28220029 -762.98557917 73.39862887
-78.62143592 -752.14844425 76.04595269
-75.63930288 -760.97151474 74.21114765
-64.51813000 -795.40037500 60.36132500
-79.33325592 -748.99334718 76.31945622
-75.51680485 -758.03099155 75.07415187
-10.90533214 -772.61169643 66.73606143
-79.56304521 -746.36601861 76.81994457
-75.80679235 -752.17627812 76.76951221
-73.94937200 -759.79856000 74.80330400
-73.88265359 -758.05787426 75.16465181
-73.90219326 -755.84387640 75.85073551
-73.90589167 -756.25659167 75.47890667
-57.93270000 -768.26170000 69.72679000
-86.80444667 -750.84903333 75.74703333
-80.28572941 -753.82065176 75.63069765
-79.91710000 -744.48830000 77.25654000
-81.19430000 -760.44956667 71.50847333
-63.66895307 -799.83195210 56.03000858
-60.60218133 -754.99741058 80.41807597
-60.96532419 -800.83067349 56.77804646
-59.98364342 -801.68083421 56.96169658
-60.65034744 -769.97056490 68.81074169
-63.83092151 -797.28250900 59.25841328
-63.09931169 -794.77795127 62.29280904
-62.43164596 -793.27688936 64.43195830
-61.37080953 -795.01415072 63.18271356
-57.72549548 -797.63606541 62.75535512
-47.28307419 -767.94244194 65.74136258
-57.23986334 -796.26267255 64.30774632
-54.67433519 -799.87124777 62.31727519
-53.63621076 -798.87628729 63.94753413
-54.48138287 -796.95406610 65.11480900
-55.58634716 -798.21385415 63.29862690
-57.57877050 -791.20550334 68.52448924
-53.20674444 -802.21989091 61.91244303
-51.92032056 -803.13162908 62.64779132
-51.74960426 -804.74242132 62.19356558
-55.06454345 -795.10349807 66.19703092
-48.49139947 -747.87022421 84.83480263
-54.41179381 -793.79114000 67.63725932
-24.78734092 -770.05499872 75.83836012
-52.52811825 -800.75931825 63.12871178
-56.86557077 -789.90371444 69.86622468
-54.78068049 -791.80456035 69.00208703
-51.36818253 -799.76344638 64.79119959
-50.66331230 -802.44672275 64.07922207
-32.29918674 -770.80079545 78.79014682
-57.22873351 -785.85840838 73.10054748
-54.28256216 -790.40312110 70.27600665
-54.51094833 -788.22951349 71.85249278
-51.49663960 -793.94654876 68.37380303
-49.28034954 -800.08635027 65.91730435
-54.50810368 -785.54263052 73.04950808
-54.35520018 -786.73858217 72.69412566
-51.73370782 -792.24076647 69.34996211
-48.59937491 -797.06063447 68.17280518
-49.91286000 -798.40536000 66.53604667
-49.19576504 -794.50868734 69.20363932
-51.58186411 -785.48405664 73.38798927
-47.18399524 -801.74357143 68.30781381
-49.63052051 -792.04116154 69.52989128
-48.57714614 -790.93581867 70.80059024
-48.13663618 -793.56814575 70.00488903
-46.09916977 -802.00118885 68.96935573
-51.42843977 -770.64511181 68.93435597
-46.20713840 -800.07984067 69.08922664
-46.47423787 -797.28213061 69.27664646
-48.48749398 -788.55805594 72.17004746
-47.15503810 -795.60200952 69.62992095
-51.07197679 -782.17363655 74.98623467
-48.55682227 -787.03221442 72.90691609
-45.12896857 -796.81104800 69.95503777
-50.49214545 -769.93284848 69.65381576
-44.88162201 -799.64281739 69.84635105
-48.48779567 -784.97350094 73.82283347
-50.85859440 -780.31911520 75.85132880
-50.96797731 -780.78845015 75.73707373
-45.51578282 -791.05731726 71.28944584
-43.38531531 -796.94149186 70.47268601
-48.24841727 -780.97511303 75.78419589
-49.35496883 -780.33834416 75.79532701
-45.94111037 -786.94295418 72.90614490
-42.70585175 -793.74662102 71.28482923
-45.52778665 -784.84691567 73.86301047
-42.78061682 -791.19218715 71.96487404
-45.66181536 -782.75231693 75.15302983
-45.09667827 -781.72517613 76.02333932
-44.26463846 -786.35241923 72.47546692
-42.85975761 -784.50851080 73.81599843
-40.42655315 -793.97607175 72.33267566
-39.64207531 -793.50990691 72.92539862
-43.07619669 -783.01991398 75.05169023
-55.87105000 -801.56817500 60.31294000
-65.82053314 -797.93931349 56.48527102
-65.44711614 -798.99733822 55.38094231
-65.34242905 -796.87734088 58.32760993
-64.84250508 -798.20939949 57.30497959
-47.48931973 -756.96694082 75.86192980
-63.52542468 -791.98455605 65.94622731
-60.97088764 -792.20606517 66.17004187
-60.43026929 -790.84734356 67.93962652
-62.04940000 -789.47240000 68.83864000
-56.91690000 -712.98738989 75.27970629
-59.92079434 -789.36719340 69.32327302
-54.39641111 -717.95524444 75.49674000
-59.49911088 -787.78517306 72.25913637
-57.45634344 -761.05221280 74.29323304
-54.52157011 -775.80238469 65.54528844
-58.90830000 -789.34149286 69.54694714
-59.14535000 -792.53635000 66.65321500
-65.43747372 -791.28389781 66.99568599
-65.55646853 -791.77598477 66.15791310
-45.32443333 -801.87677778 69.70980296
-50.54940000 -791.98032500 66.36504000
-41.73170000 -792.49190000 74.02864000
-35.37683303 -784.38519066 72.88316506
-36.78006181 -778.59657127 76.28769788
-33.51543913 -785.08023488 72.95699700
-30.77781209 -787.80914967 72.35553758
-38.04170000 -774.17600000 79.24874000
-36.89972290 -774.16182351 79.26462595
-33.47192022 -776.02890913 76.87011272
-30.54355452 -779.14297608 74.07403899
-32.91689254 -773.22779182 77.86949146
-27.50067478 -787.26407798 71.99818869
-30.15148340 -776.75127115 75.27368644
-30.74839504 -775.42740826 76.13377910
-28.03846132 -781.58835574 72.76834881
-26.92389945 -782.26653315 72.42276376
-32.49203506 -771.32445065 78.51542571
-30.02660230 -770.98000257 78.27227778
-24.50123731 -782.01247831 71.79165666
-27.71788035 -772.83243969 76.19799241
-24.38971511 -779.10735978 72.19288126
-26.71647346 -773.63449242 75.27699791
-25.33838913 -778.11910632 72.83281451
-27.13146083 -771.08185158 76.74389450
-21.49827617 -781.94903334 70.62533286
-24.50355220 -772.98153068 74.30298173
-23.43073261 -776.69724556 72.32737621
-21.56597973 -778.90382036 71.18403374
-23.98543515 -770.43215243 75.05536857
-21.12644304 -773.16143718 71.84516088
-18.23727650 -781.83819827 69.16973839
-17.65938742 -784.72839306 69.39674403
-18.96775016 -778.69777407 70.01226337
-17.67983381 -779.30060719 69.23013794
-21.61475190 -769.85196334 74.03765037
-18.54867969 -776.03598850 70.27723052
-23.33397191 -768.26332697 75.73511978
-16.36533711 -784.54550717 69.12961607
-21.89778185 -767.48579456 75.72991762
-18.48584194 -773.02315876 70.61188420
-20.57989416 -770.94537423 72.29120942
-17.16465855 -776.47811192 69.51868870
-16.65607563 -772.98160329 69.84453613
-15.23524483 -773.05168443 69.00357833
-57.60888333 -742.48053333 78.15579000
-16.41662059 -770.76453791 69.85748281
-48.61385750 -754.85594050 79.49420332
-12.65738938 -773.11571865 67.47508419
-12.66079366 -770.74273897 67.56465404
-10.82724737 -777.63428947 65.82026895
-11.28113423 -773.12564497 66.35700342
-9.58980765 -770.98744470 65.43747034
-10.66656296 -770.67303148 66.71208444
-8.00820000 -774.59690000 63.86864000
-7.35993720 -771.21926680 64.02520000
-16.73720000 -782.87520000 69.65884000
-22.81083846 -779.90070000 72.82343231
-16.83150000 -785.32420000 69.63535111
-22.87680000 -768.70904118 75.74055176
-28.97930000 -770.40240000 78.62527333
-25.73793333 -780.96026667 73.01380667
-34.36893333 -786.41760000 72.57264000
-27.11500000 -786.51625000 72.98619000
-23.04600000 -768.47940000 75.53004000
-32.40760000 -774.94532500 78.62351500
-37.65867143 -777.63918571 78.75254000
-31.98290000 -789.63920000 72.62659000
-37.42311667 -780.63799167 75.90419000
-8.11717500 -774.16430000 63.48969000
-68.61743079 -736.78339557 80.98212197
-66.54538066 -739.54302724 81.00878699
-66.73624526 -737.02337328 81.25210159
-66.95010056 -735.37890113 81.35935130
-63.53998785 -742.15836771 81.34601014
-65.94468500 -735.36163500 81.69592750
-65.47183886 -736.03406891 81.65299751
-64.37887500 -735.45565000 82.18661500
-62.62802080 -738.93389680 81.61961040
-60.52014221 -742.32769600 81.48351868
-60.48691166 -740.15893720 81.43819871
-60.75406809 -737.58327372 81.84310079
-60.63116455 -739.15784498 81.71939351
-57.36776344 -746.01981652 81.07291817
-58.64959329 -745.64956738 81.74355037
-62.46527725 -728.78074731 79.84710856
-45.46966653 -749.70795475 80.99659275
-60.55578424 -731.01614022 79.87056424
-58.17618457 -743.67080441 81.66846287
-57.41488441 -742.90189964 81.23551937
-60.45214165 -728.19101211 79.11381771
-60.00828675 -733.82987159 80.42833828
-59.69995193 -736.60759056 81.07791167
-54.56979840 -748.97361686 79.91612581
-60.94602700 -725.82729967 78.76893767
-57.49855342 -733.90633294 80.15770081
-60.12036933 -722.01979757 77.53810596
-54.41601783 -742.95744316 80.13317314
-57.78097190 -728.34747146 78.89321711
-59.66629106 -762.62963659 75.02345301
-54.59167181 -740.02556401 80.42168379
-57.34560782 -727.11891691 78.43878926
-51.63141886 -746.04278922 80.37999109
-57.52800907 -721.94731714 77.08545886
-57.55267369 -719.06636801 76.61811333
-54.59297980 -733.93932830 79.88520207
-51.57122322 -743.09079374 80.93359497
-54.45023554 -731.05857909 79.22930127
-57.54110774 -715.94061629 76.27172190
-54.43864047 -728.90669480 78.80539953
-51.52652194 -740.00395433 81.12538129
-57.56494160 -713.15578588 76.08431715
-54.50337423 -725.01011696 77.64793738
-54.54167326 -721.88799090 76.89955017
-51.55997044 -737.01241409 80.71993698
-43.86322174 -756.29242609 78.47755304
-65.95629054 -755.84128491 81.35120714
-54.64882480 -719.31797741 76.56158069
-51.51628841 -733.94565766 80.04727806
-49.65358487 -746.17516024 81.34321389
-50.11745000 -745.59665000 81.59269000
-48.75939589 -746.16797671 82.34039525
-55.41893447 -716.36537573 76.26805623
-49.63404197 -743.28967362 81.48683106
-51.26741854 -728.60469073 78.82493695
-48.52209391 -742.63308236 82.02615416
-59.25892273 -774.77476591 64.14339227
-49.72110268 -739.82482989 81.39848291
-48.37590100 -740.04701628 82.11834050
-52.41778213 -722.33897382 77.24807573
-48.58631994 -736.81961623 81.29515800
-52.91942051 -720.19453590 77.05441436
-45.96346854 -739.69295362 83.24245349
-46.49978152 -736.02808207 81.32948837
-45.79337884 -733.72620803 81.17163179
-45.56353719 -731.19436071 80.98898408
-45.00000148 -729.05548645 80.68389911
-43.42197428 -728.95679678 80.65004514
-43.18476897 -730.39199310 81.80571586
-42.91785000 -729.42350000 81.82224000
-50.76293448 -737.76897586 82.04748828
-44.75848936 -731.80673191 81.73123362
-48.48275556 -730.91413333 81.83966222
-55.97870000 -750.00706667 81.64737333
-57.33342578 -752.70540419 80.79047440
-43.95685000 -732.57290000 81.02159000
-59.75674375 -747.61188125 81.66717750
-66.74108000 -740.53604000 81.83856000
-51.05215200 -730.96282800 78.41462000
-49.98320000 -727.18423333 78.32187333
-49.92830000 -726.36873333 77.66594000
-59.07560000 -714.44240000 76.13134000
-52.07957500 -744.40643750 77.31414000
-48.68364667 -750.73686667 75.49488667
-54.40010769 -732.70376923 81.78696308
-53.86005882 -736.31341176 81.98224000
-49.70531378 -751.91148571 78.32377316
-63.46959992 -757.71912919 80.17621265
-54.83527500 -721.19022500 75.23869000
-54.72703333 -731.25055152 76.79478848
-51.65196667 -733.90493333 77.65170667
-49.97593333 -750.16646667 77.67854000
-56.84890000 -731.74227500 78.10209000
-56.03540000 -714.53850000 75.37854000
-44.34739576 -767.85947731 71.68790559
-44.54965588 -767.10594412 72.69135471
-40.17404569 -771.88687730 70.19820034
-39.44842557 -769.99096868 70.28447071
-41.28868608 -765.23271519 72.80665519
-39.29341527 -765.38854122 72.52539649
-37.39748333 -769.77262630 71.03195691
-36.46130086 -764.08582822 73.50033486
-35.64662600 -762.38997000 74.33979800
-41.75620000 -765.34030000 72.57024000
-34.98030000 -762.42415000 74.18369000
-59.29967143 -774.02509127 64.35186302
-46.49543233 -758.51408372 75.26813721
-57.29089927 -775.46723228 64.67128149
-57.33313368 -773.47625382 65.50175649
-54.84057440 -773.79817827 66.22292846
-54.34075161 -772.46107167 67.11153868
-52.06266685 -774.04777242 66.44145588
-51.57852373 -772.66502439 67.49106839
-48.65957777 -772.72265569 67.33951153
-49.80212500 -770.16712500 69.68411500
-53.11066667 -776.71158889 67.18335111
-71.36560428 -754.54265292 82.60344272
-69.38027907 -754.90415418 82.39449967
-68.78530400 -756.32443200 81.54550000
-68.53893824 -756.57682647 81.70122235
-66.24936598 -757.33840309 80.91350423
-66.64152138 -754.63027436 82.11191996
-63.45222874 -755.40757844 81.01980940
-63.83284535 -754.01165347 81.88518136
-62.67421538 -759.51554615 79.94772462
-63.55693198 -752.70319057 82.60793793
-60.65402047 -757.63330641 79.79526980
-59.09501538 -760.12100385 79.48569385
-58.02113067 -760.49612000 79.82861010
-59.88341233 -753.08531703 81.21327131
-57.72373652 -757.89312461 79.41459175
-54.85923298 -758.33921676 78.77522887
-56.68319350 -754.46283852 77.88075439
-55.64829936 -754.75868726 78.77981580
-54.54100314 -754.87677500 77.71594876
-54.79311282 -759.65178974 78.81228615
-51.39645186 -751.45992893 79.92002208
-67.16100000 -756.99289756 81.68305220
-50.31209491 -755.03926947 78.86597850
-58.02587931 -754.48407931 75.21076069
-61.29803333 -755.95173333 78.03811778
-62.35950000 -756.96777143 78.47256857
-60.55908000 -756.75774000 78.56004000
-56.35820000 -753.46640000 77.94204000
-48.33767539 -755.84494935 76.11403018
-49.23865659 -756.74469535 79.68829814
-45.58884667 -751.97395288 80.32565720
-48.08223221 -747.16586479 84.93975161
-45.62360156 -748.35627365 82.35722112
-42.65646285 -754.75454990 80.18869755
-42.57984288 -746.05542387 83.31251652
-41.96447836 -744.01888596 84.40207099
-37.82698431 -743.90686209 84.36947333
-37.67857700 -742.87316610 85.00702876
-42.32106190 -744.97666905 84.89717095
-41.02470000 -753.00210000 81.67714000
-45.53572273 -745.90080455 84.61687182
-43.94967500 -753.67237500 81.80315250
-62.26313154 -770.91500403 68.61629973
-49.57847251 -757.89490584 72.21678307
-45.44804106 -757.57137125 76.74859333
-43.55552198 -757.37123438 78.03350281
-48.35840000 -755.76812222 71.94536000
-44.18528000 -757.32618000 78.71574000
-58.25061186 -762.66927373 74.53579169
-56.47048477 -759.17140576 73.71379556
-56.21830909 -761.31365455 72.48313091
-54.44357504 -760.34548600 71.78755286
-59.34890000 -762.25973333 75.59764000
-63.10913410 -775.48753860 67.93096441
-60.68990762 -772.90018589 68.80749429
-59.33217152 -764.94042658 68.23047671
-57.63975361 -766.96892727 68.21449519
-55.58943333 -765.54803333 62.98770667
-53.98133333 -768.61506667 69.97284000
-59.15720000 -766.80600000 66.51239000
