-42.86661538 -741.48687854 36.55748821
-46.10001468 -742.52673601 26.14645909
-42.59656429 -744.60407500 33.34842461
-36.48367197 -735.97706846 39.72631197
-43.61960000 -740.82524515 36.98659298
-46.72175556 -744.64601111 27.54454247
-53.35708698 -759.26938093 21.08412442
-52.44507091 -753.43680182 28.35948428
-37.42890000 -738.04130000 12.66974247
-49.66908000 -744.79829000 12.70591247
-46.99469459 -744.11724530 28.82640899
-48.25855292 -752.30547428 29.40990548
-35.88070918 -734.08820272 40.01646054
-40.55388333 -736.45043111 39.71042635
-44.56010196 -743.71723380 32.36317088
-39.64502052 -742.77345183 36.00819550
-44.09162707 -738.82172645 13.72442869
-52.54852760 -754.10928594 27.87132007
-47.39238183 -746.16848220 29.45381960
-38.82809602 -737.62932323 39.26984773
-44.05560000 -738.50751111 16.24392024
-55.95909355 -737.65087097 12.75683118
-52.83127641 -755.61222306 26.61136377
-34.28876667 -735.60270000 39.57964247
-50.63972588 -740.08565603 12.01818184
-35.98903131 -737.11909786 39.26763682
-50.84291597 -743.15212287 12.05389442
-53.18793800 -758.28506597 23.25767240
-49.05168462 -746.10673077 12.74821554
-48.09860648 -748.97555310 30.27611646
-52.34320000 -732.72820000 12.64969247
-50.98389964 -758.65222105 23.30866038
-49.00727174 -758.53685469 23.91024194
-50.17224947 -743.70004421 13.49756983
-43.70712958 -738.21513449 13.55687435
-44.53187181 -738.97482548 16.61105405
-51.53334000 -739.39077600 12.84230847
-49.65288909 -749.33051782 30.65413919
-40.80604975 -741.68963980 36.72104396
-55.99973875 -740.16845375 12.77948872
-48.94602421 -747.86762565 13.05140932
-49.99492460 -750.02285742 30.45557974
-50.59114001 -752.25047762 29.42380103
-45.79571833 -743.44823949 29.00294413
-48.34620705 -754.34651073 28.22135440
-45.96836104 -741.36499481 24.98321779
-49.13334118 -748.96109748 30.66033112
-50.83649944 -754.26719708 28.11863407
-44.15797381 -742.69552078 34.96888079
-34.59045112 -735.10612289 39.51550615
-41.16067785 -737.82505613 39.11070856
-41.74446617 -740.12758943 37.69147719
-43.79366198 -741.41687813 36.51101642
-52.91425413 -757.05045725 25.21437161
-51.01126666 -755.70861382 26.92508055
-38.37842942 -734.44148602 40.24622005
-38.89419143 -736.16056459 39.83619098
-37.46857500 -732.51206000 40.42420747
-41.88651158 -743.02327899 35.23152594
-35.57263527 -732.00938758 40.14285518
-50.76391240 -757.22761090 25.44770618
-52.84752674 -759.71174944 20.32417752
-39.14382702 -741.82909145 36.84108361
-38.99934193 -740.10781121 37.97657277
-42.92373757 -744.30564011 33.37752958
-51.75944966 -759.47651599 21.43552172
-51.61354614 -759.69043168 20.97817573
-48.39340702 -755.88497132 27.03559778
-50.56744082 -759.63405510 21.79131389
-34.30009333 -732.23929667 39.79091913
-34.25120947 -733.44840303 39.73491481
-48.65125899 -757.28655516 25.62701638
-34.17684411 -734.12876049 39.43238441
-36.81992898 -739.40827714 38.36060245
-45.84379129 -741.82980290 23.27457070
-42.90604444 -738.74310000 14.82249802
-46.19124994 -751.88469217 29.83023037
-49.42150000 -748.05260000 13.17918792
-39.81161429 -729.20351429 12.75751389
-52.49217674 -743.46533488 12.71306340
-55.33662000 -740.63678000 12.72098247
-47.40403444 -736.39309333 12.75618358
-46.27023151 -750.30691849 30.01491986
-42.96947458 -737.80425510 13.00539757
-49.30486667 -744.46338333 12.79342580
-45.49341634 -740.85760486 22.73167164
-41.88438000 -744.64804000 33.75640913
-47.47238462 -726.78083077 12.90572708
-46.54397000 -743.74078484 27.01563472
-34.15948250 -732.06982875 39.47425997
-34.25710000 -735.70696667 39.70400913
-47.70090000 -726.50050000 12.92044247
-46.21190789 -753.73457632 28.99106878
-46.95140000 -740.11771429 12.64827104
-52.58776364 -744.77760909 12.80113337
-51.90602500 -738.51265000 12.90871747
-48.66340000 -732.60770000 12.64254247
-49.05086429 -731.92679286 13.14982818
-52.40870000 -732.91312000 12.67554247
-45.23608311 -740.44957548 21.23316644
-34.42511429 -731.34153571 39.53088532
