-16.89693815 -796.51210408 64.41505174
-113.73035513 -777.39159615 79.05044172
-129.60106000 -782.28408145 71.50278208
-73.53674704 -781.54988315 62.39298002
-7.59860332 -790.69238233 68.47805664
-34.73972512 -809.24592840 57.26899140
-28.56368344 -809.13855571 57.18502205
-70.56667876 -760.29415475 73.52278893
-124.56958805 -781.68204252 68.49916269
-42.08960000 -744.03090000 42.73420455
-64.10935092 -760.24467118 60.21518731
-57.31419667 -754.07785167 75.15163621
-103.53622247 -779.69047718 72.11918541
-17.59994814 -713.00616366 69.27696635
-127.73245288 -781.54374526 71.26577225
-55.78749183 -748.41548317 76.40272616
-71.62226875 -755.90765625 75.80874830
-82.28784938 -790.95625749 54.02677667
-63.24283636 -733.58651818 78.72244091
-62.12038560 -747.25986498 78.96575552
-49.58840832 -784.75521036 68.80582013
-123.52257143 -782.87608571 66.73554026
-9.65136667 -798.39154000 63.88642788
-100.88570867 -798.53235538 61.11715807
-57.96085000 -785.95695000 39.73076455
-45.66746839 -744.92080881 23.81398434
-127.25183798 -782.18669368 69.08974277
-116.20796491 -779.89481053 75.61876946
-8.62709567 -764.82359856 64.28436661
-53.14718684 -792.26720526 37.07418612
-26.21084474 -801.67048413 61.24831303
-63.24340000 -785.97000000 41.46370455
-49.56203333 -752.93023333 70.66717121
-128.33536667 -783.05861667 69.01397121
-18.29824000 -815.87348000 45.68592455
-129.31750000 -783.05580000 70.39040455
-106.35517599 -780.25701723 71.08656714
-83.75839459 -768.51962703 72.90422346
-17.72426094 -771.73357098 66.99631269
-79.49205888 -774.84521262 67.64179738
-127.20076874 -780.85408160 73.51019291
-106.87069727 -757.63751261 77.97047133
-46.68966502 -737.15425611 79.54654547
-123.22550000 -783.13400000 66.76440455
-112.97599759 -760.78828979 77.20831928
-52.66512934 -745.54416814 77.23801803
-43.38274461 -766.92770622 65.13602169
-79.21890000 -755.95669151 75.81006021
-46.27809879 -745.17529482 29.32453764
-76.40515919 -781.37476124 62.47804324
-118.60069564 -781.59987959 68.06962168
-124.80294956 -781.21085302 71.56041229
-91.63642648 -778.81374832 71.79120186
-51.65224805 -757.82262208 62.80425130
-95.36621970 -783.27756847 69.97118238
-48.43770000 -750.81080000 33.81210455
-34.46686058 -803.62269635 60.54278922
-121.68147640 -781.64682990 68.05165864
-102.58317308 -756.24723846 78.94038147
-78.80033904 -766.63924502 69.29900773
-121.36584493 -782.89826087 66.61656795
-63.61068000 -746.88263333 78.75918788
-114.89234059 -760.23295817 77.53230674
-115.77731089 -778.82748933 77.33095931
6.49312691 -802.56721966 61.78129012
-93.59988333 -776.92470278 72.79859621
-38.93106279 -741.62329302 48.42553245
-46.51384907 -784.87078695 68.26770236
-82.59400849 -756.32144603 75.94901879
-58.31146142 -778.19350827 46.00962266
-121.09299216 -783.11496373 66.33669768
-23.53940000 -798.14110000 64.57920455
-68.36856575 -762.91700775 64.51830115
-77.53772500 -798.14170000 48.84432955
-24.74372212 -806.75229615 57.62774781
-112.01639726 -776.08067329 78.06508651
-25.58977471 -772.43195982 69.25366586
-48.45356000 -743.49364222 26.84487121
-61.68331183 -730.80278168 79.18868422
-47.12211471 -762.32949118 57.54937146
-71.37344583 -770.85202679 70.01501169
-22.99386000 -794.58686000 67.26110455
-97.84212613 -757.10669073 79.27525160
-61.81168889 -804.33449259 27.67706380
-71.14775806 -771.10968065 69.88214218
-28.74391818 -731.56615455 60.61615455
-118.46832506 -779.86847592 75.57365541
-17.51338440 -777.45119262 67.79022233
-58.90169037 -762.21449185 73.44086825
-104.33065888 -789.30767383 67.01055127
-124.69445910 -780.65831740 73.99609642
-121.86861267 -781.26751436 71.34610488
-71.65856162 -764.06417946 67.09561941
-118.80155591 -783.15597795 66.17107895
-82.88649615 -783.42745817 61.12827810
-34.34414446 -775.48068193 68.76585733
-118.60192348 -782.83249280 66.62174848
-64.35992256 -800.03104511 30.32648105
-103.81707953 -760.67296445 76.99937884
-82.09196828 -794.25657517 51.28966855
-100.73173134 -779.41168661 72.11455077
-36.58388286 -804.99859000 66.03911397
-44.03931344 -769.48006095 64.94708790
-97.96523674 -794.14315616 63.24317291
-35.06306304 -771.57721307 73.36810367
-43.68341615 -790.55182588 65.49140184
-40.95068812 -770.05806176 64.78840580
-67.20013466 -762.62609276 63.14361972
-52.39891476 -760.75831464 65.11493073
0.19599712 -794.75773077 64.91972281
-4.66171397 -793.48377941 65.70270545
-43.24062000 -747.10480000 27.19466455
-115.99930000 -780.02650000 70.51650455
-79.82252109 -786.43877211 58.23496645
-10.63592815 -764.55119516 65.34297726
-112.68145072 -778.52202831 77.60348548
-42.34809375 -779.58201250 67.70038580
-112.82788395 -780.73567881 74.51923572
-10.53075966 -802.11212993 61.94840722
-94.18612003 -765.46439634 76.04673269
-70.61606332 -754.39176085 77.00459632
-71.40953171 -783.22049268 60.97149929
-115.07465614 -780.14395877 75.98808174
-34.59011165 -819.41177605 46.37198739
-110.65720000 -782.75005766 66.51352316
-1.25289906 -796.03778723 64.49630476
-79.61297386 -778.31332703 65.05431073
-61.70965648 -800.03412067 30.12151590
-29.96587805 -785.75826098 67.32562894
-58.73340576 -787.93648744 38.87200429
-61.95412806 -759.93758945 59.62992588
-30.30680000 -765.03250000 75.59860455
-17.59324286 -716.64143571 66.68334740
-103.66650911 -773.64735465 78.03391195
-29.41316387 -737.49071533 57.55221099
-55.04708909 -766.48171556 65.89703007
-29.06890625 -804.41834375 60.91527955
-70.38583592 -787.91716090 56.96881018
-2.61555306 -807.80315850 49.11421203
-46.17597580 -739.29916324 17.39294427
-109.83357024 -781.22978178 68.37129388
-57.38412500 -761.91167500 72.82427955
-109.19780311 -779.71529234 74.90794378
-115.55392722 -781.45976263 68.27178190
-30.59595254 -794.40331258 66.51612596
-24.27163333 -764.94006667 72.77827121
-115.44270964 -782.74189743 66.54795872
-5.59310565 -804.41296048 60.95446221
-94.01750556 -792.66195154 64.99817516
-76.58501917 -796.12379654 49.83366590
-115.58700909 -783.14046818 66.10126477
-77.92340909 -756.06470000 75.85165000
-110.90145147 -783.16029118 66.26222072
-102.60159565 -785.47986848 69.04878389
-57.47428421 -795.14918947 57.93615718
-90.02853333 -789.10953333 66.11580455
-28.95912587 -788.01275235 67.84230131
-51.16900000 -755.27560000 60.58270455
-62.40219114 -759.29888481 76.05701024
-107.13436015 -780.99650968 69.08132371
-56.08554117 -796.61431578 32.71028679
-106.70712960 -777.83340071 76.21556446
-16.64872357 -802.72450285 56.90884750
-38.19567387 -766.10724996 66.67434060
-26.04822998 -810.73148760 55.37824144
-84.59620878 -752.61140676 77.62040792
-102.01093333 -753.37995000 81.91625455
-46.32583639 -738.52599589 14.07692258
-124.31065865 -779.82542030 75.30137785
-37.99946544 -774.58079018 66.55749735
-18.08120000 -785.90790000 73.14620455
-106.39893011 -779.77569114 71.28640223
-97.63675466 -787.25869257 67.64280004
-103.91149487 -764.79372340 75.77258980
-121.39711659 -780.64248834 74.50522383
-54.93845529 -751.88000067 75.29008855
-117.68529881 -752.60296548 80.39319383
-70.96913954 -776.28845323 66.25429408
-48.36596808 -745.91163355 78.97182474
-118.43525262 -781.28382072 71.46774449
-105.58242060 -796.87107401 62.85544602
-109.34519025 -775.59319681 77.14824823
-52.49005653 -760.43028289 67.55148406
-61.77379355 -746.41534460 79.28114287
-25.21712715 -731.81784371 60.76637342
-109.38386045 -779.73806685 71.01375079
-100.62561522 -790.78771526 65.38379881
-103.50184101 -796.54533264 62.37888433
-112.52642465 -763.61001640 76.37512105
-103.81398099 -798.83621793 61.37752678
-101.17147440 -799.42812512 60.68984078
-48.30308667 -746.12984000 43.68257788
-11.36420390 -768.95557438 64.62697455
-47.14341467 -783.28777244 70.09793877
-112.60316271 -783.60563916 65.99722564
-70.51560856 -763.61579797 65.69375622
-36.41375678 -802.95693920 67.62523947
-118.47433053 -779.10747134 77.11785245
-59.83561241 -725.57302340 77.84099639
-48.16670000 -744.58090000 24.50110455
-56.30038630 -757.13578053 55.34759709
-79.48149750 -784.63142101 59.77680481
-48.20170000 -759.33060000 53.74190455
-114.31825297 -763.05430127 76.79771726
-28.79494588 -817.90077363 47.59463051
-23.73888205 -780.19547692 70.00741096
-12.86850157 -764.52991180 66.40815837
-121.69046881 -779.88301093 75.54901258
-118.60562741 -780.74048922 74.33500208
-109.51480354 -760.46447255 77.11621558
-105.76147274 -793.40409408 64.96337295
-88.31298034 -763.40768914 77.77601409
-105.92374507 -795.24864225 63.98379891
-100.64501648 -796.44848003 62.02432862
-105.09772500 -795.09252500 63.88760455
-104.33053842 -755.60392429 78.68552658
-52.90772113 -754.66455432 73.95952351
-61.51762679 -760.34510060 75.10034395
-52.51528402 -771.89778254 64.85751032
-68.74460299 -756.43827015 76.07115007
-49.76030000 -752.79676667 78.99697121
-121.25803787 -779.46220912 76.16579894
-91.83972464 -786.70101576 67.20323563
-85.41776772 -780.68079367 64.15557258
-55.93608721 -778.70573768 44.79446132
-112.80840491 -782.77265531 66.62546477
-35.78427678 -802.02075881 67.23294573
-91.59576103 -765.74541954 76.12747001
-99.10370000 -798.14380000 61.06273788
-44.61742415 -758.19068541 71.70646312
-88.54904866 -778.62743610 71.64062359
-23.14126000 -794.91602500 63.68897455
-16.62348661 -772.15823083 66.31047697
-103.73067351 -793.04162027 64.56964934
-103.18311870 -794.52065788 63.54458259
-63.86988225 -790.06222381 37.79601508
-115.46167293 -780.93592264 71.19146840
-112.67669502 -781.49481706 68.07123986
-86.30869522 -765.97036884 76.53709622
-22.37520917 -805.73543317 56.89707335
-42.09753333 -756.10951111 75.13909343
-33.18885000 -771.00340000 72.82490455
-84.77070798 -778.52751901 65.65100287
-64.41836955 -796.97142331 32.54201207
-94.62034168 -778.58992134 72.22261998
-44.59715805 -742.41632979 23.29979896
-115.86208667 -780.84469074 74.26644931
-105.54459532 -791.11600083 66.19132921
-12.57255000 -803.95352500 54.77242955
-73.76854083 -791.02629706 54.13746100
-100.90899902 -794.35975939 63.20355750
-46.00260203 -762.74870659 59.80742876
-22.52871929 -763.31647672 73.61122464
-98.54703227 -796.30433724 62.06021957
-64.38967603 -759.78653062 76.16994950
-41.46876250 -777.52701875 73.25109830
-82.40196579 -792.87744942 52.56961976
-10.36476453 -804.20844830 55.10448190
-36.23855417 -734.03063125 61.09798996
-103.82787605 -790.94126618 65.82696406
-56.99725714 -741.27130000 12.89453312
-109.61686664 -765.74333509 75.57196299
-46.67973693 -759.73560557 68.55079043
-31.41764201 -815.71082788 51.32015510
-82.79524848 -780.22603030 64.00199432
-61.44520148 -727.61332753 78.99898321
-74.60495665 -769.89958165 69.04747221
-109.30802118 -764.84540837 75.78812425
-73.71951387 -779.82532786 63.69204266
-7.52992367 -799.66103591 63.27570038
-65.58410815 -778.82964553 65.19900518
-54.25963333 -763.79278889 63.33534899
-28.34384520 -799.37790709 62.90463831
-46.37322490 -761.26831231 58.67702052
-100.87497880 -792.62264476 64.26248970
-84.33579615 -776.58640385 67.16363660
-113.17467149 -780.72417974 71.13577410
-54.59229315 -749.06886434 75.61354520
-120.05700000 -780.04010000 75.84250455
-103.41919902 -766.40424847 75.28942620
-60.63431323 -782.16710741 44.45654264
-45.27150714 -792.33637143 63.98044740
-55.69290790 -757.23930776 74.39234109
-61.83188902 -802.56643683 28.60955938
-52.62954596 -757.79000173 71.75718467
-28.60109513 -730.48474324 61.88695036
-91.86428423 -781.18172751 70.62532930
-97.59374711 -781.50796743 70.78898635
-45.97392297 -747.35500676 29.74126941
-79.58521004 -754.67142929 76.43352020
-30.76818780 -725.20323013 65.57787233
-62.44750000 -722.96110000 78.90380455
-86.85533480 -778.61767827 71.51617650
-66.35299161 -747.41028516 79.40780777
-61.55497505 -796.57701208 32.59262728
-67.75426246 -774.91926402 67.34599972
-35.15528333 -777.74858889 66.71681010
-43.62928009 -756.78541413 74.25191497
-13.34116667 -801.38077619 58.69661407
-73.71251165 -787.95152785 56.91607750
-40.56929919 -763.51427783 67.97916522
-18.44284500 -711.95256000 69.86050455
-118.60549198 -778.45097586 79.99143997
-52.95208000 -772.89304944 44.58374760
-34.58871260 -816.94087215 49.72245681
-73.78086132 -772.74790176 68.36627328
-105.42077241 -789.53040690 67.02901144
-46.23339335 -743.18911157 26.24661439
-116.00462702 -777.68200758 79.91510652
-7.84923737 -806.29909001 51.10219830
-97.56317143 -783.28053944 69.97281417
-70.60222087 -786.50087183 58.26403751
-103.94404925 -778.75483403 74.39588001
-17.36144047 -715.66375662 67.78945536
-103.32848256 -787.64223362 67.83525818
-43.71506730 -776.45839766 73.52920233
-109.55286921 -780.31165823 70.88275037
-79.58220463 -788.00858792 56.40384732
-41.41391429 -768.73247857 63.72968026
-85.05737289 -781.81243276 63.02109746
-92.84535144 -792.50889137 65.07009663
-43.04738997 -769.08412492 63.49525956
-97.88826270 -792.65126086 64.21807278
-103.56287640 -775.53368055 76.99781222
-64.31590000 -803.25110000 27.73485455
-31.01848588 -780.47046740 70.09184848
-1.68890244 -799.62811341 62.82113274
-99.65125417 -771.17323333 74.18526288
-112.91581311 -756.57559973 79.12335509
-48.61412481 -755.06609173 37.45031808
-61.39316667 -795.19998750 33.92145038
-44.46270000 -750.82248571 44.16623312
-100.14762837 -776.59492118 75.34166449
-19.11397264 -785.88107313 73.01304783
-13.54855066 -793.29845002 66.08789355
-112.98008378 -780.21847365 76.06925184
-89.75637647 -786.36868000 67.26299749
-117.79811486 -754.56037996 79.76241056
-51.86260929 -766.02990429 42.28793597
-102.59508125 -788.91431875 66.69944205
-86.51794880 -771.57700200 73.05317175
-31.25047174 -776.09666004 70.04154699
-110.00871915 -780.40965380 74.32476503
-97.39899681 -790.39031597 65.58503745
-64.66933750 -762.20290000 60.69071705
-87.05419038 -776.80465385 72.24548147
-100.44490221 -788.80446077 66.65680178
-24.39438293 -800.69845285 60.61665089
-51.88918856 -782.29919310 73.49026891
-103.54302856 -757.59799550 78.12439701
-97.66030307 -765.45767543 75.95480455
-58.66468788 -782.79361667 42.63183030
-100.44909245 -787.01985163 67.86519564
-29.32780000 -810.22176667 57.90697121
1.09912426 -796.50716441 64.23156101
-38.73425644 -789.67121350 67.73027786
-82.37774581 -751.56116533 77.74635865
-58.86499437 -781.37331635 44.23337263
-110.92050789 -765.15690526 75.85592560
-31.60352812 -799.78847431 63.18428279
-7.99759777 -766.05589179 63.57918684
-82.41641471 -781.49424225 62.62299982
-107.59246244 -752.57724977 79.50329985
-28.71855455 -790.51182727 70.44185909
-84.67811205 -770.33692679 72.49410365
-115.72495897 -754.69186633 79.81402782
-76.39128315 -789.52287454 55.40031041
-40.26811324 -792.65254231 67.25269663
-116.04538369 -756.71241408 79.20639988
-66.93742627 -780.75508571 64.09231330
-19.65922885 -721.59924504 65.19136317
-47.89450000 -759.05850000 72.42440455
-110.96953333 -780.11736667 75.85867121
-60.70092000 -797.66760000 30.76918455
-79.64178275 -747.84462041 79.25362101
-100.59604402 -754.66405739 80.41435508
-14.61947165 -765.75723255 67.06218196
-64.38056240 -791.64510640 36.39033121
-62.03030929 -786.66249364 40.47621549
-109.37123241 -778.14365341 76.79439945
-52.65242000 -769.59206467 43.66343388
-44.64505031 -795.87674781 62.69298830
-46.60409347 -793.18761932 62.84293647
-44.42276875 -783.36823125 70.10661080
-94.71633721 -790.46136887 65.57446692
-59.56195603 -739.03886897 78.92562911
-105.05211667 -781.37535000 69.37988788
-100.25499249 -784.68431042 69.17574748
-58.82780791 -799.91092039 30.11261420
-91.53525160 -784.31625156 68.63034205
-27.63734580 -719.34672168 66.55161376
-47.20463182 -759.24007273 54.66204091
-31.43979527 -805.73004203 59.65325927
-75.81988449 -769.63942695 68.75784711
-80.17962285 -768.68450919 70.83103355
-97.07767774 -788.73773516 66.65309845
-61.35154872 -803.90923333 27.79135326
-51.95958471 -754.03043634 71.25463061
-51.07752000 -781.11997429 44.43660455
-103.43864498 -780.68880252 70.94821655
-89.58412162 -784.40805020 68.42818126
-107.38268333 -780.10083246 73.77070104
-74.15085630 -792.68388723 52.57731312
-126.28400000 -779.90307500 74.91902955
-31.56011182 -802.50631564 61.65858527
-58.55157487 -742.52955920 78.44628969
-46.76724290 -781.57029844 70.73492069
-81.73785412 -795.84798202 50.05590960
-106.22642698 -779.22078789 74.80988719
-9.77036324 -812.72371066 45.48378910
-70.08566655 -756.35634820 76.00319052
-49.02291008 -756.76628081 54.06171837
-35.36171981 -799.58083915 67.20762276
-97.49676174 -775.82382726 74.47623173
-34.64506510 -814.14371455 52.87749656
-13.73276880 -813.42954524 46.32903855
-43.12987782 -781.56221823 69.46864890
-72.89581728 -770.63354506 70.02800208
-63.96965331 -802.10427445 29.21731559
-70.78273564 -778.47523597 64.71919272
-101.94177778 -777.12133333 75.88334899
-62.80332857 -760.96628571 62.08826169
-54.49556528 -773.21867778 44.87337538
-79.91076932 -789.53429855 55.25946692
-88.49071529 -769.18664933 74.42066282
-36.30924800 -818.00470400 48.20863255
-105.51011287 -768.58331089 74.73590455
-31.31391538 -804.75573077 60.94979685
-52.55369740 -742.44368616 77.68327632
-103.31248000 -753.25714615 82.06067839
-34.71232222 -735.73839993 58.98228344
-77.45731826 -798.76119670 48.15403550
-70.66183516 -774.78052078 67.40018423
-84.89117446 -788.35510804 57.06502955
-94.59091279 -784.60551549 68.99842518
-19.80953554 -797.55237237 61.95041016
-91.32670373 -773.04120072 73.67996193
-16.61458391 -766.60385714 67.53672856
-4.64779899 -808.95551155 47.64871609
-97.98796743 -784.90627591 69.01129118
-79.30853710 -773.31528527 68.75419991
-91.80079017 -775.46162198 73.12195348
-44.46601444 -794.24253275 63.52783588
-97.65969269 -763.29069953 76.75172465
-94.73147745 -788.55167188 66.49027347
-49.78433869 -762.78599065 63.37914847
1.63745453 -799.39041027 62.72056892
-46.85025773 -760.03514887 56.83854369
-31.13128262 -766.98457445 74.92681341
-97.40179908 -772.89751560 74.96550638
-100.56159719 -781.37277223 70.51037867
-55.65413430 -782.74797965 42.62599234
-115.31263070 -752.36492264 80.25278328
-112.69584981 -752.20557687 80.15330954
-68.05261250 -781.01494646 63.50505620
-92.24111358 -790.36673955 65.58608462
-31.84826892 -820.25522081 44.81289427
-106.96569147 -775.70989704 76.88726295
-94.76568702 -760.86888161 78.02811726
-1.52341542 -797.72943271 63.68244286
-52.81706906 -794.02028698 59.99038524
-100.36728542 -782.93738125 69.80436496
-49.38896388 -769.35040613 65.88860863
-95.02951526 -787.18353973 67.36725609
-58.55709724 -730.58944082 78.89337181
-20.18959829 -716.75574743 66.73288683
-112.21001073 -765.26522542 75.99961359
-100.00118750 -783.22425855 69.91159336
-22.70364513 -788.45746981 68.80766996
-61.11647918 -791.38068440 36.40544538
-51.78174316 -783.47271600 71.59757739
-22.61771040 -727.40736661 62.82380622
-64.09790536 -793.33727951 35.18969325
-79.65592412 -796.25219752 49.76716535
6.00580000 -804.08058333 60.65327121
-79.48398929 -798.12380000 48.89846526
-88.67667352 -781.09727321 70.41362695
-100.92007986 -773.70977208 77.84128864
-45.66455165 -795.76966786 62.22558064
-106.64273110 -763.31525598 76.16842448
-79.08017829 -798.77768248 48.02859293
-96.00273000 -757.51278000 78.92436655
-49.70546078 -757.25928114 65.66095709
-68.60912133 -757.92124571 74.97725787
-27.01025000 -789.11492500 70.13487955
-84.21654400 -747.84426000 79.30836855
-98.79276327 -774.72526990 76.18416985
-111.51005932 -765.66260678 75.73065822
-43.67620000 -753.05210000 75.89260455
-54.32086383 -762.55412553 73.01963221
-94.41456087 -773.51602308 74.35926675
-106.41193230 -764.80531201 75.75214513
-115.56405719 -758.10278646 78.36247005
-25.63288635 -791.11350613 66.28918324
-51.61829091 -782.76247543 72.51690725
-46.22852038 -767.63982312 66.06870082
-28.55892628 -733.64275956 60.11163359
-38.12721642 -764.96192537 66.79051499
-25.55156301 -805.23673412 59.16603344
-93.38504286 -782.97610000 69.78260455
-100.34867650 -765.29038361 75.92971001
-117.27520000 -756.78600000 78.65151883
-82.82902810 -778.49247961 65.30174479
-79.35159926 -779.91649559 63.72510087
-117.32778300 -756.32271400 79.17280455
-109.73992693 -763.61952298 76.11955088
-85.74594485 -771.51070000 72.69650749
-106.48144183 -773.61121662 77.90316042
-104.14157541 -777.27958757 75.99942388
-47.83982464 -743.24780145 78.67864947
-100.78093208 -758.13949777 78.34775420
-86.34802921 -767.43840678 75.44521015
-46.76408436 -786.45242331 67.07627607
-112.43020717 -757.79909110 78.33883180
-60.58832500 -762.21325357 74.56516526
-50.18217617 -742.72650032 78.48862509
-106.53754873 -766.21290333 75.31021415
-100.67230195 -777.93359090 74.17070027
-91.59348806 -788.30604712 66.37269973
-55.40194059 -789.41763003 64.24955669
-112.59004591 -754.28631409 79.57858812
-103.59332198 -769.25299366 74.61492051
-109.61558764 -757.45952262 78.13863657
-57.87162281 -756.89002491 54.17124805
-97.62407000 -779.09333809 72.28471408
-85.09572593 -789.97144359 55.83282154
-79.85897437 -781.62506983 62.41431960
-49.47084005 -786.66144955 67.23592756
-58.93330400 -727.85021744 78.08626805
-10.57602638 -796.34354035 64.57384179
-63.59471299 -788.28535961 39.17680896
-100.80424313 -775.25653040 76.71772215
-79.42750730 -794.13010250 51.14518452
-64.27053455 -748.71797176 78.34774126
-78.63877403 -763.39919221 72.70662013
-79.48015949 -797.48816013 48.46763574
-19.53961636 -766.47952025 68.82200975
-32.00631050 -803.78685160 60.69435706
-94.52651264 -781.32907032 70.92637072
-106.50265988 -760.49779110 77.01296758
-97.64887934 -777.65660886 73.24831796
-45.80376016 -752.63696450 75.52513083
-82.52199589 -789.63091331 55.48886577
-47.85664956 -754.23074336 36.30888419
-46.93909000 -757.40575500 66.06825705
-94.73407139 -763.41930441 76.96060134
-79.50032847 -792.76981891 52.52838957
-89.08000076 -774.95966179 72.95152061
-49.70635277 -754.39566250 74.35167333
-58.82595079 -794.76873534 33.68363910
-61.53105049 -724.67716404 78.91653696
-77.03531554 -797.28682105 48.50641883
-110.81429167 -756.17944167 78.88839621
-57.84857284 -790.82384984 62.03121046
-38.00127911 -781.80276746 69.23951876
-103.70355132 -752.48825630 82.15145528
-100.53918548 -769.24323043 74.59474757
-5.20878655 -810.51754813 46.28815614
-41.53809763 -747.60199563 79.30629453
-89.99253704 -787.88585000 66.55917862
-59.81958226 -725.71724032 78.91321261
-109.83257101 -754.11295211 79.20009024
-109.09043090 -755.54588305 78.68522472
-64.64527345 -798.73486018 31.49206524
-2.39972632 -810.15660000 47.19448349
-103.73286313 -763.44381664 76.21219040
-57.22523750 -770.68102500 67.62719205
-84.94762339 -786.72269162 58.64978187
-109.82376650 -752.50840278 79.74735800
-47.49577816 -742.38488342 79.18319440
-82.75721560 -788.22438572 56.86503689
-59.66796096 -746.17617123 78.97711071
-28.78448649 -771.89589215 70.66348726
-79.79135751 -791.11895751 53.78924707
1.65370000 -797.66431024 63.70926234
-91.93658699 -767.21427529 75.39384904
-100.99930365 -766.87286437 75.28399529
-91.21200716 -782.72644924 69.57623320
-73.45862529 -784.48814953 60.01520649
-76.82596176 -794.23396253 51.10180353
-88.88699895 -772.67465884 73.31348786
-84.84052339 -785.28496069 59.72397839
-83.06338440 -786.64149426 58.37401397
-56.18504444 -756.58076667 58.70516010
-95.44260106 -777.23747407 72.92942571
4.86321452 -804.27061129 60.96847229
-106.69060043 -755.34923758 78.63391275
-76.73022599 -792.82322140 52.38176589
-94.75608646 -775.81739580 73.49395517
-97.72840899 -769.43988756 74.58559877
-106.88388394 -754.01786533 79.11103064
-17.01918262 -786.88547849 73.19299129
-50.59255609 -781.20257011 73.25007080
-100.65524412 -763.39845540 76.45362764
-74.81465797 -795.55019420 50.25779585
-101.70950000 -765.02940000 75.83310455
-82.60771595 -784.99960000 59.59446922
-89.13160619 -782.50235920 69.57525700
-18.48829594 -773.41328687 66.71183642
-55.55558942 -793.72303055 59.43010909
-100.62007899 -760.79289557 77.37229704
-97.58913012 -766.97038711 75.41354864
-84.49946951 -783.58049451 61.22083137
-28.29089307 -721.77841017 66.02232654
-76.70927671 -790.99029189 53.74481119
-91.32621489 -776.50899536 72.70679623
-103.58285542 -754.34492074 79.91874715
-48.68836053 -753.48838158 41.39527823
-94.75160723 -769.34805248 74.67443725
-29.97327778 -780.38052778 70.40759343
-68.15340000 -790.52140000 54.79150455
-74.50015181 -793.96606798 51.22266285
-13.81122651 -800.35493450 58.37080123
-16.57558187 -764.56023849 68.17473974
-44.63169583 -747.50334583 29.69517121
-58.88921593 -801.62002917 29.08025944
-97.72488703 -758.42560348 78.61350455
-91.14240877 -762.23790526 80.97160455
-61.36981789 -798.53193833 31.24928615
-29.27874578 -776.40408726 69.97213931
-64.51024783 -795.23774565 33.95935020
-52.89416620 -756.43713239 51.39305807
-56.40772504 -798.45013787 31.25502047
-6.01015714 -805.47111429 51.87979740
-94.42710657 -766.85606075 75.48623430
-50.88250127 -765.57934937 42.05516024
-76.50980192 -787.91925640 56.80770336
-74.00871881 -766.17906589 68.10380363
-100.04628373 -756.57878313 79.25417904
-97.34854779 -760.60660613 77.79670346
-47.79867399 -763.04959422 64.83934674
-49.17958500 -779.86579500 73.02669955
-27.30121216 -787.88763649 69.98219914
-87.06422500 -782.18387500 69.76295455
-3.00995000 -791.35260000 69.85405455
-88.35618727 -776.00229860 72.62167813
-49.76332401 -755.11543186 71.84390111
-25.54140631 -793.51038738 65.11338705
-40.32654732 -790.60084050 67.56978956
-49.36248878 -753.63351144 47.95071115
-55.38665367 -775.79493710 45.32739362
-50.02841556 -752.18725778 49.75275143
-86.89717273 -780.75373091 70.50917000
-91.69235787 -768.83064902 74.72275574
-48.75364754 -759.55975574 56.90713241
-79.65597316 -783.29083228 61.06358542
-76.80952881 -786.49946024 58.24077288
-74.00721504 -789.73260409 55.39174009
-51.15580000 -747.43400000 31.02990455
-35.15375745 -784.28852905 68.95169119
-61.45209712 -793.35511744 34.97473108
-15.87458128 -769.69253661 66.49023115
-76.98023902 -774.76513614 67.29262682
-58.80184079 -798.49962529 31.17869241
-76.80786372 -784.56525282 59.85279066
-61.21524450 -794.57139948 33.44474591
-52.91924688 -790.63582475 38.31515485
-61.18974917 -736.52527805 78.64752515
-53.56200629 -755.52019328 52.30649478
-98.47203429 -755.52312120 80.14549512
-58.26510254 -796.31534567 32.79411133
-14.04345682 -791.82346955 66.78778045
-53.32055992 -736.90743283 77.77605369
-58.62697588 -733.69941096 78.41834557
-46.94649962 -739.43294284 79.45688486
-17.75568337 -718.91604473 66.45719213
-77.65852656 -766.74502864 70.02907776
-95.56565437 -758.44693308 78.58721861
-91.62859137 -763.55536611 77.21069690
-87.72550000 -773.34303333 72.82440455
-83.57620000 -777.04460000 66.84260455
-33.50895591 -729.52792864 64.07322455
-82.43226436 -775.26791637 67.83598310
-82.10502830 -776.70106538 66.59342900
-112.02236667 -779.97446333 75.58014788
-88.59610961 -767.38503159 75.47454072
-48.82267987 -779.85186494 72.43990455
-76.38254332 -783.24437809 61.01076601
-92.15056695 -761.54787213 78.20938256
-43.57732975 -749.16158104 78.19947240
-68.38684752 -773.30420690 68.32810629
-73.42372151 -786.53629583 58.26845539
-88.71556632 -765.77900742 76.28474080
-70.56911563 -772.78451667 68.66935926
-22.70937470 -721.72889285 65.07006118
-86.09896624 -769.60732743 73.66367438
-25.76705059 -813.68422879 52.55616225
-56.64342488 -799.25363803 30.58787732
-24.02603333 -816.15416667 49.94987121
-61.69780621 -733.68521952 79.13799605
-91.04722676 -761.67629261 80.54613448
-43.22669655 -747.83762896 79.20541987
-81.53997102 -773.82525227 68.79119830
-45.60484268 -766.42995488 62.63580089
-79.33116359 -776.42967288 66.44295650
-25.15967197 -787.16148362 70.56361521
-52.70770631 -787.03080509 41.18731453
-69.93213187 -789.55525595 55.60286753
-61.56305764 -789.94403467 37.55418321
-76.36469840 -779.81802276 63.67077842
-52.67034585 -791.06855485 62.77615698
-58.70476446 -793.42797045 34.81765892
-76.39264069 -778.22849258 64.86433242
-13.41948125 -814.66319118 44.75670934
-79.87897084 -745.68948628 80.11501622
-9.04290000 -803.86343333 55.54273788
-73.55238477 -783.27927711 61.04728704
-65.29760824 -780.91244032 64.25977189
-52.48149901 -775.64759332 44.96653977
-47.34147926 -747.52681306 79.22411461
-82.40948439 -769.13842266 71.91174030
-89.34934883 -761.67034357 79.80753525
-34.28700698 -796.49719029 68.02471499
-16.78050414 -804.73725638 55.41305569
-89.43641746 -762.17752540 79.36934423
-50.44068205 -763.21857363 41.07738330
-51.85413696 -783.27078913 73.06417628
-61.78496520 -788.12738021 38.98427803
-57.38093448 -771.86471897 67.66775541
-68.34132319 -789.71062916 55.53485606
-19.72045057 -808.25667453 53.16334365
-28.65040872 -727.76369889 63.24437921
-56.17862977 -731.04271535 78.16186945
-63.39196334 -787.07650073 40.34441870
-70.62957520 -784.57657225 59.82686002
-86.75784191 -764.41179509 77.37808279
-76.60562293 -776.18476558 66.28362796
-58.90349021 -791.37249364 36.25950963
-16.90481640 -808.02127138 52.70131274
-42.37570000 -742.54410000 46.09670455
-35.92552500 -772.96470000 69.14578788
-88.83512923 -761.93737231 78.68945531
-30.99098333 -788.85156667 69.95173788
-70.67892104 -757.82500133 75.00220789
-10.76728017 -793.53533068 65.99520308
-68.24789103 -787.93618460 56.85340966
-13.06673333 -792.86546667 67.38290455
-46.22005600 -742.29846920 20.83524655
-34.59681928 -806.01286235 59.32047386
-45.49929950 -746.12663682 37.91804335
-50.26941154 -754.74009231 61.88241031
-16.31153705 -806.12116537 54.15156267
-53.39370733 -748.94518327 75.34273672
-47.83588803 -753.71776560 46.94210476
-8.84626667 -768.09273333 64.72107121
-76.62646505 -772.87972251 68.26598633
-13.33373571 -797.88644643 63.74039145
-48.01303649 -744.57503378 78.72114779
-16.13441468 -799.29205150 63.16150598
-58.85253066 -784.76965457 41.56143363
-34.04802927 -799.71870752 65.60482343
-81.75402790 -767.74197039 71.66051184
-73.83850776 -778.52010607 64.70648416
-34.59007270 -770.46258446 74.20574244
-58.82346586 -789.96133542 37.38421242
-32.14239240 -798.69199320 64.42974819
-55.79495435 -756.76397519 53.94802714
-70.93443532 -781.78953478 61.95369759
-61.44154239 -785.05301352 41.80410166
-55.82589494 -793.69512124 34.92147748
-56.51011333 -794.71324000 33.63592455
-44.86969231 -758.52818846 68.84218531
-51.08125000 -783.68700000 72.93690455
-79.38371778 -767.35070923 70.75221646
-68.48343697 -786.42820883 58.12958841
-46.68132972 -754.37925191 74.45921240
-41.97465142 -750.66191604 77.13096068
-57.71886686 -787.41137633 68.35644848
-73.62982871 -776.27500320 66.30386929
-82.61920154 -749.35817841 78.56388687
-4.83514936 -799.60615743 63.15127271
-55.35357333 -795.29747238 58.23952978
-68.70003794 -785.04973912 59.19268435
-55.72816159 -781.17542982 43.62465216
-55.10061432 -795.29319782 34.02397251
-19.54216116 -799.85859668 59.62691247
-78.67564225 -768.35121549 69.70430877
-48.68870000 -743.95320000 27.89230455
-30.97831691 -728.39182144 63.50584900
-58.14713847 -778.96920935 45.29716670
-34.36932914 -734.41922751 60.19820760
-49.42056751 -781.75275001 71.73431238
-10.57331128 -805.27342976 53.30745125
-52.40333405 -784.95736990 69.14647721
-50.05404813 -772.15984204 64.78424126
-59.71379746 -741.93351408 78.91790962
-24.47320000 -794.99815000 63.79990455
-19.87786882 -801.63893399 58.43453672
-25.03359286 -780.22069375 70.17113669
-46.69450000 -780.14475000 72.87735455
-73.79213821 -755.87180732 75.76789235
-41.58787072 -746.56937788 79.82360065
4.11161891 -799.72733038 62.80165781
-13.67622080 -796.34218056 64.64657846
-19.19515128 -806.51175384 54.45053496
-7.78778088 -807.77706943 49.61333538
-1.90377046 -794.22720963 65.27987741
-84.17650000 -746.92770000 79.48920455
-30.84029853 -787.22017394 67.69126122
-31.48273873 -810.94725472 56.04425142
-55.95884391 -790.06981945 37.48265900
-73.66705175 -774.79091638 67.24110596
3.96153603 -804.45957279 60.52407624
-70.52447275 -779.71798645 63.57401382
-63.68727237 -760.37897377 75.54682000
-69.54948387 -782.90881290 60.75871100
-69.01659630 -782.84601111 60.61715269
-37.27342465 -809.10218290 57.21933934
-55.45560741 -786.64595473 40.29673911
-55.68801775 -784.44677078 41.74533593
-34.55651613 -812.64686258 54.44498842
-56.01448133 -791.43423847 36.23245267
-55.59349263 -742.40567497 77.63053813
-61.27398068 -783.73848953 43.35534899
-64.70081629 -760.71347356 61.81678093
-58.99738299 -786.50023738 40.22097146
-4.55040864 -797.87776914 63.73267615
-76.49645231 -766.41328396 69.10137360
-53.98392931 -795.20898448 34.10240972
-46.06648987 -740.14923468 20.29872100
-53.99218621 -795.56132414 33.64853903
-53.71987868 -793.74120021 35.30166233
-81.95189432 -760.21934920 74.30992457
-52.99682722 -795.23678222 59.08642899
-22.68496268 -786.99742830 71.06689765
-60.82960164 -760.00645738 57.51406356
-22.59012233 -716.32426651 66.66508349
-79.53550594 -762.57747112 73.10393689
-40.10967196 -764.81556878 66.57641619
-54.94786892 -768.98400795 66.67021250
-52.30638387 -767.38134516 43.10421745
-79.60146417 -760.50284710 73.99335808
-48.28020000 -752.42452105 36.20364139
-55.96247775 -788.05790064 38.92042743
-52.55457943 -787.97677742 65.84963389
-84.55422946 -753.94531429 77.04892389
-72.87513529 -750.14580588 78.89711631
-50.47480571 -794.19744306 60.48687210
-68.97412963 -779.93898889 63.77123418
-48.63250000 -752.93755000 55.76195455
-76.76008362 -749.26383899 78.48730570
-36.41073063 -771.89533968 73.67064909
-44.56393103 -744.84001599 26.98384321
-82.28007728 -757.46575963 75.44064664
-59.44379524 -759.39476508 58.80913629
-67.63062890 -778.54268336 65.14162099
-61.59792247 -758.18787126 76.25798613
-32.84731985 -729.23557176 64.01603203
-59.39200157 -783.30752992 43.12429982
-54.62840326 -755.13321848 51.31498498
-82.56108556 -754.54312456 76.58007539
-35.08890189 -778.63048791 67.63204673
-76.40417046 -763.20928877 72.37837227
-65.72197179 -781.79767949 63.75912506
-46.31545000 -740.10840000 78.79490455
-79.62268938 -757.32671763 75.34670648
-67.59359200 -776.26771551 66.50138219
-77.54461486 -762.35519730 72.94469914
-40.24668509 -776.79469370 72.40909158
-75.52452800 -764.81747200 68.75466855
-43.31077601 -744.88303849 41.36536525
-76.52137128 -760.45514855 73.67408503
-53.59271667 -788.42618125 39.48713580
-73.29893862 -764.41422656 68.39161783
-79.73177817 -756.16660845 75.88709962
-51.99652756 -762.78974211 63.38074236
-44.23497271 -788.49613761 66.57879124
-73.56716409 -763.11995757 71.39770616
-34.58347302 -807.72081627 58.55287937
-27.05020000 -726.05840000 63.84680455
-53.39745145 -761.46895498 73.00359666
-56.69806667 -785.93740000 39.51023788
-36.17780000 -800.47040000 66.76270455
-75.59973115 -761.89641148 72.58626684
-72.60371869 -765.86561589 66.53997184
-36.42332195 -737.47241707 56.81010150
-45.47733000 -782.90440000 69.79410455
-71.53702757 -765.27413243 66.08399211
-53.26325165 -784.95132776 42.12102403
-76.79587307 -757.63779146 75.02657938
-71.95211176 -765.15967647 66.96216925
-31.00861180 -765.58067815 76.11418174
-83.01421248 -748.13785127 79.27851226
-66.08838571 -775.66190000 66.91831883
-105.37917315 -798.49024698 61.94037434
-66.02399444 -776.26441111 66.51390455
-79.83123087 -751.74878973 77.52708884
-69.03700714 -761.45553929 72.68334740
-73.82623834 -760.34103560 73.46563896
-44.87422500 -752.45185000 47.42055455
-73.79336919 -761.60639644 72.46425460
-44.97736667 -754.03593333 48.50730455
-31.46235605 -777.94589509 69.69051561
-54.76501250 -792.45629539 61.07647757
-56.95998136 -728.88346441 77.80440963
-52.40730780 -792.63361210 61.43970010
-22.23578771 -800.03201974 60.19321121
-49.76332901 -787.92379264 66.02305633
-82.36886715 -745.69312089 80.21937722
-31.59525916 -727.20667659 64.59456337
-37.72996825 -763.47829898 67.49773735
-76.58599448 -754.56810473 76.33905334
-47.10322352 -767.21978715 66.98800652
-71.06220072 -762.80045351 72.01326063
-41.89718571 -744.91707738 41.87259383
-63.90580000 -804.54887273 28.20097727
-57.45646364 -776.85439545 45.62540682
-52.32931503 -781.34096531 44.17421508
-51.94789866 -784.16602277 43.43297910
-28.77393204 -811.00118170 55.80970984
-79.43789051 -749.12162991 78.52063909
-25.54485263 -789.60731138 67.42245952
-76.87448031 -755.76883692 75.76433778
-17.14585455 -792.47584545 66.96359545
-73.54018958 -757.48529386 75.04414178
-55.59506230 -762.29484918 72.71862750
-55.59805664 -790.73808377 62.54665204
-76.63839511 -751.54070899 77.60476562
-70.80517377 -761.58708750 72.58414548
-52.48110696 -778.49571174 44.81815476
-52.85254832 -789.51024505 64.41678856
-49.84061767 -793.10760426 61.67709321
-4.65435743 -796.38688814 64.44866347
-51.43347425 -758.12982661 65.25892343
-73.66080786 -754.42730195 76.47601683
-67.86435317 -761.65473122 64.18370942
-49.50616154 -789.82295390 64.45207168
-52.45957505 -760.14330672 72.13768409
-43.71570422 -739.15089578 14.71924966
-37.78159854 -811.24238288 55.87989735
-49.72318454 -791.27612865 63.18993658
-48.02242917 -760.24595000 38.75510871
-28.19912717 -797.59259182 63.66553073
-72.74870000 -756.05995000 75.86350455
-31.38195662 -812.65349801 54.38706017
-67.14427114 -761.40018585 62.96109568
-55.77312139 -733.58593098 78.29673172
-65.67890492 -762.44235758 62.14119697
-76.49988030 -747.93438327 79.31979791
-22.60817335 -775.51278183 68.41159610
-73.71888496 -751.61143558 77.83741603
-68.74383806 -759.98160135 73.65254554
-12.38090000 -816.02770000 42.79650455
-56.15021749 -769.81439253 67.21037331
-24.87849484 -716.63360387 66.70529035
-51.06434737 -779.03776579 44.72073086
-52.44609753 -786.62533239 67.37513293
-49.15306591 -750.55732500 39.15968636
-21.61198841 -761.87083043 74.11762194
-77.47813536 -746.55728250 79.74489419
-29.31863571 -780.14190714 69.61078312
-74.27973931 -749.58529580 78.60881065
-60.93019777 -758.57921375 75.63575696
-47.35384301 -791.66616263 63.58080562
-34.62026458 -811.04940656 55.88160702
-74.05944547 -748.51378530 79.52602090
-47.44482475 -758.16783152 55.50384593
-29.69713955 -819.44416780 45.44292262
-46.46938607 -790.33398080 64.78929275
-36.70911636 -807.87520988 58.26972214
-30.06721667 -764.90265000 76.01847121
-3.68672000 -815.97520000 39.79910455
-28.75917724 -775.48997450 69.52405707
-36.48295098 -806.54464052 58.79676860
-13.89962797 -799.94423265 62.91712977
-61.15528288 -746.62364514 78.57760649
-61.56349407 -758.63633410 59.00792827
-74.76516190 -746.81921667 80.22179264
-68.90112102 -754.85750739 77.05054034
-25.70127124 -730.54362110 61.59635849
-46.70617241 -787.76633000 66.30305030
-70.38914706 -752.87115000 77.92177660
-56.66211905 -771.46569312 67.51196857
-41.25270811 -792.45749189 66.77330455
-43.81188300 -792.74011318 64.35998030
-31.34089466 -809.37886197 57.35061002
-28.96670872 -807.73713326 58.26439827
-59.53146591 -759.58821136 56.79209545
-25.62401882 -788.43398886 69.02519169
-52.54783288 -770.10551199 65.65443657
-10.81591040 -808.37958788 50.45133005
-64.82956151 -747.67536151 79.16529023
-50.18987571 -783.32630227 70.84781340
1.86587692 -804.39766154 61.17626608
-51.51131935 -764.12872258 41.72534003
-31.88068955 -784.59485642 67.80682303
-31.48037006 -807.84290057 58.39751575
-54.33461779 -771.49854479 64.97484136
-35.88103429 -804.43776857 65.17088299
-43.51682432 -787.15175979 67.41953580
-63.64631980 -758.79209109 76.36431742
-51.22052000 -752.90060000 47.40316455
-40.43157240 -781.14849657 68.75822499
-35.14447162 -802.49881153 65.23433589
-9.32629474 -818.86444211 39.76874139
-43.69422711 -784.92549358 68.08315462
-49.81377233 -760.46927661 62.74477980
-41.79171353 -790.49612013 66.56828441
-102.00783333 -752.60488333 81.88508788
-58.63409638 -760.51284332 74.04510093
-36.18453333 -800.88726667 66.96360455
-52.70373135 -766.08387384 65.08153240
-17.96741825 -720.51226746 65.92955296
-29.63898372 -798.31661395 64.00463245
-54.55141773 -763.87008695 64.80668189
-58.27350000 -797.98421429 30.72499026
-58.33879765 -757.84129177 75.27709925
-28.67256781 -805.49653748 59.57992053
-55.03433389 -760.77504041 72.69308690
-40.62935303 -787.29711987 67.91208625
-42.01704000 -788.94511000 66.77666455
-25.66993382 -808.56655495 56.90964990
-33.32635000 -784.03466667 66.81370455
-57.41289375 -762.36441875 72.77727955
-46.35276892 -779.41194576 71.99352106
-52.90728932 -763.67558006 64.46472725
-50.66138324 -755.16218772 68.29441507
-43.87088152 -780.95392206 70.22802777
-2.66627002 -791.59808261 68.96255169
-33.63642683 -800.55068140 63.19585973
-59.04687257 -757.12503471 76.07627985
-55.83881675 -760.34473428 73.16255061
-34.11229455 -820.48009046 44.64810748
-28.29516187 -803.59281583 60.58437073
-46.06282685 -746.63044028 35.28328371
-26.29766289 -807.36648866 58.10010300
-54.45507193 -763.01285351 68.94354753
-32.78120833 -771.24275625 73.01068996
-64.46072627 -746.47784594 79.58318152
-46.94897301 -771.84420380 65.31997672
-40.43795973 -784.81587719 68.53064468
-28.65141078 -802.23976397 61.71772227
-61.13643309 -742.03424888 79.10898178
-66.43996048 -746.67334758 79.63219406
-63.63642101 -750.21692899 77.80311107
-55.42170097 -754.23833412 75.05270518
-17.00819441 -817.03140809 44.81899877
-49.56061637 -766.56801832 65.57707121
-33.47948426 -797.67527404 66.58399135
-53.39914967 -762.50715033 68.49065223
-50.36715152 -768.46017652 66.98708561
-49.95639456 -767.71458095 67.01706645
-50.68670963 -751.91650981 75.21375769
-43.36139203 -778.33074021 71.77648988
-38.52958298 -787.44937579 67.93950324
-51.37706250 -744.37743750 78.90732955
-61.03606220 -750.83609215 77.32519690
-49.66301402 -763.89909510 64.51169424
-46.43947145 -769.29216177 65.37173273
-61.39602336 -748.50928734 78.04464367
-31.33345266 -796.49877548 65.68429945
-25.41237038 -775.58826210 69.17906249
-53.62856322 -762.60806268 73.13919639
-53.42767500 -762.68405000 72.79492955
-46.16777078 -743.75804221 28.24814805
-51.74567789 -760.94655384 63.13933146
-30.04331667 -738.09588333 57.01081288
-45.69398378 -777.54503378 73.34570162
-33.65206060 -794.21789209 68.54782337
-25.26097575 -803.16751811 60.17774291
-41.78684359 -737.83117179 13.77211480
-44.20224401 -777.28929256 73.07139807
-32.56141322 -795.59416286 67.30129259
-22.95321845 -808.30974027 56.04450261
-45.70872375 -776.58608825 74.15572805
-37.78900202 -784.40516401 68.77034496
-58.58590200 -751.28785222 77.01378750
3.16618750 -797.37083333 63.92988371
-58.11070369 -753.59988842 77.15930005
-41.72715084 -749.14176202 78.22247137
-54.49428732 -758.21471585 72.64782962
-41.43772167 -780.67426700 70.00962918
-61.50039531 -736.46819778 79.14070235
-48.49716070 -753.87571789 44.70941445
-31.85164272 -793.60166337 67.64195788
-16.85231673 -787.51418262 71.42915008
-23.53988715 -805.10656989 58.51603783
-40.59538575 -766.12207637 66.31779330
-10.57886870 -817.43901114 41.18598155
-49.76660822 -759.91833840 65.62109914
-40.88449884 -778.27096281 71.08208406
-28.85527135 -796.50223161 64.43743615
-45.10195000 -758.31820000 57.31390455
-58.75018744 -748.81617982 77.35921748
-2.25880884 -814.90626762 41.62449713
-110.43124921 -779.94475556 69.66333312
-25.87216134 -799.48036824 62.22616794
-40.16185496 -779.42401594 68.87042567
-50.61271394 -755.65288420 65.79857759
-56.08814094 -754.20466343 76.20806701
-53.20927605 -756.51259257 73.62393315
-42.87538868 -776.88232736 72.70015832
-56.23901138 -751.47417521 76.29913187
-50.77841457 -759.73037748 71.56112044
-21.59614028 -808.83997722 53.88141788
-35.58716431 -760.56221580 68.64146035
-22.79537240 -802.32733013 59.04513601
-16.75835282 -793.50431005 65.95237595
1.36947970 -804.57654615 60.47785284
-28.76100776 -816.49372338 49.78237881
-48.05832500 -761.18155000 63.31170455
-58.50368162 -739.42831810 78.45651419
-41.30162062 -776.46609883 73.08627964
-28.80229429 -793.73933013 65.83714539
-19.90746136 -805.13512125 55.79872003
-129.37463000 -781.04645000 73.00829455
-51.78456667 -757.56840404 56.37608333
-58.38219924 -745.49818322 78.09583645
-7.27327143 -805.32195131 60.64101533
-37.77724002 -778.35023404 67.74787975
-37.60787319 -760.87335449 68.56373655
-49.68090521 -757.34750100 71.73134035
-30.80385380 -791.07593883 67.90414207
-11.18354404 -803.20731017 55.84996174
-19.35135047 -803.15025226 57.19219738
-42.37687600 -763.87205733 68.26007721
-61.56737852 -739.72022440 79.16864901
-49.15950684 -759.51017692 67.07548702
-41.89513333 -771.17653333 63.71867121
-40.30561737 -772.28445860 65.71080160
-26.65328182 -732.13070519 60.88270455
-25.56818572 -796.91587152 63.36890824
-21.72464258 -803.60256077 57.52016316
-43.36292709 -766.79666069 63.15841999
-35.29664545 -737.91954091 54.66183636
-49.26207056 -757.59959670 68.00953526
-60.60459155 -742.30563502 78.70401590
-38.75145473 -777.70226716 70.70102733
-48.01578974 -759.71511795 65.23107121
-52.68799483 -751.48252266 74.34625955
-44.45328047 -763.21039969 59.84534783
-46.95987901 -757.13366296 59.00028232
-2.00335802 -804.28166852 60.98407368
-34.21023459 -781.47020130 67.84808837
-56.77391667 -756.61890000 76.04660871
-26.07601109 -795.72127906 64.13223433
-22.87740849 -798.89017199 61.37757239
-41.84621609 -767.48815920 63.36758615
-39.65361779 -774.55723986 66.51469885
-55.67709878 -745.51443208 77.13076264
-9.51923168 -767.60362129 63.71259860
-36.83852752 -774.89398690 72.06967501
-30.93816667 -787.26699247 66.59483788
-37.12640000 -778.55787345 66.33954525
-52.23342474 -752.74339278 72.28456022
-108.74376970 -773.88083030 77.75101364
-46.95934964 -758.20448092 69.09252326
-31.45614118 -784.76671176 66.75840847
-28.88951872 -790.14097152 67.23918603
-28.10541778 -790.94372778 66.53249538
-48.55146497 -757.99531929 73.13427749
-42.61552462 -765.43469231 67.08706685
-37.35260195 -775.69550958 67.29892781
-17.41975516 -717.68601032 67.03658312
-30.22950000 -789.15900000 66.62442955
4.73479541 -802.13073907 61.68071608
-46.61648956 -756.77663507 73.58608760
-46.46888370 -757.70748448 71.30491042
-29.44601207 -787.69140690 66.46533127
-22.87277332 -796.80333737 62.55161246
-63.26494933 -733.27549067 79.27991655
-52.23939368 -748.01772983 76.66419307
-7.38687753 -792.12929438 67.18218657
-22.85263344 -714.97227991 67.19368491
-32.21173868 -781.93354596 68.05524403
-13.46058699 -808.86171365 51.00308077
-40.35395976 -765.95288494 66.98409419
-10.54053667 -792.14006167 67.12053121
-59.33429081 -736.56195650 78.94772038
-23.76154791 -768.54519721 70.02543936
-16.26976216 -798.52795135 64.15717752
-52.59721446 -750.77073614 76.15202202
-48.51787343 -737.64279860 79.29529266
-22.60584360 -793.74915568 65.25696482
-19.49877958 -811.19936447 50.53814800
-26.70249025 -735.36192290 59.00023425
-48.49773333 -736.85234167 13.53086288
-55.62700367 -739.41496081 77.93157838
-49.31248310 -751.58271981 76.94335919
-111.81558298 -779.93773404 70.66274072
-49.01763560 -753.53833576 76.62957931
-53.51875000 -732.91150000 78.94430455
-1.78945108 -802.53876255 61.55802901
-35.13524085 -774.52719222 70.91884808
-19.76052174 -798.27049457 61.35178099
-59.42249534 -733.72143483 78.94606140
-49.59470425 -748.33272311 77.53929495
-44.36327500 -759.09376250 70.50764205
-17.02271658 -801.35103368 58.04681955
-58.16309035 -736.46871881 78.53170856
-63.23472857 -730.91826429 79.06375455
-21.88429489 -795.32755795 64.36815994
-54.30926000 -753.24562000 71.00928455
-16.90128682 -799.87826909 59.08987653
-47.72142167 -753.35012667 76.38129705
-36.29497331 -773.06891165 72.49812635
-4.56626465 -802.53671926 61.79273851
-34.39861287 -772.92991078 71.86586975
-31.44825622 -778.54791965 70.09972250
-52.72845261 -742.56614149 12.15559806
-55.61111142 -736.74738798 78.16103938
-22.32213704 -791.27765595 66.56053967
-31.49719450 -775.40059154 69.41444923
-36.26239722 -814.59487778 52.45661288
-19.21897012 -795.86853034 64.52836354
-46.54898455 -751.38297806 77.08049420
-39.79109629 -761.51343861 68.48352138
-37.89712355 -766.00121914 66.94760498
-25.61416076 -718.76440910 66.25271130
-49.73018310 -745.42913503 78.34087053
-25.22222645 -725.74479161 63.75751702
-82.08470000 -782.85968333 60.76345455
-19.64522987 -793.58620464 65.68311676
-53.05714058 -739.62029035 77.72665501
-43.92367924 -754.53774315 75.03352752
-22.50901463 -789.71549579 67.34667469
-13.57562029 -802.52395968 56.50000196
-19.59161208 -715.36992115 67.47502373
-36.31100333 -770.66345444 75.00785566
-28.67007060 -778.38002478 69.60439037
-31.87842338 -772.58032575 71.18496979
-29.40321290 -768.35504917 73.06094681
-16.98986729 -797.81965818 63.72367988
-59.59328927 -727.84549431 78.87401658
-31.26528807 -773.70635310 69.36835946
-15.30828462 -801.09750000 62.73288916
-13.60755291 -801.74414613 62.06511960
-0.88314468 -803.82848936 60.76545348
-81.27578333 -796.77843333 48.72893788
-46.74603455 -749.05639734 78.27367827
-60.28623537 -794.72277683 57.32529113
-58.50946699 -730.32396840 78.31326121
-14.19601847 -771.50091218 65.34357135
-44.04471259 -752.64149022 75.60766560
-61.59158375 -724.98913571 77.81739013
-19.92696429 -791.47198436 66.67462322
-11.58728045 -810.23613158 49.06433086
-28.78387939 -778.28501857 70.05853750
-43.63482185 -751.25216534 76.68022516
-9.85620930 -806.57443351 51.51470139
-62.48093214 -722.91768214 77.79284740
-19.74123500 -790.23791275 67.06412375
-8.05513517 -805.25045245 52.83934569
-5.06211308 -816.49843458 40.19610408
-48.69400909 -747.55940649 79.41727597
-31.76540776 -769.33233990 73.53586594
-47.33300133 -746.40769750 79.48597430
-42.07143462 -755.90178846 75.11311608
-44.76575000 -759.10937500 69.44907955
-31.00621016 -770.41051699 72.36741155
-48.62853333 -762.18113333 57.51987121
-25.92529597 -778.04846215 69.46846424
-50.46371917 -740.36937390 78.64587614
-25.54129414 -779.22816415 70.06455738
-28.23007306 -773.13147023 69.49218898
-25.96780000 -780.13895000 69.75290455
-2.82270000 -792.36917517 68.12396092
-7.31689146 -809.24542733 48.07318148
-35.72882982 -762.72263464 67.76026780
-4.82568166 -811.94365992 44.73953389
-7.77738887 -810.88228219 46.77249496
-4.83741958 -813.39343951 43.24512552
-4.63764977 -814.79220572 41.28415258
-2.30290655 -813.64342440 43.38314621
-2.83352985 -812.58985672 44.06072395
-53.63721664 -733.95393635 77.83157243
-55.53373333 -730.62131667 78.98298788
-48.75216526 -742.34060816 78.97800352
-21.99530833 -785.88442083 72.37854934
-19.91533710 -788.27775654 68.40987145
-4.68178946 -807.44462211 49.25806059
-49.07311882 -739.72912472 79.13546452
-44.87492857 -737.79695714 16.75836645
-5.09710777 -806.45536288 50.37101875
-19.53714928 -786.97639863 71.51159887
-16.36622731 -791.70725110 66.75653406
-10.58919377 -799.81151176 63.06351867
-16.43048717 -790.17734289 67.27335273
-9.34930000 -804.21035333 60.94727788
-9.18712500 -804.41020000 60.82452955
-2.26265802 -809.06857186 47.86143107
-35.57539825 -758.85945789 69.12427648
-28.26272966 -769.63809343 71.96297533
-60.32149032 -795.21507097 56.89285616
-45.79615061 -737.64919329 13.69188198
-7.56774482 -802.54419484 61.76236844
-7.28896178 -804.50368786 61.09713462
-22.44179141 -725.54073160 63.63868418
-23.03263728 -777.79172069 68.87239299
-23.56168088 -779.66437941 69.94892807
-61.58675139 -727.58973036 77.95973494
-20.33825787 -785.90937191 72.60260623
-16.66401580 -788.18442510 68.48005643
-33.33095855 -728.61785592 64.43146902
-11.38363396 -797.86422170 63.75526398
-5.55367566 -805.04833882 60.68840849
-31.53133955 -735.97978923 58.58712607
-28.92070147 -767.06644511 73.95155113
-26.71580194 -771.23615265 70.02639518
-18.82500919 -786.38846323 73.03589675
-13.73661685 -790.45368403 67.28699836
-25.89682258 -769.55775162 70.66985122
-42.45372632 -746.79281278 79.72227146
-30.70813645 -764.85028411 76.30968679
-22.66749148 -772.63404201 68.54542393
-7.84395615 -796.56968907 64.39994574
-7.76015422 -798.41651205 63.93306479
-11.76885714 -788.22461190 69.39552359
-29.94607581 -765.44752258 75.97474164
-46.63914000 -768.16278000 63.73758455
-27.61551815 -767.74415018 72.65441095
-24.78233694 -770.71202957 69.48918388
-19.44275434 -777.58122501 68.09904853
-13.71140965 -788.43594248 69.02838746
-7.37563767 -797.82026164 63.57219564
-25.36930331 -766.83680275 72.07933582
-22.01735199 -764.45189671 72.04156879
-19.85396032 -775.55601498 67.68452181
-13.44752467 -787.78724417 70.35168211
-10.57959866 -790.38023462 67.78939822
-11.20992105 -791.90154737 66.72118349
-1.45597051 -804.56325714 60.62807897
-26.02563499 -765.83498510 73.22702272
-22.51752416 -769.74752748 68.89763850
-7.62592621 -793.50196521 65.92142288
-19.66569869 -772.41184459 67.42136317
-22.65192147 -718.67932251 66.03780009
-58.27168750 -792.13305000 60.98920455
-23.01332779 -766.30943047 70.96935005
-41.87186364 -744.18130909 43.85069545
-17.49419335 -776.11979749 67.46372173
-111.54685493 -779.95376056 69.54354821
-12.02412222 -787.79600111 70.21955232
-53.31607617 -756.36784496 52.89813771
-25.66912210 -724.29988212 64.38675285
-41.75142500 -740.10824167 18.99807955
-24.73731000 -764.50049256 73.53490431
-19.47815127 -769.82346724 67.87863388
-21.88291668 -767.26333571 69.45541045
-19.02818000 -774.09666000 66.74235455
1.20773846 -803.77150205 60.72730557
1.27014237 -802.35169055 61.41395778
-41.93847000 -739.69247000 17.41805455
-23.95289585 -814.49900083 50.94367633
-24.06853333 -765.32243333 72.92973788
-36.35847146 -735.74399009 59.28808827
-4.89163666 -791.22603640 68.72583331
-63.97599211 -794.62423947 33.56138086
-4.04664840 -792.44449075 67.47751539
-17.21943387 -769.55346583 67.16752371
-20.92640426 -765.24274787 70.78329710
3.91785135 -803.80128919 60.73915455
-36.31806915 -734.72733731 60.36471101
-20.56583053 -763.93587674 71.90343591
-103.08888333 -765.12788333 75.88527121
-34.80717347 -733.12681248 61.59353297
-31.70194849 -738.27016624 56.59410435
-20.25025181 -762.58499986 73.36635042
-18.75714826 -764.83276802 68.99335280
-13.61876226 -769.48254196 65.48618690
-31.51081304 -737.47319651 57.36612717
-34.41306793 -737.13234484 57.05244399
-47.21200000 -756.01760000 57.44720455
6.36486364 -804.14379091 61.20312273
-25.67752796 -721.72892577 65.31743862
-20.23166103 -761.73839849 73.79412056
-45.42450000 -744.12210000 21.72570455
-31.67833832 -734.03627151 59.99436897
-15.57338405 -767.54594767 66.67238956
-33.91085517 -731.00345403 63.06480379
-13.51509645 -766.70883980 66.14780144
3.28038532 -797.72844954 63.69158344
6.20160500 -800.56989900 62.44948555
-55.22038317 -755.54289456 52.91203882
-31.84465557 -732.48217764 61.18831146
-28.91895095 -736.07950640 58.61387889
-31.58034378 -730.53684614 62.42080537
-14.37879299 -764.46498978 67.37416708
-51.25150000 -761.73240000 39.71060455
-10.56518312 -766.57843772 64.82693205
-80.56058947 -743.88042632 80.78488876
-28.76477082 -732.26093721 60.95040946
-26.00779183 -733.34704055 60.10696519
-56.09399333 -767.96183333 66.87691788
-19.99272775 -723.83335713 64.28678243
-29.28787169 -726.42378663 64.09477668
-39.40773721 -740.85093953 50.22404408
-23.93677342 -732.33957722 60.48291974
-23.65035556 -731.80739722 60.72744760
-28.73265291 -724.58243570 64.87761507
-25.66004911 -727.52342579 63.06074639
-23.32196276 -730.11782226 61.64031846
-47.36694885 -755.35608931 50.93520378
-12.83170314 -817.33616824 42.21010729
-27.51769545 -725.71767727 63.76192727
-20.74554324 -726.63501538 63.09109844
-22.81967896 -724.06492701 64.26938646
-20.43432201 -725.46126239 63.56937914
-32.92470000 -783.06760000 70.67770455
-26.53458824 -717.39783824 66.88699425
-25.07558052 -715.71570065 67.17236775
-19.63399094 -718.64590367 66.12985768
-22.15412612 -713.30132694 68.05911801
-41.04916667 -783.25775556 69.87042677
-19.57353387 -712.77191738 68.89220064
-63.26363623 -730.14315580 78.51527049
-24.71270000 -809.88980000 54.82920455
-28.36060517 -815.52055881 51.00813276
-63.23645417 -735.51714167 79.21178371
-18.08590000 -712.19160000 69.84390455
6.46435000 -803.81468929 60.73817240
-123.71789574 -779.52902766 76.02785348
-102.99812140 -800.19375144 60.66291730
-31.08970000 -789.21800000 69.89840455
-18.36624857 -817.36674762 45.61273407
-49.70304946 -755.79863817 55.58944326
-38.17446548 -740.46926645 50.93047809
-58.54212880 -793.49848178 58.85045041
-111.57844545 -755.86536364 78.77264545
-16.38638558 -809.44250989 51.21789071
-34.55103020 -738.56732362 55.67209279
-45.48740638 -737.30607021 17.53810455
-44.09353228 -739.51958187 17.41480164
-35.64416944 -739.14399769 54.03627075
-44.41357433 -740.28282794 19.97563717
-48.40230924 -748.89365761 35.63100563
-37.05298102 -739.50887774 53.42909019
-44.36680030 -741.81654517 20.47760826
-44.58779860 -741.52300651 17.86347199
-63.29627500 -805.29885000 27.66467955
-66.28938889 -747.75615556 78.73319343
-38.61542316 -741.46755368 50.14429928
-45.71693867 -740.57630733 22.71310588
-31.74452981 -818.28024629 47.60734291
-46.49609174 -742.34110554 23.61280173
-39.65133163 -741.68063622 49.42065353
-63.18930000 -724.33875000 78.09575455
-48.68406471 -740.85074706 24.14331043
-50.29560000 -753.00590000 65.51845455
-40.34436642 -742.14892640 47.46948329
-44.63744585 -743.46319219 25.69957996
-48.42588710 -741.93598065 24.27601100
-28.61795531 -813.89519353 53.08198550
-41.51131443 -743.13727662 44.86332146
-42.82490289 -743.50954162 43.93141437
-42.67980093 -744.43966481 43.44795038
-33.45828000 -786.60136000 68.73462455
-44.70500579 -745.42095069 29.00300262
-61.72678373 -730.46928729 78.41816878
-43.22422286 -743.88035429 42.19841169
-57.62266477 -741.47456425 12.36577967
-46.50454269 -746.27643800 32.23577365
-44.64808537 -746.55547724 32.00967284
-47.98163750 -757.32304375 61.48782330
-44.53281974 -745.77704649 38.52732560
-44.79118542 -747.44946667 32.66193371
-44.80859286 -749.71668571 39.61971883
-48.17350000 -741.84710000 17.52200455
-70.25706667 -770.97351111 69.70818232
-91.57890000 -761.56833191 81.93489178
-58.67531685 -757.55115259 56.35371094
-44.85676750 -761.65528000 58.58052705
-60.94015831 -739.57586803 78.66422680
-8.54810374 -766.11597989 64.12793097
-54.26840000 -761.42270000 66.94570455
-2.09139570 -820.33111795 38.99967408
-36.38414545 -758.98997273 69.16858636
-5.34977500 -798.56981500 63.89533955
-23.39685000 -780.18614000 69.71765121
-38.62717001 -772.90501894 65.95323713
-8.92362619 -804.31620952 55.08237597
-44.32877317 -764.27822470 61.35298534
-13.19420000 -804.11880000 63.07130455
-35.96188947 -776.43395789 66.65222033
-13.94186246 -804.38332070 55.09528279
-18.97841333 -797.94399333 60.71027455
-52.80299091 -760.59614221 59.70173247
-13.60478156 -805.77585427 53.72315657
-45.64713356 -764.07282397 61.38332441
-1.54692082 -817.06031232 40.51439839
-7.55343004 -812.28017365 45.11022152
-11.71816250 -807.38336417 51.99213705
-9.75938074 -809.70167704 48.57747640
-13.80282015 -807.61620423 52.37207876
-10.57264849 -811.49928852 47.26802448
-20.82612333 -810.36893667 51.95847288
-7.88950774 -813.67145721 43.80728008
-2.45581788 -818.08842848 39.41303212
-4.30892151 -817.75929741 39.30118257
-49.42512941 -756.36337059 48.37755160
-33.66315000 -781.19166667 66.75084205
-7.22329044 -815.10925019 41.98797561
-33.43390000 -777.41801111 70.34551288
-4.85446439 -820.58358064 38.39400063
-14.10847792 -810.71296412 49.45675260
-10.77085684 -814.26894514 44.26967470
-8.02300140 -816.72792570 40.54302385
-2.42274722 -822.67594375 38.61877885
-13.44196153 -812.20129419 47.66532172
-29.84630732 -792.47113232 67.02588442
-7.40141411 -818.15392931 39.30471962
-11.92969375 -813.21348958 45.98886913
-57.15860000 -741.30240000 12.86610455
-10.18075589 -815.63541123 42.49125824
-4.04116520 -822.57463072 38.31412147
-50.18997500 -765.34160000 63.81535455
-16.81301759 -810.80822472 49.99755708
-7.60529127 -820.10001532 38.88841265
-11.22153409 -816.20241364 42.98380455
-16.18854461 -812.37435387 48.06112172
-18.87466976 -809.70819718 51.55725172
-6.41160000 -822.10180000 38.22510455
-48.04896667 -745.88780000 43.75730455
-60.00445000 -747.13185000 79.06610455
-13.76153249 -816.46649695 43.31264160
-9.41597049 -819.43786557 39.64363405
-21.08245000 -807.16155000 54.93110455
-16.76156012 -814.00925837 46.68158409
-10.19023750 -819.21916458 40.09248580
-51.22384000 -767.96770000 67.02384455
-52.68477234 -769.21197234 66.99466199
-16.28498011 -815.32735414 45.25652683
-18.60967170 -812.71491887 48.55304605
-18.94745379 -814.73046076 47.31171000
-23.26509786 -811.24141263 53.85065597
-21.26406364 -810.69016364 51.69977727
-19.71754815 -813.25758889 49.03893788
-59.73518529 -758.57837941 58.16725160
-23.49316724 -810.41275172 55.10817351
-25.53749935 -812.07305961 53.96845702
-18.89514458 -816.69673434 46.24116057
-34.01452971 -801.96984893 62.29709503
-23.91249794 -813.40019691 52.24560248
-36.10450000 -774.51640000 72.89150455
-63.94660000 -758.89614286 61.70474264
-25.55185699 -815.07927008 50.70744677
-58.31720743 -791.85598218 60.53059266
-28.33426427 -812.48431469 54.35881623
-25.76264231 -816.34167837 49.55533820
-55.39000000 -765.29410000 63.71750455
-26.86989130 -816.85466522 48.67709585
-31.58443138 -814.01885287 53.05258745
-55.03612187 -785.71417240 69.26971444
-54.99372647 -785.29894853 70.09936190
-31.67605531 -816.83792230 49.92335888
-29.45817887 -819.22338169 46.19298342
-69.39026667 -761.92288333 64.96518788
-55.94661756 -786.91701262 68.07377542
-55.13187979 -788.12597181 65.68552552
-34.90057980 -815.54393453 51.36867946
-31.76847224 -819.34895247 46.26466044
-34.67724183 -818.30533563 47.69746485
-50.78666667 -795.21065000 60.12160455
-36.38192917 -815.49141667 51.39407330
-36.41006064 -816.98760000 49.57320774
-57.23119000 -789.54031000 63.98406455
-36.36110000 -819.26590000 46.91703788
-56.53299302 -795.31917674 57.57972548
-58.60787911 -795.37275475 56.99319537
-76.71155714 -768.38308571 71.17206169
-49.29070553 -754.50685969 50.40363232
-59.08482176 -794.64284597 57.48368766
-57.91448333 -795.13807667 33.90965455
-39.18295000 -811.86210000 55.63660455
-37.04492500 -812.24300000 54.82397955
-81.83295312 -743.80487500 80.99128267
-63.39205714 -758.99338571 60.48350455
-54.19030000 -770.72240000 44.18650455
-36.22642500 -810.18620000 59.10300455
-72.33814000 -771.06842000 69.86634455
-81.03565000 -780.07045000 63.87085455
-84.73946667 -777.11376667 66.88320455
-26.33705000 -789.00450000 66.79810455
-103.72782143 -752.87137411 81.39797687
-62.47812941 -804.26248235 28.09846337
-44.01627090 -737.63508571 14.01869449
-46.69268206 -739.07633529 12.03457807
-41.70556250 -738.68076667 15.20028371
-57.42733333 -776.77251667 46.02836010
-44.58822273 -751.40143636 41.09334545
-52.98720121 -745.30656486 12.09391638
-44.98915714 -761.14515714 57.30237597
-50.43843704 -748.27015926 13.10380455
-45.37381646 -742.37633165 18.05070961
-76.35310000 -788.97910000 54.66610455
-48.61950000 -741.30326667 18.99130455
-49.78133125 -759.74395993 59.35809830
-46.70737993 -744.80449866 26.59844056
-49.05644046 -745.24113817 26.64588088
-45.00635000 -743.63745000 27.93890455
-49.16110612 -745.37691633 29.79950046
-46.51342014 -747.91131223 32.75188188
-49.15965000 -746.33097105 31.47975981
-48.99458605 -748.12129767 32.35559873
-45.00801429 -747.49984286 34.38677597
-46.53854440 -748.24859811 35.71382486
-44.87634211 -746.34891053 36.25015191
-46.66212012 -748.69020075 38.24121663
-48.63466600 -749.43039450 38.34123855
-48.57250976 -753.89630976 36.39265333
-44.35525000 -749.60650000 39.87185455
-47.18873902 -749.48713525 40.64578171
-47.08861036 -750.93832474 41.52296692
-48.66249801 -749.75682139 41.08932345
-49.07908332 -750.61790355 41.70936504
-49.12498519 -757.72632882 38.52479360
-47.50069321 -751.81830389 44.29750065
-42.64298974 -771.51338205 65.72559685
-49.22218654 -751.46122727 44.76300969
-49.41786461 -759.82321685 39.05529387
-47.92292374 -752.60526393 46.24786710
-49.35385351 -752.42622022 46.92015155
-36.66044711 -738.58116178 55.22816232
-51.59995134 -753.67757861 48.06230241
3.88110000 -798.11190000 64.01620455
-30.43931000 -731.62442000 60.62737455
-52.92046667 -768.27800000 42.62648788
-52.69813899 -754.72972345 50.67511160
-53.87828235 -791.82680294 36.03276925
-3.08510000 -815.93450000 39.83200455
-47.70090870 -755.54205217 52.39465237
-49.45620868 -755.42992277 53.11148572
-47.65365316 -757.53020941 53.94108151
-49.44955785 -756.82626801 56.00916185
-7.88528816 -764.84706184 63.68055191
-47.23442000 -755.97244000 57.94878455
-49.52798455 -757.16984774 59.49486739
-51.94743820 -757.78981685 58.44508882
-60.94698804 -758.28488352 57.12178762
-11.61547143 -764.90420000 66.96036169
-49.84327621 -757.41021705 62.14061074
-54.31593077 -759.85354615 58.68365070
-10.86542632 -803.95308421 54.74781507
-29.35483333 -818.90924667 45.64795121
-21.36383333 -809.63546667 51.71337121
-11.74537692 -800.90212308 57.62628147
-13.76873741 -800.82960863 57.68907217
-66.35205455 -760.98107273 60.71087727
-51.54732739 -755.41428957 65.48131542
-54.26669333 -760.30052000 64.80673121
-18.01535000 -797.99470000 60.68910455
-51.71659805 -755.21394600 68.64708252
-51.72885952 -758.32138929 67.41926645
-22.25765000 -797.92366667 60.70613788
-6.01992857 -791.99327143 66.75538312
-6.73221818 -791.93110000 66.69355000
-52.14688750 -751.67317500 68.58866705
-69.33061429 -762.23153429 63.07493597
-64.89040000 -761.57020000 64.14493788
-4.59627143 -791.06081190 69.88794978
-47.69067937 -754.44862381 72.28646962
-54.32996000 -752.92234000 70.92386455
-50.27513333 -743.01593333 75.60950455
-72.90202081 -763.88646532 66.06645426
-84.62844615 -790.51466538 54.59773916
-51.39542000 -742.05370000 78.85948455
-74.73500000 -782.86877500 60.71372955
-75.57467143 -782.88310000 60.73980455
-80.07635000 -782.98992500 60.74192955
-2.94625000 -806.85020000 49.52325455
-36.25144286 -803.89395000 66.58605097
-82.40914906 -779.83754340 63.70300266
-84.32620000 -779.92285000 63.76950455
-37.02771077 -774.72094308 73.15586147
-39.91569063 -775.16242812 67.05191392
-4.33516429 -803.86086429 60.78251169
-52.66348333 -744.44831667 12.86567121
-6.60455000 -803.73247500 60.47475455
-21.21120000 -806.85210000 54.80200455
-15.50810000 -800.76147500 57.73025455
-11.99332500 -800.74333333 58.02995871
-30.57238571 -818.94285714 45.71180455
-46.79603347 -750.89725168 38.60381148
-49.98150000 -753.13430000 78.92300455
-44.87059000 -744.49459000 23.77466455
-18.03080000 -804.54860000 59.19740455
-30.17210000 -722.99940000 66.31120455
1.11234000 -798.74252000 64.17046455
-57.38246667 -755.91023333 54.20033788
-98.40275283 -773.81584528 76.57331587
-46.52501290 -753.82489032 41.91596584
-47.41956210 -753.35842419 44.92912390
-50.07845702 -761.07646860 40.21943554
-51.26860000 -761.90970000 40.66470455
-47.76627143 -756.34800000 51.27521883
-51.86985714 -755.47051905 56.43364740
-43.39865556 -765.23640000 60.73782677
-51.10500000 -784.41555000 43.45035455
-2.29400000 -798.22348000 64.39796455
-63.22562075 -728.09617925 78.18715172
-61.31288906 -733.39936566 78.54100481
-45.56255000 -749.69657500 75.82405455
-25.58816429 -775.64113571 70.05658312
-40.79145714 -768.12920000 66.94839026
-13.97602500 -800.92490000 63.92302955
-13.87040426 -801.29233191 64.01291518
-36.41897500 -773.99240000 69.52505455
-48.46488333 -759.07920000 73.00720455
-47.88841818 -768.13058182 66.87306818
-63.23740833 -739.79585417 79.26719205
-41.96640000 -772.47440000 66.87780455
-42.25575000 -772.24680000 66.84480455
-11.84280000 -801.13393750 57.87787955
-18.50672500 -804.54472500 58.83385455
-48.31105000 -762.21003333 60.30772121
-54.38813333 -755.63933333 59.59150455
-49.88541429 -755.40735238 58.59906169
-19.93935000 -768.26267500 65.67952955
-48.79029582 -756.55172474 50.67972754
-48.06691667 -757.15721667 37.62578788
-48.05785238 -755.22628810 37.02549264
-47.25699513 -751.36053279 35.44055487
-44.92378125 -754.44761250 44.47894205
-44.74252778 -741.26567778 15.24524066
-44.37133333 -737.31193333 19.60657121
-44.90106667 -740.82178571 22.20629026
-47.14894815 -743.50052593 32.46707492
-46.99906667 -750.43957333 33.73781788
-52.49625294 -789.28264706 40.06975160
-48.68502239 -749.53540896 44.70621499
-39.55716923 -740.89696154 48.64641993
-49.32600000 -749.10043871 47.31651100
-56.74943704 -776.21063333 45.88672306
-57.10624000 -777.15516000 45.87464455
-48.62639818 -748.41687273 50.32619727
-25.84700000 -798.25015000 65.43090455
-29.77896667 -802.34023333 63.88863788
-49.40645882 -752.05291961 54.07314180
-32.72548462 -782.41653077 66.67242762
-36.87676354 -804.55181198 67.17878736
-36.86650923 -783.82448308 70.02160762
-107.25420000 -780.03050000 69.83840455
-36.02984615 -784.14590000 69.92029685
-38.00998776 -782.50242449 69.97184536
-34.60531250 -781.78030625 70.90279830
-43.79700000 -789.34056667 68.82062121
-56.61540625 -786.42034375 70.00072955
-57.39295000 -786.80723333 70.02455455
-54.87372857 -742.50664286 74.95086169
-57.11943333 -742.44146667 79.22933788
-33.97675000 -805.11607500 61.17295455
-38.86873333 -740.95776667 48.64433788
-50.86472500 -744.90210000 12.86425455
-45.45134000 -741.81334000 14.71780455
-6.09930000 -801.62960000 64.15680455
-6.26464545 -801.17881818 64.05083182
-50.14080000 -758.89680000 39.87880455
-10.79710000 -802.62950000 63.86710455
-34.96846000 -814.03248000 55.09764455
-38.29665000 -741.10035000 52.27535455
-36.05236000 -810.44028000 59.29666455
-60.30099296 -793.88296197 58.49632426
-56.80325000 -794.91773500 57.75504955
-10.19815091 -768.40465455 63.72123364
-56.67658919 -791.92166486 60.66867211
-105.42146667 -794.88110000 63.73597955
-105.32178750 -788.70842500 67.47279205
-84.25210000 -776.99270000 66.77680455
-102.48910909 -777.02170909 75.79747727
-113.63858689 -776.18101967 79.17166438
-115.09448266 -776.70890058 80.42225368
-84.17690000 -748.93987500 78.61522955
-101.41024737 -752.87680789 81.58361244
-63.15140000 -735.44470000 78.71300455
