-55.42048026 -739.01642039 12.51510174
-41.33628125 -747.41141354 42.40439329
-43.01519835 -738.89032692 12.21564573
-23.10675887 -743.81330496 48.80889774
-58.71134470 -754.15832195 40.97792492
-67.15930292 -749.18867805 39.30478940
-48.85146821 -749.88408439 36.26204027
-61.10470585 -754.09389642 40.74069736
-42.81181925 -759.88113261 41.34676204
-66.43910371 -769.51184369 26.18443596
-64.60573484 -754.59426822 39.13454919
-58.95019137 -772.49503678 26.52501485
-52.83195877 -754.85006192 33.99834741
-64.18148456 -772.84015319 23.80859892
-61.78983840 -775.73515348 21.09614739
-59.60190000 -767.51990000 30.74743391
-59.77907000 -770.79918500 27.88402891
-52.79856105 -747.28849733 43.38495310
-49.16798953 -735.84874250 12.12995026
-46.17574117 -747.57926923 35.22633110
-60.69626051 -764.15676990 33.26765099
-49.84962778 -754.68882762 40.19536069
-45.14478018 -736.54087305 13.96092033
-44.04712034 -741.27350154 20.65620109
-67.17227675 -748.60461253 41.12478409
-72.81896681 -744.94569185 43.55826204
-23.20116132 -744.11126887 48.66355184
-55.14572227 -751.37486667 40.34909861
-45.07473636 -728.85996364 13.00017028
-59.37075781 -773.53732812 24.56984329
-37.72069828 -760.67781157 42.11286370
-40.10768251 -747.33368291 43.60602547
-50.67849333 -747.11968667 12.86378725
-54.73786765 -757.24183933 34.48746330
-66.98729938 -777.71975346 17.75480264
-58.00678767 -762.65262904 34.18908164
-65.71012571 -755.25724095 37.86901106
-54.64969270 -755.99319878 40.16068523
-43.66775435 -738.69554063 17.15738263
-44.77555625 -758.95266458 40.22908808
-69.05497130 -743.34085304 46.54767217
-63.82966837 -774.19029483 22.41621261
-47.68495000 -741.82728500 24.24462891
-49.28107812 -739.07636322 12.40957430
-48.41700991 -747.65972316 30.13997322
-40.19125714 -738.12840000 12.86297677
-61.06807933 -768.80659211 28.92401240
-16.76646264 -734.21620879 50.74142640
-66.44864514 -770.99976247 25.00560977
-30.96586292 -739.31850173 49.93876505
-62.43760106 -746.03516064 45.85253072
-52.97336667 -737.58193333 47.74738391
-66.36905104 -776.83206146 18.93835943
-64.32440874 -756.50824459 38.37012470
-64.77466258 -777.59835140 18.17055858
-19.23222602 -739.13154288 50.06758470
-52.09642913 -739.28463095 12.57543170
-66.95989577 -775.28162413 20.37059723
-57.15880487 -745.19080173 44.40438239
-53.78210938 -755.40358750 33.58692766
-45.97150000 -746.91220000 27.71753391
-45.29438000 -737.36562000 16.87389891
-74.80792955 -743.98570227 42.88395096
-47.04331546 -753.79033391 39.09504717
-58.89797853 -769.47758440 29.82993506
-50.49640621 -749.23807241 40.82356909
-63.93652920 -776.99437971 19.16627642
-42.61721069 -746.48109509 41.91731773
-58.49123568 -763.88618026 33.25966524
-28.02033864 -741.37130328 48.98511270
-64.00392773 -771.35037357 25.41704579
-44.41939444 -745.16973333 25.08127280
-56.46080235 -742.96714000 45.59161038
-50.31091138 -744.90179865 45.17243391
-64.30018955 -775.67275004 20.50692611
-51.29427279 -756.77239526 40.50733457
-46.65777538 -733.43293350 12.02004386
-16.57321255 -736.12009382 50.71209065
-66.79513083 -773.90395228 21.99791783
-62.38838966 -776.86864828 19.70587529
-46.38156569 -750.94564715 43.29065775
-52.28946823 -744.89310417 12.89962662
-60.39037765 -762.90565256 34.26865738
-56.68055000 -764.76001250 33.76178391
-75.67445952 -744.42386219 41.10534211
-58.44103390 -766.13531477 32.27992750
-67.06654810 -772.43366229 23.47854489
-45.80573368 -738.48347000 12.23627760
-62.68855556 -755.69430000 39.81282280
-42.86478833 -747.24703698 41.07778661
-61.21270336 -774.47499366 22.89147012
-48.95080833 -755.87352833 39.57027225
-41.99574868 -747.07183684 42.83766418
-44.00801029 -744.57278824 23.91793538
-64.29899270 -749.05080983 41.51880243
-55.30612825 -736.11632420 12.32742939
-61.45954074 -773.24436192 24.26374660
-52.02870634 -735.79615518 12.10592256
-44.16309217 -741.86456139 22.70521576
-60.96789196 -771.82358612 26.06248541
-45.82437627 -743.24395913 25.19285896
-64.12109463 -769.70821250 26.86590121
-44.95696000 -746.60153000 38.16120391
-55.86835946 -765.29448991 33.96202959
-59.32142069 -773.93335665 24.12547677
-61.31371394 -767.23378670 30.29621400
-56.74493417 -742.23219000 45.97783058
-61.74851998 -770.17741425 27.31127858
-61.15648569 -747.82433556 44.00200143
-47.66026250 -744.82665000 23.50752141
-41.99862494 -757.53958459 42.92286386
-62.00513288 -756.33692207 39.48463076
-63.59854533 -768.36901741 28.32867234
-69.07735851 -776.41681702 18.49225093
-39.24426512 -744.62876963 46.56968436
-76.22855417 -743.58474583 41.85243183
-58.39324238 -771.29738234 28.74196890
-61.33090667 -755.82565956 39.94306058
-65.83326600 -749.73841600 39.87047391
-60.84619873 -765.82410433 31.73597939
-67.52307500 -770.54467500 24.66540891
-74.01602873 -746.31707265 39.07989662
-52.05325683 -739.73455114 12.88700987
-52.11323575 -749.05423129 38.26099837
-51.43927634 -753.02555968 39.42099090
-57.64730580 -768.67757154 31.67335458
-72.18613257 -746.92938838 40.58844390
-56.39756750 -768.49852600 32.77570641
-37.03535199 -744.75010644 46.84154054
-43.47468031 -738.38493984 14.42716163
-28.10826443 -745.18641008 47.92330425
-47.93218333 -750.77857500 43.01888114
-46.32138833 -744.78345371 26.53624757
-52.61018726 -754.07786726 40.28165055
-51.86857021 -749.01646718 41.28432474
-59.82378235 -761.47643824 34.83915156
-56.21255329 -766.73150592 33.57392931
-34.31905170 -742.87428235 48.24475628
-47.01935113 -751.57688623 41.45700116
-65.79044000 -756.30030636 37.30367119
-57.75606093 -760.68517677 34.71220897
-56.06326108 -763.48142086 34.23588872
-50.37252727 -752.73226364 32.66675209
-73.39081630 -745.90184147 41.29808285
-72.45872075 -747.23776103 39.20295158
-61.11598429 -749.06383666 42.17623554
-61.39576097 -746.10976200 45.30149413
-47.79379692 -745.39461846 27.24686161
-70.23630786 -748.16927079 39.25038165
-51.33875385 -733.75061923 12.84696661
-70.11015863 -747.63765392 41.17213100
-55.80740770 -759.87439399 34.68154331
-63.26856064 -754.04331405 40.07827820
-66.45733398 -749.82220195 39.15516681
-74.34400000 -743.59653750 43.27707141
-70.12496425 -745.65116800 44.36326621
-71.45290400 -746.54807067 42.52216591
-69.62192870 -747.04493730 43.29634252
-31.13096049 -747.45059394 46.82651165
-64.66110000 -751.26977308 39.49106468
-41.82229569 -746.32122196 43.15567980
-63.82499185 -750.71417682 40.49926803
-58.16001974 -751.02492581 41.30642646
-67.10653417 -747.57276421 43.76957206
-54.99783162 -741.22454957 12.59546297
-60.81235730 -751.15546366 41.25774776
-59.41253370 -755.75802283 40.24002957
-53.75912174 -744.14610870 12.93303826
-57.75950000 -746.21600000 42.71693391
-58.04810835 -748.76066534 41.52660020
-55.05432347 -745.45071871 44.69484144
-67.43429102 -746.14737151 45.24017765
-64.03724778 -747.96681937 43.93072761
-45.72147002 -754.26145397 40.70907776
-35.02742000 -744.97616000 45.65177391
-54.90461465 -743.97777653 46.05902928
-53.32679412 -756.38487521 34.30744988
-54.48652664 -749.02077299 39.04406401
-53.90020735 -755.40138235 34.10409862
-69.01419541 -744.12880413 46.17136465
-67.00096115 -744.65888277 46.41299500
-43.49596334 -730.16094282 12.03759807
-52.10641722 -753.68311487 33.25109135
-44.87380000 -728.59250000 13.20873391
-54.31784569 -754.20759324 40.49739300
-40.92781268 -746.53800423 42.42282265
-63.49281981 -746.25990296 45.59342095
-67.84946035 -743.40130705 46.70543171
-64.15650038 -745.32753594 46.13830927
-55.23181915 -753.54383404 39.58739136
-38.40454962 -759.94451000 42.92951161
-51.11410745 -751.96577004 32.71772065
-54.35644881 -751.54110937 39.35839954
-50.07332077 -750.90290622 32.32542558
-58.45947958 -747.40262296 43.45171586
-50.05468839 -756.31762039 40.52843004
-55.04077757 -748.33363738 41.24289278
-40.20125187 -746.02662910 44.41043760
-52.57441776 -751.91590636 39.91184225
-48.74108941 -748.27155136 32.26658205
-67.64170303 -776.52280000 18.64903391
-23.82245909 -743.76344773 48.77053164
-52.01589566 -751.06223189 39.13551509
-46.33640225 -757.62235208 39.20629951
-28.17979815 -739.08377923 49.78321626
-45.52167672 -759.03014116 38.57485353
-49.05872822 -732.91259604 12.01174983
-48.78061671 -753.58006786 39.19743398
-40.36909973 -760.83529036 41.95276261
-51.00299850 -731.32986967 12.03930178
-48.95296329 -751.00712787 38.40435458
-25.28468962 -744.58739272 48.39885394
-54.85795027 -747.10956614 43.25764287
-44.35008333 -759.97395000 39.69357558
-52.45872903 -742.14664925 47.11029170
-45.96661473 -736.77058871 12.30216840
-45.45085781 -756.91576204 40.57357206
-40.09245000 -736.64611250 13.69702141
-41.78118889 -761.82750833 40.62207836
-49.44533177 -748.76311610 35.23388956
-43.36818016 -757.15042097 42.04637143
-39.95604903 -762.04656987 40.82104021
-50.18581522 -749.53496848 38.60691000
-47.19629897 -752.07416101 38.59454928
-48.24020913 -750.63186349 40.65420752
-57.06579336 -742.95869647 45.32140609
-41.76897297 -758.91663514 42.84720689
-54.46783374 -739.64516334 47.86713866
-68.87791429 -773.59145714 21.66813391
-43.70461982 -737.07369482 14.28565937
-45.19462064 -739.92456856 20.22531258
-37.47317061 -762.01915932 41.04353860
-52.01600075 -745.19052235 45.05053742
-46.69699024 -740.20737073 22.56457782
-43.17045218 -754.70807265 41.88970822
-47.02684263 -747.46406069 32.78653490
-45.01385695 -738.96309774 17.41731756
-55.03541709 -742.07074784 47.04701603
-39.96619899 -759.39305081 43.10165855
-40.49953946 -757.76143620 43.11368702
-44.00072069 -739.84595302 19.94690594
-52.67444279 -743.98054632 45.96993499
-37.70147723 -745.95900561 45.27690138
-41.37244964 -754.93321971 41.37603829
-44.05242626 -747.55263410 38.85374860
-52.64543157 -739.22265562 47.85829197
-45.13441175 -747.41460560 37.68115063
-30.11749905 -736.22656476 13.10986653
-37.13918984 -747.86570391 45.18575538
-28.64970383 -736.65421681 13.41935987
-52.47113362 -741.57845809 12.90796179
-38.76447934 -743.44242975 47.77960912
-35.19025194 -748.84685504 45.59470601
-36.00801686 -747.15102863 45.90439391
-33.93923613 -747.68748067 46.27908000
-34.17213103 -745.08689198 46.95959366
-37.16578554 -743.04350380 48.21667529
-68.15826000 -773.53320000 21.63565391
-21.61428214 -734.38394504 50.20336308
-36.24798675 -742.03830369 48.95878223
-31.14257456 -745.16841036 47.47314534
-46.92617183 -747.06091704 29.72164383
-34.29252223 -741.39424351 49.21571434
-28.83367749 -746.96285948 47.35418415
-31.16015645 -742.77947340 48.26461195
-33.33760758 -740.17636198 49.68296977
-31.20057742 -741.27089120 49.04437252
-28.27893277 -742.93264173 48.47240186
-20.01816908 -741.20535029 49.79180162
-21.92929396 -739.43054688 49.81421005
-43.89602703 -729.42383784 12.99007445
-25.69520569 -743.25480356 48.63478996
-54.02756376 -741.89545835 12.84848521
-24.79612062 -742.09851105 49.03577863
-43.84163846 -727.57246538 12.93184545
-63.91290000 -746.80866000 46.71421391
-29.68525000 -737.59390000 50.35998391
-38.05118571 -736.91094286 12.84910534
-27.73057025 -737.11275360 50.24049756
-25.22531839 -739.07670391 49.63604089
-22.23558734 -742.02948755 49.33198823
-22.35015714 -743.55671429 48.70303391
-25.05882641 -736.31499874 50.05403726
-22.16657470 -735.82250195 50.10416701
-19.03813202 -736.09433099 50.46892203
-50.04932500 -731.58445000 13.15430891
-17.11414848 -738.24404939 50.33979824
-19.10313333 -734.17074924 50.54562218
-55.03425000 -746.63440000 42.73208391
-42.31651659 -732.74914058 12.13459510
-45.58561335 -742.26810808 23.53892364
-43.59800889 -737.57066222 16.18305836
-50.13928165 -741.77935506 12.46820670
-51.64291624 -741.63555793 12.56769646
-42.80663822 -736.09172615 12.40077999
-57.26766119 -736.39849552 13.13947645
-47.89180175 -746.23473406 28.93113391
-54.56330219 -756.73647956 33.59506238
-45.82969866 -741.38040643 20.77176206
-29.70070000 -740.43550000 48.67466725
-43.85277368 -740.32082105 21.80084444
-50.14409408 -747.28963972 13.03783740
-50.06841600 -746.09248133 12.97168858
-64.03078579 -766.99344388 29.67769532
-65.82194500 -767.25038500 28.29621491
-63.39640211 -765.72314724 31.52757807
-68.72187593 -773.32106667 22.12194688
-66.17217333 -767.56946000 27.66678725
-65.77199412 -767.77455294 27.84592215
-62.72998000 -764.56314000 32.95325391
-44.25940000 -746.55380526 38.91959181
-52.28395000 -755.82915000 33.70633391
-68.72980000 -773.67220000 21.75603391
-68.94064934 -775.02153258 20.11658804
-69.00913489 -777.48472617 17.51991771
-40.53587479 -756.97843697 42.63346038
-50.01275143 -738.23383571 12.94448463
-46.38460526 -744.16307839 24.10933779
-48.24557617 -735.92493574 12.96188770
-55.57459626 -739.44952150 12.86567410
-57.10947658 -739.27877283 12.92995921
-57.15271711 -740.77529342 13.25923523
-45.14684337 -738.57106629 14.28812084
-44.48314167 -742.09258333 24.92127558
-65.36883333 -776.43655000 18.56113391
-46.76090226 -745.82765519 28.37937203
-51.30284586 -748.72278244 36.08627876
-65.34090492 -749.48870164 39.55977490
-56.19639259 -759.59383333 33.62447836
-57.24497213 -761.04945574 33.46190440
-57.41431000 -749.42176500 39.62708391
-58.10718333 -749.87306667 39.55406725
-52.74004545 -743.11472273 45.20605209
-42.97034545 -755.10662727 42.85057028
-46.86890000 -746.63280000 31.80873391
-55.56266162 -736.55457622 12.80547932
-51.28799091 -735.55252727 12.82282937
-57.23619880 -736.73729966 12.21355917
-49.78583051 -732.69771864 12.87307629
-55.27844706 -733.78352941 12.85853391
-47.30550000 -749.86915000 32.72278391
-75.47554543 -745.41135000 39.16411832
-62.09612500 -747.39837222 46.22842002
-43.00215714 -741.21807143 18.71864820
