-43.54463670 -731.40261034 14.15918164
-52.91121801 -756.25617779 33.00826693
-50.24905164 -758.80979299 32.61531108
-27.90155469 -734.14681042 16.81126312
-55.50860068 -758.76344063 29.55931260
-32.80389200 -735.82906000 13.30742421
-37.74894834 -743.76631933 12.76126248
-46.60864747 -728.95064093 14.59070324
-48.70781661 -749.15209206 14.57879251
-43.56000000 -739.53977500 18.78650921
-54.03133123 -741.20244094 12.09336339
-49.76637936 -740.87001622 14.88850046
-52.05938788 -745.97990576 14.35527514
-51.23071250 -761.15912500 28.21854671
-52.72433575 -738.08992651 14.76270713
-34.89132131 -737.65634029 13.92960779
-43.90274262 -740.51324268 14.11578846
-34.44860207 -761.07925641 13.56033576
-46.71057087 -740.85375900 14.29776811
-30.17287000 -756.85705000 12.59035421
-45.29254000 -740.93708000 12.95670421
-26.50376274 -743.15442151 44.99927735
-43.82686736 -739.98721784 21.81462007
-26.60032280 -766.09923057 12.07986918
-46.84230446 -734.72790550 14.69616123
-46.83437828 -731.62406986 14.53542004
-35.10445317 -744.04062974 12.90969601
-41.56112371 -737.95466186 12.51291101
-55.77853917 -761.00416314 26.49829816
-26.75781379 -733.21817931 16.40326007
-44.53257783 -749.37216436 36.18269256
-46.50088339 -749.21219320 34.66192662
-50.77178661 -755.51054242 33.94870389
-48.48328000 -751.53122400 14.11090821
-49.65344421 -746.78511656 14.89025098
-29.33423608 -747.03773549 12.04140473
-29.01228520 -740.56422693 45.82829674
-26.53182676 -766.01885399 13.48181848
-29.63367017 -745.75416856 43.60954399
-52.40669022 -733.05321711 14.34604497
-24.94052225 -735.15674163 15.24812870
-48.05050000 -745.27970000 35.64478421
-47.00034619 -746.89175472 34.85801024
-29.50080784 -748.03746471 13.36139794
-31.91328705 -758.56639663 12.24930514
-27.56732182 -739.42150000 46.30488421
-57.39643684 -738.35838092 13.84658882
-40.78486143 -737.74949620 14.41942056
-40.88037705 -747.48928356 39.49564100
-37.59169519 -746.80352288 12.50940279
-53.31532543 -759.06547416 30.08543393
-32.28707169 -762.55810663 13.34490469
-34.78952575 -761.88548123 12.33788067
-48.83474371 -726.10071053 14.07996471
-34.76893749 -746.84934709 12.57781040
-44.48364000 -734.12021771 14.65656078
-40.44052087 -744.91994433 42.52516234
-48.88848370 -750.36841361 34.69293941
-50.61905079 -731.49163725 12.07218511
-33.89696303 -737.90204834 13.09804440
-26.27634482 -767.75667023 12.64027871
-31.73155923 -761.87478023 12.72192041
-26.31836515 -767.06351456 13.56518495
-44.28098250 -742.42692500 25.10443921
-28.70682645 -765.47946253 13.59533972
-52.59641332 -734.64723364 14.44863794
-40.56088839 -749.97959741 12.19715253
-33.08990000 -749.95835714 13.34434135
-31.00652950 -763.97699496 13.42255795
-34.72956887 -759.89972121 13.49763265
-27.99879801 -767.16592102 13.52788930
-46.84207932 -737.83098985 14.55010442
-52.61590769 -743.83298036 14.84635956
-39.13565625 -744.31101458 13.33623421
-56.15635552 -740.20673802 15.04788685
-29.96229670 -740.49294444 12.72079292
-29.52710000 -748.35780000 13.08178421
-52.56444851 -740.80820222 14.93825108
-49.82487867 -743.77431865 14.98026657
-55.81815508 -737.78658570 14.87985066
-50.42737000 -724.18550000 13.06197421
-47.22057052 -746.61226817 14.45733078
-49.60540517 -755.80124488 34.47618723
-43.07201523 -732.15940319 12.86563163
-46.94183340 -743.69613419 14.13221732
-53.63425714 -739.16074286 13.22051278
-48.64762517 -749.57687211 33.99891890
-55.43932732 -735.20611760 14.74300248
-44.04678110 -743.51226090 13.59561563
-43.79306429 -747.65851667 13.00036278
-49.59287901 -731.94965957 14.54021113
-46.73835167 -723.15969532 14.21279134
-49.68365444 -737.78294100 14.80173187
-37.91138891 -737.77855053 14.19594949
-40.33569673 -743.68633816 13.47741467
-39.86874892 -748.57409397 39.80848012
-54.44406829 -733.08688049 15.13320128
-33.15085769 -748.81440385 12.75911690
-40.03253290 -744.48078558 12.77682001
-43.63790561 -737.79452897 12.99990197
-56.76648653 -757.13191256 30.95738878
-49.88146653 -734.97053208 14.47229850
-41.10970756 -740.57545008 13.55990905
-40.67643920 -741.08477608 13.15225675
-31.85697876 -746.85104833 12.51415584
-31.92058112 -743.64428057 13.08066599
-43.07122092 -737.86756091 14.85037273
-44.79441910 -740.48337809 12.75509545
-45.10663664 -745.54051145 30.77242849
-49.66407647 -747.74852941 16.40011656
-40.55223154 -734.93265298 14.69286061
-30.04590189 -742.74702264 12.45796534
-38.11244802 -739.89518294 13.70288223
-37.02812604 -741.36951190 12.70479147
-35.07459291 -740.93483379 13.03757138
-34.31834765 -743.27441762 13.40888119
-49.69647356 -728.03303669 12.05321838
-23.27823974 -737.84415613 14.66211283
-32.02982567 -743.80134373 13.39888253
-49.08806511 -729.19847912 14.25228625
-34.46452723 -740.83810389 13.39799666
-49.49630835 -725.38826647 12.25345411
-35.58145395 -744.99409255 43.10634114
-37.26882000 -739.16173143 13.19551850
-32.63605938 -736.97255521 13.36271442
-32.62301832 -741.89011623 13.32250515
-31.84747308 -740.85084972 12.93627842
-41.06615544 -731.87916911 14.31268801
-42.15548571 -732.83057714 12.71540421
-51.90732222 -748.38147778 34.77712865
-47.14090276 -725.88611034 14.58141840
-43.83238032 -728.81929169 14.58458812
-43.80345876 -740.58542703 24.06147721
-49.40993686 -723.89323225 14.49172459
-37.72457659 -734.47389537 14.28101623
-31.64567821 -737.74024044 12.95452417
-40.98400000 -727.25050000 14.03148421
-40.78504387 -728.92967503 14.12646463
-37.67061262 -732.31723338 14.04737914
-30.04964043 -738.59704681 12.15002676
-54.33830000 -760.40617500 28.28438421
-43.93442065 -726.34696761 14.51372169
-56.56200000 -735.39795313 16.34032171
-33.81414733 -734.60740510 12.85228373
-31.97313717 -734.45741927 12.55313229
-44.15630862 -741.71113205 26.29097540
-37.81084627 -728.80585672 13.44626899
-35.69245519 -729.44084741 12.92683903
-37.48775677 -729.29935091 12.84799785
-35.47793316 -732.07077070 13.74426702
-34.24854068 -731.58629936 12.25681914
-24.23570000 -736.28500000 16.64338421
-51.65816790 -744.78371481 36.00276075
-32.83685000 -730.28680000 13.43018421
-46.82680000 -721.25545000 14.03223421
-35.64832571 -730.02565429 13.36666707
-42.74366823 -746.56052373 38.21223143
-39.53429661 -744.14256610 43.43254692
-32.78480000 -730.29220000 13.23698421
-24.71987535 -737.39711771 14.59068820
-21.99272330 -739.58771456 13.87106771
-50.70549375 -760.09588672 30.78134359
-24.03856449 -735.99509130 14.38664943
-40.32608547 -746.55515444 12.33503339
-44.01015000 -749.13245000 37.28378421
-29.46060121 -739.07530407 46.20746717
-44.23608056 -746.86666226 35.45012061
-59.26640000 -760.29900000 25.14278421
-40.04846955 -746.53146665 40.97515822
-25.97585960 -734.70038030 16.89970759
-42.22205000 -739.95780000 23.16643421
-54.90006214 -747.60952014 36.18663221
-33.75955051 -745.54508182 43.32599734
-43.32088095 -738.91310370 23.00523289
-47.81212167 -749.72689271 14.10605817
-45.26560000 -738.72570000 13.22598421
-52.98850782 -754.61027061 34.53298150
-35.21455796 -734.93957995 13.81206576
-57.39290000 -736.00600000 13.73108421
-54.55561111 -757.50134167 31.40705041
-36.30227143 -760.55718571 12.70468421
-23.87544555 -740.32082485 45.83946673
-44.96085385 -749.27366923 33.54549960
-47.28963087 -749.06552266 33.68614181
-52.32858270 -760.62717426 28.88108544
-28.71067692 -743.97902706 44.51819513
-34.73502282 -746.82760783 42.52483963
-45.34600000 -732.00320000 13.20348421
-36.48762647 -742.12842941 44.80548127
-32.92971176 -730.52223529 13.35583127
-24.35630000 -739.24000000 46.22793421
-43.77715000 -743.07355000 13.24918421
-27.62100000 -733.10273750 16.60713421
-46.56126500 -750.29908500 12.84007921
-43.34332780 -750.01934620 12.54907961
-32.32848704 -746.06982222 13.32596384
-23.82744762 -736.89983095 16.75843897
-24.56229474 -736.50296316 16.96910526
-37.92680882 -730.74234824 13.09692598
-41.94893000 -733.40927000 12.37557421
-39.92930000 -729.48990000 13.26078421
-27.77220127 -731.88186788 14.28210290
-34.42659412 -745.71212941 13.44217441
-30.40628000 -739.22146000 46.27952421
-57.35611333 -757.21667667 30.38710754
-36.63575000 -746.24245000 13.36183421
-44.13194355 -745.62767742 13.41932292
-28.34330701 -733.72657196 15.28789215
-26.56112309 -732.41862070 14.53661048
-50.94908616 -760.62680881 29.75648190
-45.41377143 -742.09202143 26.27868421
-45.37034444 -747.43117778 13.19743977
-45.72058333 -751.95741481 13.00553791
-47.28946376 -751.68972752 13.62420703
-51.31680000 -740.96240000 16.48578421
-51.22202500 -740.70052500 16.43318421
-45.05980000 -724.08508571 14.11571278
-28.30861127 -738.71044657 46.38015949
-49.70476021 -746.54869329 35.66422748
-46.02425758 -747.12272869 32.79212672
-44.84883352 -745.96703123 32.71585369
-44.51406883 -743.01227328 27.27456348
-44.85097290 -744.05294753 29.37454405
-50.27696882 -744.86212667 35.97584916
-52.71268138 -746.99032807 36.54811970
-43.29130280 -738.58972370 20.73487946
-43.06376751 -737.79019005 17.88735324
-53.58120000 -746.38948000 37.26912421
-48.79778537 -746.94776829 33.88235250
-54.14727500 -760.27718750 28.21814671
-41.89817953 -738.06823626 18.05748947
-49.98663873 -752.72852820 34.93720379
-41.73285676 -738.48328108 19.76508151
-45.44205359 -743.20643867 27.44422509
-45.42295534 -744.43117152 29.26781851
-45.32210000 -740.65635000 24.11568421
-45.68895845 -745.94480143 30.55090967
-44.92135288 -745.06420994 31.91937556
-45.33403333 -744.56843333 31.31761754
-31.44717843 -745.81463458 43.49271808
-30.08796818 -746.37407727 43.20716603
-31.85431846 -743.80504101 44.30530330
-34.09539874 -741.79494017 45.14177591
-31.68727725 -740.95849436 45.51035497
-34.76704073 -743.59574082 44.01416600
-32.26039113 -746.90106196 42.93547897
-37.09502258 -743.75693644 43.79286060
-37.32761901 -744.90052989 42.89587884
-37.98907062 -746.57137259 41.67355491
-35.31756573 -748.56374729 41.64356122
-37.53005791 -748.69879260 40.96645951
-30.53918250 -739.24930250 46.10935671
-25.88285985 -738.56485399 46.48047777
-39.31623077 -748.40820769 40.30288421
-39.05599032 -748.91069516 40.11899550
-25.81060892 -739.65353661 46.36596041
-25.68374030 -741.17086113 45.79080260
-24.05486964 -738.43824732 46.31714939
-23.56626345 -738.73653807 46.09843193
-48.18020000 -751.59308000 34.60808421
-52.24937335 -753.55181596 35.10360035
-49.16080000 -757.31890000 34.27158421
-55.33705061 -756.26241632 32.71163541
-52.60631856 -757.77333498 31.75655484
-57.74907650 -758.17906899 29.15485017
-53.15908229 -761.45787278 26.97333658
-56.09597134 -759.98502392 27.83807440
-58.10562688 -759.70095092 27.15630434
-57.99007488 -760.76238415 25.87954480
-53.79456357 -762.57211100 24.57187921
-55.90630621 -762.45369039 23.84174864
-58.54921581 -761.71888664 23.78165752
-54.97160690 -763.37501207 22.64460835
-56.42571581 -763.44083317 21.35950335
-56.38732048 -763.17886382 21.90094564
-58.96974799 -762.73039529 21.21228358
-57.94321650 -763.42623564 20.51383669
-54.50175636 -754.68188182 34.45491421
-54.27570000 -754.28445000 34.76553421
-58.80890000 -763.34045000 19.18570921
-58.70393333 -763.25861667 19.24288421
