-45.52054352 -743.66669259 29.05017509
-47.79590000 -756.92770000 27.61679488
-44.07672000 -739.00125200 14.91445888
-46.68711825 -749.85066844 30.46179450
-43.79958000 -739.07816000 16.94937488
-46.75768571 -750.16986310 30.66663298
-52.53855000 -761.11615000 21.48881488
-35.74726667 -741.95887778 39.63851710
-33.43900724 -735.03515299 44.04673275
-34.21319313 -739.64408499 41.67953809
-33.97002100 -738.56195671 42.43583931
-56.37037333 -735.59314000 12.74968155
-48.91137251 -756.69448947 27.48238816
-51.08800702 -754.77337487 28.25695561
-46.72112865 -751.48154854 30.67458611
-53.54127422 -755.89242726 26.80108798
-47.46456652 -744.34151397 31.08753243
-54.03618811 -759.01075556 23.85910728
-38.70905176 -738.24456514 41.53874441
-43.69299000 -741.83823000 36.55584488
-43.47333604 -737.85165971 16.66788062
-55.58373939 -739.40106364 12.76776458
-49.30103444 -747.66852778 12.74832155
-53.26500000 -743.52104000 12.69297488
-49.81850000 -759.95150000 24.09139488
-54.28426667 -760.75670000 21.20029488
-53.11589927 -754.41220128 27.90608700
-36.51200680 -738.23947309 42.18026157
-51.78437840 -759.49741598 24.23666579
-43.24372199 -743.89813010 32.79216923
-56.31224545 -740.54773636 12.72944033
-49.66295778 -747.96232889 12.76768377
-50.75817580 -750.51831706 30.45804736
-44.06840370 -738.36995320 16.87295050
-44.07859635 -738.67214355 19.34359293
-51.65611124 -756.23002006 27.16692763
-43.36397358 -737.53598781 14.29618907
-48.46359647 -755.37088135 28.50326251
-44.46281388 -739.71405585 20.49800259
-52.19158000 -738.54836000 12.65421488
-53.64002580 -757.67907390 25.44425551
-56.07880000 -738.19570000 12.61729488
-39.48551428 -741.18443800 38.99483590
-50.23633964 -749.80072935 30.76117555
-51.54252167 -760.38197590 23.16731909
-49.43296667 -744.18606667 12.67032821
-50.60780000 -740.70440000 12.68809488
-44.68027697 -740.73370956 22.99683700
-44.91292100 -741.48242731 25.17624864
-45.38360221 -742.72699719 26.18394629
-44.30536109 -743.67827320 31.53855700
-43.71810435 -739.83468551 22.01513691
-43.64062043 -739.18105699 20.22739918
-43.56098293 -738.51465257 19.03996290
-43.97933775 -738.07119980 14.69720456
-44.29301573 -739.15771060 17.61829881
-47.12690039 -743.62603110 30.28759331
-48.00065223 -745.69747758 31.39581522
-46.55624140 -745.98038390 29.50657396
-47.31034098 -746.80482359 30.14500917
-45.15485091 -742.11643000 24.12922973
-41.94044378 -743.56647159 35.26762422
-40.92255000 -744.93335833 34.42078655
-40.67241212 -744.94286970 34.57522518
-39.97994223 -744.07474285 35.88263188
-41.71669165 -741.15078555 38.18126832
-41.73869137 -742.26457022 37.05649162
-39.22326092 -742.77758986 37.58826265
-37.01928043 -742.58493320 38.61198470
-40.95722000 -739.48448750 39.81411238
-38.98709303 -739.83382553 40.32057830
-37.13790166 -741.66484418 39.43219876
-36.45644972 -740.20886524 40.79392554
-35.96362017 -736.86611383 43.10267737
-35.51713088 -735.40096922 43.78426778
-33.47020554 -736.95080937 43.29909522
-31.80151667 -736.13821667 43.54327821
-31.77550909 -735.05669455 43.85796579
-43.99653680 -742.47430240 35.53721568
-53.40080723 -760.20550602 22.57914388
-51.49725948 -757.97256551 25.84835177
-49.73377143 -759.77755714 24.32168059
-48.87165540 -757.77557856 26.58613338
-53.02197207 -753.48823069 28.37028074
-51.25614311 -752.61032158 29.44598121
-48.44890780 -752.38232706 29.97916359
-46.72624615 -754.12125641 29.70024616
-48.31109598 -749.59612858 30.43148447
-46.61976537 -752.59730225 30.33571681
-48.77503199 -749.27595466 30.78960026
-46.97971495 -751.54897850 30.67400983
