-59.86092591 -744.93012056 35.41234819
-46.70622222 -721.60450370 12.09417009
-44.02625218 -739.16407951 19.86302847
-38.99886375 -748.89326375 40.67964306
-27.97301667 -744.02594333 42.72170972
-49.94800218 -747.15156594 13.39650990
-29.72936984 -738.14190721 44.15613509
-58.84958509 -757.42286975 32.04220238
-50.85911380 -744.92918665 38.39262940
-45.88311358 -731.67740864 12.89907750
-29.70435724 -741.53779984 43.55910623
-56.78606177 -746.68301772 34.95822321
-32.86133268 -741.33304460 43.64501441
-27.69149833 -743.23621103 43.04917344
-53.91828844 -756.36418411 33.02437843
-30.92115238 -745.96079048 42.55791877
-58.42006552 -760.87277241 27.84895030
-44.89421723 -735.08709426 12.41924115
-54.07165261 -745.00217229 35.80700253
-24.70806632 -740.54806160 43.60152131
-61.86504273 -746.24346400 33.07192306
-56.59289153 -758.40564455 31.25079038
-61.97778954 -744.81392845 34.35893883
-46.44747273 -751.99029091 37.16202397
-43.27380000 -743.70440000 24.02278306
-46.16010000 -722.43130000 12.79503306
-50.47715763 -741.52785444 12.65328377
-55.84844116 -764.07306236 25.35230938
-45.45759565 -743.84935690 25.91894532
-63.58168473 -763.62295813 21.53136212
-56.13531429 -755.81945714 33.80429020
-46.44843333 -743.65858750 24.30452472
-56.64477110 -756.53821384 32.87944887
-57.02120071 -762.73108544 26.41437659
-53.70419205 -761.22555778 31.33087495
-54.48299655 -747.44324368 33.54743766
-53.04840394 -743.98513082 13.10111105
-62.88182831 -745.15792190 33.23620227
-36.70395000 -735.50752500 12.95310806
-62.70790476 -766.13168190 17.48857729
-56.68200671 -744.48673498 35.92374860
-60.57984494 -766.46001381 18.06579912
-60.75358235 -766.84785686 17.16064090
-61.73811263 -760.36055698 26.74491529
-59.63168028 -746.42234961 34.61397559
-53.35980529 -753.95307843 33.44398100
-62.62769243 -764.75715619 20.21424545
-46.94381137 -745.49731848 28.34764254
-48.69031158 -747.12036213 34.92592523
-59.83162366 -765.53793209 20.28908657
-61.97015167 -766.85189000 16.53734806
-49.03134694 -745.71456531 35.83808816
-50.76882679 -738.51514433 12.97636905
-57.80279958 -765.71596295 21.14236948
-44.06121199 -738.44864088 16.97756735
-48.00496903 -741.35866188 12.29819500
-55.51737222 -754.71492778 33.61349972
-59.43946061 -764.33039893 22.67285678
-51.32894831 -741.00184307 13.08953891
-56.99297153 -764.65566158 23.51122987
-23.86835058 -738.28926721 43.96870013
-40.68919019 -743.60042523 42.95971483
-59.76325932 -763.24200805 24.14847634
-41.84873877 -732.40800776 12.01411927
-50.49629772 -750.59948957 32.36915111
-54.59868373 -762.32425943 29.34757917
-59.64953962 -761.79822735 26.10819265
-55.94827395 -736.04257382 13.02661457
-45.81709630 -745.93615926 27.56660343
-57.95568653 -763.65245551 24.53289306
-61.91056200 -761.36224427 25.55271474
-50.63293916 -746.17777996 37.45618558
-55.20935000 -764.48017500 24.68479972
-60.40211313 -760.46731448 27.34804001
-50.92078431 -735.11423162 12.89452859
-54.97304299 -764.09321533 26.20123848
-33.12482323 -746.48046354 42.35175440
-59.55392501 -759.45305328 29.15402086
-56.34695643 -761.54443759 28.43555727
-41.33414465 -746.60753805 40.36420592
-54.90638377 -763.51998619 27.30982317
-47.88521132 -746.91051447 29.69318142
-56.92351153 -759.87296213 29.63513967
-59.12136913 -758.13856875 31.21794668
-53.72550858 -738.01890271 12.47711249
-55.09585781 -760.38049323 30.53065285
-50.86693511 -746.88482311 34.84405363
-53.69662333 -747.02544008 34.78785563
-38.23431232 -742.23125545 43.72457160
-53.90927497 -759.11201607 32.17450305
-56.42222340 -740.37644521 13.18736307
-51.13323297 -744.20263468 13.06703669
-50.90631109 -744.28418978 12.64406112
-26.91044262 -738.26611935 44.15089427
-56.36591167 -738.45335702 13.12401575
-53.83012649 -735.34264943 12.48132964
-53.22989481 -741.32463215 13.07797700
-35.92605458 -746.90055299 41.93682695
-53.71526260 -738.38733116 12.99129092
-49.14254750 -744.29067333 13.03836972
-48.25492599 -743.62000378 12.28391710
-42.93843125 -738.83309250 19.76957956
-50.86579621 -738.05032185 12.64579477
-44.77547337 -726.61915783 12.00266784
-47.81697684 -732.04719708 12.39232421
-52.27229677 -758.09032903 33.06795886
-54.22158090 -735.92081627 12.96009515
-52.17870423 -755.98801958 33.42730819
-63.34392766 -766.38130638 15.63622242
-44.92978391 -729.54555619 12.92604197
-59.88179019 -747.08884964 33.22243796
-48.58944942 -740.96270145 12.96054425
-42.53782644 -747.00541675 39.14092085
-32.63735268 -743.78340680 43.00747955
-61.48620250 -745.90989250 33.97052556
-53.53875556 -733.54111944 12.85322750
-51.65680687 -752.89265500 33.18062756
-38.90946159 -747.12490082 41.18902104
-46.01812047 -745.33255146 28.15239797
-56.80185430 -747.58277911 33.23962015
-48.14163684 -726.35558734 12.09931500
-54.74825217 -750.83936087 33.64917219
-53.98457352 -749.78272719 34.50115529
-55.40128889 -750.16358444 33.87516417
-50.55411951 -732.17766715 12.35573093
-50.90976203 -735.49866313 12.59417483
-50.30595292 -732.46834536 13.08656330
-22.24910000 -738.30850000 12.93943306
-48.09590914 -735.01620532 12.58523643
-45.05917034 -742.50479153 24.99739831
-48.22703869 -749.85934230 32.91703732
-47.50030949 -750.47278709 35.03691092
-50.27479660 -746.90711821 32.98146299
-51.87305753 -749.02202237 34.36051251
-46.55575978 -751.31068152 37.00486784
-49.44806897 -748.41209655 30.60767444
-47.68995217 -747.38327097 32.27948241
-56.73058967 -742.66633380 35.12017109
-48.35208000 -748.93445000 30.60179306
-47.76425547 -732.28328359 12.85017134
-46.77605726 -752.18525247 35.41233051
-47.82407692 -729.56593712 12.22597208
-45.63982452 -752.75228340 36.06297109
-45.08487241 -735.39008621 13.46225605
-39.23700000 -735.76990000 12.94228306
-51.64371781 -745.49562226 35.28543922
-43.89163644 -737.73118735 14.24267195
-41.37333965 -734.94889538 12.38313667
-42.64266360 -738.49909351 17.06865598
-41.51393626 -736.17017418 13.09704515
-44.32610294 -740.50779670 20.93475293
-44.78297482 -741.70484987 23.13694173
-45.13410521 -752.52565905 37.38752815
-28.53124706 -733.95574706 14.33885659
-48.76401429 -723.65998571 12.93787591
-44.80749279 -729.39535927 12.26575359
-43.60718571 -736.57034286 16.33113306
-45.93249400 -751.48758600 37.25784866
-45.96109813 -746.85129216 32.57928754
-46.15826076 -750.31858228 35.89504951
-47.61622727 -730.30118333 12.85328306
-45.34105747 -747.06898569 35.35672106
-48.02307051 -725.96488462 12.84938306
-38.66574928 -735.13666773 12.20473410
-43.91001749 -746.97982396 37.85138729
-47.63789978 -746.95542854 12.53978070
-43.79833077 -727.55868077 13.57267921
-42.51754085 -727.62747439 12.05522269
-42.05861587 -732.34485873 12.87995528
-43.33510000 -745.73650000 39.66703306
-41.46422823 -744.98412236 41.60845150
-45.01520000 -743.27887642 24.14261052
-38.87410045 -744.81171785 42.05382736
-28.80905328 -733.45883953 13.87004786
-46.75541341 -744.74053946 26.63280930
-24.50655643 -736.12134763 14.26112074
-38.62957630 -743.25110314 43.14489491
-35.75602365 -744.69294345 42.50778441
-27.00619919 -732.91926160 14.19644651
-26.12288871 -735.79810968 12.71547661
-35.92707175 -743.24958323 42.96625055
-32.84085753 -745.24790091 42.64932039
-35.66447783 -741.47206166 43.80641417
-30.49554986 -745.20026745 42.70507779
-29.84941414 -743.77838246 43.03773353
-34.68974661 -739.61121610 44.44317035
-32.56350647 -738.98207923 44.38772257
-26.74860960 -741.35489307 43.56453271
-45.09765840 -738.25531193 12.32797937
-54.14940000 -763.81900000 27.82213306
-28.88228648 -736.59018225 44.27767418
-26.72665149 -736.20204957 44.31248647
-42.86389655 -728.74294598 12.98458593
-23.92698556 -736.09356396 44.14830406
-25.30610000 -735.26980000 15.92583306
-22.15803824 -736.31999853 43.66412423
-52.45335000 -745.86308333 12.94796639
-27.26921923 -737.13182308 13.17242921
-43.05493333 -745.77086667 39.16179972
-50.55010000 -723.36270000 12.81873306
-43.71301667 -739.50198333 21.90463306
-49.23410000 -745.54555000 37.34053306
-49.03833636 -746.05526364 36.97746033
-47.99145699 -735.33865718 12.98676826
-49.01310149 -746.82547562 13.15946440
-62.51861771 -762.90861412 23.30714710
-61.81703664 -764.01809698 22.11473133
-23.57677913 -737.53027763 13.36117847
-46.58944595 -741.99850000 24.38053036
-26.62677730 -734.75156470 14.26755056
-22.20049643 -737.64116667 43.59325091
-61.34871176 -759.53885882 28.04762129
-41.64552743 -737.92768555 12.40553486
-46.15964985 -746.40025539 29.33159953
-42.92877607 -740.41149202 20.31259932
-47.55251206 -738.84858810 12.47717172
-55.48140000 -750.28461250 33.73883306
-48.29384241 -737.92097182 12.95803916
-40.20850000 -732.20870000 12.85023306
-42.50937910 -737.63363125 14.21599323
-44.64788889 -740.56723333 12.80627750
-38.97260050 -737.89761500 12.99450356
-37.13745806 -737.26216452 12.88794274
-25.17848000 -733.52932667 14.77274639
-25.71104412 -734.96807059 15.91746247
-42.94540000 -739.46940000 21.82403306
-43.12190606 -740.66203333 22.44414821
-47.31765652 -745.89826087 27.66456784
-48.88331667 -748.94020000 12.96109972
-49.70378571 -748.93637143 30.72324734
-55.33760000 -757.74630000 30.60193306
-52.84028730 -754.23438730 33.85939655
-53.48930000 -755.18428667 33.83593972
-57.66853125 -760.63040000 27.43312056
-44.87466190 -740.19810952 17.44263782
-49.45570000 -730.22382857 12.80624734
