-69.96487192 -775.74489361 48.49336861
-95.70002446 -764.02246781 63.92497865
-107.57146406 -767.03315625 64.27489523
-108.61721051 -769.88362578 56.27068998
-81.70473485 -756.57097702 61.64270397
-93.66575975 -776.35023485 51.87329289
-116.77904250 -772.85063928 54.32726992
-32.50480217 -779.31909348 54.76879142
-116.68742683 -773.26714268 53.82337907
-113.56213934 -769.75302254 58.05340076
-64.64857871 -766.75366054 54.43858930
-22.49733969 -795.65099705 44.43820056
-115.76563750 -773.26182500 53.15893273
-105.65738469 -769.91842413 53.91965789
-116.72290262 -772.11165964 55.33087226
-74.77928879 -775.89577850 48.58916076
-97.33200265 -743.13112920 68.92078671
-46.43596859 -762.11390384 57.41425824
-52.72785395 -782.95422955 40.07378599
-114.48927548 -771.93129810 53.55074139
-84.62721224 -766.37685861 57.41115926
-114.72477228 -770.93735249 55.86338656
-113.81564075 -770.03806541 57.27684985
-105.70016146 -769.64267300 56.26046005
-51.01609181 -777.33051076 58.92859749
-111.72789744 -771.13343796 53.00538281
-111.05096667 -772.37689398 51.52349199
-93.54185696 -783.72731554 47.97528019
-95.66867876 -780.46995692 49.56081982
-105.74009394 -770.93513071 52.48791871
-111.92322256 -770.45366460 55.45826168
-36.35075825 -770.88894334 61.16196697
-90.79713752 -756.59304388 61.18800252
-111.43627514 -769.19925877 58.68101852
-50.73863600 -748.90522000 37.91163273
-63.67548889 -791.14431111 33.67422162
-102.68937456 -770.91309499 52.56156239
-74.36254590 -748.13672787 63.40516879
-40.54306593 -742.20766867 50.69568117
-108.62210238 -768.76131204 59.08490016
-39.89000982 -769.26777354 59.72873439
-111.46904865 -769.85763489 56.67718233
-108.77625902 -772.28443291 51.41984098
-43.09952953 -762.30591430 59.47866472
-70.52466024 -745.62849536 64.98544918
-90.77993514 -751.60623958 63.35424127
-100.20108072 -764.99112949 63.86539492
-108.75278781 -770.85480701 52.70928715
-48.53217679 -777.80141915 56.11103082
-97.17543059 -770.54835545 53.26078544
-102.64451313 -768.75802367 59.18105930
-93.22890000 -770.25350000 55.17623273
-55.23454872 -792.77177483 32.98879786
-109.17472073 -770.30402514 55.49408447
-47.98150779 -746.39033896 27.30627429
-53.07580000 -773.17070000 41.15543273
-72.83580417 -770.17351250 51.69592439
-52.30410000 -749.12400000 45.88593273
-31.17028103 -791.50535927 45.92236533
-69.79206562 -763.01776083 55.12238139
-96.72518974 -768.88545106 56.14504118
-105.69613362 -772.14871004 51.28507744
-108.55071568 -770.05494471 53.96885461
-72.43135291 -770.46928610 51.84964304
-93.60877265 -780.64102219 49.52697046
-66.71068419 -777.74976207 47.60852850
-106.62162979 -770.27684681 55.44336890
-40.08678319 -758.00818739 64.04127390
-54.70438822 -791.42096986 33.86271081
-107.73796026 -767.66405579 62.48946509
-21.38451556 -719.08024756 71.36799762
-69.62832634 -765.88091465 54.03765914
-79.30726570 -768.78046121 57.14334506
-63.69395519 -791.34204416 33.79276390
-50.95800874 -756.13204205 47.60258177
-107.70472581 -767.50458244 63.96988972
-105.78851819 -768.37278668 59.24364035
-93.32774118 -785.40261551 47.17895358
-106.20806701 -767.43383634 61.54891963
-60.42752160 -781.64408573 39.38907726
-51.87055663 -753.74522597 58.35201560
-43.33804333 -789.46013811 51.29423181
-99.53247745 -765.96628223 62.57744334
-77.13133333 -755.53406667 64.07073273
-50.02118889 -752.74283333 50.92124384
-106.84642371 -767.34183505 64.06476366
-96.89306369 -746.94183058 67.65402616
-105.53519550 -766.64319339 64.30643846
-31.97393462 -772.94366923 60.64784042
-53.75755000 -765.69380000 53.69734523
-105.50837876 -766.86001671 62.58489114
-102.91929056 -771.80517353 51.38673041
-52.84610000 -788.28480000 36.76623273
-102.66305089 -769.35802153 56.25646242
-102.69561796 -769.78498480 53.97344633
-46.33839063 -743.51656250 21.10347335
-102.52857787 -767.50619050 61.05342948
-102.67584747 -766.55992239 62.49831106
-102.71189158 -765.70520365 64.04089402
-99.78106349 -771.03717689 52.61651193
-81.93063037 -773.70636874 54.98489109
-41.12900000 -758.94080000 59.87376606
-100.10448401 -772.36317676 51.29868635
-99.83807483 -769.69870293 54.00968760
-99.73220855 -769.12740201 56.18222085
-58.08429657 -798.49088365 29.55673969
-43.08617456 -786.63728821 52.59098279
-52.97311220 -751.48200000 57.29008069
-99.70525600 -768.57397492 59.20075179
-60.93318019 -801.13495264 28.24786418
-54.00207130 -765.16102870 39.19401401
-63.53440291 -795.45483929 31.33972612
-49.66130000 -752.59260000 51.72503273
-99.81084007 -767.43833520 61.02467792
-42.43910905 -759.06799051 61.78575932
-90.78423478 -780.55212426 49.84967661
-95.55321326 -778.18118482 50.80704896
-84.70540094 -771.55911842 55.56695282
-94.28924721 -782.08298071 48.65681090
-72.38552755 -775.70705640 48.36201224
-22.25044943 -779.41498835 61.29678415
-96.72612062 -769.85051983 54.18207616
-30.17555000 -770.38560000 63.76038273
-93.81290650 -777.71605370 51.00544526
-90.95260000 -779.32860000 51.87823273
-54.33018857 -767.67994000 39.29300987
-96.79946070 -768.18140392 59.19080538
-43.32002822 -760.20262393 59.90022079
-48.65584931 -747.67047484 35.09442699
-46.91580000 -758.16200000 54.71283273
-92.88253464 -782.45143464 48.79999874
-100.43925000 -773.32080000 50.97583273
-96.34940673 -751.78336442 63.50312847
-63.39260760 -785.71525969 37.06019374
-97.42482317 -767.38169810 60.87327336
-96.71491286 -765.61047719 62.30595102
-39.70635313 -771.58731206 58.86696852
-36.62545882 -774.61850665 58.58816664
-92.09592857 -785.26650000 47.32851130
-93.22279808 -775.10610302 52.50262856
-53.49283882 -784.69392941 54.53596155
-91.22487455 -783.91286342 48.21616787
-39.51562788 -739.47169903 56.52994300
-90.36263892 -782.71897643 48.97902183
-57.38189079 -750.72574146 59.27250938
-96.44198819 -764.42684121 63.83074077
-56.90846843 -772.29910427 41.51077146
-94.56818004 -769.79861420 54.36190227
-28.89340000 -770.18350000 63.12898273
-92.77012529 -772.66289885 53.80643273
-55.28453429 -768.10603143 54.48911273
-93.74638693 -768.92743533 56.26428461
-64.12312395 -768.52020636 53.60462988
-90.78932171 -778.12982569 51.12018949
-79.55713693 -765.96347776 57.59500819
-93.90337598 -767.77332874 58.79319032
-23.14485000 -731.28185000 64.78788273
-48.01044363 -744.97241879 28.71333899
-95.85924699 -767.10632410 60.57163514
-28.06686600 -784.70159816 51.19385783
-98.85520000 -752.71900850 63.81218240
-78.64468096 -756.70503148 62.09981653
-67.03971161 -748.51402458 63.31936182
-98.75125426 -753.61184758 63.45858598
-94.31441667 -776.14230833 51.67767439
-90.73467683 -774.70689830 52.91820867
-36.75802637 -786.35436688 49.49296237
-40.51949908 -772.59710308 57.31840590
-90.27584552 -776.69068472 51.97514332
-39.79772822 -768.24805879 62.03156860
-24.81220837 -731.72094937 64.13296181
-98.55270556 -752.01570556 63.66576606
-99.54654811 -748.30693035 66.08008965
-90.74474678 -763.75954621 62.29042440
-25.37015849 -785.34631132 51.77457801
-88.30377912 -778.72625689 51.46738574
-82.21111619 -775.02068430 54.30300157
-45.22105924 -762.53735877 58.31823692
-57.51026985 -751.78456586 57.03528545
-87.59186736 -771.31060508 55.28379204
-93.27522061 -766.66785469 60.16507275
-47.97564901 -742.31339342 23.17256858
-46.14216670 -757.80058781 62.38221971
-25.93751223 -734.52487860 62.31264015
-99.09040430 -750.42484172 64.69683079
-93.87685911 -765.16961435 61.90151410
-99.40196488 -746.95116596 67.58727481
-57.06124118 -791.26402353 33.74308273
-101.39382500 -744.52225489 68.04768762
-99.69256139 -744.60643787 68.49264277
-96.61338123 -753.72640196 62.90092286
-87.46369429 -750.40398626 64.64390951
-57.73105158 -796.80201319 30.48695513
-46.43581692 -759.58146615 54.02278657
-48.45136146 -782.97349618 54.98829557
-88.84498554 -782.52981097 49.31623747
-69.85530553 -772.10461246 50.95589937
-90.49046613 -772.45782854 54.21477808
-72.42370020 -745.41467460 65.17273625
-27.06352693 -721.48804243 69.04354689
-98.03142800 -752.48667600 63.77644473
-49.18898211 -765.83916398 56.35621021
-72.68827387 -760.06745589 56.02348928
-88.31080525 -780.54876179 50.44963475
-94.53685461 -763.84000733 63.87908805
-57.85514816 -749.51257592 61.11857918
-60.71550693 -789.56549155 34.62116450
-93.55315714 -764.63280000 63.79517558
-96.79361488 -750.29341043 64.46711082
-72.61079212 -764.96977794 55.13853470
-95.78887063 -755.52807690 62.16231458
-54.97403490 -752.90766876 44.32402189
-93.23845926 -763.81695174 63.19667734
-90.67519714 -768.71609969 56.44740205
-48.65839450 -760.32228237 53.16930773
-99.59976788 -743.03932176 68.83351252
-96.64892811 -748.34518235 65.85744081
-87.63155480 -777.29845652 52.39128151
-55.05258112 -748.35793845 62.29946641
-91.11221806 -767.51701703 58.18220930
-89.73897087 -770.99742290 54.99940687
-90.61247416 -766.28563907 59.57222854
-87.70369122 -774.74389355 53.57772745
-93.42052139 -756.32556156 61.52122418
-25.47271865 -733.17580041 63.13633875
-55.65261418 -755.67880224 52.22829467
-96.67136174 -744.64487064 68.67383867
-51.08302092 -794.89192157 47.13347019
-93.77191324 -753.71589249 62.50168428
-91.02717797 -764.88928789 61.30317860
-71.58027618 -782.71081935 44.77677367
-42.52025497 -742.90275392 47.73997806
-58.59441143 -791.09959333 33.66701939
-71.26640000 -757.42210000 57.58373273
-24.24850000 -788.38175529 49.15849928
-45.26316971 -738.50675098 14.44760790
-88.17497767 -772.67733853 54.45838072
-29.15973333 -782.10646667 53.16588273
-31.17530285 -781.18848978 53.68804045
-95.68581684 -782.06056947 48.62504325
-93.71674525 -751.58822702 63.38559838
-25.96000526 -788.13252895 48.64281167
-93.77761617 -750.05093258 64.33926031
-45.35237501 -768.71200224 56.09955833
-58.06116317 -754.01634659 46.85227705
-51.83646443 -752.73485129 41.58450463
-50.37767164 -759.70175970 58.83406855
-42.97373993 -743.59264766 46.93355399
-92.44018571 -758.78740000 60.61149582
-72.34792838 -754.20804023 60.17528778
-87.81148740 -768.73157311 56.62846478
-49.64277435 -749.96712014 38.04665780
-74.56451643 -766.74008674 54.21164541
-46.57622143 -746.70567024 29.39317082
-46.83360313 -782.37631875 54.79357179
-86.28007692 -779.36495385 51.85609427
-47.91750629 -741.21445035 17.17440126
-84.89067692 -779.79926439 52.36921627
-74.91306983 -768.68963116 53.06085186
-85.97205000 -779.94113333 51.66071606
-92.54398594 -758.59665469 60.80483273
-45.25328500 -758.16230000 60.62759273
-40.19279398 -761.61972224 61.59805807
-90.49444132 -759.24872637 60.29510388
-89.08448333 -783.35030000 48.62976606
-84.77273385 -777.56165027 52.94721917
-52.71350450 -751.59364505 46.69198858
-87.74148813 -756.39079306 61.25917388
-43.63907907 -739.02597941 16.37828532
-74.66836169 -772.04847078 50.71309878
-30.67924116 -782.91999030 52.46398378
-60.35116878 -777.87165605 41.59246322
-44.58383600 -765.19736400 59.28295673
-59.67508301 -775.50325890 42.21219026
-93.68014733 -747.85741697 65.77035867
-54.22755882 -752.49267206 42.45317096
-52.80863270 -762.29977400 38.08329185
-91.64437727 -758.68153273 60.95891727
-50.55395833 -748.13160083 32.88268523
-53.90675371 -751.64992953 41.85499282
-27.36753786 -791.30469893 45.80025558
-94.31939313 -746.55929484 67.05232695
-87.81301157 -765.71132707 58.91821674
-90.68929905 -750.07409186 64.34031044
-88.56768103 -767.32378103 57.79802928
-84.75738772 -774.82136967 54.04173696
-25.25428692 -789.96676051 47.31419889
-67.89764103 -762.79188974 54.60964298
-84.80127073 -753.76946924 62.86857665
-51.11755884 -757.05530846 50.54339227
-23.13547500 -779.45807500 60.60935773
-52.76100587 -777.72399127 41.35383436
-64.65250583 -763.84153739 56.17350104
-93.81320783 -745.10191952 67.81279052
-90.65347900 -753.72974571 62.32870413
-90.24137010 -757.97128541 60.64341837
-47.53743985 -772.00584023 57.58870077
-21.54405523 -720.59001219 70.74026608
-66.40661719 -752.42728197 60.85203336
-88.96666119 -764.34017910 60.86669691
-85.80200227 -773.05272045 54.67579864
-47.55384234 -757.93103705 62.33420794
-72.72521681 -768.73564969 52.71109370
-88.60864658 -763.73545856 61.22562550
-39.76787570 -778.43990104 54.33323609
-46.50633857 -767.89018000 54.46403416
-60.56320000 -773.31034667 56.36549273
-72.53005670 -762.86895992 55.84810605
-87.66717877 -759.57324348 59.96787733
-56.92394127 -765.56484918 59.07013674
-87.22852263 -763.73811701 60.02721201
-51.41728338 -786.61827794 52.91876630
-86.95428703 -766.83676000 57.55022462
-57.66585828 -795.31148809 31.32561570
-75.31459065 -760.69722256 56.89135430
-84.68701002 -768.74947452 56.73511151
-51.18798963 -750.38635425 38.68332675
-82.52908223 -777.14923976 53.48653151
-70.45674317 -764.43844317 54.86433273
-90.74650165 -747.93114975 65.79868355
-46.99811719 -763.74847031 54.24939054
-60.77640071 -798.72153741 29.47620073
-87.66994638 -757.88058406 60.56994986
-74.85333019 -776.74222929 48.27887079
-84.04436696 -773.43900304 54.84233925
-84.89825898 -765.19435709 58.28920054
-68.72485163 -757.92622326 53.88004552
-22.66355945 -729.16354360 66.02406840
-54.33208178 -766.48804000 39.97020028
-49.84248598 -757.65885000 50.15088880
-42.61311435 -783.77955526 53.59482490
-56.35804545 -770.00629091 41.05412364
-28.18537813 -778.61299687 60.36323265
-72.47897753 -777.60063869 47.29895918
-91.41958390 -745.81846383 67.25861406
-85.31744535 -747.71995986 67.41239741
-29.60400733 -776.55636410 60.91031698
-90.54500024 -746.58417405 66.97821951
-87.67581063 -753.73216212 62.53978872
-30.68703564 -777.82417673 59.86196309
-84.62299501 -763.44257814 58.98392321
-39.27600196 -788.36934118 48.82223273
-60.96976574 -754.77535362 49.27545947
-81.65228366 -771.65253222 55.88636943
-33.48987907 -793.21980870 45.22170535
-84.64348017 -756.38570708 61.37024361
-27.60949042 -796.35479381 42.38606435
-87.94658059 -751.90312365 63.52399749
-57.68735853 -789.64082496 34.56573812
-84.60115637 -759.64918523 59.86921905
-82.19265397 -763.78810159 57.48804066
-74.48537778 -752.57524514 61.42770981
-81.63055786 -768.69440935 56.92437581
-29.99824399 -724.36356093 67.87075258
-44.74522308 -744.31328914 43.90527315
-20.64657237 -722.47606459 69.89022533
-69.48198845 -770.56566064 51.95760578
-51.88206700 -765.79430667 56.04944310
-47.02192319 -747.69477536 31.67855447
-87.74612453 -748.35223874 66.06880598
-84.64890069 -757.87813701 60.54946629
-72.24503589 -756.13331906 59.17460953
-81.89274270 -764.91061272 57.89867786
-72.69954253 -771.79481606 50.80064736
-81.53057912 -766.18158063 57.53141845
-20.04039603 -723.56892897 69.37279066
-52.46103281 -783.23074540 54.83748603
-87.55705934 -746.85606255 67.70686830
-69.62496148 -780.36147463 46.20796923
-38.50680889 -792.20731657 47.13455282
-88.06825043 -745.95677909 68.75901193
-81.61908818 -763.30686929 58.26503317
-78.63904715 -755.44603859 64.92663986
-47.72447712 -742.68186536 25.97839417
-24.83089332 -800.71295729 42.40253617
-50.10260000 -756.36305000 54.74393273
-41.93950000 -758.12680000 60.60853273
-46.43470207 -745.54648060 38.64261572
-78.96469996 -762.46506483 57.99613324
-62.99448937 -802.75114843 27.49599021
-79.51226967 -771.00094553 56.52876573
-46.01994888 -758.48372637 61.39128672
-66.91717303 -780.36905312 46.28850361
-35.98131966 -776.69529008 58.00265563
-69.64584095 -774.38128086 49.40705845
-84.56713710 -750.64844134 65.01409759
-82.20044207 -757.97129852 60.41294564
-54.83932916 -753.59081043 53.27274538
-117.51620000 -773.21140000 54.77493273
-85.62201698 -752.06956604 63.66149122
-81.54345030 -759.53436179 59.79577019
-74.56180000 -770.13340000 51.70469939
-47.72787381 -765.08437294 54.27744701
-71.81060260 -759.48463377 54.44534701
-36.95068658 -777.32350813 55.23010899
-27.60922329 -794.82060551 43.12879698
-48.49702823 -759.59434565 58.98838140
-68.95431257 -762.92051720 54.54657162
-51.40299047 -792.29448183 49.49731865
-24.32683947 -720.16970027 70.13783984
-83.91564580 -752.43055971 63.90580419
-33.93899776 -784.31344341 51.03430479
-53.04684444 -768.47331111 40.05635495
-85.13318712 -748.80826056 66.34943632
-27.66506083 -798.29650368 42.14676773
-41.67046667 -757.61830000 63.74866606
-33.68077730 -780.71410857 53.47416194
-24.53846365 -795.32978975 43.25080292
-30.76259075 -792.97152290 44.83117166
-66.69192818 -753.90037816 59.75011759
-81.94099303 -754.28411217 63.13357278
-78.29189638 -762.98477079 57.44013214
-57.80568281 -792.68782359 32.85859008
-76.70557362 -761.82037149 57.87258634
-49.91487623 -776.52589225 58.67491309
-41.02319298 -762.04052456 60.54840992
-74.85627386 -774.68714141 49.26476518
-81.99531689 -753.07244916 64.07954151
-50.39640000 -785.67700000 55.18785773
-82.79451160 -751.37907690 64.74622460
-70.14567500 -752.56625776 60.91759036
-78.63341251 -759.88426565 59.50567315
-50.39568791 -775.84575275 59.46822558
-72.11637289 -780.04542200 46.08786538
-23.39414914 -798.61073771 42.89692187
-48.99742769 -762.43077776 55.74506124
-65.09700294 -777.67035588 47.80020155
-72.04089731 -781.41439957 45.37780050
-47.34856667 -745.68780000 39.92106606
-66.63437772 -772.38803491 51.08064880
-80.47970000 -758.27716667 60.81706606
-72.76422137 -747.07420304 64.30990870
-33.75273633 -774.90062017 59.64847750
-78.40953759 -758.31862406 60.80939476
-72.67405621 -774.21496404 49.29539930
-69.51326132 -783.52685476 44.59550172
-27.68710147 -792.68008426 44.66729674
-110.64880585 -770.15434971 54.28021986
-74.76360000 -770.29602292 52.09957439
-36.94236575 -794.63300671 46.16561213
-69.86445906 -781.79496406 45.49674263
-79.83540946 -754.99769324 63.42893993
-75.89030361 -761.84567570 57.10216228
-36.48525626 -740.92430436 55.35862336
-22.93888013 -800.68511603 43.39554491
-68.91200078 -785.33719225 43.53852187
-63.22813305 -801.30336009 28.29161401
-66.52838607 -757.32117331 53.08203571
-63.02508750 -803.26948750 27.06670773
-40.01551549 -759.79057894 62.64108343
-66.88075184 -766.13467459 54.35206891
-79.52408199 -754.87694391 65.24445817
-56.68275000 -753.88109450 54.17092203
-44.00598800 -740.52915600 17.58478073
-22.92061807 -793.72759926 45.12792481
-63.46049752 -798.65510445 29.63687948
-22.19386667 -794.36874444 45.81376606
-69.75750566 -777.76304592 47.40589625
-76.78060868 -759.91460029 59.32300559
-36.77368290 -780.72986553 53.23959259
-57.62209236 -748.19799378 62.56423445
-63.49367344 -796.87015708 30.53887400
-61.32924346 -802.42780591 27.55073526
-68.05997143 -761.05294286 54.78780416
-72.64649512 -766.28192304 54.17792467
-74.62230726 -751.51532336 62.00762162
-67.59053612 -783.24884229 44.85516449
-88.89637500 -759.46272500 60.85168273
-76.67880299 -758.42771026 60.88871136
-59.92507811 -754.39707030 47.80528720
-76.81601853 -757.30261955 61.81092526
-60.71902636 -792.72825515 32.77798995
-24.28754919 -779.48296646 60.93010285
-68.12460000 -782.24345000 45.73663273
-64.41954358 -754.27879423 59.97392871
-60.68473843 -785.52121765 36.93447169
-55.77725751 -746.80091416 64.15297447
-22.26321323 -775.22160773 62.94978546
-63.48928513 -792.81298475 32.84335469
-27.58845258 -786.42164385 49.76002479
-59.60673667 -750.63527000 59.31523939
-43.43724795 -769.70164521 56.82865451
-67.14553497 -781.77012443 45.49978043
-60.72460808 -796.74652128 30.48329241
-63.52742226 -756.39746258 50.76716890
-24.23448745 -791.67855144 46.33989452
-52.23445000 -788.06550000 51.69133273
-74.24275000 -746.12935000 64.48648273
-57.25711510 -745.56569194 65.56161088
-60.83145215 -795.24461578 31.33919376
-69.73601398 -768.66836295 52.81323050
-63.66433908 -774.56004292 49.98792815
-45.80466932 -780.54791802 55.13939986
-63.55682778 -789.58078389 34.72396426
-70.33173403 -759.34671439 55.22630287
-46.58138287 -744.28941154 26.09885126
-60.60297057 -783.69747789 38.09993891
-63.37432557 -787.23475136 36.07607395
-48.67085909 -780.60089734 55.17000639
-67.01762711 -776.00036767 48.56845723
-58.91489809 -800.53513758 28.40528750
-66.72654559 -774.53165801 49.63805399
-61.49450000 -791.28661364 33.76601455
-47.67405273 -758.52450515 61.52318530
-46.84595455 -765.65592344 54.46905665
-63.09879367 -783.79171301 38.50369514
-30.94576009 -738.40551933 58.85047220
-43.46515056 -764.36312416 59.16935239
-63.88596094 -765.57454414 55.51905660
-66.68338828 -768.68338730 53.11361586
-33.62913666 -782.76477129 52.16269233
-33.55373915 -789.67861556 47.31697092
-60.70001219 -787.02080264 36.04043328
-67.00225495 -756.89236287 56.68201333
-60.06234839 -791.09485054 33.65074402
-72.83225066 -752.86494812 61.04167409
-66.81766427 -770.78194989 52.01968731
-29.40268729 -796.79715083 42.65536201
-60.77354958 -768.80615768 56.19753767
-60.13971721 -771.69376429 56.91191934
-72.59913188 -750.74091369 62.07290113
-69.21027923 -759.44917736 54.35138539
-49.94670676 -757.15168282 53.17193188
-54.84773071 -783.67885115 38.55384260
-30.78945839 -789.71942276 47.04617851
-45.38294691 -739.14736991 17.09513231
-66.24065982 -764.80262706 55.06802899
-57.80384231 -777.74833164 40.70427656
-42.64719274 -757.99354592 62.55702150
-72.67407152 -748.51589679 63.31487913
-69.92900877 -756.15135171 58.36259079
-69.16178276 -757.20429688 57.13013564
-64.94117500 -776.06643333 48.49685356
-69.67650799 -753.92808208 59.85692840
-66.82584876 -763.12644684 55.69087786
-49.18789883 -794.76895074 47.46501842
-63.91197141 -772.37326443 51.16827755
-60.81953322 -780.28331009 40.45824033
-57.81927526 -786.96583331 36.06796300
-56.01266324 -796.64929265 30.56172243
-28.00201311 -787.81884328 48.42699808
-55.69079464 -795.11320310 31.51747027
-64.18771140 -770.82893676 52.03784625
-27.72119303 -731.60478819 63.97204047
-67.18759446 -758.83030282 53.59649549
-35.03893125 -741.86572500 54.65126398
-68.12640000 -767.53560000 51.13759939
-62.67972157 -776.31851569 49.31542292
-44.10033333 -744.11613333 23.94139939
-69.75921544 -750.71847954 61.90326137
-57.55258907 -785.51405241 36.93052330
-64.64497520 -756.84913307 52.07988726
-57.66190324 -783.72121197 37.90436401
-69.65927466 -748.39254998 63.28125496
-53.66667261 -762.94843543 38.51221490
-62.00230000 -776.35195263 49.40696694
-50.70834961 -758.64792913 49.73360753
-86.76310000 -773.70170625 54.84288273
-69.86262083 -747.01812829 64.16843530
-45.73691691 -774.74212963 56.38145631
-52.88056426 -784.43431924 39.27361795
-61.85577210 -774.90457554 50.17047859
-57.58073506 -781.04992811 39.25179431
-33.93568136 -741.04212665 56.14726726
-54.74861396 -789.56317496 35.08654181
-48.09640000 -743.21540000 20.54143273
-33.92078247 -778.34960431 55.05927700
-66.56073924 -755.79149199 58.23950731
-58.02344136 -779.74649254 39.96023035
-54.70604083 -777.71054346 40.77559800
-62.09901111 -772.92629722 51.07030773
-38.73722835 -789.66050735 48.06470554
-43.66212150 -738.18224553 14.22400676
-55.06888261 -787.49977980 36.29033951
-24.76462739 -792.95905379 44.64967419
-54.45359408 -786.23421223 37.32994277
-38.49843818 -787.95212818 48.62262364
-51.16274570 -781.00796992 55.04441952
-66.88056446 -750.74221279 61.84446276
-62.72680463 -767.59700242 55.02022282
-54.15511885 -753.66608298 50.42604432
-61.85723627 -768.85316863 54.59578665
-25.26488645 -779.71415849 60.53338370
-43.88585000 -739.67670357 19.63677916
-45.64718466 -790.08121386 51.08578706
-64.87368757 -757.02995562 57.28007947
-55.41387580 -781.34952496 39.39667834
-41.75677849 -778.52508430 54.43520604
-48.61284977 -760.42106866 56.42975073
-30.57554268 -731.51431136 63.91883197
-62.05747143 -766.96547619 55.56279701
-64.49664468 -755.94678531 58.55212868
-48.61676181 -746.92716493 29.17432613
-58.21590279 -768.03515227 57.88915764
-57.68001526 -774.91161796 41.56967040
-66.92487306 -747.81875673 63.88335158
-53.05978844 -788.83050231 36.15998648
-24.68960593 -774.63246164 62.68491904
-38.22475000 -734.06885000 62.60628273
-54.41703089 -780.33012771 40.14179423
-58.74668229 -755.43499531 47.31328741
-32.54510750 -727.18294083 66.90717023
-30.59597377 -787.64938282 48.37285603
-53.05185385 -788.06620000 36.64995580
-52.96340507 -786.62529931 37.81816752
-62.51548980 -755.05551327 49.93999497
-46.66269726 -742.73761164 25.32600465
-48.18389524 -794.64139762 49.21176844
-51.61474070 -793.60606614 48.27498321
-21.67405940 -777.65298806 62.19749654
-64.28625983 -752.93325783 61.27443728
-22.94055000 -797.11195000 42.49648273
-52.96893713 -775.27278234 41.28461027
-54.58701491 -774.84703522 41.16613630
-51.46858171 -790.03965343 50.98126342
-33.54076880 -771.12217196 61.35603160
-54.22816010 -762.99822342 58.36794710
-64.58939412 -752.09232941 61.66807979
-61.31267517 -755.87388373 49.66163502
-59.39292917 -754.99786944 56.10561745
-53.43571321 -782.59214434 39.84379499
-65.12086000 -779.48549000 46.84941273
-43.42870109 -788.42611028 51.81309618
-54.68663210 -771.78530699 41.01153087
-57.62635032 -768.87546121 57.17590253
-57.76775677 -771.19413631 56.52481128
-46.84542276 -793.40877313 48.49943982
-52.76129714 -780.72934090 40.89658370
-74.31033333 -753.64246667 60.66303273
-32.40965000 -779.35886750 58.54592273
-54.65907179 -768.89415545 40.46214655
-36.95844236 -778.67193051 54.39003068
-43.21360909 -740.56040909 15.14807818
-51.31107430 -788.63733113 51.93359734
-60.19286354 -755.69477326 48.10092873
-98.38370000 -764.19050000 63.99613273
-48.60706817 -793.84171494 48.34754051
-50.87018650 -781.92691224 54.66261669
-48.77605186 -792.49347775 49.67230904
-50.39786409 -760.68130055 56.43846919
-55.54700965 -770.78041958 56.05040503
-48.69225663 -790.36879694 51.17991220
-37.31957208 -759.39969832 64.57300436
-93.63459180 -745.92385574 66.61920486
-45.13168496 -782.00446860 54.65002244
-51.44767491 -783.93985203 54.18983985
-54.83834067 -768.55587002 56.38098099
-48.57066023 -788.89068669 52.06700297
-35.47874927 -793.60208886 45.58863801
-56.52833477 -766.82652615 57.47058196
-39.62860416 -741.22521169 53.36935116
-48.68043377 -786.68558834 53.06880037
-40.76639479 -758.06054645 63.45233699
-33.81802605 -791.78246899 46.05017717
-50.51945000 -761.90153750 50.60593273
-59.39060735 -755.47749706 55.89716214
-58.46893564 -755.60433321 55.38157188
-48.98537016 -782.00166152 54.66077566
-57.19409405 -756.34928743 53.22713868
-57.02693810 -753.23202017 45.01084141
-57.50743655 -753.46997267 55.64644391
-54.62917414 -765.71904911 56.88566496
-37.88427078 -775.67857626 56.74435282
-55.59570314 -764.95155603 58.55422421
-54.46995535 -752.87757959 55.66011009
-53.03738750 -766.98241250 39.92219523
-48.64472385 -783.74706174 54.27560684
-58.49652174 -752.48094783 58.02831534
-46.36701677 -792.16251027 49.64375799
-47.52181111 -740.08793333 19.58831051
-52.92154737 -765.38194211 39.12946431
-56.65231064 -756.31439574 50.89380081
-50.60078115 -777.77818339 57.00227554
-45.99061169 -741.98976089 22.91438008
-83.48555000 -758.25165000 60.76603273
-54.86656080 -755.90733466 50.72538926
-52.02768402 -768.54578528 56.39244118
-45.90674630 -788.71914730 52.03773713
-33.52156973 -777.44764305 58.63129171
-33.85910341 -786.39901549 49.49174250
-24.69019648 -777.78266904 61.69093206
-24.99846667 -791.13916667 45.02086606
-53.75861123 -763.49756600 57.15797614
-45.71419605 -786.78639387 52.92608305
-45.57471667 -740.41365000 13.78676606
-51.76325439 -770.54730538 56.60625681
-34.01052738 -739.70216601 57.31872930
-36.31052700 -733.44542574 62.98975128
-50.97586863 -756.85087314 53.04046246
-54.04157113 -758.71902042 52.38261019
-101.95380000 -770.24650000 55.12933273
-48.26781731 -772.36031168 58.23142498
-45.62026861 -783.79796540 54.11024565
-39.08888370 -736.77589416 60.17497024
-51.86599318 -762.74259027 56.20712185
-49.08529249 -774.87851697 58.51228387
-54.68018100 -750.50320163 59.25170205
-54.85500839 -751.76254888 56.77492646
-57.25134000 -746.73949498 64.33038214
-53.00378614 -762.51056634 58.06801095
-47.97066433 -775.14562853 57.02550912
-52.62170845 -754.03729881 50.52172116
-36.55965757 -784.22131965 51.08694374
-52.29888945 -753.61547577 46.85276331
-54.83044545 -749.42030685 61.05782606
-45.76459513 -777.71938778 56.02014581
-49.71326591 -767.39022727 56.69411000
-27.81497456 -733.09987024 62.97148664
-51.10368170 -762.62701638 53.95836837
-35.75896301 -794.52931849 45.60189711
-52.32857555 -754.52996966 53.46165175
-79.52756667 -767.28566667 57.83759939
-52.33523305 -754.19419251 56.27633475
-45.70440854 -771.79563364 56.66675733
-42.33123236 -781.19728019 54.12160416
-56.01372177 -746.01574966 64.79621232
-46.90520000 -771.80140225 57.96436531
-43.21681913 -780.17665405 54.98437446
-52.90667428 -750.60107262 58.77224831
-26.02470000 -785.12486400 51.64814873
-53.88204078 -751.18929126 50.54042593
-48.49541384 -762.80059330 53.70773645
-42.89301994 -777.46890538 55.32691134
-36.78677801 -792.53280271 46.43450116
-39.35561366 -786.53479841 49.77076104
-39.48043943 -784.33111361 51.16251303
-39.82281011 -783.01066541 52.33265068
-41.08806667 -785.36263333 53.03172162
-45.69245661 -759.49555746 59.25682998
-36.73044351 -789.65884664 47.62185294
-62.62570677 -780.95265759 40.61080972
-34.10451720 -772.54833583 60.41250421
-46.46308489 -766.32305958 55.24003547
-42.68927707 -774.67913496 55.77360131
-41.58438872 -770.84421071 58.19849219
-39.65410152 -780.68248367 53.20837313
-36.63492153 -787.84248168 48.51437544
-46.79205833 -761.46131667 51.35510773
-42.70988345 -771.76475895 56.43573486
-47.53247705 -762.88649016 57.85336551
-46.34957513 -760.26962970 56.91091056
-44.66642522 -768.36647841 58.49382041
-32.85713838 -794.74556387 44.44208231
-39.55975666 -776.94267397 55.05961987
-25.35970677 -772.63234169 62.93605368
-42.68248316 -768.90685304 59.28562971
-49.73068000 -766.24568000 57.85665273
-39.85923790 -774.79588411 56.19530954
-36.60226937 -782.73936000 52.04420812
-30.75016837 -771.60786084 61.69767889
-30.66251382 -795.45350847 43.49488346
-33.77717061 -787.86487298 48.51299308
-30.03808000 -797.26296000 42.74765273
-31.59838019 -775.12367862 60.56503690
-29.50231273 -797.56240528 42.55499701
-42.04610552 -768.20989404 61.75186360
-38.73054700 -773.83950000 58.02634153
-43.23005000 -767.17170000 61.08258273
-26.48043095 -800.36780238 42.02648987
-30.73497683 -786.23961820 49.64741609
-24.78848732 -798.60927424 42.26431911
-36.83635985 -772.04101560 59.81908303
-34.26626850 -778.87519966 54.47943290
-30.79097252 -784.39856274 51.07533721
-27.74992110 -789.74317336 46.97091756
-65.30507619 -797.59555000 30.12521606
-25.38767739 -796.63823464 42.52240645
-41.51282000 -761.39714000 60.98621593
-23.62543843 -801.15609791 43.23841037
-48.42733333 -780.58065000 57.81691606
-37.80795348 -769.82151565 60.54163229
-43.72887674 -743.93945696 44.76363827
-36.87376068 -768.84940589 61.89406638
-22.66932684 -798.60102179 43.52965838
-27.16723191 -779.50794022 60.22812554
-30.84833951 -779.92536940 59.23307417
-27.84396025 -783.83950376 52.30535215
-41.76844864 -742.38305649 50.00228681
-45.75446036 -740.64514704 17.82089249
-39.19075302 -758.80552440 64.16744897
-37.91257356 -760.38122692 63.44722359
-24.94041439 -786.96496532 50.28729585
-41.79858154 -743.34724769 49.02194350
-40.94095185 -743.28213704 49.41249199
-22.65938282 -793.14732182 46.29274694
-41.37541409 -741.39748859 52.25148642
-45.59508004 -739.60500672 19.71270797
-30.36310719 -774.71196546 60.99754677
-25.79330690 -784.92023678 51.89435629
-33.10929621 -768.83968905 64.21206095
-33.71986036 -769.46020828 62.85902628
-54.83297033 -751.87627692 52.99273163
-27.45211916 -777.32297382 61.25632943
-27.67373378 -774.83066758 61.81467449
-39.52286154 -740.44775262 55.05352582
-43.81759394 -741.05331212 20.03170848
-30.89924497 -769.33772965 64.61080463
-31.27485184 -769.86401964 63.03037510
-27.63551552 -727.44374627 66.28898622
-27.80205942 -772.00731668 62.52077273
-39.42108527 -738.00358763 58.72087376
-62.30305000 -755.60537500 48.55878273
-37.26592436 -741.65949289 54.07329348
-26.21730000 -779.25490000 60.74113273
-36.82025201 -739.37053994 56.68612055
-36.70786892 -737.91766825 58.52700742
-38.71610908 -735.78622242 61.29875611
-36.63972329 -736.56679053 59.98709423
-36.86591849 -735.06338792 61.59598965
-33.48911790 -738.27521401 58.58057562
-33.75318154 -736.45247572 60.01034778
-35.98594492 -732.00962315 64.21800944
-33.76656547 -734.97250811 61.32943844
-31.83804718 -740.42412326 57.12133638
-19.98404403 -777.81643208 62.18302941
-33.79456638 -733.11053179 62.81347254
-31.69456327 -739.94894031 57.48965824
-35.49443444 -730.89208459 65.01497714
-33.94034288 -731.65383881 64.10975917
-33.62254899 -729.89487556 65.36982494
-30.73473164 -736.63589502 60.20187019
-30.74740605 -735.12202817 61.42730294
-30.68221025 -733.01331497 62.88975325
-28.71760655 -737.65890507 59.70325662
-89.97357500 -753.60262500 63.76298273
-30.68506179 -729.75496551 65.04062170
-32.83571788 -727.86139218 66.49494446
-27.74435908 -735.25176680 61.56782070
-28.46073268 -736.71576657 60.38785702
-30.57974717 -727.58198964 66.35239801
-30.82618728 -726.23157704 67.11816229
-27.78486544 -729.66686064 65.12901457
-27.72204349 -725.88243053 67.07180397
-27.68384100 -723.66426215 68.04541593
-24.61942639 -729.71479474 65.32930836
-25.00218920 -727.59042821 66.41224509
-24.79313909 -726.13537027 67.12761096
-48.82928862 -748.03187846 37.35997703
-53.40607000 -783.88164273 54.82081182
-24.71085065 -723.78921352 68.17548480
-24.77821584 -721.35312489 69.28235940
-22.62935937 -727.99465812 66.61448523
-32.08984286 -779.39404286 54.76070416
-21.94371349 -726.52626893 67.49913035
-21.84346235 -728.33022471 66.82496449
-21.73637986 -723.80556988 68.73441689
-38.22510000 -771.44490000 61.32773273
-22.72691381 -721.82517910 69.56965773
-20.18545000 -725.26160000 68.56423273
-19.98023363 -722.67193584 69.98227963
-20.04211336 -721.06255115 70.73768065
-45.71404890 -744.97490815 41.12025457
-50.60607843 -753.06665490 33.33561312
-28.14575625 -791.15728125 45.67780148
-49.55129672 -759.36301388 50.96302123
-42.71385600 -788.06643200 51.66347273
-52.43760965 -759.84931591 37.27294850
-53.33692273 -760.94455000 37.89288273
-57.88640000 -755.21090000 45.55843273
-60.09162727 -756.01416364 51.80606000
-31.38425000 -730.59355000 63.67018273
-43.98400000 -736.99532000 16.39965273
-46.63570000 -746.25456667 40.84549939
-62.92470000 -782.33532449 39.81012660
-68.19700000 -785.25200000 43.70323273
-114.60890000 -770.27720000 57.87318273
-79.75206294 -765.48881678 57.79347958
-92.65828000 -758.11736000 60.68305273
-65.71643632 -756.77917158 51.39765694
-50.02445500 -753.45971000 44.87987523
-44.28020000 -743.91581818 45.98938727
-44.66046035 -736.57196079 13.97176092
-56.15285000 -797.36160000 30.23923273
-65.37962500 -796.82597750 30.53926273
-23.01648125 -798.03781250 42.52167023
-65.36935983 -795.46716325 31.36527375
-65.34226835 -792.80502911 32.80566817
-22.84646892 -788.44100270 49.89858273
-22.94821387 -787.68318290 50.39797886
-95.57065206 -783.08048923 48.15565266
-53.38653700 -785.39685900 54.16909573
-83.11955000 -779.28055000 52.68618273
-25.99275000 -779.14501000 60.68512273
-52.97890000 -767.23425000 39.61148273
-50.90386905 -753.86630425 34.77840314
-64.77509474 -758.37126316 53.51822746
-48.59693884 -747.59275155 32.39002016
-47.50259677 -739.22987419 16.97819402
-46.87736129 -745.03026682 28.45803088
-48.60330000 -750.42101111 43.14369939
-46.68548660 -746.38548351 37.91271829
-47.14390000 -794.24440000 48.18203273
-45.65502255 -741.21547259 20.40815209
-49.92224653 -751.12909604 41.03011293
-68.91700000 -782.57619000 46.17892273
-54.60938667 -755.96514667 46.98712606
-30.34210000 -788.27510000 49.88773273
-48.02515474 -744.63324126 26.61029013
-51.96656998 -751.86725981 43.58404431
-43.59146119 -736.96893582 13.37918347
-23.67440000 -719.12305000 70.59973273
-50.34692857 -760.42792857 52.24472558
-47.44712000 -739.59128500 14.07274773
-51.63147246 -748.53356957 40.63269650
-49.81169091 -751.92050000 47.50775091
-48.59150000 -740.95774000 15.35137939
-48.45585373 -745.80855373 32.24051332
-51.83256078 -755.94803725 44.61076410
-90.50381739 -746.06613043 66.62042403
-85.88150000 -746.15990000 67.49233273
-47.67924500 -741.65000654 20.33651311
-48.16500233 -743.70866667 23.75986141
-38.12175000 -771.76455000 56.71723273
-49.61629583 -750.34966513 32.72176080
-50.46688923 -750.58711846 32.82163042
-46.97095870 -746.01712174 36.20136751
-47.77224636 -746.03519909 35.88418727
-50.75799185 -750.84495107 35.36671041
-47.53029321 -745.81558210 37.81455248
-49.58872771 -749.89006465 35.37068177
-50.15467222 -752.85737778 34.18664384
-51.57808573 -756.68501965 35.81002629
-51.68055169 -751.14787908 41.22232395
-52.16271143 -758.92101071 36.36671201
-48.42445000 -749.06945000 41.91583273
-54.58723042 -752.00853646 43.23128294
-51.69205824 -753.05201312 44.44082897
-49.71351875 -752.91663750 41.78122023
-54.00407529 -753.25394176 47.04743991
-54.99095294 -756.70887647 45.05078567
-49.48516047 -754.35136512 46.96353505
-38.43550882 -740.11623676 54.35502832
-37.96037551 -739.94462449 54.47998375
-49.98877368 -756.12094298 47.41560027
-56.97470213 -752.95588936 49.89972847
-52.81978571 -752.04032857 54.07280416
-78.06793069 -761.06214950 57.45998322
-90.13878788 -766.86837879 57.47148727
-95.55133571 -764.13116000 63.55140273
-52.75792593 -764.72460741 54.46356976
-44.13020000 -758.97230000 56.44983273
-46.04617037 -774.20818889 58.18404013
-34.19910476 -769.96660476 60.66530416
-22.53855000 -774.29221667 63.80966606
-42.77273333 -775.93878889 58.22979939
-66.27296667 -752.05290000 60.47239273
-51.76021000 -751.64364500 48.84327273
-47.10556667 -746.04900000 31.16379939
-62.24202500 -778.93015000 41.70093273
-55.46308929 -767.82718214 57.88419344
-75.03217273 -767.58352727 54.80522364
-56.44358169 -764.08962676 59.61953554
-46.17928531 -743.74705388 23.62360334
-50.70964444 -745.68208889 29.66209939
-50.32440000 -746.48290000 30.06998273
-46.95779206 -746.52534921 35.84121685
-50.79648071 -748.64641857 35.29961987
-56.22780000 -752.11460000 43.72103273
-53.78069333 -751.94224889 46.96023273
-56.33475000 -751.82195000 54.52689939
-59.33132500 -751.50195556 57.00883273
-59.31430526 -749.53182105 61.04301167
-74.32078298 -747.09265745 64.13320294
-67.47400000 -749.55340000 63.80153273
-53.47853704 -763.63910741 54.11283273
-78.49383226 -757.89685484 60.51398757
-59.59413234 -769.25722036 57.91545967
-59.13666667 -770.34733333 57.83743273
-60.23676452 -770.65542581 57.89798918
-107.33159063 -767.16019687 63.14190773
-68.34253333 -767.49546667 51.18279939
-38.88247368 -767.14304737 62.52907483
-65.54720000 -790.88340000 33.66553273
-45.57244848 -736.75884242 16.73863879
-46.61520909 -739.94878182 21.94835091
-86.15260000 -767.25170000 57.87683273
-50.14482500 -752.52861875 33.52437648
-51.95409467 -752.80739600 38.93838073
-52.57029231 -757.81512692 36.96518273
-43.42176667 -742.89190833 45.10989939
-51.34630000 -747.45020000 42.75008273
-41.35475283 -784.22973208 51.51852518
-49.22227429 -761.64226429 50.75958558
-50.94984000 -758.54988000 48.36696273
-46.22998750 -757.62341250 57.16163273
-53.92872115 -749.00421154 60.18266734
-59.25382727 -748.71665455 61.94320545
-72.47086250 -768.17656250 54.98152023
-74.53658750 -766.39155000 54.80730773
-79.93265000 -755.53640000 66.76778273
-97.27450000 -770.30230000 58.59103273
-95.45231429 -782.44868571 48.79320416
-37.81683750 -767.13686250 62.87618273
-37.62267500 -785.44927500 51.93765773
-32.83078333 -786.07088333 51.90841606
-38.35865000 -794.25975000 46.76203273
-32.89278000 -788.86440000 48.77757273
-65.30047727 -790.10935758 34.30213879
-62.50875385 -782.06211538 39.58709042
-44.27436667 -767.18296667 60.80639939
-86.97946000 -752.27996000 63.84205273
-101.27845714 -746.48134286 67.15617558
-101.27110000 -743.15410000 68.75863273
-95.25140000 -776.23220000 51.72673273
-53.32375000 -790.76775000 49.94918273
