-23.40632332 -789.49117909 58.37646786
-106.07908029 -786.88610048 53.68434526
-41.18094249 -792.79719578 55.70404453
-20.45260044 -802.64404487 38.53794876
-56.58997233 -736.76314861 68.92196012
-48.34797143 -742.85614286 31.72197857
-89.42626250 -757.66287856 65.70082551
-92.37496106 -754.40697095 66.11517925
-37.46389098 -758.71046090 68.22470789
-53.99374890 -742.55333912 68.09097724
-62.22958830 -796.77927998 30.06075805
-52.59526581 -763.26318366 57.58795690
-104.30699843 -771.27825890 59.00218719
-23.63299904 -726.65190179 67.50797690
-34.62966680 -794.16169699 51.36013860
-27.02028618 -732.90105930 62.18054361
-40.16700114 -771.31327159 63.55213718
-48.14954658 -748.53143484 33.18378767
-63.93141333 -755.94444000 51.88310619
-47.27572051 -744.63027528 24.29846758
-22.79395704 -779.44502333 64.18683360
-51.76519626 -759.25677570 37.75899099
-55.86115833 -759.11960833 51.28988452
-24.43826286 -729.55733857 65.11210286
-32.08504737 -729.26154386 64.33697321
-89.03275434 -763.85079696 63.46538819
-55.39970917 -757.52119358 54.18256855
-49.69356164 -749.05314657 32.69913196
-98.53380320 -778.58239858 59.04759231
-49.38267160 -770.70690988 60.78875726
-122.35415398 -770.00007093 56.22916642
-59.34699859 -788.06967634 36.39810087
-47.64813629 -797.71732310 51.85556602
-45.26341852 -743.91984074 39.82325582
-98.27710062 -782.01173006 57.72229556
-46.61550290 -767.38490580 59.08084503
-118.04122500 -764.92315000 67.03329286
-42.89980000 -798.04350000 52.20309286
-38.31197921 -737.11770067 56.56789504
-35.38598239 -791.27992804 54.18185672
-47.07083255 -790.85528333 56.33042210
-56.18893840 -778.49199578 42.32400843
-44.79293835 -805.82242795 45.66275419
-62.35548634 -800.43467719 27.87179614
-45.10215092 -744.49153676 41.46761236
-58.39520870 -777.14257536 58.24764503
-77.56707049 -770.72218947 57.93981504
-59.46476262 -791.54671050 33.73817315
-48.90190000 -744.73582500 24.67589286
-26.21647367 -784.78823815 60.32246259
-53.98036731 -766.31896708 40.97301671
-119.07884306 -768.47357276 61.56492412
-46.78983750 -744.84324167 17.78261369
-21.44068017 -723.47625862 70.53675320
-57.45608000 -775.68198235 43.20251756
-28.53826026 -803.49963223 39.67510183
-46.42551338 -765.87645382 65.13080448
-62.33514655 -791.56868271 33.78728628
-64.13963941 -785.19727785 38.76634725
-53.61574040 -775.71213573 43.21666598
-52.51710400 -753.41220426 65.09659415
-74.74830476 -743.92832143 66.78032619
-81.89796667 -754.26702222 63.53879286
-51.05843176 -776.53755993 60.79698889
-96.15960997 -746.62380979 69.32745660
-98.44762154 -765.98887931 64.59814954
-38.28575925 -784.50936371 59.19723128
-86.44749167 -762.06122500 64.14188452
-53.19084665 -763.03232533 39.32019326
-49.32532108 -797.63727108 51.85338924
-39.94695026 -737.07932381 56.86317540
-21.32364466 -800.02852015 41.77344368
-52.19448920 -758.18646039 37.63368579
-52.53601903 -751.25245215 41.55426897
-38.67024846 -739.16838368 53.31777441
-116.53673519 -769.63939496 60.03551257
-39.44017801 -802.49458050 48.71318497
-43.47785000 -789.13898000 58.12823286
-29.24228345 -777.71236388 64.58141358
-26.46546381 -801.68335615 40.81088653
-61.29936667 -774.02143333 61.08579286
-112.08494250 -744.84765792 65.85184911
-64.75729112 -793.73615562 32.19505449
-118.01721111 -771.10422778 55.17253730
-48.18827685 -789.59560788 59.73243966
-57.64268571 -780.23875714 55.01942619
-56.86313759 -772.45329574 43.32155740
-63.88534000 -776.93778000 54.71127286
-63.35212174 -776.90680000 54.85961170
-114.39667385 -764.70503385 67.25322978
-23.35587721 -808.47611467 34.51743713
-26.18932720 -800.26037070 42.27585381
-95.14795630 -772.53358745 61.56010487
-110.30262096 -770.54920524 57.46156963
-95.24019678 -754.24543476 65.20360281
-56.13039474 -753.35767684 45.38439707
-59.31429062 -774.15066384 61.24287226
-92.16942138 -778.63183443 59.52558751
-50.63826407 -748.59644868 68.76899485
-28.41817191 -719.43628123 70.71642245
-40.79569288 -778.23075465 61.78818373
-94.93070876 -757.20890603 64.35321189
-18.68537442 -780.77743023 63.49839983
-45.44976694 -741.56191983 18.20393583
-14.37023630 -790.78388498 56.91312619
-38.37177395 -796.33646802 53.06561499
-56.33096863 -757.32976309 59.51375084
-73.78001636 -743.85036000 67.18478558
-64.71890000 -795.23959436 31.26983081
-64.38564246 -755.77657356 53.35902005
-53.51052440 -754.11475646 62.33819017
-100.93028537 -767.87084959 63.98016440
-29.23860103 -724.19449103 67.91259516
-72.01552026 -748.84605042 66.18919022
-36.88065000 -785.83090000 58.06879286
-53.36004588 -751.43419148 65.59001931
-25.18795000 -716.98032857 72.80849643
-80.21350306 -781.44348525 50.44752815
-41.45937146 -778.61219145 60.90395986
-43.22689333 -777.24087444 60.00764286
-53.78445389 -787.27012441 38.43192163
-26.26008807 -761.35700167 63.57055277
-71.35972214 -765.78902482 61.35001335
-49.60452500 -742.24435000 31.03256786
-53.29950000 -750.02250000 50.87759286
-54.48924314 -788.74747190 36.90605822
-44.29768399 -772.68915456 60.38804957
-98.46459737 -775.59151484 59.97195833
-82.77380000 -773.94510000 55.06113036
-42.96265000 -777.75310000 61.16089286
-71.60464130 -776.97914783 55.04158416
-47.84773422 -760.98176838 59.53330661
-40.65675779 -740.30080277 50.45988658
-41.67838769 -765.29738051 64.46487252
-116.16220529 -765.99642237 65.39010953
-107.19164202 -754.26863685 63.59678791
-52.80763333 -760.38461429 40.37504048
-78.98925000 -761.47117500 61.06728036
-48.73866000 -750.33710000 41.92613286
-27.50522059 -760.61216029 64.26750756
-73.86391242 -771.32556166 58.27165952
-38.46126744 -781.80859544 60.42707599
-40.97329291 -781.73483785 60.62738278
-30.72899091 -776.89904545 67.14734740
-22.34972500 -801.00765000 40.08359286
-110.06806472 -748.32013643 64.76207721
-109.34626261 -751.74403005 64.02574882
-74.48566120 -781.87058650 51.32721115
-39.75296667 -741.04883333 50.36355952
-51.26923595 -757.01890694 36.62408647
-30.53505556 -804.22255111 40.32643730
-62.22609120 -778.43390259 53.66994071
-56.30499236 -790.24626611 35.19259456
-100.01800035 -745.06838556 68.44703124
-39.57204219 -779.77711563 60.98716083
-21.64117536 -724.59922174 69.75626822
-64.32758829 -756.46185405 51.77548295
-35.37601032 -784.45553436 59.58604114
-39.93850000 -737.98645000 55.01934286
-76.35043235 -780.26169916 52.25619370
-101.23557385 -754.42129309 63.59488062
-59.07780937 -778.73162984 42.51829400
-23.53554023 -716.76481558 74.02834725
-55.41882097 -763.72539318 58.90746740
-101.10214658 -786.42527808 55.37381409
-38.41720603 -763.56616315 64.94462903
-101.33216698 -771.71246982 60.23999042
-80.35353017 -787.04628889 46.73654146
-107.30949766 -748.73731976 64.72809310
-51.15330000 -798.07152500 52.23829286
-101.31398861 -769.29393284 62.30452747
-37.79614870 -764.92826883 63.98408701
-47.01727419 -792.55104767 55.41065890
-38.33904746 -738.15655593 55.31439116
-62.64616485 -795.22550126 31.25780876
-60.04637288 -777.61813695 43.36380743
-32.41316545 -734.04785474 60.45055267
-51.61740323 -753.38904447 44.54750660
-74.70770429 -776.79032686 55.00309557
-36.94237143 -791.23890110 54.68914121
-104.18452935 -770.37365492 60.03097028
-82.34862857 -782.88870714 49.01105000
-46.74984264 -743.10730978 26.35086988
-107.07384357 -764.05703135 65.51002045
-118.40583912 -765.95995853 65.97374109
-43.14348969 -742.06386260 46.63397225
-86.30216445 -763.37037387 63.39715569
-77.17387917 -763.04560476 60.18517470
-40.22237422 -739.06432118 53.10666314
-50.79876404 -749.63857464 41.08751668
-105.15946860 -785.50526639 54.83644547
-116.51164167 -772.10299281 54.66246132
-29.37610770 -727.53262438 65.74154951
-32.10126432 -763.80065429 63.96331444
-28.07990000 -794.99110000 49.08780536
-52.37624513 -749.14804336 42.06026631
-69.12847738 -781.12084127 52.83991685
-41.99482572 -741.61102840 47.83120279
-74.35321112 -769.48553778 59.08682475
-56.03334822 -770.36006271 65.12550278
-100.25268478 -780.34966848 58.19280916
-95.33479785 -760.25531328 63.65377809
-56.94585143 -754.81043714 49.70071714
-53.11578524 -751.80571054 44.69656605
-69.31434645 -759.32739472 56.18215297
-89.28066817 -754.57548172 68.01070179
-79.66907972 -762.64272378 60.82062712
-59.53548101 -800.44846070 27.87153865
-69.55397931 -756.15632414 64.24206527
-48.78565000 -749.55287500 46.25744286
-56.15170031 -776.18263636 42.85794914
-26.40029588 -790.66355097 57.59316476
-25.62486733 -726.23458861 67.30648890
-104.40998019 -743.59032123 66.78825833
-47.17442000 -741.74510000 14.99275286
-18.75250000 -805.00645000 36.87515119
-30.09874615 -728.75959744 63.91948516
-103.30530336 -777.65140709 58.28337457
-50.11741405 -796.11815643 53.13271374
-48.00898083 -769.50593040 62.26849195
-47.93251270 -747.70955079 30.01854841
-71.51210110 -767.13224036 60.71198855
-32.10794375 -735.99811425 58.93146361
-30.34460000 -776.99740000 64.04789286
-24.33959563 -762.41941187 62.67119223
-40.80100030 -788.66267682 57.97422649
-113.42081015 -766.32255883 65.36025727
-51.44930000 -762.39815000 58.23044286
-44.05596472 -787.45816959 58.92249820
-112.18131698 -768.21241509 64.18099097
-56.80226525 -791.74331962 33.96126535
-54.90730000 -792.10625000 34.12939286
-80.12692257 -761.51344459 61.70971450
-29.52204466 -802.49463860 41.31585950
-52.12605300 -750.84459493 39.55067074
-46.16977895 -739.56299684 20.81944531
-107.50211695 -750.21835876 64.16501969
-44.81385124 -743.51793520 42.03770446
-40.03712286 -764.94192000 63.98287000
-89.40496580 -774.44576691 61.38221767
-69.29276250 -782.47667880 51.96053199
-35.89479549 -782.57936437 60.79000070
-119.14502000 -767.43047127 62.75613131
-36.95657500 -797.92468750 48.97238036
-104.63190000 -789.46280000 51.95339286
-104.34164772 -745.39035701 65.96205096
-101.40538692 -763.96639392 65.78938027
-45.85808000 -744.01670000 40.82235286
-60.55622174 -794.76999710 30.60352184
-74.31057758 -780.47471469 52.38472963
-50.00261955 -749.11758312 38.48550476
-122.15031667 -768.10524885 61.31596987
-100.88403919 -775.73334626 59.41142209
-101.43169011 -766.41665765 64.89033092
-110.38288668 -745.81794348 66.09888107
-34.35864490 -805.09775770 42.49723404
-41.81653026 -797.93733947 52.02487049
-53.49010636 -784.02703004 40.86609632
-41.36577083 -798.15502917 52.13424286
-54.08031579 -773.09917500 43.26675865
-35.15020094 -734.03767080 60.00668664
-59.31691544 -786.61397930 37.48734494
-62.43559290 -801.98700808 27.14044463
-98.57670982 -784.31749862 56.55120065
-35.05557395 -738.59400019 55.82452004
-61.99697160 -781.84015923 41.36609202
-21.09874042 -810.73123103 34.52803654
-44.35739268 -796.30731037 53.28773133
-19.63525654 -792.32812635 56.71361478
-52.30052051 -753.68090128 41.42779029
-51.54830161 -754.52042922 47.66301433
-51.07727579 -752.76057053 50.70702654
-79.59264425 -789.78946313 45.50705628
-49.92126087 -762.77313913 54.96148851
-32.38822679 -732.74288578 61.56681303
-22.50746178 -810.56660259 34.33438424
-45.60550000 -741.07510000 13.76114286
-56.20931155 -786.84928898 37.77829597
-54.09580146 -785.50011161 39.54485850
-23.35075063 -797.31830859 45.04751331
-123.56092667 -771.11686333 55.17259952
-53.07694286 -749.75778571 46.60043571
-69.55170000 -776.96887500 55.04341786
-57.77392500 -800.04027500 28.02761786
-74.16844856 -760.27673326 59.59229701
-94.88549618 -763.49666896 63.80060431
-52.54464271 -752.42334141 47.10231057
-64.45153672 -798.94020603 28.81178312
-77.14494810 -759.75691696 61.91985260
-23.36230723 -792.89181537 56.91402033
-49.18114286 -749.80055000 46.18584286
-105.26670789 -768.19165877 64.19689549
-68.26631275 -772.63894343 58.78127163
-53.35751257 -756.50900590 59.17552067
-98.29236072 -751.45223262 65.18948315
-53.83101984 -756.44591667 48.69383889
-109.06387857 -744.71905714 67.13255000
-53.30940000 -751.91405918 51.04266224
-56.85522249 -796.82607887 30.33199497
-26.17786896 -789.37805962 58.30246786
-25.94114910 -794.91106848 48.86337529
-84.89547917 -773.00337500 55.80718869
-106.11272440 -782.42377216 55.82333203
-50.48130869 -752.15492966 65.97893668
-98.46855840 -772.84341390 60.61204063
-101.59783344 -745.66571879 66.37953648
-42.73270000 -762.42430000 67.50079286
-77.04140823 -783.59500756 49.55865993
-59.30521476 -789.98183913 35.02042624
-64.19512190 -801.62319460 27.32804873
-28.31756000 -797.81437500 45.84536786
-42.28137908 -775.79839267 60.95344232
-95.40750872 -766.58598323 63.54957988
-55.39305467 -758.09555280 50.97737230
-50.90778462 -753.35936154 34.05760055
-80.10640122 -745.46424690 65.33860316
-101.69438544 -752.46337134 63.91643353
-53.21265532 -756.95099336 56.55161127
-89.31330626 -766.61796600 63.12011428
-26.86309393 -791.26580718 53.00647497
-71.31068817 -778.53967452 54.09529636
-107.90034308 -770.79910134 57.87606920
-101.27479782 -757.70365821 63.25645109
-122.36381302 -768.73050442 59.96969338
-60.94283644 -742.14311864 67.41213354
-98.01197932 -767.45420393 63.71834243
-38.75299894 -792.62636891 55.57599223
-110.78599368 -773.39463789 54.81642268
-64.64920830 -791.44901592 33.75772296
-48.08222500 -765.63470878 57.75805840
-109.46570731 -753.54165913 64.21922140
-29.16808648 -793.72529144 50.84042932
-87.06835738 -765.84529859 63.06556452
-37.02488857 -730.49690000 64.25739000
-23.27656980 -784.55819559 60.09283891
-44.49273322 -797.82733082 51.88667950
-58.10896308 -776.79070923 43.05285593
-44.10452552 -762.61974570 67.48364165
-58.74991647 -780.21732964 54.41026771
-113.26649184 -768.98383594 62.74646688
-112.25348515 -743.14126608 66.43155865
-71.36610106 -754.35514073 64.68583812
-45.54492128 -807.38153298 44.93090456
-92.60923320 -780.82252582 58.63139918
-107.28308161 -742.11075255 67.31963195
-127.48570929 -771.40274776 56.98168141
-32.86327025 -762.81812239 64.27727277
-51.38017453 -754.20544195 50.28215203
-65.40727639 -756.81893384 53.87309710
-26.27833703 -781.62690144 62.22171595
-95.22382870 -769.48100015 62.47212974
-51.32706154 -755.48406923 60.67930824
-50.97576471 -759.20524118 53.11752227
-100.96406507 -759.84942704 63.41981662
-44.35560361 -766.73676237 62.58950618
-18.51477288 -782.75818814 60.52105557
-51.05498354 -757.25017923 51.11594424
-107.18604075 -770.13208270 59.17093075
-51.01956798 -778.32488202 59.96984522
-49.15942857 -767.97541429 63.89383571
-55.82871674 -752.79176738 46.75373921
-49.87643234 -748.93039856 35.85791781
-37.49967255 -780.59368327 61.41947322
-42.32150480 -781.30448585 61.47623231
-35.44116041 -730.96504010 63.17249968
-93.68109130 -758.91868261 64.08488416
-62.22040485 -786.54074299 37.47093114
-63.98256024 -778.58699036 51.71834466
-47.48657489 -746.07556278 35.55138583
-56.16559569 -795.38881187 31.45426946
-38.51824998 -761.07034438 66.46405933
-108.51302083 -744.48156875 67.16682411
-47.47168099 -804.58810789 46.42021457
-115.92848271 -764.76601090 67.35398383
-93.55918000 -783.32729714 57.56108143
-83.15362118 -781.15706172 50.38003973
-77.31341214 -755.03555283 63.80488787
-50.88962643 -752.30521429 47.14539500
-53.85208210 -778.71208399 42.76118317
-82.78289600 -761.87001400 62.73383886
-32.20291745 -791.00979854 53.95051662
-39.93162705 -735.96139262 58.75561991
-98.50963665 -748.77741073 66.15495400
-29.51113621 -725.71961759 66.95568010
-22.08296667 -780.06830000 64.13035952
-107.25338364 -745.61880514 66.32451828
-95.27262519 -780.86878252 58.47848806
-106.23398544 -785.01471626 54.69255863
-74.49104887 -751.62395891 65.10344911
-45.82280000 -786.06490000 61.15479286
-48.31152028 -775.34683559 61.93415280
-50.62320037 -761.53935521 57.43620785
-49.66689067 -789.92719516 61.76835434
-71.84855574 -758.67957978 58.60667810
-23.32920184 -805.48198256 35.86582920
-56.69553436 -753.96915956 47.84704211
-75.72704000 -789.17276000 46.35746286
-109.57204049 -741.80943561 67.19709432
-104.00418100 -789.33745627 52.73310289
-97.59890101 -771.51034497 61.34617977
-46.87278629 -740.21537411 17.15623990
-31.92993147 -725.73313665 66.90967254
-44.82573269 -788.76746377 57.93058787
-47.39964658 -800.72323962 48.91403637
-61.77496961 -756.60410742 51.29662157
-47.45219293 -802.53879880 47.73349060
-81.26660455 -752.54249615 64.01550475
-42.51804545 -739.54555455 23.97397468
-110.41070036 -766.61672660 65.23708865
-28.14163065 -806.77265484 36.99185415
-23.62854586 -718.79478758 72.42174263
-39.84170000 -734.70040000 60.00599286
-55.97720363 -760.65075930 56.48637062
-59.39816293 -793.70555850 32.23786823
-32.45369029 -737.63595556 57.51179286
-22.80665558 -717.82236279 73.74655495
-116.37945210 -770.26723462 56.56794271
-101.08189319 -778.25062319 58.66392862
-55.09930226 -767.36135113 41.28960191
-14.27510138 -792.76556580 56.35025059
-54.32900543 -769.66625543 42.10677112
-26.33454139 -796.01167121 47.39583283
-41.01932000 -739.63672000 13.26005286
-64.32924550 -786.58928740 37.53621676
-51.60474734 -756.66942029 59.70780783
-46.62223602 -742.58501140 23.72705027
-42.62493958 -742.27319687 45.63534286
-55.71531946 -783.32762611 40.27630251
-23.93382506 -728.06465959 66.35242244
-56.28054197 -748.35404291 65.20595156
-29.37475927 -778.90291110 63.25055488
-92.38322885 -774.38808805 61.24431648
-39.43166847 -740.10435877 51.51179696
-99.41308927 -746.68475198 66.86514201
-97.03162034 -756.23496780 64.16755048
-44.73910000 -734.16405000 13.56349286
-49.59257273 -740.75238182 14.76302922
-95.18360151 -748.55187180 68.10158722
-54.52577980 -793.36141647 33.21471874
-94.50432331 -774.23441963 61.19671556
-47.66581001 -772.61485246 61.99784410
-29.37329381 -730.74275000 63.38591456
-67.58357514 -774.16368486 58.30700907
-44.64159404 -737.50973642 16.81854915
-29.76098537 -795.22532542 49.40101300
-42.75396000 -783.18515000 61.17620286
-44.32522170 -782.07615192 62.26165901
-62.14266878 -790.02882567 34.96097766
-29.31857046 -787.56999475 58.98682500
-92.68120483 -760.76438438 63.92124638
-61.00930000 -783.02750000 40.07819286
-71.04779887 -759.75286650 57.41130930
-104.25164739 -754.45060354 63.33739194
-52.09150000 -749.14535000 36.92384286
-68.35052727 -768.11345455 61.23644740
-75.70058462 -770.93054615 58.06977747
-62.43832666 -799.01747613 28.70048781
-101.66232395 -770.66759364 60.74898190
-35.45115761 -799.13618453 47.03951701
-58.16460000 -773.20810000 42.96885952
-82.21726022 -750.53169624 64.21440845
-38.09902321 -733.12453348 61.88126696
-116.20768178 -768.74210393 61.82533330
-89.57529732 -761.57969694 64.00936700
-95.38637809 -778.53486434 59.48023953
-35.32468146 -735.54186156 58.63359898
-104.28651648 -748.60052258 64.84452113
-110.88330000 -749.46890000 64.08219286
-21.21236146 -721.45032183 71.78425243
-35.01980668 -795.82318624 49.91752267
-24.68971200 -716.90501600 72.95573686
-68.37372292 -757.98377558 56.21163338
-46.56489199 -739.18383440 14.44108994
-80.34993905 -772.49345882 56.56185542
-53.64167197 -764.44616851 40.39599078
-69.64930726 -756.64813468 63.89385092
-80.73830864 -762.64405848 61.68133665
-26.46802449 -721.84353169 69.62572924
-127.60590765 -770.73499508 57.77398739
-114.75795000 -765.03910000 67.23794286
-60.36814907 -756.27200932 50.22300217
-60.03616767 -750.87648624 64.40662920
-38.94204667 -765.09257000 64.15156952
-54.29794286 -791.94168571 34.02375000
-32.27505882 -724.61274579 67.98271694
-56.36205702 -793.76239905 32.62268122
-104.37925943 -751.85982591 63.78010816
-20.62306939 -808.61163207 34.80802958
-21.40191491 -719.74993772 72.88649023
-38.06683862 -737.73516455 54.50171825
-103.41017865 -786.21034607 55.20555241
-23.11885652 -721.37741218 70.87915061
-58.05164527 -763.18148851 57.40553137
-60.08091177 -801.55834971 27.24321931
-21.63820286 -716.68386857 74.85179857
-92.32344657 -775.83783510 60.66230423
-49.26605000 -741.10515000 22.49099286
-101.52770823 -787.77781406 54.33022816
-35.39898824 -732.60635255 61.68310316
-54.76705333 -737.72050333 69.05333286
-49.28961000 -740.50975000 22.71262286
-47.94851824 -746.09452392 32.57309619
-66.66270548 -757.30719110 55.21179902
-77.07774256 -753.53707814 64.31362597
-47.46158301 -794.07586337 54.44065288
-28.59148932 -800.73817718 42.77492150
-83.46928385 -763.22471308 62.62484951
-77.23154341 -761.10031391 60.50378470
-119.31687116 -770.07445607 56.29779952
-29.42215009 -734.40294294 60.61370056
-74.95456814 -763.63356245 60.16288411
-73.47787760 -758.87121230 60.60506667
-72.32399838 -759.70088882 58.63340286
-116.63255147 -765.10482206 67.22381492
-74.14545509 -757.58996131 62.50149529
-71.63804778 -757.50617626 63.03552682
-44.99773333 -746.48296667 27.23589286
-70.45559581 -758.37264035 57.55418785
-67.27889522 -757.57686770 54.13755183
-67.98590000 -759.12465714 55.00740000
-63.10634215 -756.50783511 53.01379475
-62.87857167 -755.48019041 52.60611826
-61.87025806 -755.30131890 51.11303154
-59.64601800 -754.84486124 50.24724622
-57.25280405 -762.78487646 57.34969210
-52.26808790 -757.52422305 36.63375856
-58.77645027 -754.44199521 48.50353088
-54.23737727 -752.14082727 55.53772013
-59.30560000 -756.10125000 48.90684286
-102.20343054 -779.58923941 57.98941207
-55.49714221 -758.12461332 56.80436509
-53.69916348 -760.60560730 56.25596870
-53.61750787 -757.21938036 53.82126115
-53.68003516 -759.33218352 54.77623022
-43.46179239 -775.19560182 60.61304133
-50.83350376 -754.47629297 35.46488564
-50.67408829 -762.85717207 56.87419071
-45.01153924 -767.31380717 60.13258442
-61.57790064 -774.16468810 61.44029607
-47.38918929 -769.61587830 60.33373173
-110.62560000 -774.05216667 54.51752619
-51.15270203 -758.06753721 52.51154605
-42.04282840 -776.37212485 61.15131238
-48.22650352 -763.40752535 57.24352150
-56.57895269 -778.98709925 56.87566958
-53.58431030 -755.68386309 56.12900788
-45.15901379 -769.91867599 59.91537734
-41.56631356 -802.62594850 48.30397108
-44.77683636 -772.05144545 61.74602922
-102.42085366 -789.19817561 53.20555261
-42.68503333 -773.74668519 60.78475212
-48.55593673 -761.64457857 57.87261224
-54.28728374 -792.29470894 34.29820343
-79.38922678 -756.81623886 63.09784914
-40.81371390 -741.25325187 49.61002468
-53.83756378 -756.92502634 51.22358696
-46.02517600 -744.49317086 40.68668371
-51.37552174 -753.46999130 38.08507547
-73.17013750 -761.23561250 57.93211786
-59.01320222 -795.22615481 31.25120063
-48.56726667 -771.26600952 60.91543571
-53.22398478 -754.60436109 50.50503548
-48.44174815 -778.02067785 61.97398455
-45.19278154 -740.18794564 20.43183551
-52.21785276 -749.55306772 45.07453459
-51.21600833 -755.44848333 56.20355119
-51.25430877 -754.01497719 52.90347707
-44.56404224 -739.05338929 17.49028603
-45.52119912 -744.87354779 39.51126011
-46.65346244 -745.26570258 38.49081763
-43.79287594 -742.76568409 44.58724937
-41.62270766 -740.79893358 48.58701840
-12.36009206 -788.73383016 57.99420556
-35.20205155 -792.74134639 52.95692243
-53.61977189 -754.58588109 53.42971252
-49.54525375 -806.09991937 45.76369536
-51.67324615 -756.72789744 55.90496209
-44.26043324 -792.75517398 55.68336097
-55.28738750 -757.64921250 48.94108036
-52.33556450 -753.92914144 44.26301286
-36.67862903 -796.36090369 52.99774355
-51.50608095 -753.32695476 40.55951190
-50.89504753 -751.17958692 41.73402005
-55.32529835 -752.62708683 45.23856940
-52.79363720 -754.13614362 47.83434477
-75.24734256 -759.16275744 62.09242757
-72.26634286 -759.99512857 61.75275000
-44.28435177 -737.29913847 14.38174665
-42.09101000 -736.86255333 13.91858119
-44.61177790 -739.46413122 14.67488358
-56.77107233 -753.76991727 61.71334024
-42.81510000 -736.64700000 16.42609286
-47.12315764 -741.78698670 18.06067709
-54.00398159 -746.10281492 66.80948663
-90.52567710 -778.39173492 59.48976824
-46.77437098 -742.48461475 20.51924155
-46.51228699 -740.72942439 22.66006278
-44.25692500 -740.52677717 22.96817220
-45.49843448 -741.92306245 23.24518788
-116.47918090 -767.36149035 63.43240542
-96.16003946 -749.61741463 66.81106990
-45.62632164 -743.15030299 26.49310629
-47.68806085 -745.31759413 26.75146544
-49.02969313 -745.42498397 26.93878675
-59.88245468 -757.23880940 61.70010674
-47.99026267 -743.68827733 29.45701619
-47.35766893 -745.29342962 29.54792549
-49.30383274 -746.50482920 29.05961941
-49.60535798 -747.38004286 29.72596092
-26.49757265 -779.44308417 63.10577105
-49.93501770 -750.86677864 33.32685064
-50.23659005 -751.39189124 35.25771645
-62.32877090 -793.68473156 32.28155132
-48.34224461 -748.07413300 35.37003390
-20.37877874 -784.60434129 59.80684538
-51.87267500 -750.28357500 34.87224286
-46.02217143 -743.99745714 38.88387857
-54.89160000 -765.02110000 40.09259286
-48.29324172 -748.58061788 38.45576239
-61.34668788 -794.85461818 30.42007165
-101.47864146 -781.85198214 57.44728793
-50.31391491 -750.79907493 38.87584039
-50.30471711 -753.31550909 64.83753030
-51.95697273 -755.55538788 35.53504437
-47.49805101 -796.23686574 53.02429162
-48.12771000 -749.14628000 41.59137286
-44.45331951 -744.16653659 43.34175627
-48.37670000 -750.03840000 39.45849286
-51.54264415 -758.02438457 37.43122406
-52.23334118 -759.20350000 36.97629874
-52.49092222 -754.48464444 40.04142619
-97.49640852 -747.46134338 67.55595248
-52.56217016 -760.64697707 38.46712181
-51.31112842 -752.04389966 44.39151135
-53.83074400 -765.53224800 39.87905886
-49.15780000 -742.91738750 31.65500536
-50.95837119 -752.83954407 52.90684370
-60.56142667 -755.74409667 52.64314619
-60.02713243 -756.17533514 53.12307664
-92.32650495 -763.70579903 63.71733061
-42.77940000 -738.09560000 16.95039286
-46.47746026 -787.53767063 60.05974189
-46.20062500 -736.48740000 14.39606786
-82.25826679 -751.38838044 63.97746038
-45.89339000 -737.72978000 17.36558286
-58.81567931 -782.97460000 40.06395493
-45.37956179 -741.76055219 20.44261826
-46.34237059 -737.81702059 20.99762374
-46.34405000 -744.12488000 21.67618286
-35.64268873 -789.54270704 55.66803934
-47.68150000 -747.26823333 28.08679286
-48.92697000 -744.96182500 31.75311286
-49.48886000 -746.90000000 36.48555286
-97.93996715 -754.05566688 64.43470375
-50.36620000 -746.89680000 37.19932619
-127.36414290 -770.11632677 58.40647060
-52.28538000 -746.91764000 42.75253286
-51.16820000 -749.07350000 44.09449286
-52.04011429 -756.26891905 42.94504524
-61.81052008 -753.26877439 63.67037114
-92.90689606 -752.20279871 66.80811155
-53.29925000 -756.44105833 44.60518452
-51.63073095 -756.37539048 48.51155476
-53.52619459 -752.43366486 52.57725232
-26.34929421 -718.26864580 71.72693440
-57.65175000 -731.74480089 68.56141696
-48.52640000 -750.17120000 34.55449286
-31.11440000 -728.95156667 64.05939286
-36.33873374 -739.18234362 54.50580767
-38.73709851 -735.53029342 58.93898521
-35.55803087 -737.04940053 57.00390481
-32.86130207 -738.35737105 56.75546335
-38.01334189 -734.37178346 60.20859078
-79.73986877 -740.60189257 66.32963102
-29.76606428 -735.85826408 59.43171274
-37.28744430 -731.48014173 63.40162689
-35.55860669 -729.55997832 64.58128649
-32.26261605 -730.74946870 62.98720799
-29.17859831 -732.96456271 61.76615048
-62.25162388 -784.73170393 38.93425608
-27.65341870 -734.30881138 60.78825221
-34.69243309 -727.84731551 66.08655826
-32.45950795 -727.60025073 65.63111093
-41.38582696 -784.68282910 59.75948198
-26.61077376 -731.21004457 63.48804635
-29.40730449 -729.51019668 64.39285581
-26.05228802 -729.83130905 64.63871743
-34.00642875 -726.60779625 67.20637286
-33.96895385 -725.86404615 67.42174670
-33.66205405 -726.24664865 67.39323988
-26.36729995 -727.75546296 66.08261599
-27.72636667 -725.93927778 67.06759286
-26.38802504 -724.66476041 68.05729838
-31.13818719 -722.51482875 68.95969442
-29.44867016 -721.56239131 69.41940439
-23.40006399 -724.60632609 68.94345307
-92.26066184 -769.50770478 62.60080299
-29.00630594 -720.23838767 70.25621797
-23.91950901 -722.52752411 69.68405931
-25.93960835 -720.63154690 70.39740463
-74.30756073 -778.51977208 53.81626133
-22.10623000 -723.31488400 70.27193286
-24.94374000 -717.14926000 73.13391286
-24.94031250 -716.90391250 73.19538036
-27.58032237 -777.78432171 64.55658891
-84.67797105 -758.65822105 66.38610338
-21.27491085 -718.53937416 73.91219908
-39.91171429 -738.10261429 55.24720714
-41.27210181 -769.41647613 63.24459825
-30.68750000 -737.13974000 57.98953952
-36.77750000 -737.03320000 55.09974286
-34.69875200 -734.81653200 57.99954886
-27.55985714 -719.53637143 69.90919286
-28.84147500 -719.92875000 70.04606786
-24.77226667 -730.52810000 63.98112619
-64.48611203 -800.37304440 27.75397792
-64.71724057 -796.91793113 30.09496034
-69.43756058 -754.57478426 64.90003558
-59.14059177 -798.88809309 28.79904382
-59.28660035 -796.76015603 30.12276634
-26.63537238 -798.91792843 43.96138523
-57.32999261 -798.65514576 29.09749032
-62.26352631 -788.07401051 36.33646649
-34.15759169 -803.57769198 42.80621005
-59.34364622 -784.55626257 38.99547839
-56.49749649 -788.28678693 36.60476633
-59.37714984 -781.70015155 40.93944681
-61.51081026 -779.59432179 42.85910722
-71.04330025 -771.68994931 58.46954374
-60.16445405 -783.06106486 40.14492259
-122.41715000 -768.00630000 61.06084286
-54.13336731 -790.61119344 35.57268435
-61.32401751 -778.57613164 43.35155745
-56.34677775 -784.73022237 39.20348612
-56.39499832 -781.64960522 40.98791562
-57.57688723 -782.92619362 40.01945243
-53.35161324 -789.12527500 37.24825756
-53.51892413 -781.54875185 42.08030081
-103.95641298 -756.90886779 63.23332630
-54.05670654 -776.20585665 43.02788365
-49.31325610 -777.87667049 61.63496091
-53.02358198 -777.62839459 43.15224781
-62.90688551 -783.30533972 40.40021178
-124.33429664 -771.61682521 54.94601471
-63.89420000 -783.32711429 40.43780714
-31.98578640 -783.26872720 61.27670592
-65.30716000 -794.83077000 31.04300286
-64.54166200 -790.02374483 34.98003069
-64.50026873 -788.19068267 36.30240433
-59.14505614 -776.41194759 43.45341696
-12.31158269 -788.10996202 58.37025536
-54.83010000 -795.07350000 31.58549286
-69.67284286 -777.09631429 55.12295000
-63.87700000 -782.99080000 40.54939286
-55.71132209 -769.56453178 41.93380429
-56.43335129 -772.21540490 42.53179131
-54.11280736 -774.38892424 61.20566645
-54.18348936 -771.99557021 42.85014889
-56.54220000 -770.98700000 43.12469286
-125.56233052 -771.35782034 55.77511664
-125.06829342 -770.26003456 56.75083125
-125.20108840 -769.02655029 59.38190355
-122.14077467 -771.49269888 54.65296228
-121.64648547 -770.87028895 54.96552076
-124.09029231 -767.88969231 60.95854670
-119.41556905 -771.58775831 54.59821826
-122.09898789 -767.73639211 61.88450717
-63.20181600 -779.00872139 51.61972399
-119.80675221 -770.85862978 54.98006050
-119.35459290 -769.33907870 59.87963629
-82.15248661 -767.65576607 59.39120357
-115.98147603 -771.41888618 55.43086672
-113.57394416 -772.42860109 54.84553921
-113.20140233 -771.62941955 55.79995000
-113.43701768 -770.36475138 57.16506249
-113.21427095 -769.76024050 59.56982582
-105.46526712 -771.49127260 57.85289697
-20.37901307 -787.09193391 58.53338612
-104.19806433 -787.51980939 53.96043356
-117.95902000 -765.18342000 67.12641286
-117.87343333 -764.83046667 67.19215952
-110.18969685 -771.99941664 56.09437461
-106.21226000 -783.61346462 55.37063532
-114.10280306 -767.74723316 63.81706531
-104.30752443 -784.33610073 55.75630931
-103.88122927 -767.96629268 64.06028310
-115.57939375 -764.98821875 67.05830536
-110.50938451 -769.87862225 59.54955398
-104.20527817 -781.75942866 56.72479013
-110.27803260 -769.22100000 62.86707475
-107.50709036 -771.63988976 57.08867998
-112.70360229 -764.53810208 66.52912161
-110.50481786 -768.22969531 64.26515714
-101.35060290 -784.47999028 56.41478198
-104.02483955 -779.07223896 57.62896903
-51.57903672 -780.58043594 58.93813661
-107.33175461 -751.84176766 63.73926186
-107.52153613 -769.06965039 62.92076626
-110.42536814 -764.33676040 65.76246558
-99.41753614 -787.08390941 54.84542157
-99.15032450 -786.37531950 55.34074936
-106.02772326 -771.12209767 58.19008821
-107.24689341 -768.26340299 64.30704106
-107.29142769 -766.60694634 65.04803879
-103.13588033 -776.67745574 58.59257646
-104.17968724 -768.99055514 62.67796917
-98.30309557 -780.68883881 58.33167660
-104.45916477 -766.66709208 64.83455013
-109.68462956 -751.17283400 64.19911130
-109.37331875 -753.90921302 64.01114286
-104.36419401 -763.76872009 65.72298485
-56.30294855 -774.29960579 61.31065288
-108.72950625 -753.92196250 64.14518661
-95.50313322 -782.26434329 57.75239406
-94.75313744 -783.49723184 57.44123613
-69.76346667 -749.94968333 66.78932619
-110.44010526 -742.88691435 66.68717957
-106.00528667 -756.13485333 63.25831952
-99.54210263 -770.91945263 61.01042180
-98.27957939 -769.55361322 62.29498281
-95.40640356 -775.64808980 60.55045809
-93.13184454 -782.49619086 57.89856070
-103.91724716 -750.51504338 64.22988441
-96.51960000 -773.46438762 61.01558143
-107.40631969 -743.19333363 66.94133434
-98.51563829 -764.54116000 65.45398895
-86.56005455 -761.92085114 64.03142354
-98.25617314 -760.30154328 63.41001735
-38.80263515 -786.82872835 58.49971486
-101.24378276 -751.09769969 64.44163078
-98.45625481 -757.82871763 63.52385688
-92.49797990 -772.68554680 61.80878156
-101.42223063 -748.62529383 65.21768767
-35.43722490 -769.68868767 63.54967343
-104.94406164 -742.57419981 67.32263513
-96.43711686 -765.36790843 64.23679439
-97.68351081 -762.13485676 63.46615232
-99.16118746 -754.95026464 63.88488055
-95.97234980 -764.79885870 64.38029731
-90.08012600 -775.80656455 60.67265492
-92.13704396 -766.57121039 63.21618976
-102.58917639 -743.77953681 66.98310050
-95.72031286 -758.34764377 63.90422690
-102.56480000 -743.50463333 67.13179286
-89.41888945 -772.67468075 61.99168948
-80.03766480 -767.02200462 59.87334436
-89.43144273 -769.55393509 62.76291504
-98.49939175 -745.81367869 68.68798838
-22.93217273 -810.62454545 34.05492922
-95.32566423 -751.55135865 66.18977379
-87.65861429 -774.23899286 61.74680714
-92.38384251 -757.64926266 64.77590915
-87.40021001 -772.55547625 62.19428747
-91.92267031 -759.68019205 64.29979223
-98.46493922 -744.91649902 70.19594678
-87.41518411 -769.78458758 62.84443127
-89.27369427 -760.08736226 64.65202707
-94.24674286 -750.25274780 67.24535110
-92.39799649 -751.29519786 67.37239077
-93.38185457 -749.56430530 68.04293844
-90.02617002 -755.17912761 66.69586164
-86.35600503 -760.42377907 65.09049133
-91.05281884 -753.25909855 67.19885083
-90.75360000 -752.86950606 67.42326861
-86.54389394 -758.04269976 66.41791786
-88.85831588 -754.36251353 70.52348050
-88.10146364 -756.12212909 67.21570922
-86.41901964 -756.58528036 67.35209268
-87.12787561 -755.56169325 68.15392250
-84.65679880 -760.16276196 65.55570769
-123.87641429 -767.82770000 61.17710714
-90.74248000 -780.15302000 58.61183286
-87.79990000 -754.73610000 70.12679286
-123.89370000 -768.17070000 61.11099286
-108.56120000 -772.75370000 54.91649286
-47.03497897 -805.90448813 45.59236840
-70.77721111 -777.08044815 55.13083360
-46.74747026 -807.61123383 44.88401535
-49.56683110 -802.42573924 48.14709811
-50.79615000 -747.01337500 69.01111786
-49.53985406 -804.69411664 46.66590099
-49.92882527 -801.15309780 49.19702253
-49.42915327 -799.68281517 50.20329870
-51.90724737 -796.76471579 52.85744549
-54.08383998 -748.90084002 65.85482887
-47.14800609 -799.18087899 50.47596793
-44.00991168 -804.68323678 46.53481004
-44.32151319 -802.52127813 48.02658398
-49.83401768 -794.15385784 54.19576884
-45.35055000 -800.84012903 49.00525361
-44.46649690 -799.63643099 50.27400553
-42.56427788 -804.58870120 46.85163348
-43.41979000 -801.18709667 49.22560730
-41.16438151 -801.35015135 49.34278514
-49.04078478 -792.38707174 55.21058851
-41.34555279 -799.54138634 50.78752044
-32.56632742 -789.33364491 55.41035761
-49.04362222 -791.69547500 55.36689563
-44.40233241 -794.38086497 54.62167040
-49.54664949 -790.46588305 60.45650099
-39.24987273 -801.46079675 49.42726104
-41.31450889 -796.41310109 53.29423033
-38.79278991 -799.15323133 51.10496152
-35.01300997 -802.37918479 44.33818002
-35.29226707 -804.40019970 43.52654103
-23.35878021 -802.57624289 38.58815368
-32.81368654 -804.64669408 41.48780578
-44.31387700 -790.46027870 57.12757834
-49.06656690 -788.73576197 62.15760412
-48.51914946 -789.43608387 61.62615415
-32.12011241 -803.03283505 42.02546007
-47.62573597 -787.37345873 61.78586115
-40.42904896 -761.44147405 66.56224488
-46.30278063 -788.73668222 57.65292746
-29.17702730 -805.38421099 38.58148749
-41.09239897 -794.27733099 54.70047058
-34.57813710 -800.26958347 45.61154981
-38.04581323 -797.81555446 51.82347716
-80.07291600 -788.65907500 45.87604836
-32.90240348 -801.65015007 43.64929219
-31.00052907 -804.99048605 39.92674402
-28.07196111 -807.14384167 36.71758730
-36.89150000 -798.51176522 48.36125373
-26.08897834 -807.96278061 35.42725680
-32.32619042 -799.86842190 45.05250554
-30.32021737 -788.66976947 55.59780338
-26.17291940 -805.80538754 36.27181532
-41.39645798 -790.53468305 57.08025603
-36.82680000 -798.04070000 49.13529286
-34.94484089 -797.42490728 48.23650741
-26.91192320 -804.64302790 37.54087587
-46.52351172 -784.81210732 62.07714525
-38.45020049 -794.07755473 54.54521623
-37.77647333 -798.23928000 52.19977952
-38.16663700 -777.28463792 64.57984692
-32.55308594 -798.45772972 46.54176970
-26.24647205 -803.07271174 38.94876642
-50.25931012 -769.74335088 62.60364053
-29.36884437 -799.40023117 44.63299612
-43.92250084 -785.24681637 60.35997113
-32.25876713 -797.09206571 47.82702826
-29.95858750 -801.17120000 43.59652411
-44.76793527 -784.02941633 61.70716979
-41.53001720 -787.48734550 58.64508183
-38.49825347 -790.43638223 56.51041216
-24.46748864 -804.14430455 37.23165649
-32.56004948 -795.41315749 49.76228125
-46.09425395 -782.63188618 62.69660141
-20.51077196 -805.64839948 35.81163798
-29.40414301 -796.80440306 47.46854779
-30.05656577 -798.15805946 46.25310006
-38.22005630 -788.06776976 57.59227796
-32.46770006 -794.07739206 51.08489628
-22.51592521 -803.72761681 36.84049664
-23.92924107 -801.31564429 40.41301929
-21.08087557 -803.70550573 36.75000698
-32.47435812 -792.46852258 52.60765022
-23.23661251 -799.91537802 41.87300451
-26.11153728 -797.41365441 45.29265334
-35.29525041 -787.47735501 57.11224486
-19.30503077 -804.44069704 37.47260292
-23.25562392 -798.51038529 43.63722213
-20.51656626 -801.38027073 40.37985099
-29.66986122 -792.33954301 52.38645754
-35.59829130 -785.93905942 58.04110300
-26.47541157 -793.53277335 50.69991820
-32.62067949 -787.94941209 56.48226059
-29.36169809 -790.95458743 53.55051705
-20.00776582 -798.61501962 44.24555929
-23.36530992 -795.81496418 47.25034637
-20.36475994 -797.47848624 45.36810631
-23.59999748 -794.89071651 48.74994446
-38.31076484 -778.79301647 62.66553084
-28.94069496 -789.45615779 57.30666984
-26.41421429 -792.17461729 52.23625602
-24.04560163 -794.00642699 50.01127637
-20.64138826 -796.39525698 46.90345824
-32.36795570 -784.73081236 60.31857392
-31.74951417 -787.07707707 59.00918510
-18.55068645 -798.74680996 44.72961357
-56.21245015 -742.26270090 68.06081603
-35.26123137 -781.46118023 61.70659358
-28.54497477 -789.17889439 58.18591155
-28.85369286 -788.92952143 55.01822143
-18.67840875 -797.64688625 45.65725161
-35.35000355 -779.00437641 62.76149039
-37.73618208 -776.71496489 65.22048874
-32.46072274 -781.81221175 61.97723536
-25.19996260 -792.36743780 56.96308656
-33.13371913 -776.77819781 66.91144204
-29.43617755 -784.90572641 60.40788203
-26.40398313 -787.59877382 59.11047088
-23.32607213 -791.09322959 57.58797666
-58.30462102 -733.87411349 68.80937196
-35.38301600 -777.46550662 65.19134485
-29.31696466 -783.33284375 61.30163901
-32.27232587 -778.92253676 62.70556906
-35.50179556 -776.54410074 66.15303815
-36.18582810 -759.54809619 67.50055524
-29.25444974 -781.68600776 62.05926869
-23.28190963 -787.44248535 59.02648614
-20.30356233 -790.68954967 57.39361065
-32.28466458 -777.42576995 66.01007941
-26.39965907 -783.33035333 61.27569119
-21.23891765 -789.11702500 58.16417374
-17.27245452 -792.67896379 56.34254584
-17.27521266 -790.71920989 56.89045688
-19.30484915 -788.44151538 58.00255739
-32.11387901 -776.77230463 67.35351236
-31.77159238 -777.10039048 67.21632905
-24.26197164 -783.14136567 61.19551226
-17.31187311 -788.20972689 57.77507540
-23.42335926 -781.65357937 62.26409807
-17.44310941 -786.66295515 58.55259216
-11.83538273 -792.46495815 56.79183252
-22.34956211 -782.81272981 60.99728851
-14.57237500 -788.34682988 57.75395943
-11.63791891 -790.82084864 57.33489944
-17.45902153 -784.79391261 59.64002876
-20.47518237 -782.57481330 60.86458864
-14.44798111 -786.83378603 58.66085460
-20.58384224 -781.27674399 62.76426209
-23.85853842 -779.59128774 63.90674708
-15.06912545 -785.45259779 59.20752232
-11.48271176 -789.22172941 58.14866345
-21.00672653 -779.74143755 64.37265122
-20.37401553 -780.16879441 64.22697857
-56.85018046 -780.18240575 55.64951872
-82.86236106 -776.06518652 53.65886618
-33.97760000 -783.05990000 61.11929286
-77.13763232 -775.11032307 55.63173615
-24.43986667 -795.93293333 49.43840952
-35.74789570 -786.11974785 58.20405415
-42.31616286 -789.09586571 58.20727286
-45.99466000 -785.96314000 61.06803286
-49.13097302 -800.92476190 49.02102143
-18.74441176 -804.46995294 37.56136345
-18.74474857 -803.48672857 38.53187857
-42.79260000 -805.28220000 46.08839286
-20.96987143 -780.00702857 64.05873571
-30.51193846 -776.94328462 66.85151593
-34.57815000 -775.61970833 67.25498452
-21.81350000 -794.96890000 48.49849286
-82.21106019 -784.44538854 48.09296160
-81.97543958 -786.33712917 46.99583036
-80.40483856 -784.57001356 48.18769442
-83.26211879 -779.26267525 51.53615596
-77.60637143 -790.09485728 45.60088845
-82.07496000 -783.11036000 49.14815286
-79.76435607 -783.26252543 49.27132291
-83.12494251 -777.68120340 52.58357913
-77.60227904 -788.76976140 45.88257558
-77.13055185 -787.38812268 46.90197343
-76.70859537 -789.37868704 46.24940582
-77.34996089 -784.97358328 48.45223764
-80.49717695 -779.56433668 51.76054916
-38.42712596 -759.86802611 67.40621426
-83.09473519 -772.45277511 56.28438434
-80.12644892 -778.11139146 52.95160931
-55.05437747 -750.68180956 64.42209798
-82.83457955 -774.11512955 55.17565877
-80.41703917 -776.07043669 54.23597135
-77.29136399 -781.42155574 51.07204106
-75.03184180 -787.04558409 47.61252431
-82.88035873 -770.33695401 57.59447566
-79.87058609 -774.50341281 55.40858708
-74.88141826 -785.50781243 48.65417713
-78.22483505 -779.84694433 51.95534647
-77.29487830 -778.47935608 53.36175592
-74.45544028 -784.06472415 49.82712768
-82.46259273 -768.91407521 58.57815583
-80.48811259 -770.57142255 57.79254439
-77.59331551 -776.44000276 54.72566951
-80.07865460 -768.98712567 58.80212906
-77.39142762 -772.48273844 57.09061470
-38.26989731 -766.42548013 63.59401422
-74.22658912 -775.46758215 55.87426906
-77.30533798 -769.19476002 58.79555724
-71.37415255 -781.83581387 51.90683410
-57.95899545 -731.79650909 68.45049968
-71.21532828 -780.84420788 52.62667736
-77.24062190 -766.72316743 59.92824122
-74.40628140 -772.65442636 57.43830178
-71.42096668 -775.55461821 55.92953610
-74.31118655 -766.69529020 60.14168202
-69.33860994 -778.82998684 54.10308888
-71.69835004 -772.90598096 57.51048068
-69.11040931 -775.31245686 56.66605119
-71.27478972 -769.44859826 59.64612029
-69.25041473 -773.53264888 57.93759777
-73.59434265 -764.55432075 61.38394819
-73.16570196 -765.18384314 61.22296737
-72.20842928 -764.74911215 61.66570781
-68.84745785 -769.39203307 60.07515518
-69.18945640 -767.56915355 60.80772769
-66.61040361 -773.23504014 58.89133997
-69.49449692 -766.83262000 61.19238209
-84.88328000 -780.84998000 50.53721286
-81.27049000 -782.90194000 49.04996286
-75.67448889 -789.27465556 45.96704841
-75.44150000 -789.02580000 46.04759286
-61.26386129 -775.41149798 58.67205092
-66.65972222 -774.14065556 58.49521508
-80.20624079 -754.56064736 63.67951142
-70.50768000 -749.53158000 67.14395286
-82.51236282 -748.92789209 64.49410203
-80.19099573 -751.42349392 64.40420377
-77.16048248 -757.65304498 62.86382151
-80.30488255 -748.36257739 64.84778881
-79.40310241 -753.31347892 64.15894768
-81.98301452 -745.10829604 64.99496975
-77.11515268 -751.45838438 64.83304906
-81.99002000 -743.66007286 65.29436643
-80.40146062 -742.73175087 65.80930893
-77.47286634 -748.41327163 65.30307307
-74.48451833 -755.24377753 63.78494563
-74.46976695 -753.83407747 64.40795464
-77.40428588 -745.52245449 65.77295258
-71.98732500 -755.69914547 63.94134739
-77.71799369 -742.91364879 66.19637871
-74.44211917 -748.38304001 65.87179138
-55.15790000 -755.27340000 58.08289286
-71.27683194 -751.41938727 65.82506399
-74.27330909 -745.54726879 66.52169079
-78.52590476 -740.78673810 66.43786111
-69.51760711 -751.60744895 66.24607877
-72.54732984 -746.13649616 66.66328972
-73.37802143 -744.28539405 67.15530000
-70.22381600 -756.09850400 64.15249286
-83.14470000 -749.65860000 64.08279286
-64.01006868 -778.02988022 52.77144890
-62.07561667 -780.22995833 52.43095119
-61.86797781 -776.39464529 56.92398501
-61.68168539 -777.47521413 55.70059415
-59.72849329 -779.39730710 54.44305820
-59.21893357 -778.29255786 56.43392266
-60.36677159 -776.61569304 57.74146271
-52.49038457 -780.74570636 58.52900063
-59.22020507 -775.56349019 59.41510095
-61.74821527 -773.53596555 62.35952184
-58.19718889 -780.59133889 55.22197619
-59.24368563 -773.12004638 62.35001022
-56.11290009 -777.60148811 58.53976237
-56.46949083 -775.90445014 59.86472965
-54.19323544 -779.38571264 57.87730769
-53.32558930 -781.26789159 57.76810784
-53.16140080 -778.46710705 59.06386683
-56.17273074 -772.64640357 62.38426848
-53.27597330 -775.66767871 60.42847873
-53.53881313 -772.38781681 62.26493011
-52.72448762 -773.67494892 60.88102351
-56.03617708 -771.16546302 64.41516682
-50.00587894 -775.33400221 61.64042194
-54.95274118 -770.86966471 64.04128697
-52.99163004 -770.15885867 63.39231601
-54.35409948 -769.97084456 64.39205037
-52.04519762 -750.25355556 67.24871349
-50.25094247 -771.95056299 60.92035686
-50.11206569 -772.64424389 61.58643660
-51.11243365 -767.83027233 64.94870355
-50.86719873 -768.37998880 64.48035647
-51.87816000 -767.81272000 64.76739286
-57.63901000 -779.97738000 55.05020286
-48.74345000 -779.13740000 61.08974286
-59.24277778 -774.01221667 61.05803175
-43.73958032 -769.41772442 62.43224162
-46.15503213 -767.08696984 63.04668663
-44.55228240 -765.49400257 64.71854970
-41.30517854 -766.52485918 63.12177918
-39.06760840 -771.57820307 63.71606786
-43.77098040 -763.94363596 66.00622518
-38.26675704 -769.38809707 63.42483715
-41.30511219 -763.66583564 65.54656643
-34.59595776 -771.18411379 63.58074846
-43.88280306 -761.86659796 67.85695374
-35.32201714 -766.46412155 63.69308833
-33.48001644 -771.15839726 63.61883395
-33.50844442 -770.33638884 63.65006472
-32.62573542 -766.47201346 63.46983288
-35.42798210 -764.64529413 63.95086991
-35.53490298 -763.38290577 64.48007099
-29.59891215 -765.85101498 63.10765792
-35.60074571 -761.18644301 65.62915138
-29.35569663 -763.32399886 63.66829695
-32.21048874 -761.13986185 64.76071167
-27.48847317 -765.36017073 62.80595871
-36.17386328 -758.56488644 68.21706009
-26.44749678 -762.95046281 63.18078979
-29.44487690 -760.86785986 64.44394420
-28.92053779 -761.63014809 64.00043217
-24.09483120 -761.54814597 62.77943821
-39.88560000 -760.29246667 67.15472619
-30.90440000 -761.90623333 64.10419286
-62.02887925 -757.84013708 62.61143388
-58.67311678 -757.85842049 60.48095725
-64.30819985 -751.36490367 65.39666437
-62.32691675 -751.47533027 64.93574408
-61.60586050 -752.84865882 63.95063866
-59.13531140 -754.24588884 62.51067477
-58.87377099 -751.66695665 63.57332175
-57.95483590 -755.63231538 61.06638004
-55.90945239 -754.72717365 60.14397323
-61.09696567 -748.26512090 65.30823017
-53.68014588 -755.27093073 59.76780026
-59.11167995 -748.20540933 65.07949612
-56.57589631 -751.63354403 62.58515765
-55.48735505 -752.70178798 60.73014791
-58.53179757 -749.77504949 63.91596385
-61.27018517 -745.59584376 66.12212098
-59.43963209 -745.66781213 66.30112206
-56.60454542 -749.82327500 63.89496869
-51.10789808 -756.58753525 61.67317583
-54.53958689 -752.58890037 63.54231833
-50.93953643 -754.32035861 62.83984794
-60.07877843 -743.60916311 66.96112396
-56.58953668 -746.07539911 66.49330214
-60.91016857 -742.98354286 66.92869000
-59.32348004 -742.34716579 67.61095451
-52.39358526 -749.08134177 67.57346044
-51.20991014 -750.43890990 67.45826701
-58.15864118 -744.33836275 67.29429155
-56.07812727 -744.62161419 67.33416808
-59.05377800 -739.50238383 68.27928048
-53.69607010 -744.77173297 67.37238608
-58.73597194 -736.68075493 68.72693367
-56.43637349 -739.56214800 68.66826008
-54.36780777 -739.97984380 68.73098856
-57.01635032 -733.88822392 68.96240783
-61.07970000 -740.64150000 68.06190952
-51.89023333 -756.26995833 61.15152619
-62.74836000 -753.06378000 64.12887286
-49.67849861 -760.65530396 59.34227286
-47.58188315 -762.16231685 58.26667376
-47.27999476 -759.76526870 62.01748647
-46.66680851 -758.89504468 62.83555881
-53.74625685 -762.92639189 58.61741196
-52.74811757 -761.58701801 58.68985916
