-43.85027039 -744.15769222 12.62823095
-57.79390000 -740.71006667 51.58575057
-43.66373868 -742.35580697 12.87278055
-25.88045946 -737.09582201 13.19606048
-36.89235518 -759.95848643 47.95234402
-56.66994083 -773.94140138 33.80029522
-31.05183787 -738.75362477 53.97464662
-62.75376667 -735.48636667 51.49795057
-31.06780628 -741.68565766 12.03004914
-32.13217500 -761.49175000 47.59204224
-52.24276614 -757.10955607 45.78784752
-27.80576027 -739.04026362 53.28765948
-48.48350000 -738.17880000 12.05851724
-45.25836102 -736.68143390 16.57022741
-46.99471105 -762.03732267 46.44709515
-54.68081977 -757.06414454 46.02315524
-46.31447388 -754.60001537 44.64370739
-85.65267699 -749.32177655 44.93031503
-68.78660545 -761.76424727 45.61397542
-49.14276877 -748.96795043 38.07206194
-41.36690000 -737.81286667 17.52755057
-28.26114057 -734.17558557 13.25993623
-56.85860953 -753.66811422 45.65066347
-42.72209140 -759.89136387 46.06615645
-23.08190828 -741.17121775 12.71659416
-63.33972621 -753.73847370 48.20563369
-39.58628729 -738.73700365 13.15763985
-60.37356154 -782.63615385 18.67767109
-58.36808208 -750.64159017 47.11339363
-31.33118306 -747.17867934 50.19045712
-44.91713889 -745.86534649 12.40190993
-43.62013220 -738.99669962 19.91609460
-34.73231093 -760.12718926 47.81262181
-60.99307428 -745.45251143 50.57585601
-42.92753651 -727.75625325 13.31501285
-51.76277631 -754.43783635 45.02436787
-23.14079524 -743.66699524 52.20989343
-53.26369200 -762.30760000 37.50867324
-14.74748243 -730.43657432 54.59623751
-49.67729366 -749.11826268 40.28670879
-28.14965309 -735.93238964 14.65674951
-55.89502761 -777.10921310 31.24985618
-36.83521212 -743.31131576 50.99828936
-33.48675851 -735.98519941 12.24595408
-45.00153743 -732.31946634 12.21752358
-56.76223230 -741.02850412 13.81408687
-59.08671600 -779.44443200 24.33734724
-36.79621511 -747.10740514 48.20667223
-51.15380000 -738.03713333 12.45198391
-51.04962657 -754.37396798 35.70417535
-53.85717917 -750.57613125 42.03823391
-43.62016918 -741.15586565 23.15648548
-36.85573043 -731.26852609 12.63094623
-23.46447273 -741.27004545 12.23620815
-34.04745603 -747.25944303 49.37824689
-72.79611000 -764.12627000 42.50241724
-56.91112434 -739.23626270 13.77816777
-56.67011909 -762.27505780 45.85891025
-29.82415235 -737.00112013 54.59032395
-49.49346220 -765.05266611 46.16977289
-47.45130000 -742.42975000 22.83646724
-63.89199270 -751.16668567 49.04471078
-68.41810000 -742.47430000 51.29761724
-45.80650311 -730.12685874 13.29754086
-38.49390625 -731.70538750 12.44057974
-41.09486667 -755.83673333 49.66895057
-24.51920459 -740.82693495 13.01820423
-61.98193487 -736.79375066 51.87798435
-79.00852676 -751.80166382 47.00286209
-21.96454784 -736.06679680 53.76108056
-45.42379418 -747.82637636 38.71398647
-58.63925947 -776.06466520 29.80913362
-48.95384867 -747.89384301 13.78176654
-54.55797247 -749.06720140 47.55291331
-71.99710000 -764.73500000 42.47141724
-24.98954905 -742.24106601 52.36544692
-49.17056207 -765.14212931 45.42364828
-30.79757429 -741.84155473 52.11418554
-61.43241109 -754.09745736 47.94307062
-57.93463728 -774.71923380 31.95415781
-56.23979756 -779.13337317 26.45174895
-50.78232333 -765.92961667 45.43507391
-50.54595000 -753.21393750 42.25035474
-51.25255943 -749.37969906 40.17838517
-55.01419798 -763.45330247 38.00705107
-45.91850000 -746.62230000 27.11921724
-48.86749860 -750.91526988 35.21620808
-44.50772857 -746.50582857 40.51604581
-58.52527440 -780.23728253 23.32683981
-76.52578756 -752.32745598 47.16580002
-23.31900000 -733.17070000 54.54816724
-27.92161623 -736.04473046 54.73989377
-42.86841848 -736.56506268 14.25100673
-40.82865238 -737.18009048 16.57429819
-40.44053486 -753.80401983 50.86466072
-55.37459070 -774.37443237 34.63456976
-53.71753125 -758.04136146 37.19699641
-60.26487670 -776.84374527 27.93391711
-83.38770000 -749.54360000 47.90671724
-62.78322308 -776.63597308 27.62063263
-35.61910000 -760.64787333 48.74564391
-51.88979155 -745.00847356 13.99666278
-47.93635758 -763.14194606 45.41465906
-48.77153107 -742.07688863 13.69690414
-48.88294902 -760.09128949 46.45950375
-56.74844557 -741.07841646 12.22325142
-45.37978541 -753.86991804 46.66396134
-36.23992667 -746.32762000 12.63415724
-60.64964884 -772.99851926 32.78046654
-43.46177218 -739.24039925 13.36800386
-59.87125542 -767.08851365 38.15323170
-72.09498898 -760.53869661 44.93340707
-64.22532000 -756.49984667 49.38448724
-34.61217066 -738.60252513 12.86515704
-43.49362727 -731.52300000 12.47768088
-35.62681765 -742.52141765 12.58722901
-39.91115574 -732.88146033 13.22170489
-39.67927068 -739.91832039 12.34810365
-84.58042750 -750.07746625 44.41227367
-33.95774604 -745.02241991 12.12226310
-53.75874013 -744.27797947 13.20966944
-55.87210086 -775.89458934 32.76067752
-39.39876667 -761.60490000 48.84243946
-78.59954339 -750.40209868 49.60211618
-40.08760540 -763.64004397 45.04580062
-51.07489171 -747.19958825 13.50762364
-55.50151162 -769.28053324 37.12800794
-51.89596673 -736.07278376 13.37998095
-78.42016368 -753.00695447 44.72110987
-30.76699513 -744.81713677 50.92967804
-75.24885867 -750.08985600 51.76478257
-85.12169157 -748.74677914 47.00667251
-44.19549830 -757.37080807 45.44955482
-45.83530668 -744.95901021 12.89835703
-72.93845445 -753.42253496 46.81889195
-42.94312791 -745.22225079 12.20048694
-36.62724435 -745.26417454 49.33144992
-45.81533507 -751.17869953 12.00510342
-48.23255042 -750.75631621 13.02785239
-47.22318943 -751.85191545 12.61540342
-24.93704252 -744.15545953 52.02589126
-46.47078129 -722.07702446 13.18858990
-46.36970000 -743.48550000 27.57291724
-46.63113165 -759.93439332 45.90104461
-42.10374249 -761.97218089 45.73685325
-60.72660363 -771.51580483 34.60238919
-46.69661020 -747.71765270 13.33113998
-52.00307113 -742.06081137 14.15396822
-52.06733506 -733.73754752 13.29614130
-79.11560000 -749.59230000 51.59216724
-48.32383700 -756.11044767 45.32291413
-33.94629651 -766.85688770 44.78156242
-52.24485351 -748.79445799 47.51711069
-43.67261196 -740.05237138 22.15882413
-69.71962537 -751.89359672 50.39537008
-54.89174550 -739.10403315 13.78867333
-45.70112508 -742.01981743 12.98134312
-72.33853783 -762.87331217 43.55369985
-54.51095861 -741.66405861 13.79135586
-56.76984196 -757.30494582 45.80713412
-42.40974979 -742.17328222 12.34218461
-52.22627739 -739.00024400 13.77058702
-56.82254681 -736.70910352 13.77093523
-54.97381769 -736.32207819 13.66306023
-78.06277211 -747.81049947 52.24451987
-54.12039244 -733.99404590 13.70142769
-50.06735000 -733.79790000 12.46856724
-58.43926609 -740.30212435 51.44505231
-43.53775000 -737.26565000 18.86304224
-51.13388477 -759.68305398 46.13590971
-45.96841518 -733.10267079 13.24789710
-46.60667244 -735.82428974 13.36000327
-33.02383571 -744.89323190 12.66285486
-36.50014715 -736.27713148 13.20193583
-36.79467942 -738.52540826 12.92682474
-53.01459914 -753.97395343 45.82342968
-63.81869179 -735.79487036 52.55859617
-34.80821690 -736.22443841 12.89447264
-43.24254188 -739.35600855 12.27454716
-39.85806820 -735.86909082 13.35662019
-42.27812007 -732.65096762 13.22484947
-86.61778000 -749.64374000 44.03637724
-25.07264099 -739.34030579 13.71227946
-47.55158387 -742.10727419 25.76821724
-27.02485246 -738.23487544 14.33564276
-75.70863615 -753.00422535 46.42949017
-43.68328599 -747.42609525 41.43825159
-69.81576789 -757.46096881 46.65739522
-27.77213125 -738.85763750 12.48191724
-36.91391358 -733.02216450 12.94690054
-44.67494000 -738.94560000 12.20529724
-42.84041726 -730.07749176 13.18779893
-65.74921667 -776.32016042 27.24452419
-27.12590766 -738.01235407 15.73194978
-46.04827500 -740.47060000 25.84361724
-26.25715000 -738.84053750 15.58842974
-40.39582045 -730.09911977 12.90390596
-29.74438060 -735.97089594 14.42539696
-35.18316558 -733.06642047 12.85507213
-27.41216329 -736.86371507 15.62095806
-36.16905062 -765.05395521 45.93801932
-36.51345053 -732.33008399 12.36531333
-49.90958593 -753.70231226 35.23008126
-39.09341264 -729.71008097 12.17048995
-46.01843083 -727.26935670 13.22589141
-35.12440000 -731.45910000 12.58691724
-63.68879791 -779.03671775 23.62252190
-40.82869017 -728.23056743 13.10820230
-37.91836000 -728.00200000 12.55465724
-66.21516583 -780.95714639 19.99191385
-36.61627318 -741.93810930 12.05720422
-56.69920709 -764.12228581 38.18394190
-25.99844138 -745.40398276 51.42992241
-61.12550803 -739.75322015 51.81886361
-40.01468861 -757.69774476 47.53582320
-81.83500555 -751.36740072 44.46214667
-48.59279712 -733.06039138 13.44725089
-68.02843649 -743.07959189 51.43658616
-63.85698438 -775.27652588 29.01361092
-43.38488857 -755.68711714 48.99046867
-45.06860049 -740.20595221 22.53538587
-39.35102424 -761.30150707 48.70998290
-19.01095166 -730.95542258 54.09988178
-44.22264000 -744.11866000 26.99600724
-39.51345287 -762.54457260 46.15327492
-66.83203975 -751.47206360 50.18799841
-47.27138235 -749.70788824 33.21431136
-46.20550497 -744.22283702 26.58829865
-23.35360000 -740.30075000 12.56336724
-63.17903326 -771.56132894 34.64805926
-57.52931725 -768.67662709 36.99249999
-32.94578409 -767.82663674 43.86203997
-43.80541183 -760.23626231 45.33193433
-48.64940644 -754.17778498 44.56999290
-46.90570588 -750.82317059 34.40749371
-46.08369240 -739.20812985 13.25971715
-28.79620172 -746.80604655 50.72050862
-61.03426854 -750.00110427 49.03483841
-60.87698217 -770.15008755 36.08368097
-48.74181348 -735.97558699 13.50418408
-48.91764957 -739.05934797 13.52166586
-45.33982222 -741.65437500 12.30523391
-48.78993342 -745.38384767 13.80179777
-26.46072000 -741.41736000 13.23035724
-24.57856676 -736.30566438 53.97061114
-37.61532644 -745.92487586 48.32379224
-60.03044847 -749.41313359 48.40808442
-48.29424839 -752.99623468 42.15983176
-61.65968302 -741.28321019 51.76452290
-51.33001053 -735.52950175 12.41498040
-47.55170667 -761.33257333 45.44112391
-33.69093879 -739.33619609 12.14812805
-47.37610000 -752.83485000 41.31446724
-39.34890134 -741.64897944 12.21089745
-39.79515000 -741.25727609 12.63035855
-36.26794685 -739.79733706 12.19662433
-33.96415313 -742.01523694 12.36481396
-33.65536498 -742.64444052 12.61772519
-31.85463919 -742.89037500 12.62811048
-31.67420607 -744.49064325 12.76689004
-36.14510000 -747.74736000 12.63598724
-33.94311020 -765.56475716 46.22910008
-48.64500250 -754.25920500 45.60215974
-32.53103333 -746.62306667 12.55261724
-40.06072500 -744.05277500 12.55799224
-29.67415484 -748.24011613 12.59350756
-29.23708333 -748.28713333 12.58198391
-60.99123308 -779.23554028 23.94463539
-61.56571516 -756.40285441 47.80263428
-62.53164762 -769.70247857 36.65714581
-52.31266179 -750.69221564 45.88309624
-51.28247105 -759.09762632 45.48393040
-72.63381224 -750.29122143 51.86409989
-71.71690000 -752.60450000 48.56211724
-63.70717989 -745.46144351 51.06138458
-61.87743139 -782.38712735 18.29199706
-45.67341716 -757.04362175 45.13371277
-29.21190000 -743.52224000 51.51103724
-44.02076140 -725.34285614 13.20005935
-36.97454977 -758.11637376 48.09921622
-46.25734221 -724.28848166 13.11667696
-45.80554948 -726.51570155 12.15342704
-13.71102593 -735.10468796 54.28243275
-48.85166181 -724.44108520 13.26960688
-48.29132797 -727.01419015 13.26432384
-48.63474045 -730.14270089 13.34710431
-50.60587727 -723.84803636 13.10628997
-70.01441375 -753.70770231 47.49541074
-65.97552611 -745.14455556 51.33823224
-33.73637143 -741.80958112 52.42140432
-21.90359458 -739.18984820 53.21910747
-57.92992951 -777.28889501 28.69893133
-36.08830652 -758.05517971 48.66231869
-78.85911310 -748.98071004 50.82565829
-19.07475649 -738.98016147 53.52557845
-50.89255787 -763.10954890 46.62380088
-57.10774167 -754.51778000 45.35688724
-39.68642691 -745.68512611 47.16280002
-48.21412648 -751.66622407 46.02458967
-28.72865050 -766.56762527 44.09701295
-79.59647765 -752.14738471 44.79258806
-35.85275000 -735.42991667 12.46881724
-16.01119954 -736.04984724 54.00582261
-50.55850000 -724.12170000 12.23751724
-16.60613219 -738.25071932 53.94476996
-50.52522500 -730.72267500 13.85865724
-47.13112727 -751.28021818 42.26738088
-43.53033871 -746.46313548 41.59172692
-62.70719172 -770.24991657 36.20397168
-15.86929914 -733.28903202 54.17399797
-57.05271477 -751.14876728 45.11614971
-44.31569444 -755.45324444 45.43983391
-52.16449048 -757.35063934 45.32541227
-45.01424000 -731.50679333 12.42667057
-66.53411769 -754.53298057 47.97854715
-41.21402182 -746.14317818 44.92281179
-58.33003388 -741.78804881 51.01804009
-60.90254337 -768.97747717 37.26594757
-69.56689191 -752.83097279 48.99102312
-19.75473241 -741.03256414 53.07060379
-29.25372800 -765.13089467 45.62924391
-55.34633709 -765.79140071 37.91263143
-54.13855783 -760.74138638 37.70924986
-52.95201070 -759.62897963 37.29530230
-51.75289146 -756.50063388 36.30760586
-46.71560000 -749.53705000 43.29086724
-48.40031919 -750.55147980 33.15183643
-60.49864504 -751.10374461 47.58075944
-44.75875106 -751.96137021 48.65888745
-49.27060668 -750.22843018 37.81350779
-58.23818074 -749.37179199 48.40632114
-55.01856066 -751.41946438 44.71759018
-50.87742500 -750.61448026 38.92802163
-48.09684043 -747.85502217 32.04899289
-51.30381698 -750.49265037 40.76451462
-52.36289128 -757.61974075 36.79355745
-49.18057502 -751.03570463 41.45589664
-49.11671390 -751.49063732 43.80515275
-51.59693099 -751.02862640 44.85483214
-39.73297315 -747.06556846 46.28364006
-41.03498066 -747.36690519 44.87110356
-42.10235385 -746.35199901 44.24670324
-42.38676982 -747.26412717 43.57443048
-44.80899446 -747.51470370 40.19850592
-43.19744748 -736.94345211 16.34226271
-43.37776943 -738.19048975 17.41843634
-46.32509894 -747.43435066 32.00868700
-44.77355126 -738.95512261 17.61564990
-44.75775598 -739.62361209 20.17678178
-45.36312831 -741.54286175 23.23860838
-45.22012190 -741.07944161 20.81594279
-48.59296154 -754.40306154 39.36167109
-50.66442581 -752.35522419 34.71855273
-61.30950000 -755.44540000 49.09931724
-43.73068846 -742.38337885 25.15027013
-45.42998745 -742.59821506 25.39500450
-47.75520857 -744.89131714 26.81034867
-46.33625195 -745.22729581 28.75461724
-47.54578571 -746.21679248 29.18749468
-46.96364348 -746.74156087 29.93861289
-47.65973646 -746.86843438 30.02190682
-47.07379721 -748.12744851 34.62260330
-48.10776773 -748.72724744 35.21239202
-51.07575683 -749.33330929 39.29529702
-47.03588594 -750.56400781 43.71651255
-46.54899167 -746.36078958 30.84478807
-45.73234286 -744.24817857 24.31525296
-45.02210000 -741.16690000 18.50655724
-43.42560000 -737.53055000 21.59211724
-44.62930000 -736.86548333 18.77300891
-43.77293158 -741.62803158 20.05389093
-35.90660425 -746.90159929 48.78657668
-35.07468000 -747.66671000 48.48352724
-38.64143862 -744.78636069 48.85509034
-34.06595052 -745.67720334 49.94478856
-28.18066667 -745.33487695 51.20261354
-33.69067230 -743.23604930 51.26342945
-31.00243688 -743.18516594 51.38045037
-27.63810709 -742.08058203 52.15507059
-27.02414831 -744.29952500 51.66383719
-30.04629162 -737.15701012 54.47291204
-76.17410725 -747.73349547 52.83118945
-27.85713606 -737.08721275 54.28401625
-24.91166861 -739.16353203 53.09732377
-22.00267597 -741.76385149 52.73233673
-25.85693571 -734.99122808 54.75394187
-82.20931693 -748.48598042 49.67965798
-26.46086250 -734.49033750 54.71739224
-24.88973099 -734.06878363 54.67538749
-24.08648050 -733.84426307 54.43746911
-21.76565885 -733.07627738 54.18450900
-18.80042515 -736.17383624 53.84582173
-19.01212032 -733.09951933 53.92120953
-20.67104906 -731.41922075 54.11907573
-13.65261621 -733.87798164 54.39098248
-16.08440368 -730.65018831 54.33102460
-14.17728696 -730.65364783 54.49879985
-13.03576781 -732.42646280 54.70162489
-13.21835878 -730.74232211 54.81881490
-33.17594480 -739.74155943 53.82962901
-64.07513975 -783.05741004 17.04963100
-36.13468667 -742.15610256 52.28246698
-14.56385455 -731.90935455 54.57732633
-66.14646864 -783.20196328 16.65484380
-66.19408715 -782.15817778 18.03158564
-61.75601465 -782.82446667 17.84792835
-63.90771049 -782.27231609 18.09579048
-63.80402314 -781.07595306 19.98720953
-60.94984656 -781.45523008 20.13609230
-66.14316308 -779.82663462 21.97732955
-59.10649444 -781.36535463 21.00422743
-63.53467274 -779.89099632 22.14803146
-66.04804467 -778.94300596 23.47862245
-60.51411681 -780.13946390 22.58153771
-65.89623141 -777.57551758 25.67368237
-63.73816934 -777.49846459 26.11804410
-73.90935261 -754.36603087 44.95744550
-60.70308050 -777.99349616 26.06914430
-58.37659382 -778.63595585 26.16485450
-57.53548492 -779.72673240 24.82825132
-56.38620000 -779.66470000 25.36101724
-64.49295614 -776.44117763 27.36823610
-65.62680677 -775.44792519 28.33811198
-60.86772607 -775.63025430 29.31727320
-56.00803671 -777.89388472 29.58535845
-63.53798506 -773.90291511 30.96179228
-63.60786506 -772.93053857 32.43972713
-60.49310298 -774.14269664 31.34639005
-56.64226061 -776.75790101 30.82783542
-58.63368014 -773.16554110 33.09116123
-57.67025984 -771.91439541 34.68057355
-55.63348831 -772.26988744 35.76676735
-57.74532038 -769.94909867 36.08686265
-54.72123417 -771.23624566 36.85104927
-56.09484628 -770.36165289 36.45858294
-57.49929385 -766.25179243 37.89771440
-61.64702500 -776.51563750 27.46929224
-66.37154444 -783.91742222 15.50550613
-75.55329314 -753.78751716 44.82364532
-86.98055092 -748.92596557 44.72009783
-86.70017949 -748.37616068 45.92602750
-63.05015318 -751.80134871 48.17382289
-63.23649688 -752.90755938 48.60582974
-63.37569092 -757.11978444 47.82591124
-66.44426792 -744.38270340 51.70442403
-83.80122538 -749.77645584 46.59047308
-81.96489685 -750.65351219 46.92342353
-77.62961667 -752.74152381 45.77336248
-64.16161625 -760.09415493 47.19903774
-62.09606000 -758.89098000 47.18621724
-60.76609582 -748.08522399 49.45107869
-58.15058184 -747.92151780 49.43497644
-57.96840909 -749.73352955 48.66918770
-63.80314388 -747.65521000 50.39226857
-54.47765623 -748.04893658 49.47582807
-58.57883089 -745.59876777 50.09837678
-64.46018776 -744.28047755 51.59854377
-63.53605724 -742.11684747 51.96571657
-63.10785000 -743.34285000 51.40016951
-39.96388890 -760.03292649 47.19490868
-60.52704085 -742.12210980 51.25742966
-60.02790608 -740.18765912 51.43753819
-63.81737374 -739.30651869 52.66408391
-58.53429243 -739.73076971 51.68125421
-83.86310053 -748.16981474 48.92587724
-76.78175507 -746.45142609 53.38044623
-73.28609205 -748.01458045 53.04177384
-73.50351778 -752.44968667 47.91460391
-71.03627778 -751.89345556 46.74727280
-69.85105103 -748.65451237 52.90825925
-72.93405534 -751.59552362 50.39374475
-65.54502083 -747.15382083 50.62869224
-70.32727875 -750.65540375 51.85976037
-67.45200119 -749.11600714 52.51827200
-67.57179792 -750.00837083 52.03894224
-66.95964419 -753.04872558 48.88086530
-69.38622854 -760.41259810 46.03001809
-67.10221296 -760.42297182 46.66059976
-67.62729099 -761.95695408 45.84895973
-69.56033799 -763.07184204 44.64617192
-61.65085758 -756.28893333 48.72235664
-64.61773939 -761.85524924 46.46426345
-68.02339797 -762.88205939 45.14667917
-67.19937366 -736.33484261 52.48886571
-66.85038356 -757.05761986 47.59183779
-70.92220149 -760.88120896 45.33358590
-67.74695620 -742.08248737 51.97285885
-67.36007702 -739.02213851 52.41682981
-64.80543333 -734.26393611 52.09638391
-75.90689674 -751.05555238 50.28160571
-77.18085000 -749.32284583 51.38641307
-71.68697857 -758.91734286 45.67772438
-71.66105333 -758.24155333 45.86622391
-76.21060000 -752.72702500 49.24151724
-80.91989375 -750.03555625 48.89553599
-66.56010741 -734.19806111 51.96205520
-78.47358182 -746.12953636 53.19768997
-68.65126047 -741.92184651 51.67177771
-31.05178382 -767.94195970 43.40103162
-28.92458571 -767.74624952 42.95347629
-30.60652985 -766.91522924 44.74709056
-45.87040690 -760.24010478 45.16435451
-42.30293000 -762.90988967 44.91152463
-46.64401775 -761.79966234 45.07015404
-39.89315028 -765.16807648 44.13618998
-37.05123176 -765.64697832 44.91826704
-38.13494134 -764.40171788 45.35195970
-36.93469594 -763.14888535 46.66355328
-30.80074065 -765.55213247 46.10797693
-48.81803359 -757.65662811 46.01064902
-46.48279208 -757.73008998 45.78199648
-31.23717102 -763.61525698 46.98522831
-43.08672525 -757.17141897 46.32131112
-33.96413039 -762.96437540 47.36769498
-48.95588925 -762.84827989 46.40260522
-41.85173169 -765.03216796 43.89480738
-43.51657621 -754.90221469 47.74755472
-34.91328027 -758.21145919 47.89755319
-35.29616667 -758.22932121 48.70741421
-44.26624667 -751.75370667 48.24378391
-46.04034717 -751.68261969 47.66271202
-42.80407259 -753.66221437 49.51486692
-42.98280949 -752.00526009 49.88170132
-44.46799512 -752.78924634 48.76012212
-40.97812604 -751.77219896 51.28327349
-50.89080711 -765.16060087 46.28675614
-39.21189059 -753.22714510 51.81331489
-39.64540000 -752.15961991 51.78469777
-29.36450000 -764.57120000 45.60391724
-57.43466032 -757.05257508 45.00223721
-57.29108302 -759.76513962 45.15762479
-54.77805972 -759.99770717 46.19455812
-54.47277200 -754.47249393 45.69286628
-55.08273565 -753.57752149 45.28139092
-56.86493074 -760.16054759 45.94200605
-55.14747536 -762.38173096 45.95525640
-55.36183651 -763.79971205 45.28909710
-54.60019487 -750.25225309 46.20752795
-56.80761551 -762.96773904 45.38474933
-52.91692198 -748.01389859 49.32538650
-53.77100000 -746.54720000 49.73261724
-53.17015000 -746.52525000 49.80566724
