-27.34446387 -764.10697431 50.24849856
-50.60120050 -751.52945915 46.36385770
-93.91165052 -752.53548854 45.54992861
-55.07317760 -749.29306160 49.12352603
-80.95660971 -754.06963494 50.07582538
-42.46390981 -760.13027284 48.31571741
-59.83181890 -769.82599185 35.17742950
-87.13668786 -751.47607304 50.36251874
-64.90442812 -782.72502187 22.11842236
-33.31256054 -766.72612989 47.92943245
-29.03837292 -737.99986548 52.12452102
-62.50234908 -765.92477390 44.45845424
-92.50281982 -752.46867745 46.61936467
-77.86293131 -742.09754713 49.61908208
-58.65390000 -767.44870000 35.67746923
-65.98119631 -783.79838685 20.54361134
-58.47846786 -785.77192321 19.84664602
-29.13753327 -725.15797776 55.52307356
-27.47313434 -735.99252355 52.99654328
-77.28438571 -755.60741429 48.76823780
-48.09542812 -769.03362837 47.45300921
-48.74013158 -748.72630526 38.79562186
-75.15373868 -763.36290469 44.85972789
-45.11319148 -760.16941896 47.60529572
-41.74539257 -742.84128569 44.80134080
-32.99058440 -730.55503011 54.51785956
-58.21000000 -776.42479811 30.80657300
-37.80580882 -734.48310588 53.26107511
-60.33721155 -781.87283217 24.02993552
-50.14963338 -759.80914775 47.94152698
-45.73115317 -746.84846587 37.61550256
-84.16766649 -751.80129393 50.96179868
-37.62880000 -761.03210000 52.04106923
-47.79213610 -747.09356169 27.15955734
-45.23912973 -745.71624310 38.76452038
-61.81763636 -785.66890909 19.05267832
-58.00240469 -752.92122656 44.83439111
-46.17129589 -768.69909775 47.22813446
-62.02197115 -752.52256731 45.32195769
-81.72456956 -755.35299687 48.66974574
-92.87704393 -756.11575392 39.63692371
-65.73022359 -789.36797707 14.63469068
-55.29096030 -774.13475881 34.21580207
-30.11435912 -727.10100679 55.36392427
-36.34413979 -753.15825856 55.27595109
-56.60039333 -782.74962000 25.25762923
-59.99744159 -751.36584859 47.71073494
-72.21614099 -754.72266198 48.32612399
-22.85539756 -731.73529268 55.03933265
-81.02368533 -756.25883341 47.36175991
-63.52089227 -789.21254709 14.99085061
-94.76715000 -755.73410000 39.15388923
-55.65828000 -763.02228000 33.90786923
-46.78387143 -767.95475714 49.53278352
-69.65770715 -762.49669758 46.37581158
-19.31635522 -726.22186234 56.87791630
-47.99603484 -757.31239327 47.07392288
-65.99271659 -788.27499203 15.64457850
-60.32430628 -770.17225947 42.80119423
-63.59940375 -785.44571893 18.76689084
-62.93957956 -782.80408827 22.21101929
-79.07918354 -742.69528301 48.72728622
-57.06563028 -769.27384209 34.95815034
-69.92806860 -763.94071395 45.84915281
-52.40233036 -757.05973036 34.14709066
-66.09303781 -753.90444977 47.07963145
-72.16605398 -765.73287791 44.88559653
-65.81249525 -786.88503494 17.08786222
-47.66603935 -744.57725727 23.58752884
-56.59431378 -771.93095295 34.37518711
-66.13315079 -751.96182248 48.47741561
-40.28582376 -742.44738337 45.71214666
-66.00028299 -750.43161476 49.60175545
-63.18915064 -776.03918197 30.25003447
-79.82687500 -743.79866250 48.41261923
-96.08236156 -754.00236156 41.21998613
-63.17017564 -788.44072753 15.76397952
-24.14260144 -769.97674036 45.40806316
-63.06270807 -786.96340965 17.32755818
-32.95205000 -734.57228333 51.94351923
-60.27456736 -779.10865651 27.21583656
-62.82096564 -780.09485217 25.44801970
-81.23292349 -752.14493093 51.39703310
-42.10776207 -757.09819049 50.88757188
-58.10498057 -752.08866782 44.80403693
-59.66747392 -760.17847648 46.14605899
-57.45145267 -781.01594677 26.71217866
-52.81512609 -755.23552609 42.70900836
-54.38755385 -760.23030000 45.96837692
-63.06045779 -784.03367730 20.63750190
-48.10513864 -766.14362380 48.15360536
-57.69029726 -783.38871181 23.20287106
-92.97518771 -753.72927313 44.58447110
-77.04392738 -765.42806855 43.22605566
-65.94378040 -785.34023689 18.67215468
-77.99030807 -754.02713233 50.56600533
-41.18127070 -759.62065044 49.35116912
-65.65760842 -778.59874248 26.39513961
-50.42402652 -766.11114665 47.99594117
-59.97052996 -780.41441054 25.91536606
-74.28698677 -750.29521480 48.69317215
-61.53278947 -788.71035789 15.74697976
-36.33360019 -768.69900901 46.28260552
-55.33710294 -775.66063003 33.57605378
-90.78208001 -755.40083032 42.08728598
-41.90273182 -763.11085945 47.91382351
-61.39720492 -788.47574098 15.81273153
-45.08899552 -754.03253907 50.31759031
-87.31751206 -757.19573914 41.68700726
-60.56941235 -787.02301253 17.79947911
-53.12713192 -757.57490745 33.55913127
-75.83127461 -768.73389466 42.18514057
-46.99071269 -742.76209086 23.23647735
-70.22095853 -765.21473445 45.40759615
-61.32610000 -788.65240000 16.07306923
-38.33421336 -735.83633681 52.57734696
-43.07057959 -744.42493145 42.18332341
-62.52725388 -756.92066873 46.25577798
-46.04736388 -744.40026476 23.61460171
-62.89692987 -760.30420059 45.43006894
-35.80227000 -761.00373000 52.07862923
-95.09176970 -752.56442879 44.54503438
-95.25989816 -753.06725184 43.94078884
-92.15796200 -755.92143397 40.13787754
-60.17861457 -768.90412871 43.51659131
-48.11948333 -758.81025000 44.72660256
-92.97722360 -754.81679800 41.49322996
-89.80398570 -756.41165370 40.98890110
-90.52188953 -757.09010657 39.81038011
-77.31357337 -761.11471219 44.79004762
-72.93489104 -753.79209157 49.38896133
-42.83188718 -743.50902051 42.70583846
-80.88703750 -758.84035000 43.97343173
-48.90792704 -751.96312474 47.80263442
-49.72960000 -745.17930000 24.39521923
-46.95284706 -756.32765882 49.35301041
-59.74185593 -785.90940412 19.32099333
-60.30945450 -784.63086962 20.70847685
-49.87390286 -748.85744286 30.14788923
-33.11634209 -760.46444902 51.43301378
-65.98856595 -781.19895822 23.49802225
-47.41220000 -741.34794426 17.18719218
-63.06948447 -781.63749475 23.56902763
-29.29448737 -728.31181289 54.91254791
-74.61664312 -747.56919750 49.42126993
-58.09149233 -784.82559223 21.08822414
-45.44625665 -766.37672134 47.85239739
-19.02089623 -719.42041132 57.76984973
-90.28579272 -754.87335826 44.66996644
-67.32459597 -759.56666660 47.35254178
-39.80193921 -757.92718253 50.95683912
-42.85489802 -758.23567713 48.67847197
-92.28611861 -752.96375782 46.35119777
-41.75280026 -753.96234643 52.79834916
-89.03761789 -755.76343943 43.46105866
-78.04625209 -769.11796399 41.04426778
-78.18158308 -770.77763538 40.17863846
-36.10620129 -770.01042829 45.78713625
-86.25191905 -753.09366396 49.26278149
-78.97150893 -770.90411000 39.62828352
-59.90471357 -783.24170357 22.60746943
-55.37203437 -765.72862422 35.17317157
-86.88052149 -756.07766744 44.21620187
-89.85241635 -753.48145316 46.94218680
-56.28994052 -777.48090118 31.75403216
-58.04532982 -755.02918400 46.45779469
-84.35041855 -757.97259091 42.21160269
-51.01525963 -758.12239148 47.06563442
-55.40522073 -777.49062287 32.28974393
-63.10037630 -778.82267231 26.81064203
-80.35464474 -766.32691099 41.63877437
-72.30497072 -763.64741239 45.61485052
-80.39283119 -768.72221915 40.38270716
-27.04950000 -770.73360000 46.13286923
-65.05746918 -748.40201741 52.43013394
-89.95054769 -752.25535382 48.02860367
-62.79289218 -753.37906659 45.36924293
-87.67230870 -755.41968219 45.40230784
-78.23263793 -766.36543029 42.29067225
-83.45808570 -758.99335200 41.59069644
-77.78937960 -739.06985002 50.12991336
-18.82372246 -721.31556879 57.68349908
-87.05896378 -754.38425095 47.53678019
-29.95562300 -735.96951162 52.43634406
-56.57223226 -780.29788575 28.62741052
-55.41930159 -762.38542629 45.74202142
-84.07320257 -756.88761492 44.26765773
-54.89089084 -762.58843455 34.65010496
-80.13680149 -764.29092937 42.81438075
-49.22572410 -750.43132077 32.21122755
-76.85474578 -746.96958795 48.89645357
-43.47308571 -740.20944286 19.49204066
-82.35134328 -758.82937015 42.30830878
-64.71554918 -762.67761803 44.33698562
-79.83192578 -763.54798800 43.22422523
-79.07951935 -764.46050054 42.88979289
-57.80329105 -782.34691691 24.53302691
-85.99597771 -755.88932286 46.28407609
-71.88628888 -762.22217804 46.24246781
-77.92403925 -763.01243041 43.94109454
-65.42058093 -779.80831959 25.16169758
-62.83870866 -758.09306251 45.75693578
-89.56157712 -750.93546582 50.00065882
-82.07220513 -758.38032187 42.60998240
-61.69999000 -770.49142000 35.24169923
-55.45043763 -761.87523441 46.06890794
-83.83264838 -756.00595858 46.92083660
-81.20286465 -757.62816358 44.56262568
-54.09995073 -749.42651614 48.18285297
-59.65201383 -777.62331645 29.05755827
-39.06874969 -760.12779400 49.97990985
-76.70278571 -746.75820000 49.02172637
-76.12608831 -767.31027078 42.82124423
-88.25914685 -752.47310811 48.80037283
-84.29058541 -755.04619668 48.36300357
-57.36123464 -760.09701784 46.29485291
-74.99743463 -765.83247838 43.92743113
-23.95648313 -724.27338619 55.70103541
-48.02593900 -760.22829808 47.91368452
-63.13140572 -777.23013357 28.72951911
-38.22477931 -753.94571552 55.14538820
-74.74256923 -767.87274835 43.09170110
-75.92206189 -758.05781623 45.83281225
-45.63612424 -762.87795152 49.33905711
-40.74000741 -740.44915000 48.13248034
-84.10073833 -753.57332230 49.64145510
-58.38815473 -746.42407230 52.19475572
-58.32778505 -779.49936449 27.81636269
-78.41515689 -757.79126722 45.32449064
-41.02993187 -765.09315599 47.46342471
-57.60320320 -778.34482457 29.61501925
-30.62632246 -760.61216498 51.44483939
-66.98440745 -745.07950528 50.93816642
-60.03915384 -776.13142061 30.37704635
-75.38803855 -760.63814812 45.53291642
-78.04069044 -756.55478117 47.51000399
-60.10932876 -774.63522072 31.83525219
-62.34447273 -760.16944394 46.26437984
-34.98667697 -731.15922271 54.45748532
-56.98749658 -775.06938753 32.66948562
-80.30807386 -755.98742727 49.57306923
-78.39472177 -755.84678152 49.25034695
-75.04600765 -756.85267557 47.53742351
-55.55255263 -779.01896316 30.75796397
-46.95965421 -746.39270842 35.65901392
-52.68864667 -755.27133333 44.48620256
-74.06984077 -759.71967003 46.25566801
-33.09662175 -736.76443133 51.57915543
-45.98396897 -755.29664483 44.33813820
-71.92266957 -760.20282422 46.83968063
-45.87373757 -744.35283175 21.26987505
-42.91932570 -738.37490986 14.63656993
-45.26576703 -763.09204556 48.13252791
-69.14868095 -757.24383723 47.39013978
-72.33231244 -757.09039492 47.39070908
-36.63095000 -770.80748333 46.05030256
-57.39532290 -772.91476418 33.63727285
-78.45064167 -752.35611621 51.81272381
-75.26041787 -754.09828390 50.19682461
-74.54335130 -755.36975313 48.71632438
-72.18752060 -745.22028681 50.56486150
-21.16567624 -727.10461273 56.22510868
-78.14537544 -752.25149528 52.13215901
-97.97813268 -753.85652458 40.81480303
-69.21150982 -760.18886449 47.06946673
-46.81846667 -746.23768333 37.18110256
-25.30242700 -734.86701600 53.72785423
-18.88715816 -724.09317817 57.14759880
-55.79991399 -773.97883990 34.10718477
-74.93375746 -750.73821716 50.58108341
-33.05833778 -769.13904933 45.88334301
-79.71089000 -743.42194000 48.02978923
-78.54120253 -744.99132053 48.77678892
-59.87456906 -748.49819851 50.64569485
-55.26154673 -772.44870171 34.58525576
-53.22472622 -750.77966004 44.72004953
-41.97931001 -752.08567014 53.26430662
-26.07461955 -722.27823787 55.70163730
-62.07131835 -768.46627953 43.58710741
-60.27655946 -770.76301622 42.71172599
-77.60266257 -744.75035012 49.27228536
-75.20047743 -748.60242517 48.85446663
-18.66048406 -719.55703768 58.09828952
-66.17122199 -748.53622356 50.59773957
-74.95774178 -745.11310626 50.01476528
-49.43300000 -755.69290000 41.25196923
-62.30098373 -771.91106305 34.54795415
-69.26652579 -754.70868418 47.60668858
-46.93133951 -753.30706049 49.97460133
-62.83764142 -763.14414313 44.96256068
-75.17789012 -736.60842957 50.49179833
-79.06424564 -739.11710000 48.79316872
-50.15741182 -753.53818636 39.43734014
-72.04554533 -751.35944807 48.75521190
-60.13175871 -766.11194606 44.63231420
-49.81553137 -763.78334510 49.41054374
-55.39692396 -769.94647281 35.03065817
-71.63179726 -750.36500326 49.25310733
-71.97237415 -748.10998866 49.88547414
-73.41281000 -749.42082000 48.97924590
-67.28352836 -757.47623618 47.39434632
-51.28732902 -751.23448974 44.56536753
-56.88701979 -766.63781354 35.16795271
-75.14741225 -742.24124004 50.77804122
-78.46182983 -736.04844248 48.55017019
-69.05112708 -751.78140443 48.64346190
-36.02912118 -766.19702455 47.58697123
-77.68522740 -736.83190418 50.07774167
-58.49268397 -768.21149924 43.72917839
-60.21547871 -763.20396380 45.41176848
-49.41921924 -752.28489213 41.60323395
-29.97426639 -765.93651522 49.55274227
-69.27062871 -750.27807274 49.32924274
-53.90661580 -750.26219154 47.20022123
-58.14442087 -765.84340805 44.59763679
-75.05698668 -738.93458343 51.01604373
-53.83643775 -750.93867479 38.93926168
-69.11421200 -748.15631781 50.02113309
-77.64410833 -734.53423333 48.41444423
-65.22062353 -754.30985147 45.82081629
-60.05395176 -760.75587623 45.88044927
-72.02050851 -742.12516446 50.94664726
-57.48162384 -762.93108668 45.50651652
-25.84272581 -728.94185161 55.05566923
-63.81794287 -753.74243468 46.33590345
-27.03035833 -724.19675459 55.52501656
-69.26071722 -745.08989552 50.79008530
-76.65166000 -734.50896000 49.07806923
-76.54780000 -734.56831250 49.04150673
-51.49277140 -756.50547521 45.22571154
-60.17099245 -757.16470454 45.72930372
-59.79500982 -757.11677122 46.28013485
-72.48410777 -739.20098438 50.82219758
-63.70182493 -751.59472625 48.63035401
-57.77991567 -761.22002903 45.94074688
-51.35192185 -751.24607211 41.28289756
-28.24375777 -737.90725874 52.27035855
-68.98339725 -742.09736538 51.20673216
-59.84435497 -754.92406887 46.27400863
-95.82207355 -755.08871373 39.50786763
-59.64078341 -752.28563305 44.42219335
-73.17844911 -737.10548200 50.50965701
-44.88595340 -739.87759245 17.19037045
-60.22413588 -753.65195648 44.86449995
-63.92746852 -750.42978116 49.75474878
-91.50725000 -755.61140000 39.82761923
-56.34632562 -761.94528790 46.07589023
-36.09274337 -739.05968703 50.13177013
-57.49860229 -757.12729887 46.83995509
-48.32345763 -771.70525708 46.53992472
-50.18262181 -771.59830403 46.58729059
-48.91251103 -772.95242631 45.80017857
-49.86785769 -772.83525604 45.83403077
-69.17542285 -739.78799325 51.59375215
-64.09142390 -749.32550309 51.02671866
-50.45361302 -769.10715979 47.45215554
-55.09275113 -760.73543609 46.14727299
-58.81857143 -761.92666429 46.08736209
-67.25830369 -742.42227292 51.36162856
-64.47782593 -748.59971358 52.22567417
-68.74789908 -739.54660739 52.11370318
-36.90403113 -764.26715342 48.71217548
-60.18902346 -750.03016450 49.38310036
-67.48054458 -740.33261687 51.66097164
-57.21567451 -751.26291016 47.66968715
-50.80640037 -763.33789202 47.99972709
-43.40115621 -741.21308462 20.53631538
-53.18281734 -758.05660653 46.28498432
-98.08968507 -754.26991045 39.63240207
-52.97568929 -756.63114214 45.56314137
-57.53744357 -749.90280721 49.34083736
-48.14179242 -763.22736458 48.40317043
-57.45136546 -748.50368453 50.49414796
-54.09306057 -751.47476842 41.18899563
-45.31807920 -751.18148276 52.24116400
-60.18000769 -746.47350000 51.88146154
-59.28469297 -746.32031037 52.26898593
-59.59430048 -746.88134905 52.15633733
-34.94390187 -764.82693738 49.08754119
-57.18568235 -752.83165294 42.18453394
-30.83880644 -737.13951868 51.84791223
-50.77394799 -753.91382537 44.26865716
-46.54361000 -747.36000000 33.73347923
-38.22221005 -768.46118066 46.48878344
-49.20442589 -753.44380734 41.63429836
-58.29852895 -746.85822895 52.10969423
-23.94234055 -721.44814314 55.99797721
-26.34468774 -770.72255189 45.35505036
-48.74409414 -754.11397899 44.47399446
-65.17724428 -776.15069576 29.97019275
-47.54889513 -756.31515618 45.06852466
-52.12394722 -749.53707500 44.15174701
-46.57955000 -746.68720000 28.29581923
-47.48490400 -754.44357188 47.96381432
-45.24502380 -757.11931510 47.58940942
-36.16718298 -760.26177419 50.79001238
-46.05964378 -756.86256000 45.31285193
-39.26500542 -763.63804879 48.68521974
-44.49746073 -736.87958745 13.83316113
-39.03451255 -766.14054696 47.50133014
-46.75035179 -740.06690000 14.95528173
-37.94415102 -769.49878163 45.88532025
-45.40614269 -740.34138507 19.55088177
-46.18879331 -754.81140884 48.43577173
-36.31896364 -770.72906364 45.85481469
-47.96352448 -751.69492727 49.45705932
-44.17116883 -756.67022409 49.77313296
-18.38992156 -720.17730023 58.07645616
-47.85161957 -748.32456292 29.75353179
-50.90965841 -750.72132366 38.58180653
-40.18721565 -761.40901088 48.84836175
-45.25988810 -752.01010398 51.43232524
-38.49454868 -762.40287090 49.57434644
-32.77961282 -768.38318699 46.63326700
-47.22405238 -742.41090549 20.11911282
-43.03908703 -754.58593267 51.60712881
-41.08262273 -741.58768027 46.70441706
-36.06454208 -762.96364414 50.07542159
-29.95530304 -769.99902340 45.75427628
-30.01562065 -768.56588213 47.43545233
-41.32767957 -756.08000920 52.28784772
-32.85511992 -765.26025319 49.25711477
-43.46534776 -752.06425672 51.82521102
-32.94333514 -735.33186377 52.27133463
-33.10622029 -763.10320986 50.54405399
-39.49113893 -756.01055137 52.86357651
-56.98949032 -749.45001613 48.35887246
-30.52751707 -767.18875196 48.63715253
-26.91543546 -770.33931833 45.59363347
-27.14511691 -768.93713592 47.80501602
-43.71505714 -743.51172857 42.72155971
-44.14703859 -744.77533717 41.14217771
-39.13326293 -754.24228887 53.89672422
-42.32971065 -744.01787602 43.65582170
-30.56830445 -763.24357658 50.52768759
-24.74206889 -770.77595111 45.34105368
-39.59971941 -751.83153950 54.53733105
-26.96416931 -766.38088978 49.65761769
-26.94242410 -767.83188849 49.12971761
-24.42502488 -768.59881267 47.46331174
-36.91644390 -758.54310976 51.38235460
-37.02365703 -754.32794647 54.50158336
-22.34332941 -769.39246275 45.45897773
-38.24090142 -751.89956732 55.28249488
-59.74722500 -755.13705000 42.88359423
-33.54608889 -758.52382222 51.80169145
-25.47308750 -767.78655625 49.14556298
-39.35005477 -741.68605109 47.27611399
-25.21178636 -766.07998490 49.38548180
-24.35631038 -767.11594555 48.52199039
-36.72742737 -752.03997853 55.55505853
-22.41987653 -768.69046327 46.31099270
-51.19039103 -754.08575329 32.60296462
-24.59350436 -730.66298095 54.75193819
-39.19098790 -740.26459981 48.50475150
-49.27564148 -752.20736073 44.74559602
-36.74066850 -741.88414329 48.57286123
-27.24000600 -767.57800800 48.91121523
-65.55480000 -749.76395000 52.17436923
-39.00462977 -738.86387131 50.10101812
-79.20242802 -770.29819420 39.86995425
-40.90863158 -763.21945789 49.34430081
-37.28466420 -739.60428920 48.72490332
-35.59910965 -741.28791462 49.35032907
-33.40983757 -741.24661281 50.10474542
-38.62717919 -737.21634653 51.54700905
-36.13003409 -736.91273794 51.46303213
-33.19799211 -739.07811656 50.83605589
-36.19874296 -735.46344478 52.47061013
-50.00675177 -753.44768879 41.52766100
-80.30667395 -770.00041676 39.75499000
-31.52944000 -740.71722800 50.61979723
-30.39126902 -738.95217309 51.52871289
-47.48049989 -747.55130255 34.95424295
-28.44450000 -738.31092857 51.89021209
-30.05312373 -733.18912454 53.21536845
-33.17196391 -733.09161202 53.30140876
-27.05044333 -733.16138558 53.67499255
-55.77124444 -751.47217778 39.89545812
-27.12416510 -730.16814374 54.40784963
-48.46396042 -763.69481250 49.60401923
-24.49892777 -732.85339610 54.31805234
-76.34807500 -735.07742500 48.73989423
-25.46384795 -728.08268904 54.94364868
-22.48388542 -731.89607708 54.91886715
-21.88463201 -729.83674030 55.68610858
-22.32096923 -731.52181538 54.95453077
-24.06071475 -727.14015591 55.48629582
-23.52443407 -729.67838581 55.25700499
-34.76380000 -758.47250000 52.02096923
-21.08453889 -724.04700547 56.42486471
-29.40162500 -767.87466250 49.44098173
-20.98655264 -721.12310562 56.84353248
-67.67094643 -784.10287500 19.82537637
-20.44662862 -719.47730855 57.21095180
-31.35920847 -728.78469153 55.05607771
-30.11441777 -730.13368065 54.33867032
-54.17116580 -760.24621176 34.39843062
-27.12445000 -726.68936851 55.20137496
-22.38036552 -731.70990345 55.04261061
-27.12434977 -728.12034391 54.87550411
-60.17853333 -770.78351667 43.15451923
-32.19434958 -728.12796933 55.32985558
-32.85410795 -729.16810315 55.14665400
-35.78648010 -733.38644193 53.61012632
-67.67783182 -785.14071818 18.63642378
-45.06990236 -741.85405986 20.51582457
-31.40489565 -760.25960435 52.45052575
-45.53268812 -742.81995742 22.75404534
-52.48455000 -749.56270417 46.85478173
-42.00436957 -737.26145290 13.77125764
-74.05850000 -742.51823636 52.93966923
-46.57046667 -770.84200000 46.55913590
-76.52470000 -734.55350000 48.98186923
-77.66746957 -759.28900000 49.35920401
-43.86366000 -753.39366000 52.15252923
-64.83366788 -775.10292701 31.54621741
-47.44302000 -743.60618000 25.22738923
-93.86131838 -755.36945909 39.77059137
-60.09241046 -772.78221374 33.33925865
-30.75072000 -761.99016800 52.09413723
-49.25766667 -773.68690000 45.83523590
-80.03286203 -770.85721979 39.39522057
-58.30748696 -746.50792609 51.88605184
-44.79663530 -739.05008184 14.65998905
-45.23505863 -741.14336833 17.71881930
-45.32882105 -740.97421053 15.06571660
-42.94094348 -739.33878130 17.14546901
-51.27447083 -749.09280625 41.24184423
-47.47004167 -746.57913333 33.78971923
-50.72912804 -749.06193750 38.44132970
-46.26517250 -745.14180679 25.93232959
-48.01280105 -748.28341323 32.71523191
-47.37234716 -745.58841349 26.09070712
-46.14350086 -746.24082120 36.22367124
-50.68606827 -750.61564227 35.86325870
-50.18445471 -751.38120736 32.13982080
-46.23877826 -747.08083760 35.89052268
-61.70646000 -769.61319600 42.93539723
-62.64118008 -773.15478984 33.46183942
-62.90128843 -774.63323743 31.97958333
-60.31245878 -771.30404079 34.50501508
-65.33134810 -777.02645735 28.54852255
-66.84600000 -779.52643871 24.83253052
-66.79222748 -782.52863053 21.83111122
-67.65403750 -786.29958750 17.30999423
-60.87626250 -785.54825000 18.90856923
-50.77159091 -753.38925455 35.82469650
-49.22453750 -750.22808400 35.70999273
-47.74442133 -746.16747733 28.51419590
-47.69703000 -760.89140000 49.06418923
-47.45329000 -743.85202000 21.63072923
-56.60551676 -751.76177217 41.62219788
-40.46105714 -737.24540000 13.82425495
-43.12143810 -741.72120000 22.79993114
-50.03583700 -750.59097900 30.57380223
-50.04101415 -749.25338679 32.80110319
-50.25691088 -748.91599588 34.97708982
-88.37552727 -757.51876364 39.90730559
-52.68225000 -755.42842000 33.15340923
-52.12669343 -756.63033927 33.25101507
-52.77438182 -750.46119091 36.75006014
-49.37033738 -751.16571068 38.33882748
-53.83725265 -759.72766856 33.69132389
-53.24115467 -758.15719486 34.26966082
-54.88101905 -762.26706667 33.92885971
-56.09977612 -763.35443018 35.06403222
-59.04092388 -752.12523134 42.75513938
-77.34434815 -753.23994444 52.18997664
-76.10086000 -753.10637000 52.01892923
-37.39066250 -751.39947500 54.75260673
-45.10806786 -765.30456786 49.47850614
-48.45457619 -766.72541429 49.18714304
-32.92056667 -760.39043333 52.20713893
-46.60290000 -767.94300000 49.54786923
-45.70318889 -761.13196667 49.23712479
-80.33331429 -751.95012381 52.08073590
-80.94360000 -752.65860000 52.01426923
-58.21244000 -770.05724000 33.31836923
-85.47275000 -755.60943333 45.91083590
-46.69170000 -740.56900000 22.84476923
-44.32650714 -734.38918571 13.24102637
-64.77260870 -760.96908696 45.10501706
-48.96008339 -750.19238556 30.57103385
-46.57430000 -746.55845000 33.97576923
-49.49855000 -755.79115000 39.70379423
-49.71331667 -755.79355000 39.70943590
-49.51724615 -755.41036923 39.88169231
-52.75592857 -749.51385238 45.05812161
-48.80970000 -773.73966667 46.36256923
-50.85551714 -768.44376000 49.18371495
-46.69871786 -751.71797500 52.64111923
-71.23787273 -765.36719545 46.13246923
-70.32600000 -764.97447500 46.89044423
-74.17151408 -762.66703944 46.21619881
-69.94072239 -753.71203731 49.35645729
-68.01498462 -742.03936923 52.24494231
-74.69099286 -756.07575000 49.87632637
-77.49345000 -758.71050000 48.85631923
-71.63842500 -743.19165000 52.02069423
-69.38740000 -743.79815000 52.00731923
-49.76110000 -753.52180000 46.01216923
-43.47242500 -740.83785000 17.34321923
-46.85748500 -740.38025500 17.49808923
-50.06043333 -760.63116667 49.06726923
-76.32634800 -752.59962800 52.13804123
-40.64165000 -752.53240000 55.19871923
-40.70180000 -739.52093333 49.20383590
-67.39795000 -740.49555000 52.02341923
-55.52970000 -749.66370000 49.60576923
-46.57410000 -746.27840000 28.24996923
