-49.28103261 -766.08613913 64.23771057
-48.30686596 -743.07030189 72.75498108
4.24421446 -809.91550310 34.75516578
-25.36343309 -806.44121982 47.11335791
-9.85876667 -743.06215878 51.88150160
10.46680154 -788.60458608 43.60099998
-40.92351578 -747.43109728 69.81552755
-47.54488000 -746.47124000 18.93955014
-35.68620000 -798.97216667 55.84783014
-33.67538479 -769.77738068 49.96546603
-30.78287006 -772.88846891 51.15503486
-42.10791672 -761.98152174 53.03529914
-45.69392279 -760.54994791 66.77523293
-73.84368656 -770.66770321 55.29717235
-7.25007883 -764.58865257 44.87619105
-42.21498425 -756.33665473 47.34044622
-16.53199579 -800.03338188 49.51793525
-34.29364258 -755.61424338 64.70818837
-25.40224030 -803.38973380 48.10467346
-46.15406126 -746.37951159 29.19674658
-7.89060355 -739.71159092 52.26091907
-29.12365977 -773.97726895 51.28763057
-8.12969098 -784.55253115 49.43124243
-31.44788491 -794.34190022 53.41363604
-43.30355291 -752.80618477 40.89513426
-60.96625250 -763.45918000 48.62873514
2.06278100 -783.51353604 46.89897938
-18.91808187 -776.27076964 51.39985662
-28.03267072 -744.22801873 51.05050380
-14.45370000 -769.87840000 52.06313014
-14.99812941 -789.81087647 48.96037720
-77.14908633 -776.15531194 55.41214241
-51.85488099 -758.51319919 69.61900956
-45.50259792 -741.44544375 25.37708847
-41.68370417 -726.76797083 74.15552180
-6.77628098 -815.38805447 42.15686009
-58.66650486 -754.98132502 73.39540282
-42.71870476 -755.90055577 44.65613906
-84.38301139 -782.62727343 57.64731831
-37.46057774 -741.02445103 72.49183854
-25.39296604 -799.95754617 49.37494431
-50.58170000 -756.05050000 43.53053014
-79.89795172 -782.31162347 55.46606286
-32.92852500 -789.91885000 56.52953014
-40.58471667 -769.70016111 54.83454611
-30.31409683 -745.55708651 49.43795752
-50.91476111 -738.07713889 72.49715236
-14.26841713 -772.89111997 49.40490574
-45.90200292 -746.25868921 26.81176444
-29.72378780 -759.46007561 61.73549111
-34.03025392 -753.03584898 65.98094452
-34.61435877 -784.81984910 54.41818319
-2.56888118 -761.72236471 42.93636308
-29.27257665 -787.58937200 55.21770898
-67.44836164 -776.33884209 51.42139804
-41.27367791 -728.71820477 73.80332409
3.77613596 -784.04638933 46.17561104
-2.78900000 -812.26815000 40.54298014
-44.76010000 -743.93833333 28.65443014
-33.61130384 -798.42791344 51.56859653
-4.77313163 -764.18696432 43.48960849
-46.80591731 -751.37084308 36.51155244
-9.56182411 -803.98330196 45.72983488
-64.76872958 -764.64548959 52.71433447
-37.61314679 -785.37907824 55.57212996
-9.09426281 -741.71773388 51.98102435
-40.22079727 -785.38397126 56.99406879
-41.12754229 -782.37338060 58.21980592
-33.75311872 -817.65663476 45.59329110
-10.73618316 -800.65042273 46.88251312
0.14426429 -808.91517857 36.97738728
-25.33072167 -794.42919089 50.97510732
-34.20141696 -776.49721023 56.84938241
-36.72953129 -803.63613243 50.16656624
-19.80975377 -786.22906417 50.65359057
-44.16474221 -748.97468894 32.72350501
-45.22571136 -750.62661818 37.39784832
-43.72983824 -754.32788003 70.43425243
-4.56274868 -737.17034486 52.50799534
-11.58527771 -805.35751592 46.12783332
-42.05174589 -747.27915801 69.85516780
-78.95588721 -784.92624113 54.72235405
1.48213787 -801.04859226 39.02027658
-13.41739052 -764.51013955 50.29219351
-40.84253408 -734.92130296 72.89233854
-19.62051566 -794.71934320 50.47683746
-41.46970632 -772.76949253 55.91071175
-46.36883566 -754.43217238 70.45708612
-37.97963757 -756.24589564 63.89107777
-35.68575000 -781.52305672 55.17612790
-11.39570189 -787.24648962 49.19561033
-6.57761593 -809.47593428 42.66319497
-19.31219874 -743.45142924 53.09857554
-77.08293462 -784.36564112 53.99113734
-47.32130346 -721.59732017 76.25620247
-22.75433729 -782.91409841 51.24734717
-34.34271322 -815.06850443 45.67070029
-12.00845946 -811.33313063 45.40544275
-31.48516667 -744.86953810 48.46892538
-6.85388003 -731.98934696 54.78702487
-46.98046667 -745.30788571 20.06577776
-31.18052919 -758.03552826 65.03232987
-15.38925847 -803.45358335 48.39401133
-59.88720000 -757.03110000 73.33553014
-32.65006250 -746.73092500 45.83153014
-44.62268148 -741.35719259 16.95902273
0.23040526 -813.42976842 37.08072224
-59.87150000 -756.88600000 72.94093014
-1.00004865 -737.75310841 51.60649646
-37.06684444 -762.76454167 47.63228291
-74.54971940 -772.21280896 55.13959432
-31.29300927 -779.51974513 53.75434832
-32.60831158 -768.59655579 49.86883014
-53.95390667 -739.56739333 75.91596014
-36.01885263 -783.53174737 54.88554908
-36.02650213 -813.46044894 45.94563546
-73.32890705 -779.35674409 53.15127834
-43.25523976 -743.56981751 71.25627224
-44.91118571 -751.60901429 69.81040871
-47.36001111 -766.02653333 62.95201162
-51.05118095 -751.75599524 73.11836347
-12.60018255 -770.78743908 48.35070603
-24.16303484 -789.32931233 51.72686674
-11.45246977 -767.06889070 49.32344176
-7.42314582 -800.41794178 44.22176964
-22.31899832 -797.54503778 50.00661409
-16.46609840 -802.45954647 49.33902629
-22.22114063 -776.12349084 52.65858193
-26.55313459 -811.92645283 45.84639334
0.78340324 -805.53028380 37.24155143
-6.61155755 -817.37121079 42.61678913
6.84012550 -733.69454060 52.55978213
-10.25958873 -806.22287038 45.38525133
-22.16424312 -799.99444297 49.39503594
-66.19611786 -770.78288766 51.89246423
-3.96743787 -738.46905740 51.82054770
-41.47162267 -758.31803593 53.14970036
-84.30381424 -779.84977214 58.38891264
-5.93990000 -738.89500000 52.01223014
-39.68680484 -767.18549302 55.46753740
-11.81830000 -762.87480000 49.01643014
-36.34081789 -801.29770894 51.09755236
-45.25306341 -754.41229024 42.74650331
-8.35714432 -795.51535682 45.43208355
-68.68651944 -775.20109722 52.08456347
-45.53212727 -776.49970455 57.55220157
-24.53326471 -745.11531176 52.13806543
-20.33967168 -776.52599706 52.28617623
-52.41838983 -760.12411356 69.81299115
-86.14723571 -787.50800357 59.26936942
-52.34791386 -755.34665366 71.16170124
-15.32969507 -764.97851879 51.60915765
-31.65506027 -770.78883434 50.55103696
-31.30880750 -803.47000153 48.19798019
-44.58834444 -744.25210000 25.58540051
-43.74265297 -775.94655594 56.99886949
-1.20778946 -815.16699526 38.06154581
-19.05615340 -788.04020962 50.26054684
-5.08924673 -815.12210087 40.91949059
-43.04775725 -756.48920545 65.92515641
-2.56961071 -759.79356548 43.56651585
-15.52499124 -767.61130010 51.51770640
-10.29862149 -785.36883432 49.84551484
4.16325148 -811.99304744 34.30467469
0.10096000 -816.69970000 36.95008014
-16.34675728 -788.42489900 49.89715153
-49.02911161 -765.29399323 64.29280751
-46.79098333 -738.62655556 19.57224680
-19.05819823 -737.56058962 56.07300433
-5.58929250 -798.04766625 43.23772889
-1.59210369 -785.09531319 46.62917747
-7.93295926 -769.79426346 45.04124306
-3.58606018 -763.76591681 42.95686377
-50.87916000 -739.60678000 72.84831014
5.80058000 -810.87470000 33.93077014
-25.49891074 -779.64339057 51.38263312
-12.08309103 -767.78445339 48.71117149
2.24085183 -820.36080793 35.70827648
-9.52818920 -814.94441142 44.02555637
-1.65509575 -736.40954297 52.22666583
2.51995429 -804.77961429 36.97181014
-2.00456677 -800.70448154 40.37381636
-33.88476948 -813.01338434 45.84884232
-50.06767492 -734.15808777 73.34238995
-1.27066472 -817.55060496 37.84727212
-24.62060437 -775.94126667 53.07680744
-15.12390028 -791.57077875 48.91375818
-2.82970000 -786.86410000 46.02603014
-49.50948003 -754.76489933 70.80810213
-16.63925210 -736.79922266 55.76255972
-16.65127146 -776.18011266 49.98039439
-70.11769482 -768.07649627 54.45763083
-2.84490000 -805.08490000 39.99073014
-1.30029621 -791.31200682 44.47364958
5.99527083 -820.38428750 33.93672180
-2.66575556 -759.85730000 42.93366347
-29.10487737 -754.41844487 64.47885113
-37.23521234 -739.53738594 73.32680002
-2.57728241 -807.02207685 40.35400467
-43.41615358 -755.44045590 68.61341671
-60.53713143 -753.72597333 74.43015252
-44.53610026 -746.58301923 29.33197706
-16.63973454 -745.54570429 52.53817763
1.68837547 -806.81979190 36.44921826
-81.57428990 -777.05767726 57.63471997
-14.31506641 -736.25245649 55.24659884
-38.75170000 -758.85950000 61.90333014
-53.25144801 -757.62086261 43.70648058
-28.29196715 -812.16625501 45.60356616
-0.01934872 -818.28202821 36.90509937
-30.92193050 -750.26427906 66.68674324
-44.52316667 -741.18776667 19.13523014
-29.38570000 -771.36310000 49.81953014
-19.57301283 -800.32709694 49.82799497
-40.79175455 -747.87354545 38.88668468
-46.19742469 -731.69550297 72.76383832
-30.04907500 -775.26993333 51.11513014
-6.77901089 -761.49395499 45.32193398
-25.07868049 -747.49462359 66.24989025
-53.84260000 -759.24265000 69.91538014
-26.24343057 -744.34870717 51.69574636
-43.52532340 -749.64823944 35.98409551
-12.06915172 -744.78324828 51.97100600
-33.10972671 -795.30753354 54.47472082
-37.36446319 -749.30143488 68.78476765
-69.11271326 -777.03162719 51.90991126
-44.42464633 -723.32286979 74.82967999
6.84235594 -818.12160666 32.95023949
-33.07366290 -777.72471129 54.61671240
-45.41070882 -756.04214706 38.47222720
-28.18087500 -801.46105604 48.84056275
-45.44500488 -752.85141707 40.40019355
-34.94553496 -740.95011404 72.36674843
-31.31829916 -806.37205703 47.04740250
-44.75650000 -738.79080000 14.06583014
-4.91104156 -798.64604329 42.57587949
-44.45938000 -745.06216000 23.74270347
-51.08477303 -731.40027333 74.15624832
-7.77347500 -769.61882500 47.40925514
-39.28589020 -747.78212353 41.10080857
-37.78533547 -765.21583933 55.28007845
-8.29265036 -815.57293423 43.38628515
-41.49572500 -753.14150000 39.42205514
-30.25785306 -795.64522993 51.87686891
-4.15285246 -785.27007391 47.17670756
-24.10142187 -768.75645000 57.75396139
-7.17807315 -767.48191489 44.50811081
-43.44334906 -767.84958933 55.68998828
-13.05098726 -734.35190337 55.89059615
-8.16716503 -731.96523834 55.17680621
-33.71074484 -796.98449873 53.46534262
-35.51408000 -814.03670000 46.03541014
-38.74280000 -748.88310000 39.84093014
-48.11300200 -742.51566000 15.38785214
-30.25947553 -744.68449149 49.47263226
-42.09021948 -761.83749740 50.84323458
-23.52004493 -748.53796806 65.38034291
-48.13036514 -739.77759736 14.50022076
-26.73425000 -747.51455000 67.13193014
-49.41095185 -723.21405348 75.58017055
-43.08048774 -751.63175590 69.01936680
-8.69226585 -775.28305366 46.74106184
-35.77295000 -804.98275000 49.06818014
-26.10370047 -790.70281695 52.45856948
-28.38043034 -791.33197672 53.27007199
-45.53113837 -773.67551860 57.57160107
-46.93445677 -761.45054238 67.79581733
-57.61558875 -755.99948172 72.56874513
-41.67816479 -784.23313803 58.09345831
-24.06525000 -768.88665000 58.06123014
0.13462963 -811.81156111 36.97563199
-66.83333728 -773.75416276 51.63037327
7.42648724 -786.22286269 44.00873119
-1.29565831 -803.46718322 38.95461164
-40.58512289 -787.31702207 56.88050316
-31.48561089 -755.30984913 64.67278941
-42.07561597 -786.15334792 57.89497875
-39.69325000 -755.99024214 63.27996157
-11.91065000 -765.52813400 48.92985014
-5.38372682 -767.08824801 43.68818378
-18.66672684 -774.09228541 51.61417565
-13.50357048 -797.38644153 48.10925892
-40.08508996 -760.88959355 46.62018067
-45.82240156 -750.02755644 35.93605823
-53.98001333 -756.69826000 42.83842347
-35.05917381 -747.69321696 69.68771049
-38.03093314 -767.43117463 56.21431048
-35.92334286 -814.46085102 45.85121585
-49.19611447 -731.10614948 73.47827342
-52.35989040 -753.10334320 72.35362624
-15.88572246 -770.62511233 51.18758787
-45.02795604 -756.58398022 66.86490706
4.91657106 -815.39513977 33.61114210
-4.16284584 -793.72650862 45.57078097
-28.33162286 -800.05620848 49.37653737
-5.77090000 -741.97130000 50.95573014
-44.41789779 -745.70723496 27.30667173
1.78541801 -809.60274579 35.78939349
3.92147284 -818.84065556 34.67732095
-37.86012519 -759.61110076 57.40509604
-45.84299390 -770.41702482 57.36262331
-32.57010351 -784.19364035 53.84855908
-35.96865581 -766.44065814 49.14517665
-18.18866250 -778.24501169 51.84238094
-7.21060971 -788.44133093 47.29440206
-40.18509925 -751.71576395 67.52283990
-21.65145087 -768.34656337 55.84917098
-64.11240882 -767.60646708 51.44531195
-20.25010319 -739.15706064 55.22505035
-26.59850000 -810.93990000 46.02163014
-17.67602442 -772.22853837 52.26660863
-62.38215366 -772.31299951 50.58288136
-42.32343277 -760.52395714 48.10355409
-26.30676081 -811.17938243 46.10161797
-43.07190590 -754.99313838 41.77789397
-7.27455455 -791.54952688 46.55654304
-44.60373333 -739.08706667 13.78638014
-33.90446053 -803.97146800 48.49130350
-4.19346852 -734.52747102 53.35212137
-36.15218343 -785.17033840 54.89126581
-40.58624537 -752.70582893 66.44453263
-26.22186252 -776.91387712 51.59775208
-46.61310909 -751.15109091 28.48171196
-37.05360482 -759.15753563 59.53673097
-47.20195793 -720.33042938 75.54141896
-48.75232326 -719.67408790 75.61103131
-3.75886351 -788.87337394 45.73551228
-52.19016290 -738.63519032 74.93337207
-36.75810028 -764.51742746 48.38897662
-38.30367879 -778.54403810 58.29877992
12.70303298 -789.28544596 44.15389907
-2.80740000 -786.98910000 46.04533014
-47.02145186 -738.12637666 14.66048459
-46.18288889 -729.62627325 72.96864207
-10.22985074 -788.45010705 48.33846730
-39.48545563 -748.71009873 40.83627026
-28.99841560 -793.72954818 52.41942965
-41.45777500 -754.02217500 39.18630514
-19.12481342 -740.54571227 54.00788336
-2.70606044 -808.79367802 40.17906310
-45.68150903 -748.82588989 29.83149548
-9.30862926 -797.46240846 45.66911516
-15.01995466 -776.56623730 48.92244814
-11.02704667 -742.83915271 52.16787095
-2.95699853 -803.87267647 39.90411984
-52.08139333 -742.19672667 76.10321014
-7.73930139 -817.19298611 43.17629403
-19.88964789 -766.94041373 55.32936973
-6.98349194 -740.90613083 51.67155657
0.57710000 -818.05980000 37.08953014
-15.19999300 -806.18278693 47.77332395
-30.90992474 -791.80888597 54.20706967
-40.86913235 -761.73663609 58.53021871
-13.31082040 -803.43597947 47.23440192
-50.95774696 -725.96749522 74.92744144
-36.31425756 -809.30073319 47.85915397
-13.41290000 -811.00766000 46.48313014
-46.06270251 -743.88090566 26.44787492
-28.36382194 -803.39531601 48.07168472
-48.23438759 -742.79817103 23.24601359
-7.23530699 -785.64027404 48.18817906
-40.94846947 -749.05807987 38.57474952
-50.28474332 -741.12300810 73.89345159
-10.92626972 -733.74082729 55.42759875
-46.77346587 -740.35761569 14.80667792
-39.60597259 -758.66920704 59.62571643
-82.18301310 -785.08204727 56.27760950
-23.56320577 -786.31587596 52.34797341
-32.06444609 -790.46286820 55.81093541
-37.27431875 -769.10172500 56.32810514
-17.17898505 -765.26727610 54.05472798
-34.66939090 -751.61486159 68.05185140
-16.35925614 -791.34620630 49.52715392
-6.92823804 -812.47161532 42.17056858
-13.19377586 -737.69185526 54.11569282
-28.07121589 -788.64016368 54.19574985
-10.33570319 -809.64970897 44.70624598
-48.51897036 -740.13829422 17.70386532
0.49698750 -739.08087500 50.85967835
-48.33895303 -743.30557727 25.64546044
0.47931818 -736.05867879 52.07526347
-32.72383596 -746.34885281 71.65500317
-4.43897780 -812.28881455 40.71885595
-36.56553753 -777.58044370 57.49702343
-45.67523333 -757.06718333 39.05297180
-33.62575000 -765.68725000 52.21633014
-46.30095186 -746.46941161 72.19705045
-42.57987361 -766.74933193 54.25299188
-41.07001980 -758.59260652 50.76664952
-34.60531263 -739.52778627 73.55388192
-47.64618750 -742.05702500 14.36363014
-42.61632437 -749.89623979 69.43532767
-35.53307088 -742.72089917 71.30899569
-51.24488000 -739.69433000 16.57495014
-36.32698209 -766.87889328 48.63541223
-13.38238978 -800.51124682 47.75635259
-33.91502793 -779.96542923 54.70007868
-13.64674383 -809.25861898 46.68016954
0.25088462 -810.01728462 37.08709937
4.24107596 -803.13164828 37.67504403
-13.94789801 -745.26333854 52.24108861
-57.87845619 -757.51651238 72.31220299
-13.21956562 -786.24954579 50.23357720
-65.30980290 -775.49340503 50.92441350
-40.49852369 -737.56141651 72.69394702
2.41995183 -735.74119151 51.92310605
-49.28388360 -737.45208457 72.50710680
8.10499571 -790.62042596 42.97815940
-46.60050279 -740.88143918 20.46220908
-25.51346957 -786.25523778 53.80292708
-21.64435261 -745.34396679 52.53319767
-71.59987846 -781.20577385 52.31271937
-19.58687073 -773.23451657 52.91290116
-35.66745000 -735.23040000 13.09183014
-32.74312951 -793.28863770 55.13732686
-47.12585000 -735.63175000 15.71593014
-41.28565933 -770.49975241 55.52115320
-34.36165982 -735.32736438 75.43734886
-56.08785288 -759.10124627 46.34416020
-35.22877313 -769.44889030 48.53325924
-60.60511304 -762.46715253 49.73763697
-61.24556214 -764.52146588 50.12464678
-59.61748308 -763.92467069 49.22692107
-59.14297442 -763.57517442 48.82966444
-59.67512021 -762.19195426 49.17776950
-58.37209932 -761.10737537 47.87188437
-60.15987843 -762.33134118 48.55237131
-56.49820588 -760.55108235 46.57183249
-55.79277468 -760.26808101 45.52976431
-57.23844387 -759.60991471 46.82057591
-55.11294387 -758.28618559 45.04529443
-54.16068750 -756.72677941 43.76458087
-53.07255825 -756.44749330 43.36703581
3.56732439 -807.58321585 35.57988380
-52.45551875 -757.20101875 42.69265639
-51.79985196 -755.50043392 41.95026156
-19.40851281 -802.14238227 50.04863112
-50.25875473 -754.82906291 40.90898468
-49.24615393 -754.29396292 39.66941441
-49.88662876 -753.65845665 40.37322842
-35.92804444 -770.05121111 48.03834125
-35.20586250 -767.94879609 48.84335826
-32.91000455 -750.72630000 66.98639832
-22.07149073 -785.25615726 51.12350565
-13.34628886 -791.50158561 48.42827075
-34.30994586 -767.70511623 49.60269612
-24.56601016 -781.86665040 51.23894791
-31.18713409 -776.68047246 53.67895494
-27.27254636 -778.63103716 51.16123531
7.60374154 -788.34341341 43.33517253
-23.18100142 -788.52757249 51.50696959
-30.93274545 -774.50144727 53.19744559
-27.78078403 -776.61790022 51.52226452
-19.99008383 -792.03480393 50.82569711
-36.28199500 -765.53077500 49.40781514
-35.19346883 -765.79879351 49.36845611
-43.66810443 -731.88647136 72.84862113
-35.28365655 -765.13913069 48.68434427
-29.34220753 -777.24596344 53.30479116
-40.65635684 -761.20439308 52.81736389
-23.60468462 -780.75169872 51.16485706
-38.20226315 -761.67477155 54.06840471
-15.43818696 -786.79219565 50.38718914
-37.25630188 -761.21577464 57.13703184
-4.35571972 -759.77133706 44.23972788
-35.21839318 -763.16057045 56.23014832
-36.06343000 -753.81676818 66.64538196
-25.10178107 -743.33385105 52.72316124
-35.36392611 -762.50233949 56.99852695
-48.34142756 -738.40818084 14.05198237
-41.34974035 -760.69398956 50.74217531
-40.48106401 -764.26185829 54.18976472
-35.88810000 -804.87115000 49.01928014
-42.43373333 -762.80353333 55.72256347
-43.57376783 -765.10052461 56.15389215
-26.99496852 -743.51490370 52.11226717
-31.67003634 -746.07792270 47.83739457
-33.41278458 -746.59342207 46.58111345
-28.44170557 -745.51827742 50.19829524
-36.64235675 -747.39532337 43.83102317
-34.67661782 -747.01553557 45.01252793
-26.07892125 -745.13647375 51.59805264
-40.30716100 -756.03371883 65.84023888
-35.69145000 -762.56890000 46.87208014
-29.34567431 -779.21156138 53.43939421
-39.61100899 -759.58560952 57.35949257
-41.98479713 -757.68891653 50.60168562
-43.32592500 -759.63552500 62.43398014
-38.85728571 -738.40290000 73.27058728
-68.26494557 -778.42497235 51.44617830
-29.71273333 -774.92300000 52.24869680
-2.87690000 -759.70970000 42.98093014
-21.45660226 -778.79241919 53.25862596
-38.34449459 -763.93633622 54.53670527
-1.59301614 -783.42375573 47.86976774
-64.56429184 -773.40767587 51.03931038
-48.89924470 -752.87811385 39.02240325
-46.50069583 -752.01634870 37.93190722
-50.88850000 -753.59370000 40.64823014
-48.72801600 -737.85659200 17.32260614
-46.80644386 -738.41566102 16.89204920
-46.58067266 -740.63719424 17.45830044
-46.95291688 -742.53665312 17.64606014
-48.13487895 -742.98493421 17.80740382
-46.61943190 -743.17004761 20.73932301
-48.17715556 -743.02092963 20.78786347
-46.24806594 -743.40501942 23.54089418
-46.24864473 -741.36405566 23.23377174
-46.41398894 -745.49389854 24.30527690
-46.30433333 -748.03880000 27.58473014
-45.42257653 -744.40529847 28.58779391
-46.05184723 -746.98132639 31.75741510
-44.46122228 -747.37906269 32.49570889
-45.71530681 -749.10137702 32.78119439
-44.27872857 -747.81432143 34.70226585
-54.00479388 -757.32343469 42.64336891
-43.10554027 -749.97883215 37.87045490
-57.59976389 -760.37258519 45.91618199
-56.99063049 -759.40326463 45.73904355
-43.41687135 -752.21804281 38.90645078
-43.11338596 -750.22101140 40.84688540
-43.14889444 -757.41577778 41.86330236
-37.81473108 -747.53351349 42.27292652
-37.92864631 -748.55314474 42.08230777
-42.24281288 -757.47754356 44.47539773
-41.58081875 -753.84376875 44.67586139
-41.36467905 -756.24976806 44.52547132
-40.93652021 -758.24707470 44.69183713
-36.66001179 -748.26384643 43.84460907
-42.18934817 -758.25450462 47.84724378
-41.55158660 -756.13072336 47.81869587
-40.34252563 -760.65103875 45.67288826
-35.17224238 -797.39217866 56.15455895
-35.30662874 -748.13373563 44.37508876
-40.97696610 -758.35930293 48.56340331
-41.97678889 -756.57864815 49.36906717
-41.52130193 -756.66968674 50.27136577
-42.30152370 -763.62053636 51.49879475
-42.39975500 -759.60208000 52.11135514
-41.24055424 -756.79588729 53.18696827
-42.42869656 -764.57674551 53.13887823
-41.65510000 -752.46980000 40.69243014
-41.92295000 -747.94555000 38.51583014
-50.98880000 -754.67422500 39.91200514
-28.26860853 -749.68255558 66.13561191
-48.06445000 -751.90463000 36.88858014
-47.81990000 -750.92250000 36.99673014
-44.23570000 -742.27094000 18.54699680
-48.13007321 -741.16121726 20.21275514
-12.28143841 -806.98431471 45.83661301
-44.51927619 -743.26613333 20.55731109
-44.47288163 -744.26497959 23.72253371
-41.58892826 -749.34739783 36.83299318
-34.77040000 -747.79330000 43.00913014
-18.76042847 -767.69784001 54.27867894
-29.11820000 -744.82285000 48.83429680
-41.62405172 -755.72516782 42.39765313
-45.61910000 -752.89752500 43.40728014
-46.06277222 -754.60252778 43.74025791
-41.70605000 -748.21390000 28.43633014
4.76584800 -735.36557920 51.75764069
-47.88850000 -745.05705000 26.68328014
-47.95424000 -741.79328000 23.24563014
-9.15246552 -783.88907931 50.12506117
-47.87595000 -738.59440000 19.14543014
-44.65507297 -748.33709459 30.73874365
-82.11097990 -779.49630079 57.16286992
-44.82340000 -747.47570000 34.45463014
-45.09092353 -751.10067059 33.95719484
-5.63291719 -790.51589844 46.09691451
-43.92447017 -751.75208260 35.98490307
-29.62686667 -745.82101905 48.78201585
-43.31100588 -754.78238326 38.98555231
-9.17942533 -800.24033034 45.64966523
-44.85930000 -748.18300000 40.11053014
-44.31518333 -750.76006667 43.13208014
-38.47400000 -762.26350000 49.67923014
-24.41429396 -741.48755879 53.83205706
-22.11147451 -743.29423672 53.07009382
-1.37148615 -809.65805553 38.64149155
-22.21642999 -741.10467353 54.20336184
-37.34217075 -747.49925586 69.82039677
-19.18803225 -745.67385222 52.60161787
-22.06879012 -739.53374506 55.37831625
-21.36003657 -738.37028400 56.08948271
-16.23254223 -743.45097707 52.85383502
-16.32455644 -740.38462597 53.59612784
-18.28032594 -738.70185472 54.90015231
-42.93320090 -761.94837343 59.76134678
-12.79887727 -745.13475000 51.97667105
-13.37734850 -743.38608310 52.47441559
-16.00381330 -738.30766591 54.53565168
-16.25475278 -735.31780833 56.69133838
-18.20762069 -735.79100887 56.97373950
-13.29988895 -740.57697521 53.05573953
-10.32501220 -740.42529135 52.58119050
-10.25057838 -737.28805222 53.55673258
-4.40503699 -761.35769544 43.98867209
-12.26226797 -735.66695078 54.81190045
-7.81162540 -742.35125169 51.53762495
-10.17500025 -735.06099811 54.48208266
-12.38268644 -732.82390847 56.13633183
-7.29841869 -737.32643986 52.95367755
4.59941455 -734.08527416 52.54994569
-9.82574453 -732.31109926 55.52547866
-4.46055401 -740.13650244 51.36433718
-7.33364811 -734.72641586 53.91851880
-8.84070000 -732.88940000 55.00535014
-1.62693824 -739.43427258 51.12641102
-4.14044374 -731.68363818 54.25368951
-1.44609461 -734.49875851 52.83938393
-10.50239265 -775.77068055 47.27624255
1.49363314 -737.34783260 51.39727046
-1.28155823 -731.63568757 53.75198530
4.80651862 -788.29881236 43.54965486
1.64513851 -734.40846374 52.55036784
-0.34134938 -729.87196667 53.94918322
1.72783826 -731.63286474 53.47057457
-32.60976667 -811.12840833 46.09860791
3.86902538 -736.50762610 51.36996020
1.31474000 -729.87414500 53.78142014
-47.90930000 -747.98130000 73.09868014
4.73679353 -731.45810631 53.41054050
-4.09544393 -806.85906525 41.78048602
4.37088889 -729.88558056 53.42117180
6.74590590 -734.55721509 51.80888768
7.18063548 -731.84120774 52.93543953
8.58800370 -731.46725185 51.93222273
-31.24045286 -815.19634985 45.40282934
-22.57170000 -745.56680000 52.02128014
-87.18475000 -787.43283437 60.06257154
-87.14691522 -786.20696413 59.89735731
-85.75764493 -785.29795507 58.84903179
-85.56081752 -782.48894016 58.54258283
-82.10648217 -782.33411438 56.48978618
-80.23502656 -784.86165891 55.27789897
-83.97507162 -780.60746892 57.92701527
-83.39753924 -778.75830615 58.18319089
-78.43437276 -782.70098933 54.73448709
-79.47090996 -779.44367784 55.75410915
-82.81520000 -777.76452119 58.07397590
-76.39856714 -782.46957750 53.90646999
-78.02541303 -780.18888697 54.94622626
-79.33772036 -776.38972974 56.57876903
-76.28640164 -779.37656064 54.31639217
-73.60003110 -781.84950254 52.94348367
-77.65241111 -778.36341389 55.10958569
-10.31849916 -764.46501197 47.60296299
-9.01465486 -767.60553629 45.81511728
-78.61178081 -774.37863326 56.76432246
-75.81652012 -776.70975846 54.58193367
-10.01000148 -762.07440567 47.65476444
-76.43324086 -773.52707686 55.77030850
-73.31223209 -776.51149231 53.60181498
-70.91892847 -779.23191130 52.36072000
-75.13504520 -774.15084098 54.87846339
-69.43096912 -778.96681589 51.84293621
-73.24129579 -773.43385152 54.22778628
-70.44044615 -776.28147951 52.56046850
-75.41458390 -771.47258683 55.61886575
-70.37183318 -773.60594212 53.02954252
-72.59317005 -770.97899477 54.64200268
-70.26933530 -770.42832802 53.76831673
-68.13111180 -773.12913762 52.30117727
-72.62295789 -768.80876579 55.10141172
-72.06637544 -768.47077193 54.89062137
-67.69078320 -770.36994990 52.58301921
-67.20102076 -767.60675032 53.08197563
-28.43854696 -752.37641187 64.90675100
-64.20731923 -770.39788535 51.27110381
-66.60357402 -765.28909550 53.44083522
-65.39133991 -766.79458232 52.28029070
-35.80360000 -786.46455000 55.06983014
-61.94162964 -770.31394668 50.55502381
-61.70090425 -767.33514055 50.46506480
-63.38085220 -764.92603268 51.43558953
-43.02802196 -773.51030973 56.63075589
-65.90280256 -768.58077436 51.98107116
-84.35886269 -785.01236746 57.63493432
-82.67716563 -787.23499687 56.45312701
-84.35003750 -787.41752500 57.49708014
-32.07712867 -817.56005133 45.39334614
-36.15278830 -811.78569094 46.62776581
-5.95725455 -783.83408182 48.89271650
-34.52549070 -811.77477375 46.29758263
-37.88904816 -808.42075326 49.83871201
-34.41300316 -809.63496266 46.94163811
-31.43080589 -812.47632222 45.56523308
-31.43762815 -749.63575432 67.22109050
-37.50901992 -806.32906244 49.87988848
-28.83710000 -814.77145991 45.32248831
-43.33541390 -728.48448237 73.56566928
-36.36287063 -806.94046399 48.62548877
-22.03386112 -773.72607434 53.94544649
-34.29123679 -806.23643173 47.73276388
-31.29905408 -809.15418958 46.33186035
-30.86477093 -810.58893534 45.93279355
-34.75359798 -802.80285411 49.41391371
-29.05626931 -810.54214194 45.87694906
-28.27214476 -809.38090257 46.44244191
-27.40579804 -811.11004510 46.07664974
-28.26658943 -806.42851304 47.06761713
-34.16522503 -800.59714655 50.46272190
-25.28997257 -809.22247558 46.62169824
-14.49258657 -790.40545000 49.09722342
-32.42241064 -802.07796383 49.09594716
-31.35565481 -800.41945786 49.73231807
-48.81243363 -745.97529267 73.53624850
-30.45628220 -801.75150259 48.92884276
-23.09620790 -809.25360328 47.10801334
-31.14781007 -797.61154614 51.18642643
-22.66660627 -806.37662662 47.51994608
-28.39354006 -797.49188842 50.44158534
-25.21435139 -801.38049402 48.83178987
-22.46377576 -803.54503726 48.12913365
-27.95699317 -794.71238719 51.61305727
-25.26061511 -797.48294636 50.08380004
-32.92615000 -792.58557500 54.93413014
-22.79324883 -801.36085905 48.80940872
-32.97005733 -790.43263200 56.39368747
-31.02572600 -789.07150918 55.98857566
-30.09776211 -789.71913106 54.80368231
-24.99256201 -791.77166504 51.51079015
-27.04395978 -792.79644674 51.90685731
-22.30930982 -794.44727968 50.67714443
-19.53398729 -797.45370522 49.97798089
-25.47179000 -788.50701707 52.88458326
-22.47859178 -791.54709580 51.27864427
-28.51179623 -786.85186981 55.05764617
-27.52622212 -786.49682329 54.74230510
-23.72765652 -787.23189130 52.13383014
-33.55327022 -794.28880974 55.70917419
-32.15709450 -796.36226514 52.37387723
-35.98287357 -798.20035857 56.30071657
-15.91366202 -794.50368154 49.39045125
-16.33276004 -797.52006252 49.56722804
-35.93205000 -798.96655000 55.72373014
-10.25278926 -812.23876791 44.47259449
-14.91997500 -808.38475833 47.31486903
-12.35575073 -809.36416881 45.70145259
-13.67026739 -806.36959056 46.87494976
-8.44352587 -812.49786876 43.31733550
-5.65230488 -817.13173415 42.02178380
-7.88113047 -809.02738637 43.45869238
-3.42134256 -814.89607639 39.55565931
1.92298481 -818.36773577 35.86202422
-15.39850670 -800.53112911 48.71695072
-3.15961332 -812.98935235 39.74157216
4.37149386 -820.55993091 34.64176150
-4.21161655 -791.46571672 45.41081444
-10.77878540 -803.22824621 46.42790786
-7.33170158 -806.38633973 44.13515617
-4.44567342 -809.36074476 41.52143262
-1.34983564 -812.64372206 38.41105867
1.65871113 -815.53753930 35.88736764
0.27938627 -815.27870000 37.11120857
-57.87331339 -753.43840987 73.57923494
-26.23440902 -751.66765513 64.82776376
-15.15850155 -797.52835732 48.85982382
-2.90061538 -810.59521923 39.95342629
6.56210000 -820.34558868 33.60425844
-7.44551995 -803.65713712 44.62920389
3.56080734 -815.44195325 34.27870079
5.45725709 -817.98310966 33.47501483
1.66728529 -812.43239491 35.53492777
-5.51086492 -806.49484010 43.33171725
-15.03606951 -794.69186978 48.93079580
-13.43938255 -794.61846440 48.22041608
-10.88155509 -797.31395829 46.72236468
5.33824957 -812.80391512 33.76682366
-1.03568432 -806.32524436 38.30072353
4.34964411 -801.36553613 38.54348862
6.87041078 -815.48988261 33.00688875
-5.58538714 -804.32208286 43.40480442
-4.39521907 -803.03400431 41.50563396
-10.64279355 -794.49522458 46.87982007
-38.87508125 -739.20033750 73.14179264
0.14486667 -807.84606667 36.97729680
-7.57857404 -797.76470901 44.50643755
-5.99993966 -800.38015724 42.87617945
-5.89938046 -802.79280345 42.92767956
-4.39108189 -800.64085261 41.72980919
6.50855587 -813.22269859 33.35970150
-13.13603159 -789.22932966 48.74166986
-9.16935818 -795.46630364 45.86560105
-2.60582857 -802.29465536 40.15613549
-10.31572355 -791.56612794 47.46708225
-5.89816667 -798.77706667 42.98696347
-10.62867379 -773.90301870 47.04442309
1.78125817 -803.58209895 37.83698295
-0.81030196 -801.18785485 39.67175609
-13.93980350 -788.12277900 49.52914222
-14.78538000 -794.63179333 49.04272347
-7.03780891 -793.41809938 46.35484139
-5.65946667 -793.84721667 46.06099680
-5.89317955 -791.64268409 46.00828014
-9.40929700 -786.49052133 48.71151847
-1.37148165 -794.04953651 44.86278237
-4.90984524 -788.23699956 46.35023511
1.90751166 -793.97956259 44.23760249
-1.20435076 -788.42448058 44.98032073
-6.76657284 -783.45923134 49.57439835
1.64491601 -791.40479383 43.99360349
4.46136223 -793.80669905 43.98840656
-0.92751881 -786.35936318 45.65517610
1.62180834 -788.54390629 44.25103632
-4.04008874 -783.41606471 48.54010410
4.67075069 -791.44982172 43.57163147
-5.10631546 -783.08341847 49.24840162
-4.76755000 -784.04730000 49.11203014
1.79903307 -785.69970011 45.11530370
7.15604606 -793.33022482 43.66316450
9.23875000 -793.08890000 43.40503014
7.68780053 -791.59681825 43.28005073
1.47866657 -784.29883979 46.33987159
4.63587162 -785.61658454 44.60132096
-36.39438189 -776.67461669 58.75794226
7.40533395 -789.75310791 43.00044176
10.43921417 -791.31607329 43.46470939
-43.38972448 -770.24196049 56.36329886
9.24655455 -790.80282727 43.01175741
3.75853658 -783.55335741 46.77072293
-16.83923362 -781.23916638 52.91387141
12.88149199 -790.76004199 44.15464312
9.61247908 -786.69759412 43.94444321
-34.52762281 -758.14367630 64.65698512
-19.31396710 -779.37030753 52.95684897
-18.06325806 -781.05596452 53.27161723
-16.97633333 -780.21086057 52.59572772
-24.38019763 -770.74892524 57.44547983
-24.93939436 -773.33790988 56.19322789
-23.20492537 -772.64471505 55.43720182
-17.09179968 -779.15456240 51.81048087
-25.37589071 -749.41280118 65.48314891
-22.85627621 -770.36020763 56.28859715
-24.32148298 -769.53100213 58.06744503
-21.44795086 -770.88345679 54.65796218
-16.49810258 -773.40074295 50.75717795
-13.37402689 -776.18991500 48.23528499
-19.20411093 -770.38968787 53.69620105
-14.87005000 -774.79655000 48.99994680
-12.89348288 -773.52821681 48.15195128
-13.83226000 -776.35100000 49.52799014
-20.90213333 -768.84630000 55.00033014
-17.21723041 -770.26038113 52.46416031
-14.03077181 -770.40921625 49.74849680
-17.08384842 -767.37637437 52.89961184
-18.89720660 -765.16359790 55.55005877
-10.68829327 -770.39033120 46.88515423
-8.72891250 -774.75128000 46.71078514
-13.49778931 -767.37795259 50.07734037
-40.31816519 -740.40998414 72.43074804
-18.03856508 -765.51659406 54.84780567
-17.72796957 -764.28038043 55.09688666
-9.18228016 -770.05656763 45.77565636
-10.51423064 -767.52963805 47.22426528
-12.83391609 -762.36614562 50.11042505
-11.55479167 -763.85207024 49.10673252
-8.94303636 -765.60701273 45.92787014
-49.60152093 -743.74524207 73.82446007
-11.39183379 -761.66323310 49.35211152
-8.61067419 -763.70201667 46.18799680
-8.19127706 -761.54472875 46.36492986
-6.03955333 -759.88654000 45.03241680
-3.03445977 -762.54247701 42.94758416
-2.48491433 -760.74809036 43.30721912
-24.14066390 -774.58060332 54.66009072
-25.36936842 -775.14309579 55.23236487
-8.50340625 -767.39990625 46.44082389
-2.81120000 -763.17730000 43.12563014
-46.97287260 -750.49873699 73.48647945
-47.97163629 -745.72882581 72.98107369
-51.61001803 -743.07828436 75.24746561
-47.88666667 -747.99656667 72.98343014
-45.79134530 -748.92767487 71.61421861
-47.72997766 -747.14046064 73.08846737
-52.15433841 -740.62463695 74.91224894
-53.19778380 -740.55669616 76.16983206
-43.96994498 -749.19054652 70.51892586
-53.89378824 -739.77281176 76.10817131
-40.26779282 -749.59612068 68.62847104
-46.31108337 -743.54243842 72.01558002
-43.42780885 -746.30236176 70.86606567
-47.10540000 -775.82802609 58.15119970
-39.56919547 -779.74991322 58.62696130
-37.30474420 -752.18267741 68.19260495
-48.83480963 -740.46552030 72.23945250
-46.29244324 -740.60263364 71.96910523
-50.21557917 -736.32826250 73.07904264
-40.09323418 -746.11789554 70.55565446
-46.26204705 -737.39199071 72.18756731
-43.25599201 -740.40593038 71.90428354
-48.65921836 -734.71883673 72.72773980
-40.25987911 -743.51815207 71.56456135
-50.94222000 -733.73984400 73.63416914
-37.27902730 -746.07473791 70.49629193
-34.03663122 -750.01127082 68.84292422
-46.15747004 -734.33934526 72.36726235
-43.14216563 -737.39394115 72.35436763
-48.35154094 -732.38290533 72.89018813
-37.34530609 -743.41575192 71.45530193
-51.04345378 -728.31769980 74.65062536
-34.47579990 -746.49430472 71.07545001
-49.34754612 -728.49154865 73.85601736
-43.42723258 -734.48951861 72.62624713
-47.30204756 -730.73461533 73.12867885
-49.34241917 -725.48906872 74.45459533
-46.37538112 -728.44455175 73.31710878
-37.06475859 -737.78607819 74.19974718
-46.37745996 -725.47640212 74.10466637
-42.85132882 -730.77814574 73.16666553
-40.36758749 -731.60316828 73.48781266
-39.84460371 -733.95464749 73.19390492
-48.90689570 -721.78668944 76.29767538
-37.87473762 -734.41014977 73.93249182
-46.19370638 -722.55473902 75.32777665
-34.36888810 -737.59995288 74.55846335
-48.85608978 -720.29188052 76.25859340
-43.55043804 -725.62834846 74.28190666
-38.40884076 -731.91503466 73.99833833
-47.33281085 -720.48372830 76.23207967
-32.77690000 -737.75563000 74.91144014
-38.74971333 -735.36258667 72.99715014
-41.73456429 -732.74034286 73.01270871
-46.07711716 -752.93931877 71.93896795
-50.87970833 -723.76303333 75.23897180
-38.79275000 -736.12785000 72.85923014
-44.21644128 -753.40774538 71.35137244
-44.73546667 -729.89020000 73.00939680
-42.41217118 -785.04921610 58.24405783
-42.06142784 -783.55286420 58.30300684
-38.74304000 -787.03486000 55.84713014
-39.96578748 -782.82334374 57.37659536
-37.29006771 -782.28066931 55.93376524
-39.16916376 -780.49428993 57.81898786
-37.12865894 -779.66194052 56.84533856
-34.23009695 -782.55027961 54.38646805
-35.13561546 -779.15402182 55.68892113
-31.56325532 -782.41671066 53.66950185
-35.39753760 -776.09112946 58.37064060
-29.69320250 -781.16071750 53.43638514
-32.37485947 -775.60537410 55.77408194
-33.46828969 -774.73486336 57.23029464
-32.07942667 -774.60548549 55.97017327
-39.42527034 -765.30231497 55.35708466
-42.28276907 -787.33570309 57.74922086
-42.58990000 -787.08496000 58.04611014
-40.70219821 -758.28522296 65.61403082
-37.20966729 -758.00284771 64.50038732
-37.13571588 -755.55121070 65.10143007
-37.53805922 -754.44321210 67.59862194
-29.48831859 -758.28023778 64.92999256
-31.22038613 -752.32061791 65.62423107
-29.30381823 -748.59214254 67.10597213
-27.27957522 -747.79682389 66.72648412
-23.32162073 -747.33878463 65.56332069
-27.93186667 -747.84030000 67.10108014
-39.77006667 -756.99890000 63.99793014
-34.13220000 -759.96260000 65.05233014
-60.83009900 -754.97110557 74.25020813
-53.20755457 -757.93623082 70.30185227
-59.39985833 -757.14459167 73.08812180
-55.24722118 -757.90930131 71.11122639
-55.28055867 -755.56839257 71.92833391
-53.25684231 -760.17425513 70.30479296
-49.79435196 -763.56029853 70.34446200
-50.26628193 -762.68916627 70.21500966
-48.64118649 -763.42576255 69.55648805
-48.94898736 -761.44683135 68.98672754
-56.73254400 -754.07999200 73.07725014
-55.77577226 -752.92845865 73.20213713
-54.73211415 -753.34352211 72.71574429
-49.19922489 -758.39827629 68.62314689
-47.66253333 -763.06474167 68.81563014
-51.16883651 -756.68142381 69.85191331
-49.19859889 -756.16584354 69.51158412
-46.73126275 -758.29348038 67.64451065
-45.30662734 -758.39752407 66.72454821
-49.43602972 -753.12068829 71.83622143
-46.34613061 -755.75858331 68.91613616
-43.16591711 -761.40173358 67.29322441
-43.44566318 -758.30117409 66.12749059
-42.75629411 -760.40146399 66.77944767
-50.33024257 -751.67605941 73.16292618
-41.67076875 -760.62210781 66.34224107
-41.26174755 -755.40591964 67.69535804
-46.49440755 -751.24336226 73.22153202
-45.57245909 -778.47276212 57.54401347
-44.65096667 -778.04016667 57.38196347
-45.40200694 -768.05288013 56.60804875
-45.46099009 -765.49650180 58.60825942
-45.55033429 -766.04590000 58.36354442
-40.87217788 -767.36482943 54.49227695
-44.91215000 -765.82441000 57.92193014
-43.44125145 -764.16738349 60.06493750
-37.54520000 -765.98997500 55.00425514
-46.61130000 -774.29930000 58.05669680
-40.20184781 -760.52834502 57.62581699
-34.57929682 -759.44831436 60.23205549
-34.45558248 -760.74342198 59.01101130
-32.14498190 -760.49387530 60.49176601
-33.23471445 -759.13803805 61.19898412
-32.53207639 -759.83603333 60.89092597
-31.38977682 -759.43384851 61.61136656
-30.88142760 -760.17593529 61.29878217
-36.10153630 -760.53390996 58.22816466
-29.80450000 -759.97560000 62.04303014
-48.47706552 -766.05933793 63.75166462
-48.17332932 -765.27522994 63.77476008
-46.30074839 -764.45763902 62.58585775
-45.68782581 -761.92308980 62.51060201
-44.56162169 -763.81980237 61.18349692
-44.38255864 -761.66540237 61.53048387
-40.95482332 -763.46670804 59.15627008
