-42.21193676 -767.10000593 44.99393049
-52.20212345 -760.86158065 52.24839765
-83.32238608 -780.32159747 36.71580443
-11.62477960 -741.20435311 44.88322148
-27.65000378 -796.18709675 25.40492523
-11.43769060 -746.52296117 42.59990673
-43.40873548 -756.42896129 37.28282110
-43.13308448 -780.84637224 43.35511538
-27.52693731 -793.28960853 28.38486096
-32.59125330 -788.40750347 35.54535311
-69.29529130 -770.05781366 40.98975797
-3.52887898 -745.62359388 40.19870879
-19.00939167 -787.09944736 25.37148019
-34.05109748 -773.36569104 40.74324968
-78.22122859 -778.82987986 37.20694573
-68.89772779 -767.87063430 42.08141993
-47.25155563 -740.95371549 16.60460024
-18.77474478 -761.17951145 46.11924109
-86.27916922 -779.09665800 37.57855023
-52.93198333 -741.46952500 54.68688158
-7.61336000 -741.65490000 42.82401658
-50.50075040 -748.26590747 52.06178059
-39.23327290 -787.18042728 37.24000367
-16.49819835 -794.09230659 16.55149504
-14.08680394 -749.80956063 42.66201380
-47.24528219 -742.33850324 18.38864889
-42.50613033 -758.24526103 41.49592574
-45.24315241 -757.03900000 34.65631562
-22.02246775 -799.48358439 16.92498733
-29.17907143 -798.26490368 24.51683147
-21.47659845 -778.60611405 37.57752367
-15.01142867 -776.97204875 36.28675474
-40.43772093 -759.10739651 37.44737635
-30.47307829 -790.92811028 32.17020532
-44.63274073 -755.74196618 34.74105731
-88.24175895 -783.86628474 37.05986658
-32.75949070 -768.05334167 45.19832034
-48.00198333 -757.02325556 33.48524963
-44.29427736 -756.28968868 37.75232450
-20.79656729 -762.32632601 45.56030189
-22.06827168 -786.00045363 28.63943038
-30.37942727 -777.38985543 39.55539763
-43.04749130 -764.04271946 43.86503633
-44.91722684 -752.96564007 31.28377055
-88.91164118 -783.22237843 37.30384972
-37.03514009 -790.94628704 33.26378216
-34.13959508 -779.86098022 40.39094822
-16.94483684 -786.03985188 24.59820996
-39.18707447 -785.10261301 38.46754353
-72.89432593 -780.44529630 36.75678621
-84.31540416 -778.98034254 37.27388468
-35.36387517 -786.44437181 36.67098678
-31.15798750 -776.69887500 39.98784408
-34.00544785 -769.84071938 42.44427907
-15.09113988 -779.81824741 32.56574211
-41.59328741 -760.22674370 36.68776547
-43.63370000 -742.49240000 15.66735658
-18.27958327 -752.00987837 43.47522540
-66.17437307 -773.79457127 39.47017005
-30.10651755 -779.01487111 38.73096242
-78.00067287 -772.31258475 40.06899382
-33.14278839 -792.80034452 31.04773916
-66.16022277 -767.20397764 41.82542877
-30.10150290 -767.67988149 44.68521718
-45.05868263 -785.17307987 38.37510691
-46.85573188 -746.07689565 23.42006817
-68.21045291 -766.75339244 42.87351995
-50.80699274 -753.92517789 50.80743892
-66.25243347 -770.03968428 40.68828744
-45.32189558 -758.25124357 47.14567361
-44.59046778 -752.36394861 29.51068311
-23.55358235 -747.71074118 45.86140658
-18.91335590 -745.14186865 46.32868867
-42.20915147 -770.49865557 43.88019003
-28.24380611 -787.39592454 34.18216084
-37.17833931 -757.06425586 50.07681572
-24.34195302 -793.82074221 26.06865831
-50.43525000 -747.48338000 50.74572658
-7.93310000 -750.72065000 39.76180658
-43.24234373 -746.46766259 53.90500225
-46.80447826 -774.77304348 44.03370875
-48.10796057 -788.19144240 35.99401508
-41.19762084 -780.29213368 42.41223447
4.53786447 -744.88398026 37.29483684
-16.39040240 -795.28844640 15.29419578
-35.26721751 -772.69182551 40.75627690
-55.45500531 -762.82926283 38.37637605
-13.10195000 -783.68270000 28.92275658
-42.86594085 -756.43082113 42.29329602
-31.39343837 -772.36313184 43.13102637
-42.97874224 -751.74949052 28.80618761
-47.66804347 -760.73894030 47.84086970
-43.94751783 -756.09540446 44.45722855
-32.40367653 -777.18530272 39.66697631
-44.12306667 -759.21842222 40.29200102
-27.17168676 -779.28965782 38.20932485
-15.63953477 -743.20508993 46.18029923
-23.02331519 -799.36935350 18.10781359
-45.11092121 -743.74872970 22.33402143
-29.59263182 -770.68678076 42.29133932
-17.20539231 -795.37751000 15.54178273
-7.62500000 -750.63090000 39.64535658
-27.59817243 -784.98773632 34.64614849
-27.04451582 -788.25373287 32.67913585
-61.26630778 -772.12449111 40.09382510
-25.60250909 -789.72621818 30.85878385
-44.27993043 -766.55697666 45.62111585
-43.34740000 -751.07433333 27.65233991
-42.59277724 -755.28794589 47.69231706
-2.70550554 -746.79334491 39.45548718
-40.57873448 -761.25449655 42.04900485
-53.04650667 -750.36848889 52.62017880
-50.92247982 -758.44249051 35.95038468
-24.36180257 -766.82451795 43.69136449
-16.30803727 -785.75510812 24.01445473
-23.27708643 -791.77792035 27.19537076
-44.74095250 -766.86470667 45.85504408
-44.09374281 -763.87415112 44.13513118
-75.27667390 -776.16094600 38.31299392
-5.80051033 -740.85022906 42.29516146
2.88914098 -740.90786423 39.30073918
-51.13984368 -745.99158418 52.89958213
-26.88616051 -791.64486278 29.87161940
-48.31619326 -795.81345745 29.03115587
-17.53507201 -783.89396246 30.44747774
-37.87232574 -752.07283267 37.18024272
2.54275873 -745.42313915 38.05921468
-33.26012116 -775.93934429 40.27904319
-23.59451667 -747.51796667 45.74978991
-39.22573950 -790.26508149 34.36027588
-43.10245000 -756.63210000 33.73268158
-29.53894563 -789.19392035 33.46522065
-81.10232347 -778.73283719 37.16052702
-6.52484285 -748.46889093 40.14168324
-49.04780011 -760.42196002 49.36497446
-13.71345000 -741.53885000 45.92735658
-41.82417372 -757.75953284 46.68393604
-42.31240386 -790.54615484 34.64909592
-41.70546938 -752.46375609 32.68992438
-30.50315170 -766.14816053 46.24812020
-7.28026029 -740.60442058 42.97270351
-41.76876528 -760.58755044 38.34104094
-45.10276458 -790.45325179 34.68044659
-9.15376292 -745.91682665 42.00918667
-36.30945647 -781.31636998 40.08809171
-12.31652959 -781.85517637 29.62168760
-35.98128050 -770.14036187 41.05628822
-30.99840862 -784.25538211 37.19808438
-20.00449815 -798.38424537 15.56337232
-38.27409599 -757.06927025 49.39562472
-42.10052471 -785.21528155 38.47920422
-40.43297143 -758.19758571 42.48912801
-29.30385149 -751.03736436 43.02632737
-68.88910243 -772.29021231 40.02855800
-43.93129347 -761.75143294 42.24013047
-40.53165897 -750.80721282 52.35051043
-51.32236174 -743.50363394 54.14073571
-44.14437778 -756.93918889 38.40373436
-75.16402562 -773.54372645 39.40375929
-17.10727382 -777.43444807 36.63682782
-29.98707200 -795.08261329 27.40629203
-44.78074045 -755.01390992 47.75627541
-40.32598205 -759.37805385 44.43070530
-36.88501046 -756.02790978 51.17795318
-38.32056079 -767.03594097 41.04401517
-15.44712161 -748.83933575 43.34935375
-18.45675512 -788.06980136 23.87756086
-9.18064550 -740.87027982 43.72419325
-41.18987460 -777.10791349 44.85054864
-67.52992973 -777.81119459 37.92215388
-13.56155000 -741.51490000 45.84040658
-39.77711951 -765.98646098 39.44032487
-72.09707885 -772.17538076 40.08242413
1.38360000 -741.68470000 39.81235658
-0.57026173 -742.72835722 40.08527791
-3.59453184 -748.33190236 39.13845860
-79.81305455 -772.93341818 39.81444749
-0.18629782 -745.99328764 38.90306115
-40.52605000 -760.30020000 36.65085658
2.86308583 -743.14734475 39.04857238
-18.17601921 -786.05203017 25.46164904
-83.94064458 -782.15528974 36.35678231
-46.79160000 -774.20514545 44.24875840
-32.50806831 -793.38911292 29.90451040
-26.54713333 -762.14216667 48.93268991
-26.34882292 -785.44993465 33.20887859
-12.29205887 -749.16258316 42.19917687
-31.02330000 -771.91760000 42.75805658
-17.09606387 -792.43718739 18.61095574
-32.23317702 -765.28702000 48.10740722
-48.16906631 -748.52966133 52.25054065
-31.92744000 -792.55040000 30.76838658
-52.40132193 -759.99130088 36.99345877
-33.36999487 -785.01883061 38.14421712
-25.62640000 -795.61740000 24.86195658
-29.29946245 -798.85594190 24.11977199
-48.95758990 -737.40707199 57.42241107
-37.53729231 -765.96260769 39.71259504
-47.26234583 -737.70494375 13.40163575
-39.67735673 -767.93742073 43.85722312
-40.50865091 -792.73282364 32.21715476
-29.80275983 -792.29202548 30.28026440
-28.01528988 -798.94727004 23.35867318
-57.63961695 -762.42744068 40.00216336
-28.50983333 -751.71576667 42.71602325
-41.02498000 -766.13351250 39.44729158
-81.16367578 -775.98835957 38.35865300
-16.41839524 -798.68530000 12.91768991
-25.24670085 -780.71908547 36.97646854
-47.24019338 -758.91278039 48.19770970
-39.69455339 -772.17236386 42.49859271
-45.78271541 -740.45624603 13.88393638
-42.20761385 -788.71195888 36.15143218
-45.45456537 -754.60307368 32.35102126
-50.26502729 -759.12491625 50.88808762
-36.91612396 -789.94668733 34.10292455
-63.05078789 -765.05074506 42.10687914
-45.21487774 -745.42891007 20.26312959
-18.89896765 -783.85478846 31.20523373
-85.80840741 -777.45494815 38.11402695
-71.27490096 -768.22113568 41.71607594
-43.98315019 -760.87311019 44.25748752
-58.03038405 -763.87723042 40.09515478
-24.16274871 -779.10113810 38.04437907
-23.25128041 -747.08710526 46.18818465
-80.71305866 -773.95569191 39.36785858
-14.78132900 -743.77644268 45.32011009
-86.03260313 -782.79803229 36.65638210
-49.71978649 -793.87281622 30.51172415
-16.81970000 -753.07465000 42.77315658
-43.34491208 -756.29339614 44.74327373
-45.53950226 -744.95090136 17.91038373
-25.17804039 -792.87977438 28.04489944
-78.34298478 -781.62085479 36.20540509
-72.21469823 -770.12384994 41.04111925
-49.70248333 -792.55621667 31.81113991
-10.55843000 -744.78830750 42.85922408
-50.77004328 -735.08473543 56.71342423
-20.87882067 -782.58087455 33.03229990
-29.64511649 -764.78358745 46.91201413
-43.90819726 -750.89809315 51.87958535
-40.41096250 -754.39403125 32.30206283
-37.61220000 -764.95120000 40.16062325
-20.59085686 -800.03973363 14.95339276
-15.52875930 -778.48334852 34.75358579
-30.10402978 -769.39789771 43.39393448
-75.09602263 -772.17035122 40.02474087
-52.33380000 -753.63100000 51.85435658
-13.57495556 -741.76096667 45.87373436
-22.32694789 -792.93960986 25.13352653
-41.90217165 -783.40657861 39.66769519
-19.04487661 -790.31938459 22.28635168
-52.77841750 -738.22873750 56.72488658
-8.49688749 -743.71467717 42.43784897
-63.75973734 -773.76490157 39.58112403
-47.60736047 -743.84852558 21.98494263
-3.07866398 -740.79937717 41.33222638
-48.50231079 -738.88055755 57.92805730
-23.69361366 -798.89582471 19.45170571
-45.35315000 -741.11329737 19.48922237
-48.27577871 -742.83624784 55.52102634
-43.14183030 -744.08464167 55.17043385
-50.13980682 -788.10931976 36.36411234
-18.98841579 -801.67123684 12.99699868
-12.57984356 -745.91584465 43.22191132
-23.58082500 -767.76780000 42.76898158
-12.10430269 -743.03737069 44.34837166
-50.33278662 -737.08067492 57.98756160
-39.94722930 -761.67293520 38.64204688
-19.33893056 -780.73143611 33.95980380
-21.91429021 -793.92445382 23.17531815
-30.28290512 -750.37058313 42.49676019
-26.70240074 -762.26673695 48.21151840
-16.57075000 -792.55390000 18.21020658
-43.47373636 -744.40621818 19.20720203
-64.13213931 -774.94654103 39.13448003
-42.81333414 -760.55878173 43.24344594
-4.71495000 -747.59675000 39.78685658
-36.18902806 -784.98932298 38.13194927
-51.13376398 -737.06680292 57.28256886
-13.60715000 -780.63565000 30.82100658
-29.77420817 -796.88188329 25.91294291
-52.94694225 -759.07024085 36.73921855
-16.46848552 -799.99835219 12.41825355
-43.32991905 -743.44239286 17.86807444
-58.50506593 -765.94599011 40.23089834
-48.19349740 -746.07058887 53.48736609
-27.71291590 -769.09008205 43.26070607
-44.81256641 -748.42771566 23.77505860
-84.05181235 -783.89362572 35.91120413
-27.07234327 -797.28004502 24.01040656
-48.52829559 -794.69798549 30.00930361
-38.92132824 -755.70863080 49.84792480
-41.23842581 -763.99245161 38.67555335
-69.46704239 -778.18575069 37.83758731
-40.37893902 -752.25318720 33.57200719
-59.98922769 -764.58420676 40.83737097
-56.72374755 -763.23085593 39.42109249
-58.74856667 -762.54966667 40.31172325
-56.31561137 -761.92935845 39.20301513
-54.28287122 -760.93019941 37.99854417
-53.14789971 -759.26157994 37.14599204
-51.91665383 -759.96381862 36.42193005
-52.76437692 -760.47011538 36.67921812
-52.17542909 -759.10052148 36.97414327
-49.05914020 -757.46153212 34.99493638
-44.04913492 -762.82629048 42.59015658
-36.09135056 -779.09245185 40.89620270
-35.90415211 -776.90932086 41.82319171
-53.24281304 -751.17056957 51.71322614
-42.40213673 -760.80060599 41.30327298
-7.72040000 -750.42910000 39.72078158
-42.39196500 -763.12225000 41.81931515
-32.13014694 -778.38418431 39.25538052
-30.26223257 -781.96323837 37.66070825
-42.30092067 -757.84950326 44.62617314
-39.30357589 -763.89867100 39.20650603
-44.65546444 -749.89506946 28.57973231
-38.61668782 -764.59180033 40.16008615
-36.96691995 -767.57113687 40.96730835
-40.17092311 -759.87585330 44.57933347
-36.23200808 -751.86287048 38.18796704
-33.06103218 -751.50547099 40.72840903
-30.60480149 -751.47535831 42.06830969
-20.64745586 -747.19048037 45.49097423
-29.45260923 -750.20412692 43.28967171
-27.18377000 -751.16182256 43.69877145
-27.08535585 -749.79554284 44.16649306
-34.06605845 -751.99471120 39.47924904
-42.43433248 -758.22061010 38.52974542
-42.33399209 -757.46605056 35.49168426
-37.16362500 -771.23960000 39.63479408
-48.31649883 -756.12902170 34.28256567
-47.34402237 -755.34955583 33.19551635
-49.88452353 -756.46326471 34.69642128
-38.98668554 -770.55518554 42.51229292
-45.42832920 -743.15738761 55.34449246
-40.20509000 -758.61724000 36.32013658
-43.30426196 -754.87502052 33.46189693
-44.40984538 -758.47693389 45.22525006
-49.60856667 -735.56060000 56.91138991
-34.98940000 -751.44212857 39.99799944
-44.27226667 -744.70850000 54.89958991
-33.28103750 -750.43442917 40.77013158
-32.77490000 -753.65570000 39.41260658
-44.75551053 -762.15426316 39.44393553
-23.73065469 -797.64720605 20.75776726
-46.05954545 -738.06853117 13.93850073
-9.13247061 -748.77505791 41.08519985
-33.82194593 -781.23513178 40.00745869
-47.42280354 -739.75324748 14.09960556
-45.88698320 -742.31639360 14.67985378
-45.97350481 -740.81934469 17.53617081
-45.85522609 -738.22464783 17.18350006
-45.55751464 -743.20876957 17.57837773
-45.76068543 -743.24597038 20.04423739
-17.18321002 -800.48609268 12.56642903
-45.27715494 -746.28962045 23.22276472
-44.76494742 -746.96692302 25.49542187
-44.98842908 -749.01620312 26.33681952
-44.27599767 -751.11295033 26.99391525
-45.02062516 -754.02587290 30.06778497
-20.80785703 -797.43742047 17.31149467
-41.79925248 -752.83701782 34.35385163
-43.01626910 -755.27363175 34.47708102
-39.45265452 -752.19476548 35.10017991
-37.29455747 -752.12915977 36.39628072
-48.14487070 -758.26310342 49.57654338
-47.09135439 -743.47955614 20.40004079
-85.31464032 -780.99144274 36.86012271
-43.39591284 -745.32413211 20.37608043
-48.00680608 -754.67696031 49.55160792
-46.82128750 -744.72763750 21.66695658
-43.54599118 -746.75330000 23.18757423
-43.40870000 -748.37079565 23.88679136
-43.17130000 -747.85820000 21.77625658
-43.46714457 -749.40920435 25.70982180
-24.23012546 -751.25303173 44.21326322
-24.08395657 -749.15034359 44.89552862
-13.41348571 -747.98677857 42.87687476
-14.86569274 -751.97766089 42.43996948
-20.90113472 -751.81847199 43.98069585
-18.31863345 -781.92539983 32.05641350
-21.23215709 -748.87171292 44.79198506
-21.14115093 -745.99828958 46.54555541
-78.27555495 -776.10192154 38.23788647
-17.96411542 -748.69291761 44.06593525
-66.10887555 -772.25537623 40.02818073
-15.92677032 -751.27103794 43.04570737
-17.96159400 -746.51318195 44.98253966
-19.92212033 -744.40315366 47.21242894
-17.81606259 -743.83518267 46.80750265
-15.14885237 -746.23153618 44.08090893
-12.25091127 -751.45264152 41.58889356
-16.75018750 -744.55020000 45.74710658
-9.86381773 -751.05190000 40.68956249
-5.53814180 -749.14024952 39.50276815
-9.57827885 -742.79877082 43.21408104
-6.20981660 -746.15042536 40.92753103
-6.27343059 -743.14275459 41.83766394
-3.25033648 -742.91844852 40.84591044
-0.87318233 -747.98205674 38.24249193
-1.49413636 -744.80295455 39.84093234
0.39252661 -743.67056030 39.58304785
-0.30020196 -740.68850726 40.42382078
1.29500000 -741.51982500 39.78988158
1.48410096 -740.52615769 39.85721331
4.93023414 -743.07723084 38.20551775
4.77170629 -741.29679790 38.49936357
-22.60565000 -747.64335000 45.80925658
-69.40788181 -773.77214417 39.49487932
-88.90826931 -783.90943663 37.08589420
-87.16291440 -782.31671416 37.09392995
-87.10208471 -783.88681294 36.54142717
-81.98938318 -783.80002783 35.69757248
-81.38506124 -782.07576807 36.07983065
-83.90881833 -776.58233009 38.32349532
-81.13816615 -780.23058358 36.65588048
-77.99496389 -780.26945568 36.65513869
-75.51458834 -781.22627635 36.43311490
-75.65406862 -780.31172580 36.71102573
-75.12204718 -778.88061083 37.30382237
-78.10925764 -773.81691741 39.31622906
-73.29969672 -780.76976393 36.71762871
-72.25500357 -778.86651854 37.50051505
-77.05776744 -771.37980058 40.42912402
-72.17216711 -776.19221893 38.49087602
-74.96573599 -770.81775364 40.63512128
-72.08424016 -773.64481773 39.43609043
-69.13225365 -776.15361334 38.57785294
-66.37615771 -775.74043025 38.72213810
-63.08160521 -772.40369720 39.97196894
-63.22644069 -770.03506763 40.53997775
-67.62535882 -766.42491176 42.83612717
-63.17473871 -767.00319913 41.25617438
-65.32029542 -765.31641832 42.56578673
-61.37500000 -772.79964000 39.75063658
-60.72719187 -769.90357216 40.37082150
-60.33850184 -767.03215431 40.63643578
-73.19180000 -780.68490000 36.81940658
-32.40452560 -791.32340741 32.59288471
-30.15013652 -793.51235828 28.92646998
-32.51177889 -789.97851824 34.19175525
-27.06211729 -794.70121449 26.64195205
-24.60909273 -796.39811805 22.97196674
-31.47239655 -789.73792241 33.93107727
-30.22069273 -787.88776587 34.66422533
-29.17210000 -792.85220000 31.94682325
-33.48333565 -786.89859652 37.18562238
-22.71522222 -798.42604444 18.68137880
-18.48002548 -799.84357431 13.50934205
-23.47218747 -794.88502241 23.77207098
-21.90741889 -796.47111544 20.05016266
-17.77071709 -801.77187350 12.39793436
-27.41770109 -790.28634672 31.43010607
-31.95504344 -786.26387869 36.55193035
-29.90730412 -785.34455093 35.91685329
-18.02142104 -797.16371799 14.60787565
-43.93809038 -780.33948846 44.42270658
-22.55764118 -795.66998824 21.90905658
-24.62647625 -791.10315752 29.05104744
-20.65440373 -794.23695895 20.50563905
-19.26081875 -796.29544267 16.35830550
-33.17782469 -782.59935073 39.41099859
-19.99427524 -794.99816796 18.30257697
-18.14718086 -794.13742711 17.33980821
-16.45126685 -797.15665766 13.82702482
-25.29377744 -787.83336688 31.25588586
-23.91019548 -788.24602048 29.39499857
-22.03215435 -791.08611256 26.11762477
-16.23916667 -798.49290000 12.78002325
-29.10134960 -783.03737619 36.52831194
-20.59290734 -791.38387269 23.33435576
-19.10663408 -793.04813098 19.41310787
-27.10054891 -782.39926392 35.96219874
-19.93995652 -792.22854174 21.41167136
-22.87710000 -789.17523893 27.55685054
-24.93103674 -785.21330519 31.97461694
-18.20024136 -791.51093710 20.39896821
-21.07374473 -788.06938311 26.29636616
-27.60547861 -781.15745816 37.11743539
-46.86587000 -783.32248000 39.56335658
-23.46175298 -785.73901481 30.09857407
-22.22902953 -787.24683691 28.16969785
-20.04241948 -788.98485305 24.23879414
-24.14827581 -781.62311521 35.51620873
-23.18485676 -783.16348468 33.60212865
-20.51647246 -786.15928305 27.20963137
-20.63738052 -783.80331039 32.11443667
-31.73200000 -795.63460000 27.09315658
-31.75548000 -795.31766000 27.52279658
-16.52431212 -786.89432424 23.39557779
-25.74290000 -783.55490000 33.78905658
-45.41453214 -794.80595077 30.26755454
-45.14753166 -793.50836769 31.81748370
-48.01499238 -793.43650955 31.40902745
-48.05609816 -791.63659696 33.14697679
-45.25637442 -792.05915094 33.23056709
-47.66054518 -790.34603414 34.28916622
-42.94875391 -794.53449342 30.55944794
-42.34694765 -793.29423859 31.79265516
-42.14341777 -791.99459638 33.15260025
-45.06335978 -788.58929287 36.10817284
-39.24148178 -791.42821122 33.23192653
-45.24582985 -786.99411868 37.10517100
-42.05783713 -787.21194505 37.13187285
-39.15257172 -788.57768792 35.98499286
-13.13628797 -777.92771504 34.14027763
-36.48372812 -788.08786594 35.59069392
-41.88277076 -779.51913536 43.55163395
-41.84574144 -781.87742085 41.07832854
-38.84763367 -783.00261952 39.49712190
-39.14045968 -781.75383056 40.43520308
-37.29720265 -786.81337354 36.95571954
-27.06511870 -767.14892422 44.28232935
-39.11219411 -779.52936918 42.04139765
-36.35879862 -782.95405302 39.42656414
-39.97540037 -778.34250255 43.34949080
-39.06978553 -777.11032894 44.17200539
-37.86457714 -777.51977143 42.60505658
-36.99427928 -776.43237568 43.12271946
-46.17243077 -795.72359231 29.49956427
-49.71686273 -793.24805727 31.14596567
-48.12885829 -786.95921979 37.01588653
-47.98619334 -785.65621386 37.93289752
-50.07581498 -787.12447101 37.03758025
-49.84993968 -786.43402222 37.35071372
-15.60385000 -783.76917432 29.73292955
-44.93734648 -783.48387465 39.67338052
-44.55672805 -782.34559402 41.32576784
-24.68547790 -763.21913433 46.21518527
-46.76823333 -783.02883333 40.19028991
-44.97992520 -781.65787955 43.94982709
-23.93887806 -777.08563502 39.33726693
-27.13535915 -777.32196662 39.62799157
-24.42272935 -776.41278387 39.91346432
-26.47175769 -776.94418590 39.89922795
-21.53524129 -781.33064213 34.59524358
-23.21148559 -780.51922458 36.63875149
-20.81663428 -779.90719154 36.08654515
-17.11373548 -783.10664619 30.64335110
-20.97505456 -776.73191438 38.62708828
-18.13689040 -779.03691206 35.48770496
-17.35672897 -780.38389120 33.16889885
-14.94879407 -782.36268616 30.20338553
-22.36048333 -775.89989167 39.81952325
-15.54766091 -781.06609519 31.27826730
-18.99490064 -777.89335021 37.00591594
-18.40347247 -776.67204813 37.81653367
-11.69193349 -780.34707349 30.45841594
-12.22785351 -778.96067948 32.27355827
-15.94019452 -776.59283286 36.95135610
-9.21743457 -782.03318062 29.51176525
-13.44116652 -776.89210000 35.80096054
-9.78284150 -780.27484885 30.48854372
-9.92694277 -779.49472482 31.35420052
-7.49979370 -782.43952520 29.51454556
-32.18685550 -772.25179719 43.31635353
-35.05719496 -768.25893022 46.39549471
-35.20969206 -768.79548571 46.10419626
-34.57635000 -768.67005000 45.89620658
-32.91769474 -769.67377881 43.44007137
-32.67858870 -766.67036884 46.92956574
-27.17279833 -770.27581137 42.34874334
-27.28645000 -771.68275000 41.90945658
-25.40849293 -770.27515892 42.01968958
-28.45649074 -765.75847407 45.95636954
-27.20327163 -764.02041544 46.79649608
-25.17598750 -768.67416250 43.48780658
-26.40056127 -765.25916474 45.54615860
-23.95704802 -764.63995669 44.90877733
-21.94371047 -766.27193709 43.38244356
-23.84095121 -762.05523443 46.60645932
-21.23107775 -764.13513088 44.39600562
-22.50209000 -762.70349333 45.85279658
-21.48713688 -761.65525115 46.27963043
-19.22017531 -763.30808265 44.52973168
-35.03709641 -769.34865509 44.08741406
-18.70827407 -762.05886584 45.38694629
-53.35614996 -752.07529656 52.42244229
-52.33054471 -752.35971075 51.97599156
-50.95974902 -751.96991816 51.25083017
-50.87669663 -749.45997684 51.37214844
-48.14682845 -751.98993779 50.59387303
-47.37839342 -755.70870597 48.64828312
-48.18024804 -750.02066153 51.44505917
-45.77754302 -754.11663950 49.15926333
-52.78830667 -744.87402667 53.28209325
-52.88107755 -742.82468811 54.21674837
-45.17367301 -752.04632779 50.25350517
-53.10152800 -741.81328000 54.97859258
-52.87658970 -740.33601802 55.43926905
-40.19137917 -747.37178542 55.60949929
-44.66115584 -753.42750519 48.64056827
-51.23688177 -740.14229160 56.15290841
-52.60820000 -741.59470000 54.78545658
-50.66588158 -742.20625041 55.12557923
-45.89997623 -750.05305826 51.49841897
-42.22587710 -754.29167001 49.29484607
-48.70078007 -744.10291793 54.52524548
-45.19987571 -748.80053508 52.49528820
-42.44523905 -752.46249326 50.58877834
-45.09144074 -746.29754828 53.82850962
-48.30381007 -740.15104287 56.90385197
-41.98014842 -750.85061651 52.05810185
-42.10584977 -749.37529588 53.31270010
-45.17347841 -744.30905238 54.73413848
-40.16764711 -753.26149504 50.34603096
-49.03462115 -737.93959517 58.05450190
-46.15506707 -740.69564674 56.37305832
-40.05396341 -749.64588086 53.78452819
-42.19819196 -745.92882946 55.11713158
-41.19278021 -748.10066926 55.08523750
-39.93530000 -748.17587868 55.22902229
-52.75916000 -750.46606000 51.62343658
-52.92390000 -753.62630000 51.66495658
-50.62203333 -735.57653333 58.42212325
-47.86779500 -744.69405000 54.89934158
-42.92444444 -752.65250000 48.66607880
-45.37607367 -774.89551343 43.70972692
-44.84919779 -773.50883478 44.02968691
-42.60062825 -772.89231086 43.22613815
-41.57870240 -773.52643375 42.65178414
-44.28322422 -770.73641756 44.59873769
-40.38528252 -771.86980340 42.87182600
-40.15853441 -770.32584187 43.02224194
-43.50000000 -774.70835000 42.78555658
-43.28528202 -759.87280899 46.44712287
-39.62006077 -757.83416509 47.36495654
-40.02705784 -759.79498824 47.12864285
-40.15566456 -756.17844320 48.43358231
-37.52895789 -757.63132105 48.34513289
-53.04225303 -761.12404061 52.65634476
-50.83710464 -760.95671388 50.80187169
-51.70632857 -759.50960000 51.94337086
-45.49299157 -760.78935787 47.01289433
-45.73057241 -762.70026207 47.34681865
-45.61114828 -757.15002571 49.07096379
