-38.23005690 -754.75133858 34.17407617
-52.66985409 -751.01017818 33.93530825
-47.43395532 -754.85828424 33.22850476
-49.46816667 -739.01526667 16.26600476
-49.03836113 -746.29626961 27.36798044
-49.59506000 -745.55544000 24.98493143
-68.78127706 -756.06469487 36.06831453
-38.90601385 -752.79485993 35.13418163
-51.06845712 -750.50824025 32.76304825
-48.76721488 -743.41440467 23.56338579
-28.58358774 -750.87950323 31.27907659
-27.39685249 -752.57997542 29.63113209
-49.79192283 -752.11017795 31.32276277
-25.95988784 -752.53218919 28.08633494
-32.79781799 -750.09916565 33.75564253
-25.13775250 -751.70619000 27.69821893
-49.99020000 -748.46980000 28.24517143
-46.06856779 -750.30040495 34.15486557
-46.26575000 -739.08290000 13.58158810
-70.93831731 -754.29554038 36.15309835
-53.25407273 -751.26091234 34.98919610
-66.01750763 -753.91412698 37.19904283
-74.31216106 -757.03228774 33.34496350
-59.99204224 -757.95717909 34.79088283
-30.10812668 -750.24059778 32.31556731
-49.32760000 -751.71245000 31.35777143
-41.42588212 -752.86784525 35.42179946
-32.31979309 -748.13115041 33.86881696
-49.45680000 -739.64025000 15.69497143
-33.47544122 -754.69920611 32.04622563
-47.72557967 -739.21552114 16.88753322
-27.04506589 -750.32237943 30.21009454
-46.42300000 -754.53730000 34.44477143
-30.18324419 -754.57711163 30.30657065
-62.80137555 -758.20704810 34.88469824
-44.51313399 -752.23717734 35.06640591
-46.47388333 -750.48953333 34.83925476
-52.59322235 -752.14041176 34.21638359
-59.67314411 -753.85836278 37.12398830
-31.63157000 -754.29199750 31.28498143
-46.59155000 -754.28617500 34.46697768
-48.64964750 -742.17685083 22.60495976
-48.96177062 -744.92170142 26.04418043
-36.13770750 -754.78932990 33.41908806
-49.54207885 -754.53394423 32.18514066
-48.78019805 -749.05271719 31.01482846
-62.43116921 -753.27644912 37.56487070
-60.47962328 -758.62795344 34.30606525
-47.92589351 -739.69610210 15.45657391
-41.46631998 -750.19423812 36.27564049
-48.13256481 -740.28761607 18.01478931
-35.82119918 -748.06890588 35.76871173
-46.26450000 -739.50470000 13.70807143
-25.42383333 -751.31196667 28.35593810
-29.43628038 -753.28647134 30.69787163
-45.04355935 -750.51635348 35.02706726
-68.86846548 -759.01944641 33.98123622
-58.36830000 -758.04140000 34.39687143
-48.97827726 -747.75056082 29.34897389
-50.48559233 -752.64319396 32.58997027
-47.99317060 -753.11530135 32.92742975
-50.24749062 -748.94473027 30.63046948
-47.37795145 -750.12068359 32.85588192
-50.01751120 -747.85327680 29.37810183
-49.81469024 -746.49104161 27.28809780
-49.75868774 -744.98008774 25.88133369
-49.68095815 -743.81982577 23.79696438
-49.59741349 -741.52549256 20.76812399
-48.47692445 -741.45569021 20.88485371
-48.72191174 -742.64546690 21.72799670
-49.55705625 -740.43767187 18.66047924
-47.63670935 -739.04711840 14.68173627
-54.11502937 -752.85481104 35.51749131
-49.61286477 -742.77841136 21.88210211
-49.39950000 -742.36290000 22.41882143
-45.72025645 -753.87625863 34.11826272
-40.63347600 -754.50956400 34.72097943
-39.21914760 -754.56664375 34.51992624
-37.61156243 -754.16485193 34.31148745
-38.87210003 -750.06740819 35.98045486
-35.66160635 -753.21672879 33.97673216
-36.63007840 -752.34947118 34.63437320
-38.24309808 -748.17554981 36.52465457
-35.95931832 -749.83471209 35.24598450
-32.83080299 -752.87687451 32.83330388
-34.71591341 -751.17326402 34.28108850
-31.84014231 -754.62824615 31.15114451
-30.48206641 -752.39310906 31.87748557
-33.94601186 -749.16061008 34.62556431
-33.85465649 -748.10128632 34.79932055
-30.79691913 -748.19706000 32.85032969
-24.97019375 -750.77920781 27.82693862
-25.20808727 -750.59690182 28.48136597
-28.30575000 -749.48110000 31.57023810
-73.51398333 -755.87736852 34.69550847
-71.65065648 -756.21773472 35.27269400
-70.94517344 -757.79792873 34.64372211
-71.80937299 -758.19448666 33.83785072
-68.76394499 -758.04544390 34.90736987
-65.88276366 -759.23137115 34.10865459
-65.84637291 -758.11584352 35.03065050
-68.52245906 -754.04824541 36.88210567
-65.74593399 -755.99829662 36.31764521
-63.09258434 -759.05961351 34.25510004
-62.93159588 -756.06011206 36.30573650
-65.03229634 -753.63940209 37.49608190
-62.94544178 -754.01910279 37.24678774
-59.73319798 -755.99136015 36.03085765
-57.72034179 -757.63252620 34.77965792
-56.95195698 -755.90645412 35.57328705
-59.89215296 -752.85358714 37.63965609
-56.75501120 -753.34796055 36.59754635
-54.78596764 -755.30138200 35.28017911
-57.76186205 -752.06673884 37.57733549
-73.71729924 -757.57262290 33.24872639
-55.89600000 -751.35850000 37.42567143
-73.14153111 -757.20152444 34.22469365
-63.66350000 -754.84575000 37.40992143
-45.07899831 -755.48598309 34.06557497
-44.96662828 -754.98792622 34.49734367
