-63.60295952 -761.33868758 33.86088672
-41.49415577 -754.49670929 30.52755078
-41.44506838 -759.31994438 31.71940692
-71.29589250 -764.85382698 31.15344631
-43.68274056 -753.90871189 34.07905055
-65.50256223 -758.30581216 34.95043192
-66.10501691 -761.07575572 33.70642382
-24.13907679 -753.82351173 29.02151399
-35.56241905 -756.90830714 33.15891983
-56.79726905 -755.21086183 36.47938870
-22.07410289 -751.28326892 28.29887237
-44.47745866 -757.05910846 31.41812284
-42.49528395 -754.89663959 32.25796861
-47.61583939 -751.93663654 31.83789453
-71.88278202 -765.22945217 30.69155325
-32.85138069 -748.98039349 35.38987450
-19.26171216 -752.12624314 25.65826999
-63.01101099 -763.19538086 33.01179083
-71.42424653 -761.13893904 32.69588492
-62.86438497 -759.95933974 34.53037028
-71.67750583 -763.14889164 31.86462578
-24.59658806 -749.30708922 30.04976024
-60.63010000 -761.66983333 33.95658411
-69.67481318 -765.71199404 30.82527057
-68.94814004 -765.14528988 31.31992749
-60.07905857 -760.02883655 34.63369004
-55.89926429 -761.72868333 33.97483173
-47.51067881 -742.02459940 17.38163144
-36.82307879 -760.88001970 30.79365646
-68.99062447 -763.30910772 32.29656456
-45.85972730 -754.45055208 30.83888144
-46.35783178 -745.95545794 23.17507196
-46.37121346 -747.20703077 24.15542834
-60.11225956 -762.84806494 33.29627054
-69.01003680 -760.66542950 33.39698812
-55.26857879 -761.74448788 33.99635987
-68.05647451 -759.38517473 34.15316799
-59.85415943 -757.18692460 35.89466907
-42.78705020 -751.16841847 33.22247378
-66.22279182 -765.15007350 31.70510213
-65.93343247 -763.32296327 32.72504279
-47.25393382 -740.39087794 16.89474588
-46.40052397 -745.00370165 20.15553039
-32.10182491 -752.08228284 33.69532747
-31.14500981 -750.13673612 34.12386595
-41.23395203 -751.50356984 34.46793790
-62.79311355 -757.80873804 35.42364843
-65.87153793 -759.64514101 34.35918951
-44.76693505 -754.20513606 32.16569505
-43.35978909 -759.06990727 30.82212048
-63.54134519 -764.95842190 32.08983028
-47.78639105 -753.90911219 32.61092852
-45.69152161 -757.24852622 30.73382140
-27.81311646 -753.74265445 31.31364156
-47.75485490 -750.84364994 29.83737346
-62.05612500 -761.68552500 33.97330911
-61.24249231 -764.74326154 32.41481488
-57.25324432 -762.30423568 33.60502455
-52.33204254 -759.02401716 34.68752366
-56.92122904 -760.17171333 34.53469867
-59.65319607 -761.57230225 33.89527119
-47.95042500 -755.74217500 33.21145911
-38.25737714 -761.03666571 30.88184411
-44.16693625 -758.98071834 31.09765917
-47.12222903 -747.19786142 23.81152040
-18.87590877 -753.22547719 24.66979464
-36.00060095 -751.19001677 35.38050936
-47.18572258 -744.01036613 18.43531798
-57.62477505 -761.54452473 33.90306546
-24.85653909 -755.90497727 28.39488502
-57.09018837 -757.23489387 35.64235484
-58.92754516 -755.55468710 36.38885078
-54.26123213 -759.98948786 34.59571054
-55.40117308 -761.83591538 33.91086873
-53.92562473 -757.17792838 35.12926257
-53.93481597 -754.81415322 35.85635781
-57.43356667 -755.35564167 36.98580911
-51.86823583 -756.85720424 34.67708227
-51.64981308 -754.68003002 34.53592571
-39.35924031 -757.54347277 32.13827306
-39.01772938 -759.74684725 31.80579337
-18.71106364 -752.30922727 24.67260229
-46.58795278 -756.14945278 30.48715911
-46.93797966 -753.99435085 30.68547394
-47.22349448 -748.38453284 26.31369273
-47.88620909 -749.69568182 27.85952048
-44.33031545 -759.17446571 30.73446042
-47.28605352 -749.47627746 28.86256439
-47.36794986 -744.61120130 20.58184895
-47.37534252 -745.75287078 22.90942693
-44.65427028 -751.01104212 31.92405282
-47.45486463 -743.12687855 19.73676018
-42.06743646 -757.32122842 32.04555909
-47.31823909 -741.39000575 14.67506685
-45.36432867 -750.39393574 30.09568207
-46.25112996 -748.43926390 26.46449855
-47.37133417 -740.03064408 14.14298095
-45.82002773 -749.41050588 28.80324462
-26.56337688 -754.24485475 30.34283162
-46.27751467 -743.06792533 19.31048945
-46.13486706 -741.88671294 17.92663588
-42.86741451 -753.78983410 34.17978087
-46.25288396 -739.83386226 14.02405015
-46.25183878 -741.16466735 14.79184330
-28.55545000 -755.57990000 30.94013411
-38.98743600 -751.47462153 35.32023314
-38.57252574 -753.47647624 35.05114569
-37.01997034 -760.19812023 31.20197331
-35.89343578 -754.08394853 34.74947186
-35.29786298 -755.87862409 34.23395086
-35.47186898 -749.32767053 36.11314802
-33.09126263 -756.07455977 33.39065722
-33.86158656 -753.88459150 34.17507990
-34.32244412 -755.85575000 34.04855588
-32.51542187 -754.39236777 33.50488857
-33.13508266 -751.08339606 34.54493846
-21.05045636 -753.75533861 26.79607419
-30.51045704 -756.16626555 32.10148674
-30.00863090 -754.21879533 32.32767707
-29.89390847 -751.24024292 33.04628618
-28.80195758 -756.26651111 30.79150835
-30.78191626 -748.87252154 34.42422163
-27.20115070 -756.02785408 29.86585051
-29.29102058 -748.95643128 33.44366719
-27.38147950 -751.01165260 31.70103370
-73.80797789 -763.40861368 31.19203780
-27.18375096 -749.01850300 31.94676667
-25.85777551 -751.24347991 30.74679888
-23.67137857 -755.87512738 27.63721626
-23.98650960 -751.25532292 29.58352548
-22.89726015 -754.91115132 27.64694107
-25.67055436 -749.26731897 30.82436001
-22.38567500 -755.75727000 26.71157411
-22.26873144 -753.04651416 28.11253227
-20.68792441 -751.60522661 27.10917758
-22.23105217 -749.58060000 28.46719281
-40.06796250 -755.59220000 31.68175911
-46.34970000 -747.18680000 21.91758411
-19.25010158 -753.33615771 25.36295289
-43.20880000 -758.64940000 30.91418411
-46.45230000 -749.68210000 27.74978411
-50.35611714 -753.60370322 33.19557491
-73.29421224 -764.49120000 30.87474330
-74.17328839 -764.19783521 30.69541819
-73.95985238 -764.80798095 30.37861983
-47.77683500 -746.98125250 21.48813661
-67.57730000 -758.64130000 34.50638411
-19.81005000 -754.37843500 24.85164911
-49.77043411 -752.42395935 32.27233551
-46.32621935 -741.12549032 12.01327766
-46.49760000 -743.98320000 16.62168411
