3.01146602 -797.61410969 36.46855804
-47.84933351 -751.67706494 35.95957220
-75.31740397 -776.02036833 49.88546716
16.37238333 -795.76556667 27.55144722
0.55022790 -809.28384237 33.42574412
8.27804407 -823.73795759 19.66908150
-45.56154292 -740.39585665 17.38895721
-87.22974771 -779.13533247 52.62781714
-21.12869297 -811.64651998 37.81474459
-41.77154941 -737.69445882 75.89889428
-89.50197370 -784.42847662 53.80205445
1.24300000 -806.18660000 34.74854722
-46.10217474 -754.97804226 73.28375463
-25.79860000 -816.58650000 34.42404722
-4.94173158 -795.44403158 39.99423670
-75.85586736 -780.98890753 48.90169074
-86.42374822 -782.09449453 51.71168749
-45.16877086 -740.01945039 77.92236257
-37.19097940 -757.90690072 53.74884487
-88.02588256 -784.23699329 52.77956625
-69.36847396 -776.01264664 48.70347977
-64.10823939 -766.71466182 49.22622325
-60.06083444 -761.20208621 47.34638570
-3.10337528 -819.79357978 31.32111239
-82.22020052 -775.06403037 52.19506162
-40.18988312 -723.34759351 78.98967709
-89.23518827 -782.67210363 53.35720067
-17.84409185 -792.22454253 47.30551980
-52.53789818 -750.82163273 76.12629995
-22.96441667 -795.37106078 48.87736389
5.70053673 -797.05604979 35.61090356
-86.39014810 -784.23195013 51.59640534
-50.90045455 -756.45198636 76.15945631
-18.55282830 -742.36945055 70.34108874
-11.69975370 -807.98962407 37.20719753
-84.47936468 -784.20444014 50.75245578
-14.23852909 -738.05378172 48.76821733
1.82602128 -787.99367668 40.22016092
-31.54090526 -787.25509549 52.21740286
-38.76451963 -769.68703008 54.70261341
-87.93809807 -782.06199105 52.62584827
-30.98218247 -810.29639381 36.91290599
-31.45869643 -745.43283929 42.73765794
-84.18424633 -779.24796748 51.38170051
-84.29628917 -782.06563320 50.85505584
-47.52487500 -738.88984167 79.14838889
-26.12572808 -780.05841288 51.48490915
-42.41196966 -749.97025759 37.86075170
-17.13701414 -787.05004319 45.31681715
-30.75198652 -728.96358865 85.18584580
-85.32769594 -778.13220609 52.18533273
-86.35975976 -779.89110030 51.81819610
-45.99197725 -765.95572044 67.72194195
-65.48354859 -762.34494683 50.95426659
-82.09924863 -783.85909897 49.96104962
15.33780658 -794.27245765 30.01437875
-44.43549251 -771.80551806 61.45304105
-63.84368457 -763.87954049 49.53576765
-21.28323679 -808.99072477 39.09268582
-10.50395405 -792.06362432 43.15001209
-75.23097547 -773.10301981 50.57645890
2.56759327 -734.16406531 41.67892749
-9.30181902 -734.09167015 47.69803952
-81.31607729 -782.04260582 50.00984320
-14.93811838 -791.25557141 44.73424351
-24.63510585 -799.60372725 46.54122274
-81.28436366 -779.09612662 50.60977853
-86.25674406 -777.07550149 52.98974805
-75.42146040 -778.93285959 49.32597560
-43.20723463 -745.98133816 77.38287745
-47.48091485 -726.96417426 79.14712544
-33.02917738 -748.84815216 74.41224004
-84.34767585 -776.05267834 52.58558954
-33.48106179 -743.19482508 75.19345458
-78.53043720 -781.51423083 49.42888016
-70.35434558 -777.78334830 48.58174178
-3.19570469 -817.83495077 31.95024151
-78.28190819 -776.08425056 50.53053304
-49.40649474 -730.63764737 79.22498406
-45.46641566 -751.95064077 73.64836947
-26.87727465 -803.35501060 44.54571485
-83.41853758 -776.93155392 51.78458706
-13.14038547 -801.96506030 40.19866479
-74.43633261 -768.04711345 51.85512907
-81.17168264 -776.19341166 51.35997457
-27.76180573 -744.81571982 46.42966793
-42.49540222 -782.12513405 58.68817445
11.16669760 -808.47793612 23.30090851
-29.99034519 -769.87184821 46.78104328
12.21518571 -813.30261429 18.90470437
-6.35379398 -740.15302165 44.85459233
-24.56535436 -819.34619936 27.36774009
-50.28413419 -756.97617350 75.65889850
-77.40222239 -781.85438657 48.95946364
-78.39545632 -770.82096193 52.27630899
-40.45812420 -760.28962722 64.55923672
-43.01982524 -750.90705728 33.44864334
-78.31043723 -779.01564821 49.89079989
-62.30578252 -747.72717864 82.11176761
-83.25550887 -774.16666675 52.82048170
-36.23394880 -764.02706297 54.17824426
-7.58408361 -736.42085966 46.11099134
7.82773158 -792.99305789 37.17617880
-3.08845671 -770.25722740 41.95280965
-39.22684806 -767.46398083 56.59627338
-12.09057615 -773.15148985 48.10782304
-76.28371771 -780.86426198 49.11352222
-0.60432316 -800.73539213 36.24813340
-33.53805029 -787.89348604 53.00545857
-28.32458741 -744.97366667 45.56681907
-38.22097807 -761.31536534 53.46278004
-81.24675991 -773.11734682 52.51207955
-39.18451812 -757.81585268 47.67440759
-33.47462099 -764.01305401 45.50338851
-27.24599921 -772.90526156 47.00592600
-25.23274423 -773.95111229 46.86539685
-43.94074762 -784.60473896 59.80983856
-44.87243585 -748.14725157 26.82855540
-36.38079187 -734.08967939 78.04857375
-58.93252857 -745.95290000 78.76227579
-74.55703413 -779.91184624 48.94542208
-80.34526700 -773.99258462 51.82589884
-37.95967377 -789.15566885 55.14871116
4.28108000 -819.76800000 25.07550722
7.94152981 -765.98541296 37.19989063
-16.49329053 -742.69855474 69.92109775
-33.11816442 -757.12097163 64.79867158
-78.11533389 -773.26398057 51.35340591
-29.35715926 -806.91227793 39.17855330
-72.26604766 -770.10230571 50.76071813
-12.30184676 -800.02738409 41.01301177
-26.97802446 -749.75621998 69.93223299
-39.40646702 -758.92889123 65.28623178
-72.44688332 -778.57296984 48.85644264
-8.43329554 -796.78400802 41.23231909
1.96089148 -809.06148685 32.08399631
-1.03391042 -779.37585465 40.20944441
-67.13258342 -775.09856188 48.41536380
9.73052225 -825.88386600 17.58352972
-17.82439070 -737.48536524 50.86034090
-80.02601915 -771.47078936 52.44315573
-35.35909366 -785.51712578 55.64228482
-56.98406459 -758.57093702 44.83416676
19.49320861 -791.13101987 24.65146775
-73.04349763 -778.29688560 49.15955452
-79.24272510 -772.07250594 52.27372577
-72.36930720 -773.11820425 49.95285392
-21.10272648 -807.19922557 39.86089014
-30.78532236 -754.03971843 69.71696917
-35.85858999 -752.09598944 71.71431350
-72.40261293 -775.84113313 49.36949920
-77.30403364 -770.68157961 51.82762604
-71.40309653 -776.92319517 48.93232958
13.51963012 -787.34220434 34.59250240
-36.62869263 -787.84731699 55.15535160
-25.24261429 -759.80260423 63.32436892
-75.25917839 -770.21261540 51.41286142
-43.08517935 -760.15166531 67.35813697
-70.15499912 -775.11419179 49.13763373
-21.54094573 -818.43458888 29.58731026
-8.13445587 -770.74839956 45.79877159
-6.72561752 -796.94574543 40.63525669
-50.77814268 -750.14098644 75.72478621
-45.14921564 -749.46081293 32.90530143
-69.49593336 -772.87182718 49.40968949
12.24682254 -794.36236807 33.15782373
-50.93934729 -758.16497177 77.07473882
-20.65604724 -781.74966121 46.78315476
-28.32305907 -805.14355926 44.20801265
-28.96431436 -817.26641277 29.93231797
-23.98408359 -778.73810298 47.99430380
-39.37923373 -736.93442652 76.45351227
-39.92553438 -762.99995000 48.10639097
-27.06710724 -819.00920877 26.96929639
-28.42371613 -783.92221290 52.17678271
-49.71745000 -744.50580000 79.38539722
-26.45572801 -819.81189244 25.64763770
-68.48539805 -773.85842776 48.86196901
-47.32100994 -715.02571713 82.25733037
-32.12830638 -813.99241418 35.12674651
-45.14807013 -749.58468988 75.22974847
-36.83026488 -728.45702248 78.76342790
-27.23772816 -817.91929226 29.52977610
3.71514021 -806.34487277 30.49613879
-41.29057115 -759.32688265 66.42554001
-8.60816182 -808.34747380 38.94463599
-7.07541173 -811.11667277 37.49508507
-30.06641676 -814.24933765 34.65165242
-12.40584965 -743.00883685 47.30469719
-21.32412453 -805.74766278 40.59135024
-34.28994767 -764.67178500 54.73948689
-43.21765727 -772.88072297 58.82377339
16.38315000 -790.65157500 31.37582222
6.03057078 -769.65985883 36.82278410
17.05198820 -791.05092715 29.43894196
-32.13203235 -812.61824044 35.83992124
-22.08874436 -819.23421429 27.85779760
-29.12898958 -816.69895208 31.61597222
-27.12939912 -805.36767958 41.11953235
-5.88250226 -792.01330870 41.92743775
-29.20867283 -815.69157246 33.03115085
-14.91702081 -809.45848972 36.14377956
-6.75647911 -772.91755451 43.97730537
-24.87223333 -819.75662500 26.31240047
-72.13874136 -767.23489057 51.51391770
-30.38622966 -812.10992227 36.11967918
-16.68382500 -813.70986250 34.12158472
-11.57892926 -779.14507782 45.47127879
-29.56090241 -779.98643414 54.46106101
-23.32899286 -775.85131429 50.20953294
-21.85676339 -785.26589018 48.53191597
-27.56570938 -815.83933165 32.97838077
-26.93988691 -816.95813333 31.62675976
2.29871202 -806.00276542 32.17417499
-29.66189512 -785.40031209 51.41505768
-69.32962544 -770.08563489 50.02149304
14.12112361 -793.77338344 31.88299265
-6.29589142 -793.97930917 41.21293089
-9.78187953 -792.29411663 42.68925938
-66.33306582 -773.06704034 48.68841425
-24.26686846 -818.68382896 29.48389004
-24.41871973 -787.66887140 48.95639172
-3.21845683 -797.08119736 39.11663238
-33.68972688 -758.63651242 60.52784655
-27.00722026 -814.26902733 34.69340165
-25.11914793 -748.18989091 70.23840838
-24.89457191 -787.77816386 49.27882725
-23.97117741 -817.32252320 32.34008626
18.97157742 -791.88116774 24.80929561
14.27158862 -796.43314595 29.47081471
-44.06380000 -754.30580000 35.42040722
-34.02915794 -764.38913729 55.34064542
-67.25563016 -772.00562143 49.11860437
-41.83075299 -778.83880772 57.71115681
-37.43627383 -763.48354597 63.48016232
5.71310285 -764.10750240 38.78672367
-27.27437935 -812.25231841 36.02037359
-8.25071620 -740.12746213 45.80015978
-16.94842400 -810.47168000 36.92051522
-8.71413333 -808.07191667 40.30094722
7.02540133 -792.04083600 36.93192322
-24.46004360 -816.23393026 33.61969537
-39.94677500 -751.52880000 76.16505972
-15.35796793 -736.94850919 49.84305783
-69.25207210 -766.98845319 50.85772821
-66.48696833 -769.82635985 49.35241466
4.26860000 -805.96550000 31.18464722
-29.90723482 -809.11600702 37.82432810
-65.47983295 -770.77444028 48.88062650
-38.09430433 -760.09459808 44.07673184
-29.60839930 -810.83117676 37.16355145
-15.58583719 -775.92445049 49.99692398
-62.78179620 -767.39672961 48.73959374
-24.20232442 -814.84241256 35.04404481
-15.25985634 -799.98912123 42.01396198
-50.04751395 -735.77609535 79.51350769
-21.29107532 -817.22725348 32.35664949
13.01835000 -819.02319571 15.83824008
-64.16329920 -772.21192826 48.58333259
-30.70919287 -767.08018143 45.71623296
-2.44871503 -806.22256212 36.63500423
-27.03777549 -810.81634583 37.24220335
-44.62923408 -756.85179665 72.81372264
-71.15979000 -765.43250500 51.82557472
-27.23751921 -808.98010958 38.22020603
-6.99947998 -799.87437711 40.40386782
-21.23453611 -743.41578757 48.78667394
-45.38661699 -714.96789887 82.27496319
-48.13857563 -757.66748491 75.04965979
7.39330000 -804.46860000 28.37104722
-24.47172043 -812.61977810 36.50458709
-37.47043125 -757.19113750 67.47751597
-44.13857848 -781.90076322 59.38742845
-40.02984648 -784.80144010 58.61044191
-3.15221118 -791.28630917 41.06127500
-20.82570709 -816.35242091 33.75329195
-68.74694026 -764.90457119 51.49830840
-66.40224323 -767.03375153 49.80941027
-42.20606173 -776.17111661 57.48632257
-53.62066156 -755.84003035 41.77278364
-11.49715422 -732.28576624 49.94828252
-37.96510800 -789.41902800 54.97437122
-21.29435151 -814.93860577 35.26517511
-46.09724811 -724.33264022 79.19902765
-63.38630687 -770.01012617 48.67955663
-13.42347592 -736.03128094 49.21550843
-9.06552674 -806.16581006 38.92214853
-18.22449012 -784.65137432 46.32160401
-16.62737143 -775.32678571 52.31974722
-16.06237216 -814.52112143 32.84193651
-44.89917629 -745.61858451 24.01903307
-27.51209710 -758.85267319 63.20103013
-30.90555738 -761.66056245 56.94533185
3.62865707 -815.57196988 27.47384430
-69.66636758 -764.85107033 52.16734887
-0.81180121 -808.83734650 34.81108569
-19.49340709 -817.75415827 30.38183541
-29.65624393 -762.04905514 58.34761358
-21.24077177 -803.04988705 41.99710970
-24.02263766 -811.33954692 37.44388666
-19.37929038 -816.98676334 31.94883288
2.80150254 -818.17548732 26.78927135
-33.12837469 -785.31301112 53.97306739
-33.06771897 -791.28359626 51.15402736
-4.31827219 -796.10815621 40.24752770
-27.31822849 -806.86440681 39.39004951
-34.18079291 -790.48716784 52.46779217
-0.40872682 -803.02195198 35.36941967
-49.45116842 -753.78383263 38.35740196
-24.35646709 -809.15379623 38.64768525
7.77683187 -733.12598956 39.86057085
-60.29115801 -746.79129806 80.86379599
-28.72295000 -741.74286667 79.51224722
-64.44065537 -769.09874545 49.10388689
11.78844025 -806.69610511 24.37391378
-21.42273729 -813.14004649 36.66848996
-56.60287960 -746.91236679 78.71878939
-59.08596296 -760.14566370 45.68712648
-30.65716524 -752.13465783 70.34158226
-18.22354450 -815.58300843 33.06737067
-11.11848027 -777.16160340 45.38902296
-28.63617273 -762.51193636 58.35633813
-7.39231680 -782.82837160 44.39952322
-29.39015927 -805.33238233 46.44858052
-48.31328912 -752.07698788 74.29999562
-46.96631333 -750.31072667 33.64951167
-29.32166911 -805.94716817 45.21624628
-66.15260496 -764.12871259 50.53039430
-54.30119391 -749.05410834 77.23680159
-29.00625926 -805.86060926 40.31701019
-18.51338646 -814.34985499 34.79022807
-1.35978258 -799.56084082 37.32854797
-41.05719000 -757.00845000 41.98849722
-61.50778845 -769.25214092 48.36376834
-28.99709135 -804.27941765 46.78622888
-41.26772634 -781.09654107 57.89613829
-5.64806529 -734.39959050 45.57314185
-45.15131017 -748.08265776 76.55660404
-28.53683137 -804.82611765 46.43587467
-38.56191314 -793.30720759 53.56906471
-0.86983287 -763.42670167 43.74934382
-34.54137282 -727.47256165 79.64984916
-27.53388696 -802.88618051 46.66295978
-24.37510688 -807.10686874 39.73185690
-42.34604652 -787.73302748 59.89821970
15.98304044 -791.53373971 30.66037933
-31.50872500 -792.71455227 50.13741881
-36.92660000 -751.97564000 43.24172722
-36.73137299 -793.20427572 52.70373963
-28.25291750 -753.87507000 69.99195472
-17.98491539 -812.45558772 36.14140149
-61.18653568 -766.90658043 48.26759698
-2.83731789 -764.67799894 44.18766182
-38.41181746 -791.39248794 54.47776432
-33.77262166 -770.12564902 57.59199296
-24.23909024 -805.59350205 40.77891968
9.75913886 -729.12866971 39.52785865
-32.25596571 -788.73435123 51.67140488
-18.79497284 -811.33791007 37.57823900
-37.51600000 -756.30282222 73.27464722
-41.07800000 -756.43410000 59.28654722
0.81434248 -806.19889386 33.62772275
-20.96761581 -742.34095509 49.27988748
-26.46346428 -804.16574257 42.54590872
14.64882074 -788.78272556 32.71548960
-62.46401604 -763.93821179 48.59966837
6.10702846 -809.03275766 26.72301029
-41.47770000 -762.60010000 48.30344722
-1.98301944 -765.32291111 42.85062083
-42.22306795 -785.03997691 59.26882741
-36.18632437 -791.06921635 53.55430807
-20.12697742 -784.06784194 45.69624238
0.94471587 -813.26626825 30.83964405
-35.40966498 -793.20656276 51.72594437
-5.25152959 -816.92652135 33.76211464
-37.56683364 -769.33144486 54.86670423
-34.43018889 -793.47362222 53.12338056
-32.91186301 -733.55302643 79.73628196
-42.00505934 -758.21063297 74.09899257
-24.06780799 -803.51666320 42.34858757
5.66686779 -791.06386839 37.74960237
-18.26491756 -809.06724228 38.83587764
-36.69452474 -746.65660250 39.19450864
-15.63453787 -811.75869028 34.85458798
-14.93736532 -812.81564005 33.64476784
2.51541109 -736.47754411 41.12602715
-18.43641788 -782.59013613 45.77939918
-33.20019926 -767.12258178 56.06194683
-36.68806623 -746.92201104 72.75012363
-2.04279916 -737.87151537 42.93051585
-63.38695844 -762.12735687 49.76314743
-38.97228652 -760.78274468 59.01125502
-60.82053600 -763.90814713 48.05488891
-41.73705455 -768.16731818 56.26058359
-24.72384653 -802.28292466 43.95276045
-40.66405833 -786.84102778 59.10802222
-38.08286923 -789.96205641 55.17771132
-33.88928887 -792.79798965 51.06380601
-21.92084853 -802.10632821 43.28133129
-17.48346473 -776.48325346 51.34814722
-26.19234058 -801.07896306 46.76164346
-37.57513158 -790.60727895 55.30927354
-60.31631347 -748.87363446 80.18677012
-17.53408559 -778.67635578 50.23928074
-35.89280937 -788.37112753 54.36889875
-35.00562418 -786.11965523 54.84204853
-27.13649806 -757.54432657 64.86114081
-12.72261053 -782.45845616 46.74554146
-62.04563417 -761.98717714 48.72707963
-30.23210901 -746.05865621 74.21900677
-23.82827218 -800.61809084 45.11813885
-18.15352729 -807.11480542 39.80709225
-39.97598679 -716.70176090 81.23515356
-15.66106473 -808.38244122 37.74291651
8.22577477 -766.95657009 36.81702667
-36.05868929 -756.30093214 49.85315615
-44.29360821 -779.07302705 58.99119822
-18.27032384 -805.67006986 40.48409374
-11.24775139 -801.37856736 39.92690625
-43.03300602 -779.52274488 58.33862219
-39.29693418 -758.06549706 73.45044428
-21.24429919 -779.45962602 45.82409600
2.56662716 -791.21269662 38.68808733
-8.30072935 -803.30576639 40.41566486
-39.56753209 -782.78057132 58.21228978
-30.43310936 -790.78841861 50.12230893
-41.39553182 -763.22394394 53.24602601
-35.91084035 -739.54955175 76.35235359
-18.70560049 -793.66456373 46.85670938
-21.44385742 -799.96009006 44.27013086
-30.82310045 -784.78698035 52.68157269
-0.17200019 -794.21109746 39.07500526
-13.61743256 -810.89223023 34.40340071
-25.22013439 -798.74027962 49.48631028
-28.13442653 -781.71509992 52.54246333
-31.57390556 -768.15116296 56.96974630
-32.52382051 -781.95948159 55.50814713
-10.03476094 -801.34552500 39.89655503
-13.65011250 -775.56327500 49.12213472
-18.37157508 -803.05438332 41.50662817
-4.90498713 -771.22831485 42.78006207
-37.54845405 -757.39883459 73.20838884
-39.11606327 -781.57049766 57.80357685
-24.89870000 -774.21650000 46.00741389
-54.51897826 -756.98263233 42.54221546
-25.86951429 -798.44671429 49.56494722
-26.67581266 -772.69265443 45.87054596
-24.38585031 -797.23614038 49.65286370
-45.02082712 -761.45978701 68.06030878
-15.27384443 -806.23198752 38.98319090
-9.96124842 -742.66384781 46.36727761
-43.86667273 -786.83260000 60.43061086
-13.28308207 -808.86554737 36.00736153
-22.43749781 -784.56938429 49.22146306
-39.97482724 -766.77196328 59.09814691
-44.20882869 -776.30428409 58.70445184
-5.44334112 -773.52323575 42.56729380
-25.93790909 -797.13830909 48.28901086
-23.68286318 -797.50137455 47.59387466
-58.31339841 -748.23619968 79.29070119
-18.85178681 -781.85093858 46.59901245
11.36609869 -796.71768023 32.23221633
-20.53934194 -801.25336672 42.85461048
-35.49706603 -763.37676164 45.25796147
-58.44256896 -760.60900537 46.35908603
-57.77927097 -760.18607387 45.48670577
-43.50118109 -776.10116527 58.27658521
-0.92699227 -814.67858578 31.82250586
-22.25250364 -744.91556848 70.11684328
-39.26108792 -779.17169568 57.43155958
-30.38547979 -788.09879988 50.83897335
-16.31559509 -804.96764422 40.22720936
-39.22756906 -776.14895736 56.83154464
-40.61744023 -768.85902529 58.35158630
-42.34581277 -770.09333494 59.54569282
-59.04995385 -759.52935385 46.39867415
-0.23512277 -812.15182643 32.63959670
-5.80375556 -816.79049658 34.35989038
-35.51087076 -746.38598250 40.83130365
-23.27966026 -741.34521154 71.83106517
-57.88846074 -759.23545460 46.15378710
-34.22650000 -784.37760985 55.40793286
-17.70476722 -794.68313223 45.44732325
-51.45283322 -748.86416906 76.70827228
-38.68425738 -727.07999578 79.20645608
-22.88835000 -798.43470000 45.97582222
-39.63554631 -764.89672779 59.04860539
-3.13996495 -731.05721380 45.15046238
-20.81309003 -797.75574271 45.48346100
-5.92543775 -814.92698233 34.94970077
-21.66410160 -796.57682540 46.73614378
-53.36575399 -752.47787439 75.76031363
-18.07057526 -800.51996677 42.56491303
-37.26300767 -751.33812090 73.79826204
-33.23924689 -757.95760169 62.44995103
-42.63242973 -749.06318866 32.60448136
-37.57661980 -781.22175127 57.71211372
-32.88483607 -767.03668712 45.55404441
-15.47525853 -802.89741142 40.83420314
-6.19920341 -737.11551446 45.29478883
-1.99495833 -792.38412917 39.80865556
-42.12987730 -723.11982074 78.90574403
-27.62571956 -790.22887691 49.44706903
-41.54319744 -760.58588205 48.70665235
-12.35344501 -805.96695180 37.95437574
-54.43247883 -754.20612443 76.28440097
12.59819173 -786.34173158 35.78848068
-5.03806154 -815.84487557 33.83123229
-51.05068967 -754.16411333 39.30835925
-40.61885000 -747.17480000 33.88384722
-35.95659768 -757.89963814 59.89330734
-13.14960345 -807.48218621 36.95739550
11.12852543 -812.50010150 20.53535315
-37.55889054 -764.73002297 64.19858438
-44.09046780 -772.29764831 60.20152434
-38.39739426 -760.73210589 56.71193000
-34.98986104 -792.35694286 51.86152255
-42.28678436 -728.15440365 77.72775447
-61.68930000 -747.72204667 82.10069389
-47.08813333 -745.84530000 29.84841389
-18.89855637 -799.34845684 43.50205727
-36.78730520 -761.20739366 62.09392065
-34.33201667 -786.73015000 55.14544722
-3.12031558 -815.16010327 32.96268125
-37.17480022 -758.83292343 44.00357889
-14.37917066 -804.03821638 39.77653989
-0.29490892 -778.90391522 39.68601314
-42.05132096 -773.16482383 57.18755960
-24.78344649 -751.72678733 69.82965623
-5.87742965 -812.17605474 36.15701742
-41.68043932 -759.12733404 67.95596831
-37.28644209 -778.85549256 57.32097144
-27.30408268 -787.97676749 49.64717507
-55.02789699 -757.47109201 43.69516652
-50.03167742 -765.81332323 70.54594013
-49.31965886 -765.94857902 70.35211343
-44.18430163 -771.09603252 61.51740982
-18.28153015 -797.05601904 44.54244688
-35.92950000 -747.66750000 40.22254722
-20.96244968 -794.50455388 47.87218704
-44.31085975 -743.05352853 77.79837194
-20.53505734 -782.41891743 45.81027383
-10.47577500 -808.46917500 36.98939722
-37.50713125 -726.40974687 78.99686597
6.87630811 -798.39096351 33.84771479
-50.07469714 -765.41327857 70.64070579
-39.25908657 -719.24201316 80.48164775
-48.99254378 -764.98674270 70.34902830
-32.32394563 -782.89908184 54.53597365
-30.82578756 -767.56835583 46.52281387
-7.98588284 -738.24719627 45.94001513
-47.71447288 -722.16369548 80.20684710
-42.28672530 -763.99806318 65.31633266
-33.27963978 -752.47326815 69.19715734
-12.11000093 -803.09823169 39.33297029
-4.32927213 -814.04261352 34.31874394
-21.52630154 -779.32802678 46.95244029
-47.99378314 -765.99232612 69.10251510
-43.50420089 -770.54086920 61.23766954
-32.47540686 -766.72173277 46.49165129
-32.55056750 -750.02940215 72.31207649
-32.79867669 -774.81490798 58.82541593
-48.52154437 -746.57184397 77.63382996
-34.79950000 -729.89345000 82.18219722
-6.35810741 -808.95375004 37.90060849
-26.15061429 -789.95678214 48.93814008
-3.45412438 -811.82642606 34.93056573
-24.33717635 -749.08960067 69.61665868
-11.50640963 -781.57054832 45.56934000
-23.64650319 -786.07099755 48.98426781
-10.93550154 -768.41935692 48.97623030
-39.30538667 -773.07164216 56.10083458
-36.96701127 -776.10695059 56.82761048
-3.65386694 -803.03150658 37.91968173
-42.27321247 -766.11572033 65.88075928
-4.30055246 -808.06576926 37.21410583
-47.62263666 -764.38655579 69.20270704
-34.38708562 -724.98171075 80.60908492
-43.73995000 -771.74175000 61.08744722
-30.18992643 -782.17013755 53.60472248
-27.34872515 -785.04688222 50.41947276
-25.56984167 -789.67932778 49.15566111
0.37114930 -815.26709657 30.24280718
-25.49614348 -789.76060870 48.93169070
-5.18933127 -809.92994163 36.77125539
-2.45739865 -812.94285796 33.65600353
-37.45481786 -756.82631714 72.69343651
-33.27423043 -735.95471304 79.60442114
-27.21644383 -746.22957362 71.28714681
-17.05221739 -797.92589565 42.91746606
-41.35170462 -770.64501771 57.18517894
-39.50783344 -757.30785849 72.57302102
-14.85897140 -797.83647322 42.77752901
-33.25039191 -755.31243840 70.54952340
-33.84713344 -771.05892437 58.22123722
-25.91850714 -789.13146429 49.00095079
-16.42989388 -778.23038477 49.47567743
-45.89873483 -763.81435847 67.97828350
-45.65300000 -735.50800000 13.69554722
-31.25363220 -781.01723629 55.36830940
-31.03120805 -740.64304375 77.99474456
-31.11073915 -736.73332708 78.14629454
-15.56712099 -796.63787086 43.42039692
-10.03335353 -802.85739265 39.32446415
-3.80768156 -805.82129898 37.54221347
-6.16886007 -806.12430450 38.53027208
15.80796847 -795.95796306 27.69366344
2.97115571 -788.20800393 39.15223798
-39.80840329 -770.01718428 56.01351663
-37.63736154 -747.30747692 36.87600876
-19.62363333 -780.51096667 45.98614722
2.34923679 -763.96422482 40.62707174
8.96006813 -791.13870115 36.28348780
-3.25166511 -809.17921055 36.10120305
-62.27439313 -748.31090832 81.46406223
-59.72491538 -750.75653365 79.23139915
-38.66559565 -753.10878696 66.61294722
-59.33816856 -751.12815495 78.60035836
-57.10422286 -751.63262858 77.54213433
-57.18721341 -749.13468953 78.22070695
16.37982500 -795.74647500 28.13932222
-4.92035000 -729.16150000 45.95767222
12.15674630 -797.65450127 30.42345681
-41.40693571 -762.30954286 53.22244008
-36.29748868 -772.90475706 56.48621355
3.51928753 -764.76423099 39.62954573
19.34535682 -790.39930682 25.43161086
-8.67018697 -805.38290636 40.26028631
-42.28071557 -752.57800337 72.25945698
-36.69461637 -749.03156658 71.70767915
-62.26573785 -747.27793138 82.16745707
-30.49104375 -780.24418867 55.29742964
-41.29966849 -741.09846575 75.82195681
-30.32026125 -758.57187553 62.61746814
-26.95004923 -782.23897677 50.91254497
-41.56992000 -767.54016000 54.04024722
-44.62479032 -765.78747281 66.69021589
0.61229231 -823.12000714 27.53096398
-24.31395067 -785.00699332 49.34059803
-61.53622857 -747.07577143 82.13284246
-59.28778889 -749.79918364 78.76025309
-38.68367680 -756.35720000 50.17462403
-44.43227908 -764.12045265 66.53070754
-37.29086098 -758.31634878 42.77157283
-15.78613137 -793.95056395 44.50413484
5.29961815 -793.83222112 37.43467549
-46.94256481 -762.37313519 69.17360093
-42.29416658 -761.01354487 65.65337825
-39.16890985 -751.34366204 74.05886813
0.78251142 -789.14255342 39.79041069
-12.83937977 -797.72266772 42.30589126
16.61288622 -793.34657489 28.68924011
-54.54400591 -751.77381066 76.51532276
-39.31033312 -746.05646994 74.20911406
-1.46784809 -810.96549126 34.25109312
-6.21397095 -803.04687208 39.28641063
-1.13674712 -769.82596846 40.53344835
-0.27457616 -762.44380814 44.08226059
-53.43697725 -754.19831396 75.68238911
-42.44513771 -751.75395798 35.96867997
-5.73132474 -800.19595516 39.54759236
8.28269750 -796.59774189 34.69484504
-49.17731886 -758.69476030 76.41702663
-20.50780449 -744.17529618 69.90617958
-39.93591437 -752.58001228 41.29477686
-36.16343018 -770.11709085 56.41405439
-27.42693110 -751.66162631 69.82304576
-8.06603000 -795.81031000 43.33437722
2.55148327 -803.53641623 32.68242123
-9.24852194 -800.16241109 40.58438535
-16.34274118 -791.89759895 46.45381298
2.42198873 -814.86693718 29.06055594
-43.02572308 -714.92339808 82.13564915
3.13571349 -812.31820598 29.91949609
2.51711326 -772.71633279 37.85642959
-50.96105569 -754.64818433 74.95019128
-7.42536128 -802.45766799 40.22329722
-45.23289436 -728.06787828 78.04231065
-39.18190118 -743.03777657 75.02354252
-27.33915777 -779.44055771 53.20009810
-24.32533709 -782.08367868 49.52465635
-35.59800733 -748.59193933 73.59666722
-57.48921212 -746.28351258 79.57709664
-49.53095823 -745.00594430 79.24515735
-34.36543585 -772.98465212 57.68998585
10.50590870 -816.89904783 19.14579679
-33.34832013 -773.28238820 58.57288687
-33.47795105 -751.53833387 71.26189055
9.09932716 -809.25087225 24.00836171
1.95836468 -811.61409553 31.59035554
-46.02712506 -757.53394435 73.87934640
-51.19080586 -752.05631925 75.10037083
-31.53044865 -765.31254324 45.62757425
-38.59994025 -767.02832999 54.09287578
-16.30542759 -792.79718966 46.29061446
-24.25222586 -776.25728394 47.23186136
11.37589739 -805.67370884 25.35810833
-48.20718395 -755.04560813 73.96976021
-39.09210000 -753.57880000 46.46134722
-44.03289712 -761.77948345 66.64335082
-36.37349979 -767.40205616 56.12047624
-41.61840000 -771.85835000 54.63764722
-0.73126740 -806.12590447 35.25873223
-39.40892220 -764.06342311 64.29305505
-15.00855415 -773.39068116 50.83324162
-36.88808631 -766.53688411 54.72264965
-34.54071038 -762.16196698 44.98616420
-39.11774503 -763.27833059 63.68754840
-88.87573333 -780.35398333 52.86459722
-25.07742380 -779.72459907 50.41824391
-17.10293409 -740.97788095 48.95409259
-22.49108047 -782.70210236 49.28672517
-38.69872564 -764.18731096 56.56545329
-2.20232824 -803.23981236 36.70977326
-54.18881814 -746.53302997 78.35552838
-25.62810213 -778.85969894 52.23214403
-38.59191068 -764.14070307 53.37369480
10.37620500 -762.48173000 38.09940722
3.43264326 -809.13400569 29.92481796
-15.22112538 -788.10971052 44.95294641
-33.15120390 -739.92313122 76.67763446
-55.14025668 -745.64671513 79.20156503
-39.36720336 -760.99743521 63.05587374
-26.31631238 -775.28328925 47.15128305
-37.88948750 -730.86072500 79.55814722
-16.21066136 -785.83816332 45.30754551
-33.59081307 -734.63377543 78.60616043
-11.89474351 -792.88662510 43.22092546
-11.42638332 -793.32246180 42.70393597
-3.30403781 -800.06393225 38.25277794
-31.88377200 -768.72275200 46.27472722
0.67812699 -821.29802783 27.53230359
-6.83467263 -742.00999439 44.96539849
-42.09073485 -759.95021691 75.05460178
-12.53675671 -791.00136677 43.75170579
-9.21465947 -793.90893390 42.10497795
-36.51635082 -763.94764720 55.66443949
-42.69325315 -755.91237972 73.32381296
0.01898671 -791.38409445 39.50109578
-17.68840700 -785.02918074 45.65332928
-41.19256629 -760.99427857 63.54033037
-50.30823889 -739.56104722 12.26375556
-40.70907500 -759.68926250 74.25705972
-0.46050515 -731.06793087 43.71193833
-11.38310478 -792.17569044 42.91574465
-45.28731496 -731.08933993 77.03405328
-31.31100107 -748.16289495 73.75913221
-44.66240649 -755.12593790 72.69280225
6.46934144 -762.43902658 39.22636704
-5.38720690 -797.45327498 39.77022846
-37.29095121 -755.98971836 56.70585809
-45.20218198 -737.05089706 77.58045048
-51.25338954 -746.35281739 78.01655307
-5.46776581 -729.39964323 46.57092980
-9.77964294 -766.66448629 49.28401150
-48.22041731 -749.76935588 75.35863791
-46.74550000 -710.73213333 81.93754722
-29.17145973 -772.04205436 46.75005762
-13.32698084 -789.09252682 44.41360562
-36.96899827 -758.05790062 56.07698205
-6.46490848 -769.97408586 44.70498184
-2.00007738 -801.23731429 36.90259603
-24.17439845 -743.24156939 71.21465167
4.68914754 -808.72290353 28.56552335
10.15097273 -798.95568182 30.87378359
-42.23648313 -754.94071443 72.09763469
6.34176897 -786.47581609 38.68408285
0.95781617 -804.04856886 33.80902806
-45.37147286 -719.04143422 80.32402774
-48.49521998 -748.32245113 76.49060604
-27.95196842 -743.45155224 74.34039759
-25.90033462 -801.44876538 45.93048568
-31.46249736 -769.08131322 57.20238070
-31.96347917 -768.80253750 45.91392222
-24.56820549 -745.69063102 70.45960808
-40.64837000 -758.92268500 67.34005889
-42.33352783 -716.16087102 81.31462536
-34.39384444 -765.91814111 54.81923500
-8.87792092 -767.41898697 48.36870271
-30.04600306 -769.32322752 45.58544600
-36.10891843 -760.57533765 53.30560077
-4.04595518 -780.92087390 40.80297471
-28.08812670 -770.72976030 46.74688816
-50.66428000 -737.85133000 14.28767722
-38.78279659 -759.08118831 62.63092892
-30.67481614 -733.99082181 80.56235223
-36.54327279 -760.09262252 51.12424668
-48.15295641 -731.55080707 77.29262064
-9.75946607 -785.19188462 46.26515688
5.37042916 -805.90331296 29.10916366
-44.34362729 -752.35586273 72.81692848
-24.28716671 -753.02563104 70.57437479
-41.33739195 -756.94610517 72.68121044
-61.61176667 -762.88543333 49.38694722
-22.46206412 -777.18447529 46.83773193
-34.61881000 -746.81486000 39.72308722
-21.39269076 -742.81372235 70.57262352
-17.92189516 -780.11324895 47.31754601
6.67347079 -806.49903603 27.50006913
-28.69040000 -742.12890000 78.94174722
-39.26506866 -754.98700410 71.27040059
-73.23685946 -766.75692703 52.07050938
-0.86079231 -777.18543462 40.18270491
-33.47124832 -764.95947401 46.29456786
-0.19501755 -773.08053478 39.07042954
-36.17417150 -758.10110325 62.33043888
-50.75882730 -745.37009471 79.31693413
-33.88089846 -760.85848399 53.98801383
-2.77403388 -794.54544354 39.70523376
4.02583261 -804.31335652 30.91454722
-36.06920638 -757.56687988 64.52820254
-45.09907594 -725.29490938 78.51544701
-35.22891143 -759.89882095 60.70913770
-7.67700000 -795.87040000 43.43384722
-43.03077624 -713.66454812 82.37305449
-3.70281467 -793.68733162 40.43565465
-0.36637794 -796.97954755 38.10292246
1.42391407 -802.36080815 34.22579685
5.10480347 -804.22238757 30.08478836
-42.22775607 -751.19630698 73.85905648
-14.47938085 -781.49333386 47.28508905
-6.21138021 -731.10788024 46.82605988
4.56859781 -771.98783388 37.19448329
-44.99942097 -746.64329232 77.84588722
-38.22931257 -755.11205086 62.61463008
-32.84441599 -760.90230771 61.60456378
-15.29865663 -779.16565149 47.55713704
-42.50712952 -749.85411578 75.17544184
-7.74130000 -765.52225000 48.63714722
-0.44430806 -766.99023288 41.06486806
-38.09137182 -756.26725028 59.29521684
9.85590897 -821.17727397 18.60606310
4.08692500 -795.44210000 36.93975972
-33.51843484 -759.91141312 60.83267279
-11.79518578 -784.29207752 46.78097591
7.48016524 -817.69627068 22.39894567
-44.00161515 -778.55444545 57.84939571
0.88374983 -767.94772824 39.79287380
0.80436941 -798.29399765 36.87049546
-43.62528235 -745.89247059 79.19622516
-39.45808805 -752.65558713 71.59528631
-32.60803687 -760.80298642 55.80656844
-36.92034009 -755.44057988 71.14505403
-36.84444379 -755.68975763 62.98353382
-7.28190985 -778.21370152 43.20948207
-30.05168065 -763.00484938 57.26346211
6.21495884 -794.65013088 36.64714615
8.58821687 -806.15432979 26.21885298
-30.11740876 -760.79921909 62.03385067
2.91365211 -798.87834136 35.73044927
7.05321250 -804.51313750 27.90587222
-30.49447064 -742.23570901 77.35343075
-42.27519209 -748.56172859 76.92402023
-36.95497489 -760.09768789 55.80080955
-38.00465055 -754.27037802 65.60746151
-36.60176546 -754.84842911 65.23837799
18.65078929 -792.84053690 24.84916389
-17.82722272 -775.47151227 52.27128717
-51.97474782 -755.05080331 40.91404287
-19.48132000 -745.50728000 70.11096722
-38.64734035 -752.97141204 69.22545041
-14.37147128 -771.24696723 51.66272324
-38.55277208 -753.76127792 69.76383488
2.20838809 -796.48912620 37.51314404
-16.22737000 -778.32064000 52.16490722
-8.86454993 -784.62368589 45.60957717
-13.08629082 -778.79388404 46.57543636
-11.00202000 -784.11117000 45.97253722
-21.25278165 -746.17539414 69.54339066
-39.34590395 -749.44468796 74.90154480
1.47530584 -778.48563879 39.51737783
-26.80365094 -756.51202642 65.92329817
-33.18785806 -759.39250108 55.46871389
-9.47299028 -782.19593784 44.71745940
-30.44135302 -730.95980263 83.34553144
-44.57915796 -745.59477803 79.34032632
-36.38827749 -752.63413380 68.57682308
-36.12679396 -754.02136995 68.70506048
-28.11008710 -763.34356425 58.28549292
11.39542335 -791.02483763 34.81625534
-28.61015833 -763.42984583 57.93581389
5.28098272 -798.96078045 34.55164391
-25.73890000 -756.55070000 65.72044722
-40.20028491 -749.46067460 76.73601090
-4.44712866 -769.32223556 43.35732545
-34.05664330 -756.41369485 65.05607300
10.13073333 -795.52570000 33.97384722
-47.69947139 -719.01419887 80.93209017
-29.08233084 -762.96115888 58.22350143
-14.27720055 -776.66738371 48.45246053
-41.27144831 -747.32134494 34.70086745
-7.10802074 -785.04945233 45.22103861
2.71933882 -794.07343532 38.23256983
-27.80019667 -760.76581425 62.57016364
-28.42743000 -762.64945000 62.43908722
-17.16639502 -773.83213820 52.47923165
-16.87929167 -774.39492833 51.87291722
-1.07275293 -790.54353371 40.44765353
-44.69582080 -744.07493160 79.49617842
1.68512644 -728.56804550 43.21382078
6.67763449 -799.07926519 33.60958140
-33.14952143 -756.42719286 63.77048294
-3.71250372 -776.07264207 40.88774207
-41.70204474 -745.98365198 75.32384029
-30.27474964 -749.02834229 71.47201047
-28.70242500 -741.16080833 79.86073056
-33.26101992 -754.15356614 69.59928775
-30.28024435 -757.45103753 64.72780365
-43.60356818 -743.58641364 79.26615177
-32.17115250 -756.89453350 71.66255222
-4.52991333 -730.09599190 46.15520246
-16.02270435 -772.54672815 52.46169860
10.47242500 -810.46265000 21.82995972
-12.35025908 -776.08104330 47.49123111
-9.47467391 -779.04877045 44.12013097
-32.52546441 -730.16886761 82.66101730
-29.77545548 -732.89485323 82.36133851
-2.11470848 -789.40255030 41.43528480
-36.18676389 -742.72721111 76.81515833
-39.21724524 -760.53715744 48.27164484
-31.02512137 -757.03064644 71.65862084
-42.71984284 -743.04072650 76.63372296
-29.23380000 -762.61435000 62.37674722
-0.24002574 -788.88057666 40.70056160
8.54216839 -799.01011992 32.43341635
-30.06235029 -755.42518963 70.76615568
-39.16388165 -721.88916311 79.68538188
-8.13532523 -780.93327383 42.79485470
9.08668226 -797.65436103 33.18304042
-47.22328386 -739.15220433 78.75436061
-41.34741035 -743.36980421 75.77015865
-47.63138385 -737.09886852 78.67374924
-23.19032747 -741.32920330 49.58471426
-37.96389825 -748.25781667 72.61668757
-50.68744970 -733.91043712 79.78884254
-48.86828530 -736.44331579 79.27555847
-31.39622000 -755.66260000 61.78782722
-49.38941065 -734.80024112 79.35760535
-32.26007344 -742.01328594 76.42410477
9.93152417 -818.52890074 18.72693716
-39.26497206 -728.00279735 78.45090471
-8.03121344 -779.93537246 42.88057083
-12.30645723 -740.05117306 47.54586327
-13.85409474 -774.38541579 48.95611564
12.66292273 -821.43028025 15.56211070
-6.20044191 -780.99220350 41.75748764
-42.30647148 -740.05244866 76.64246212
-15.25589507 -770.96786174 52.69518104
-9.28754172 -776.11499020 44.90119012
-16.78540000 -771.50660000 53.14174722
-37.87043214 -746.21565357 72.53820794
-35.76894000 -750.47160000 69.84960722
-9.66853022 -739.96692589 46.47292827
-13.39515958 -772.85247797 49.23858918
-6.17215557 -779.08878726 41.94972703
-43.42522000 -740.82792000 14.11216722
13.51193328 -820.54307246 15.29609317
17.20482925 -789.07182174 29.70998418
-51.46888059 -731.70796831 79.64894848
-48.20777433 -733.86024023 77.96012115
-36.09257959 -745.64786447 73.65768585
-30.22004969 -751.95971632 69.80798760
-10.30611146 -775.28067225 46.46714737
-27.50888166 -755.03794542 71.11229884
-28.06112015 -756.69298433 71.77201215
8.28232713 -787.89884054 37.57836316
-25.12947044 -759.25493176 63.75814754
10.77695000 -798.76825972 30.69130694
8.72570431 -794.13403267 35.70280390
-1.02275509 -733.83923989 43.39606790
-50.58887568 -731.45153506 78.44544226
-45.23855345 -734.02230209 76.88686754
-24.24155841 -757.97626617 65.17108275
6.14478215 -818.17920225 23.75869635
-29.67312138 -741.88423768 79.37234324
-42.24680959 -737.05957926 76.63746065
0.30223760 -770.33056834 39.35590889
-39.08051580 -740.20765066 75.60915357
-12.38102875 -769.94609481 49.29120796
-36.25436786 -743.05308122 74.83710732
-9.88410726 -772.97539787 46.72984973
-7.19129422 -775.92409907 43.53902452
-40.00573708 -739.34361581 76.16464114
-47.15576000 -738.39489143 13.51354151
-3.20923473 -734.07458007 44.47332649
-33.32679911 -746.04514278 74.36218908
-3.55071794 -779.24155627 40.59840861
-10.60745254 -732.80321356 49.13541332
-11.48430260 -770.36501772 48.55297629
-5.74628688 -776.16825272 42.30044136
-29.87335626 -750.08545559 69.78262194
-26.92309598 -752.87801626 70.29003248
-9.50523381 -769.92572591 47.32612417
-8.48159450 -773.16941471 45.46155012
-29.71998333 -772.34890000 45.82112222
5.70029250 -787.89322533 38.25176721
-22.16749574 -757.78330716 65.74969475
11.01616023 -793.61083652 34.57540482
-42.33240244 -734.15201994 76.81911874
-2.47634286 -780.63705714 39.93086151
-17.97683197 -743.19221033 48.76995191
-2.19445847 -779.06937697 39.90728166
-36.65342678 -740.65016316 75.70336796
-45.01501250 -750.86855625 76.12979722
-24.24320146 -754.13306536 71.22712695
7.70436853 -790.70909643 37.27533358
-36.47844335 -722.63756430 80.38079023
-39.19751073 -738.15451507 75.93251320
-47.18240459 -728.15296101 78.47296832
-11.32027310 -767.95120000 49.38912941
-27.49354598 -748.72859331 70.33686203
-38.37168929 -743.67053214 72.67088651
-6.94763326 -733.82042083 46.42910971
13.51417200 -795.87068000 31.27660322
-32.63296285 -729.15791842 83.52850175
-29.43106373 -746.94388960 72.42516349
12.24795775 -824.04218895 15.57123680
8.19789866 -730.92095448 40.77963391
9.55199580 -788.49896681 36.62539911
8.72409244 -762.39623256 38.59371336
-42.23342078 -731.03535387 77.25650457
-39.09716412 -733.94210970 77.18209987
-45.49076690 -742.61135716 17.64717844
-2.18931781 -776.19037111 39.78634400
-36.18295310 -737.05315115 77.18773072
-3.35407075 -772.97359884 41.13682597
-33.83380988 -741.11436707 75.81374543
6.90174949 -812.47828961 24.56662889
-31.20165000 -769.90495000 49.72623056
-21.93757362 -754.09864701 71.39690991
-0.55225742 -776.34615662 39.40493496
-30.24250863 -743.64147074 75.25846933
12.83445493 -791.15759000 33.74751287
-47.60417820 -724.85091241 79.53795896
-47.16851250 -726.01028021 78.90410451
-22.15808488 -753.12806797 70.67195203
11.69628567 -788.01067609 35.38587858
14.62125763 -791.02312058 32.31230416
-22.74300000 -786.63150000 48.98074722
-39.24783554 -731.21106752 77.73144394
-28.46457389 -745.11581217 73.44123624
-5.94856268 -767.58443187 45.14687541
-1.99140347 -773.86233552 39.89060861
-7.55235803 -767.03503752 47.75519906
-33.24006617 -737.10469598 77.67362037
12.96896525 -789.00603475 33.82680467
-23.85670133 -746.90887030 69.82890754
17.33998604 -793.63772155 26.78831590
-37.44696930 -719.97387785 80.65884754
-18.21870535 -740.59771433 71.08353529
-3.86511459 -766.87485501 43.81953389
-8.12846538 -765.50473462 48.81735107
-45.27250529 -722.11060726 79.66704234
-21.70820207 -748.46211104 69.28055485
-35.76857042 -733.35307324 79.30884300
-8.53022000 -765.52926000 49.09170722
16.10443333 -788.85470000 30.90035833
-26.65790255 -743.88275460 72.06339053
-42.30199852 -724.97702120 78.49446605
-1.49607571 -772.46757214 40.30762508
18.29684027 -791.27099951 26.64166142
-36.39237683 -731.08086145 78.53454014
-16.48900000 -743.42545000 49.10917222
-46.89282500 -711.10115000 81.98399722
-29.87089585 -740.68646669 79.73903028
-20.72736970 -740.94996364 48.64903965
-16.33577388 -742.00970619 70.28401355
-2.52819967 -767.33261780 42.41749290
13.54086000 -786.36328316 35.33154827
-41.84998182 -724.61717955 79.13534722
-42.30351115 -721.87596345 79.37350459
-39.54498574 -725.48942309 78.72010159
-3.24215442 -737.04051407 43.75270169
2.59355100 -770.03121643 38.14506714
-34.70150000 -731.73658125 78.89180347
-15.32256877 -743.01122600 48.23036245
18.47179851 -789.38676567 27.60606812
-21.00786738 -740.97684987 71.32455868
-20.80164318 -740.38638765 50.07635874
-33.37838564 -731.45903895 80.86418413
-30.95616442 -735.34165737 78.84126100
-47.55362858 -716.49067052 81.50254991
-19.09354459 -745.52773164 69.38441383
-45.23698866 -716.36474618 81.36164766
-42.21705318 -719.02291391 80.16614848
-0.02777834 -764.52133113 41.92930045
-35.89215954 -727.76941542 79.39170839
-35.36818466 -731.07083095 79.80052632
2.88297454 -767.08302922 38.97452487
4.86569788 -769.98528434 37.22774351
-38.53412191 -724.82846087 79.25105431
-34.69330000 -729.54310000 78.98209722
-16.07118080 -740.45278551 70.94405357
5.07026538 -771.83115385 36.95115491
-36.29533897 -724.93898905 79.79703537
-49.73950000 -753.33510000 72.79954722
-31.26292480 -732.10793951 81.68211670
-42.22911382 -714.29746842 81.91040051
-18.28178678 -743.64170689 69.77663950
6.57423146 -767.96716344 36.89829819
1.52635172 -766.01800099 40.21831126
-47.20443103 -713.44472290 82.52882757
-45.34754287 -713.24932411 82.79380660
-17.46148345 -744.72195827 48.33031916
-1.08594206 -738.93315701 42.16625283
-19.03493076 -742.36888620 49.17733885
5.54315456 -766.89380146 37.62110017
-30.75317165 -729.09591406 84.55543160
-18.39233329 -739.98610912 49.68838149
-39.32919371 -756.11359024 47.21342051
-15.30868694 -744.79990143 48.01327584
7.42542857 -768.89860909 36.56471086
-45.88571107 -711.22840802 82.58684837
-34.44017912 -723.13272008 81.49276891
-39.19779565 -750.14660000 41.55218200
-15.18719804 -740.17769048 48.54551675
-13.27555797 -744.68880145 47.36049360
-41.47994474 -754.72806325 41.59759979
-16.19940478 -739.10177612 49.21801289
8.63407223 -763.97853758 37.92500532
9.86327333 -765.33219556 36.95099611
-8.60650732 -742.51157121 45.75617790
10.53504827 -763.52271813 37.72988144
-12.19914420 -737.11384341 48.14328671
-14.85640292 -734.73960711 50.90523178
-25.60155000 -802.37015000 46.33268472
-12.53413876 -734.01593200 49.82233848
-9.34098841 -737.08500324 46.79557727
-11.45115928 -734.79795088 48.68399495
-3.84579642 -739.67130742 43.48844424
-37.29907222 -752.99492778 63.00214722
-10.24216950 -731.88456667 49.25999210
-2.56910624 -739.48328694 42.81686422
-8.80099842 -731.64122867 48.35345127
5.22366562 -814.84814296 26.16963175
-0.35441346 -737.03483665 42.30625382
-39.63581667 -742.13363333 76.18348056
-1.51064175 -735.96319433 43.11181681
-5.04900604 -732.08292198 45.88979008
0.30634449 -734.17276567 42.66330410
3.03370398 -728.81390311 42.63195431
-4.48245926 -729.36894259 46.15529259
-2.95136974 -729.19028908 45.31066850
-38.75265961 -748.16558818 37.95176545
0.84790714 -731.79507167 42.89752960
-41.71430541 -760.66872108 50.28557209
4.51759277 -735.90072410 40.36260505
-0.01541183 -728.92507140 43.94340846
-54.13705200 -756.44494000 43.32433322
-43.40926744 -742.60130930 17.79729141
2.79810016 -731.05281261 42.30751498
5.53294277 -733.72442469 40.59498331
-43.39131575 -743.79697008 20.64663305
-43.04755000 -759.70855000 42.27644722
1.30640541 -729.89094054 43.06140398
6.82938354 -733.81386709 39.94914216
5.76447588 -731.09728533 41.41164726
-24.52080000 -807.74372222 40.86329167
7.53270968 -732.80751774 40.19205529
5.64387133 -728.70135872 41.79488458
9.16222343 -731.22773933 39.66017944
8.23771817 -728.88929758 40.85048903
-35.28102258 -763.56599516 46.35677464
-17.00492000 -735.46159333 51.57789722
10.40453889 -764.87861111 36.91387500
-23.51435889 -742.06772174 49.25600335
-24.35846210 -743.10657580 48.31334750
-4.88685000 -765.53857500 44.96167222
10.36777368 -810.92761053 22.14656827
-36.51664955 -753.17227523 66.22946479
-34.25296714 -759.27867042 54.47351295
-44.74181163 -747.17150465 31.39014955
-50.47309444 -744.51048889 79.31412500
-46.91756739 -711.30679130 82.31468200
-17.83453750 -801.83535000 43.21120972
-38.58888234 -761.00171795 50.45756431
-41.40797105 -758.35981579 50.01818406
-33.70870000 -774.68820000 57.99939722
-41.20538562 -768.09901875 59.39529722
-19.80330000 -795.53790000 46.02184722
-28.81414000 -818.36536000 27.73458722
-2.28731379 -820.47725009 30.36968915
-56.31760000 -756.37218000 43.98828722
-28.32240465 -770.65741860 45.65797280
-15.29295500 -778.96579500 45.80185722
-45.90958035 -737.90727404 13.83701635
-47.17358598 -742.43408293 15.07378747
7.32380000 -804.53518000 27.77688722
-74.60347228 -767.87721782 52.14563831
16.32570526 -788.98857368 31.14103670
1.65533131 -822.97659545 26.71142399
10.20450000 -816.51920000 19.01124722
-13.64965556 -811.80481111 33.88992500
-0.69048487 -821.02550801 28.92083177
-0.36760986 -822.90660516 28.36417680
-34.19935714 -751.43106905 73.39631151
-2.11585050 -818.82266722 30.76005525
-0.21185672 -817.99750720 29.50212718
-39.34206429 -766.76815714 51.61315079
2.37102852 -820.79437563 26.20431463
-1.53094198 -817.02009506 31.19448179
1.04751232 -818.71640290 27.78291896
3.87396486 -820.42405135 24.65246614
5.61180769 -820.89540829 23.15847465
6.77398889 -821.67457346 21.62714187
6.64434209 -823.21943617 21.17309722
5.66564050 -822.82168512 22.38381747
1.70123693 -817.00853942 28.32090075
9.50219339 -824.26988631 18.27127525
-52.57170000 -756.66474000 41.06288722
-28.94609250 -783.51374750 51.86266972
4.13906250 -819.39511250 24.90935972
-45.63694728 -740.13031528 14.48424050
10.89555581 -826.13938658 16.54064315
11.78906037 -826.24486073 15.73352043
8.57738160 -821.05793281 20.21832778
10.99182802 -823.97859031 16.92851039
4.70129809 -817.65000938 25.52072713
7.19420000 -819.53080000 22.01484722
8.84305639 -818.01008404 20.29023111
11.30793792 -820.94293797 17.08512853
-7.57675763 -769.38958475 46.18992858
-13.60593929 -796.54902500 43.09773651
6.64974887 -815.32434419 24.21092066
4.57627713 -811.71021073 28.50863744
-44.41937961 -751.88843883 41.67987149
5.63845675 -812.25666267 26.67823874
7.74931504 -814.98174741 22.87003847
11.74920538 -818.11515395 17.52384544
9.23050477 -815.28242993 20.86221579
8.48066941 -811.94310034 23.26837460
11.02194868 -814.83789055 19.62286448
-37.25019630 -764.29705185 51.77533611
12.14035087 -815.51010102 18.29343604
13.59920525 -818.95189225 15.67366272
-29.94389086 -744.26598343 44.91310151
9.76892875 -812.70692351 21.58612914
13.37528671 -818.00760211 16.32427864
7.11186190 -810.32620952 24.96670437
7.83237876 -808.40786949 25.45857652
-38.30650973 -757.76276459 56.46310364
-31.57002353 -765.40012353 46.19208840
4.33720882 -803.66088235 31.14321781
9.79708815 -807.12441702 24.68766394
-37.24894301 -756.02700734 59.59438394
-38.70959417 -757.42252402 50.55332649
-47.42520599 -742.66310553 20.34403355
13.47813500 -807.73289000 23.11627972
13.70454468 -806.45565393 24.20502041
10.37395909 -798.70602727 31.21768813
-33.62117307 -745.93324884 41.84213175
16.06479636 -795.23616364 27.69960177
7.38443333 -786.51491667 38.32604722
1.33796250 -777.45976250 39.36837222
-27.03099978 -743.70530649 47.02000828
-19.97651818 -738.43259394 51.06245631
4.07150000 -786.48520000 39.40194722
-37.98385652 -756.38220435 53.25490157
-42.36858563 -749.45062076 35.51551801
-44.19270000 -714.53810000 82.02564722
-36.37723246 -761.18047548 44.89496419
13.40079167 -816.44346667 17.02734722
-41.26741053 -756.88941316 45.48872617
-21.95335000 -819.63345000 27.81909722
-23.56820833 -819.67340000 28.42773056
-50.14932532 -733.03007403 78.62746865
-47.66767143 -732.17370476 75.86818056
-62.29594781 -747.11125179 81.73281455
-75.97446119 -769.03461194 52.11578155
-31.27380526 -736.19480000 79.78957354
-48.95878708 -752.66126292 37.85233960
-48.86472500 -753.65602500 36.95562222
-41.99495714 -762.97047714 63.69237865
-23.67192500 -759.70302500 64.37287222
13.64091250 -790.60392500 34.75563472
10.43212941 -795.71684118 34.13833546
1.79600000 -808.67476154 34.32448568
-27.54064098 -743.85773607 45.65363793
7.62676250 -805.29031250 28.16620972
7.23760000 -811.01140000 25.23099722
7.35311667 -820.04949444 22.12887778
1.73700000 -801.57160000 33.93764722
-26.50773333 -819.93273333 24.99468056
4.02070000 -773.10210000 36.92474722
-23.17607843 -795.35624118 49.19029820
-25.98818000 -778.86260000 47.72656722
-43.98395238 -771.24551333 60.51652627
-32.64275455 -755.89855455 59.83986540
-38.67606229 -757.70187831 59.65644481
-41.34836792 -757.51714717 59.03811137
-44.98599216 -751.15299522 35.40523843
-50.38629192 -753.22081310 38.50138805
-44.13420000 -723.43314167 78.97511389
-44.66800766 -748.44562038 29.72988971
-43.72357500 -744.48082500 25.33399722
-40.06734583 -752.02746250 36.37975139
-45.63440299 -727.38475821 79.31788454
-42.27857500 -749.98229079 40.55460380
-47.87281275 -740.09731429 14.19915672
-3.86195000 -780.42370000 43.08999722
-42.23909167 -756.84307500 39.12232222
-42.67979022 -753.05121522 43.63631896
-52.93700000 -754.59080000 39.65869722
-47.73827937 -740.82170574 17.34421876
-47.24545472 -742.43026550 17.81538658
-47.61440000 -744.64710000 16.41304722
-40.72860000 -748.10750000 33.19434722
-45.09201981 -743.15905289 20.52351356
-45.41973859 -740.98784903 19.71282149
-45.70607706 -745.03605801 21.15484289
-45.01592957 -743.62450041 23.49478860
-47.04951667 -750.49140667 34.84166222
-44.87320000 -741.19625000 22.15124722
-0.88660000 -795.41220000 36.79614722
-32.40813311 -745.44834106 43.46621941
-23.27580000 -801.37211429 42.95699008
-16.54494138 -785.39702759 46.31941619
-4.25701111 -767.57312222 46.15652500
-42.36936434 -747.25106783 32.59593813
-39.13186813 -757.68159328 44.27601553
-23.12945000 -741.41038333 48.76806389
-43.64986667 -740.11873333 12.27798056
-28.94961053 -743.96310000 46.14310512
-36.55922000 -744.37520000 71.14978722
-46.03309241 -750.82348101 33.62451431
-36.66424962 -758.92160110 50.53758283
-45.08087819 -749.99658450 34.89839372
-39.68572281 -747.05681246 35.98532705
-52.66660000 -756.46550000 43.51604722
-52.72880000 -756.60680000 43.54424722
-39.88407045 -748.14667415 35.83178387
-29.01222222 -816.38475556 30.37809167
1.39960000 -794.24585556 40.82854722
-44.08710000 -755.58502857 37.68850437
-42.17761176 -752.00996205 38.36548089
-42.06600508 -754.46360971 38.86512396
-44.20988588 -751.12966118 37.98864722
-38.41903131 -746.89385313 37.94099959
-44.25144444 -738.92771111 79.22035833
-40.47124597 -752.60933844 39.07369830
-41.13172613 -755.69600941 43.90140088
-37.47217556 -747.80714667 38.35160278
-42.03132299 -752.61802158 41.15238573
-39.81777556 -754.94201596 41.65450788
-39.25515483 -757.54086764 42.37523778
-39.73269056 -755.72095948 44.54475765
-39.28603204 -752.98811650 44.65767732
-30.33666991 -745.16415123 44.55811052
-45.56710000 -732.21545000 79.14913472
-38.86332955 -763.58230328 51.16787197
-38.43214506 -757.28299617 53.36461971
-37.36760106 -755.74718191 54.13405467
-37.97650769 -756.43049103 57.23093440
-44.14007667 -775.89391667 57.45325389
-27.27562703 -807.91445676 40.33127155
-39.25947966 -779.52955085 58.27226587
-25.84630000 -780.89255000 48.85289722
-37.65704000 -780.96096000 58.03992722
-14.84731250 -790.14098750 42.77025972
4.13547000 -813.39608000 27.91805722
-10.09405263 -793.15606842 43.06721564
-44.22798571 -747.74848571 79.22816151
-27.35853333 -747.18900000 69.98794722
-44.06212500 -736.44462500 75.32039722
-22.27242000 -780.06940000 49.12354722
-52.88955000 -748.08125000 75.07319722
-38.13039375 -752.49866250 62.69734722
-21.84690000 -817.02815000 34.94054722
-29.32124643 -744.82533929 46.23495079
-28.77440000 -816.17860000 30.36594722
-65.10540000 -765.47450000 48.60354722
-65.82690000 -766.68889167 48.50345556
-47.12790769 -750.76838077 33.78011645
-43.25970207 -746.91609931 29.33627624
-45.30609497 -746.54930050 29.39322961
-45.04067678 -746.15309630 26.47132464
-34.83306000 -770.34826000 58.07814722
-45.85734720 -742.02427434 15.04189766
-43.26610625 -742.03333750 15.02754097
4.96386567 -796.07102985 37.36207409
-43.84333333 -755.90400000 46.09498056
-44.43135714 -738.31302857 79.60899008
-42.16258800 -757.37533600 56.61692322
-49.84760000 -742.21308333 20.66516389
-47.42830000 -755.20400000 73.00804722
1.83960000 -792.34970000 40.09614722
-38.85548000 -772.44912000 54.21886722
-19.19315000 -741.33910000 69.25960972
-50.21471000 -740.96707000 17.56395722
-47.55974310 -741.17697586 20.04839377
-36.49818966 -761.08726552 46.99238170
-42.85052500 -745.24062500 21.43145972
-10.73230000 -783.50260000 46.03424722
-47.07591314 -743.74015847 23.09191417
-19.55250000 -807.96953333 40.03991389
-43.57262581 -744.27240000 23.02385690
-43.47890439 -745.16763421 23.71257705
-47.40362683 -744.88903659 24.53239356
-43.42936623 -746.39452412 27.03926784
-44.78958561 -744.28121655 25.98744794
-46.86858571 -745.49982857 25.09556151
-42.98762389 -748.24511273 29.80658499
-40.17432596 -754.28206731 39.43425588
4.55937778 -764.06134722 40.15608889
-36.93768667 -759.97286667 42.87364722
-41.30243529 -755.90974118 46.86861193
-37.30227533 -758.18026217 48.25816893
-41.36521698 -757.01649057 48.09464628
10.37868750 -788.04853125 37.10207847
-58.98708571 -759.34568571 45.67969008
-1.62113333 -780.64716667 40.43648056
-33.69359286 -760.56810714 51.48539722
-10.59441429 -778.16042857 46.33511865
-23.30641379 -777.02826207 45.91727136
-22.92323333 -777.80153333 45.97894722
-31.52263333 -757.86438889 59.77496944
-0.72654306 -793.70259444 40.41767778
-33.31626170 -751.75699574 66.69960254
-7.55844857 -786.01361429 46.13982151
-32.13884444 -750.40582963 69.40133611
-5.95802941 -792.83216471 43.16502958
-15.92325167 -788.08286667 47.14429889
-17.08594063 -787.11626094 46.12104878
-1.70576667 -804.98860000 37.11244722
-13.70750000 -790.35520000 47.46394722
-34.89021379 -773.91769310 58.41325412
-7.68330000 -804.76650000 40.50604722
-22.01317125 -794.61835125 49.11050597
-19.71446000 -799.06696000 46.50128722
-19.92011667 -799.04603333 46.52084722
-22.58610435 -796.30130000 49.33115592
-28.84071429 -804.38528571 45.50254722
-3.26848000 -801.69974000 40.41068722
-22.69050000 -777.39900000 45.90294722
1.23400000 -779.77180000 40.18014722
-55.88103333 -757.11653333 42.90298056
-1.92860000 -769.83900000 39.20504722
-44.46022000 -754.27504000 43.81112722
-43.86825000 -754.59355000 42.48269722
-42.87906316 -748.06100526 27.91198933
-50.45753750 -739.03090000 13.55854097
4.40195000 -813.68502500 28.19899722
13.30245789 -805.85850000 25.13749985
-40.68585000 -716.48435000 82.11124722
-46.03307917 -738.18459583 16.39664722
-38.97102727 -756.46869091 73.22407449
-44.74514639 -749.81199072 37.87905135
-21.74292727 -807.96353636 40.42767904
-46.13120000 -744.67135000 18.61454722
-19.62317419 -795.76721613 46.10428271
-42.39934118 -754.09671765 36.20242958
-39.84280769 -783.84766154 57.69174722
-33.29928588 -746.29778000 76.27145663
-33.89373333 -737.79553333 75.66396389
-31.87296250 -741.77097500 79.71827222
-31.93485000 -741.53700000 79.52459722
-40.53643333 -746.19716667 76.66174722
-61.63650000 -761.26535000 49.06759722
-40.29290000 -777.25120000 58.14087579
-42.13640000 -747.52605000 37.91869722
-24.21120000 -804.66610000 43.19044722
-16.17523636 -799.04965455 43.08077449
-23.09645556 -813.71681111 37.36076944
-46.73250000 -741.68660000 12.43754722
-7.85738889 -810.78795556 37.82745833
-49.83000000 -765.76950000 69.79824722
-1.21170000 -804.11682143 37.52196865
-25.91920000 -798.59480000 49.06644722
-6.23391667 -792.51146667 43.10333056
-71.06002308 -765.27177692 52.10298568
-37.97463333 -759.81540000 42.78488056
-42.80119231 -769.17029231 54.14980107
-28.97876000 -756.52436000 65.83716722
-49.81390000 -753.24190000 72.76674722
-41.62720000 -727.22108000 79.20546722
-35.50858182 -722.70573636 82.05878359
-31.88813333 -728.57053333 85.15111389
-44.15471429 -769.81582857 56.02764722
-41.36580000 -763.89863333 50.21824722
-20.22050000 -792.54810000 48.70284722
-47.02370000 -744.17460000 25.33761389
7.31403333 -814.61583333 26.41314722
10.27080000 -820.91760000 19.36074722
