-72.77710083 -751.51699990 32.80627512
-64.51461244 -753.71050106 32.45319294
-35.79372885 -745.54465962 31.09563486
-56.07672564 -750.37758530 31.89137878
-47.54210854 -740.43269024 14.18883270
-50.55846057 -744.94471657 26.35341934
-34.44473709 -747.76944038 29.32550082
-28.80629358 -748.26759180 24.30557942
-34.94563165 -750.01378453 28.43949542
-33.87183323 -750.47872567 27.37929616
-59.80205294 -747.91672157 33.87805974
-58.23980234 -748.39001746 33.18827987
-51.05534048 -743.89133333 23.87587753
-49.41675714 -746.09300000 31.06752277
-67.48927763 -753.66375482 32.69024733
-70.47273548 -753.62181864 32.50233093
-73.22655241 -753.38055173 31.96857612
-70.27671915 -755.40225456 31.36484382
-31.75053839 -749.82574202 26.33623372
-70.52576984 -751.24323207 33.50507259
-40.43340989 -747.57019905 31.89892375
-64.61482444 -749.71850483 34.05236807
-67.58849543 -755.42519345 31.61205045
-69.46772820 -750.42135249 33.95372855
-62.44489266 -749.34642835 33.93960132
-67.44120078 -751.55147673 33.64339954
-67.36569151 -750.19313784 34.08950967
-65.10967273 -755.31931853 31.57668136
-66.37348000 -749.10872000 34.14860563
-55.74788449 -748.33635658 32.07658530
-48.61564642 -740.56231760 14.50396195
-64.28259471 -751.17655234 33.56395906
-63.74686461 -748.92904003 34.05371230
-37.44538246 -750.30593112 29.48199199
-61.51446993 -753.42221826 32.08632206
-61.43936416 -750.72511695 33.28018931
-36.17622353 -751.35155294 27.70840092
-47.81797183 -741.15732254 16.90183323
-48.86058712 -741.32146522 17.39809724
-61.79600447 -748.56750478 33.97325387
-60.64458694 -748.79105897 33.70707380
-58.70165649 -752.86874768 31.78747199
-58.35658941 -750.68460064 32.57201152
-34.55268930 -745.67672226 29.90193771
-48.52634256 -747.31919162 31.34809472
-40.87978381 -749.78635302 31.15905115
-30.95067645 -747.80071701 27.00317026
-49.80291458 -743.27318125 21.55529271
-56.73270662 -752.33110596 31.50273119
-30.22079000 -749.63648222 24.60088229
-39.03430000 -749.10297333 30.82216563
-52.10012684 -747.55902348 29.16337166
-47.55737872 -739.91205638 13.57689435
-32.20417645 -745.83814229 28.48120493
-51.30971322 -749.49186916 29.08987179
-51.54608579 -745.13468304 26.54161176
-51.71798364 -745.97655273 28.02965653
-49.73526643 -749.70028766 30.28829691
-50.04594581 -747.78565289 29.80728557
-52.07952400 -746.50820267 27.55765229
-50.10451043 -745.86035324 28.85626886
-50.14919294 -743.66293793 23.21117975
-49.89478174 -742.94909130 22.30245084
-49.37460883 -742.33107322 20.12202992
-48.73964866 -749.72251458 31.25336878
-47.34667333 -740.26681333 12.24671563
-46.53585286 -749.89885169 31.71278968
-46.31022334 -747.64059430 32.43205751
-48.32005882 -739.85264545 13.89493728
-32.35156665 -747.34116332 28.25081511
-47.82060000 -741.67819333 19.02404563
-72.00440000 -755.36740000 30.84076563
-72.20876071 -755.24375536 30.98402098
-43.38375192 -750.07584085 31.57428153
-37.54360970 -745.55095999 31.59676519
-43.46258956 -747.59611103 32.65716547
-42.99986358 -745.89099228 33.35333134
-42.44868227 -751.26406501 30.67494080
-40.05497663 -750.69400805 30.34529866
-40.45580074 -745.64803209 32.78178120
-38.00662142 -747.04597739 31.30224115
-36.98983280 -748.12000700 30.41504978
-36.11092351 -745.56702948 30.74472778
-30.81069236 -745.92858073 27.39452974
-29.42552201 -747.71104262 25.61954964
-45.22570000 -746.12823333 33.08243229
-49.17260000 -740.04173333 16.05919896
-50.80261667 -746.30311667 27.62471563
-29.71191875 -749.37056116 24.36757098
-29.73498000 -749.23472000 24.92598563
-75.33532347 -753.03036679 31.22069180
-75.75648889 -753.32694444 30.78996192
-54.13199692 -747.97769349 30.55420056
-63.72505000 -748.86500000 33.81143229
-73.23270000 -754.88771429 30.82605134
-48.48577500 -740.24189583 12.31574688
-47.81495000 -750.50995000 30.83341563
-53.72463750 -747.65775000 30.91474063
