-89.59436400 -782.26485388 42.54981211
-82.02031838 -783.95083797 40.37030060
-28.45701215 -775.99961353 50.33207435
-10.58379868 -790.11373444 42.93974836
-20.19515000 -768.42575000 48.64188677
-45.80859816 -760.92967416 53.00354525
-42.89573377 -800.45045708 39.15380375
-34.23747567 -780.07207969 49.69726838
-87.58159070 -784.44557293 41.61221633
-89.95806667 -782.32218000 42.77974142
-39.22388220 -764.01325059 43.36656320
-81.75892886 -781.87456501 40.76614118
-90.64126916 -784.54910494 42.93397422
-50.82366839 -755.78342605 35.60631493
-89.60303646 -784.60246769 42.46946293
-22.17448023 -810.95396856 39.09321700
-43.73945747 -804.63553678 37.57369654
-84.63803427 -776.15717193 43.15539721
-87.77927443 -782.02366571 41.96556480
-48.16525311 -739.98412279 59.31672828
-84.63227119 -779.05055241 41.96541949
-84.86068976 -784.30343005 40.80040875
-75.54316178 -773.71427164 42.41557932
-74.32977561 -768.31652195 44.27044409
-84.55557972 -782.04275634 41.16168757
-87.72594238 -778.74832762 42.95559963
-17.40820000 -759.43520000 47.04543677
-21.67001444 -802.91236594 41.67691555
-87.11142657 -779.66505613 42.31214157
-42.53775986 -802.84315986 38.36705816
-9.88606412 -814.94707367 29.98802808
-22.16630000 -796.91870000 46.30359927
-39.58716316 -781.94504688 50.29092688
-19.55242352 -764.05529448 48.98548723
-81.55877387 -779.01885990 41.50572403
-81.96726499 -775.20569647 42.98545566
-28.31729382 -769.12817707 51.95777935
-19.77230595 -744.64663333 48.80707249
-12.73670059 -797.32849225 38.55078779
-86.55477634 -777.08122939 43.20253176
-14.09286957 -762.81674783 45.93842808
-70.42096995 -777.94444222 40.78930404
-56.64156125 -755.87699768 61.68645348
-12.84433384 -799.57034675 37.35134487
-20.71255743 -741.13877992 51.43975725
-49.99275893 -746.07265568 60.81245881
-9.34877696 -812.29055854 30.28667083
-18.81757429 -802.80624900 40.74361228
-42.28066263 -793.42069681 43.28625789
-83.71055148 -777.07925013 42.47960739
-53.98937093 -757.61452963 60.22142065
-19.99715402 -773.06502241 48.52015804
-45.23409186 -798.83563101 39.80786197
-78.73169513 -778.87934384 41.16309061
-11.63024734 -816.82256522 30.38733243
-50.32263960 -759.79055941 57.38503875
-79.99255000 -783.54582143 40.20697249
-85.73347376 -777.68555990 42.79750905
-18.28084155 -761.13328351 47.91053029
-24.71106797 -799.87283135 43.78411138
-39.62878541 -793.94952042 43.92367837
-21.93905101 -772.93818614 48.97762069
-21.74095685 -785.04159338 47.60483304
-45.63888690 -775.87235628 49.28413532
-43.63159149 -741.94921915 14.58163465
-61.21103333 -763.65080000 42.72353677
-50.29379268 -745.04508780 60.59533921
-78.84838505 -781.78689623 40.42066661
-18.61824702 -782.11345042 48.23502911
-0.89398415 -735.36021037 48.27727763
-44.50668406 -762.29345797 44.64554837
-77.86635597 -774.12440224 42.56287309
-42.69103490 -736.96163987 58.51892552
-40.59990406 -755.49356041 51.26176469
-81.50445936 -776.50736566 42.29091921
-72.86160893 -771.89904107 42.85996030
-47.36491667 -767.27761806 48.39153400
-18.42052329 -740.55471853 51.18205082
-37.42524688 -799.80357813 42.82718052
-16.88017930 -801.87440982 39.91900905
-83.35995714 -774.30180000 43.57694034
-72.44359959 -767.90148494 44.31666300
-19.89765604 -799.81745275 43.44909172
-9.44330058 -740.36170485 48.24220846
-46.07290669 -740.60006754 16.59942242
-42.89801658 -794.67264586 42.16815129
-76.00473596 -781.07758727 40.36625541
-19.97525098 -773.47556471 48.72480932
-43.02673077 -752.81103077 50.08301370
-81.24397420 -773.63028596 43.46165479
-75.92385659 -772.32380151 43.00105114
-33.97899327 -749.26436310 42.03993545
-42.83627984 -757.79951686 52.99382520
-38.08437067 -770.41128400 48.88854877
-37.16401697 -798.14886318 42.49941277
-44.91378575 -761.90931729 47.27099376
-78.56327914 -775.91369630 42.02503584
-75.63019957 -778.86593632 40.90218731
-18.60462943 -799.90539158 41.19017570
-15.54443231 -781.83993293 47.78807530
-15.86867914 -763.82111742 46.90064730
-24.78949805 -801.90886047 43.00227305
-57.82905016 -761.21062167 40.40435042
-18.95877984 -781.29691929 48.86524999
-10.29695918 -799.03477755 37.22654662
-43.39286013 -758.39594757 49.59137664
-36.46288182 -781.04305455 51.91306405
-33.98266360 -772.76368647 47.40732626
-30.31578026 -779.19640132 49.15014862
-47.48069259 -804.76865000 36.88565714
-79.56086627 -774.65654398 42.77827593
-45.12910635 -748.38514862 26.23242489
-46.62089500 -762.53522000 55.86301177
-22.81037298 -808.01408468 39.86780451
-41.78396190 -752.49097381 37.37464392
-46.27033488 -798.28565233 39.57478212
-21.79626837 -799.75790019 43.27142268
-36.79240652 -793.93949298 44.92304596
-36.46676720 -785.26300713 48.17032572
-40.07167210 -775.83592464 48.97231715
-78.69001407 -772.94198908 43.23293828
-15.75421064 -784.97661327 46.91673182
-47.49398772 -762.55204561 56.40566835
-36.81179542 -787.88704501 47.24928341
-29.58638000 -747.98301909 46.01159132
-19.95530223 -796.91262514 43.01558985
-39.87369430 -737.03991675 58.11631785
-19.55906161 -804.89656588 39.95335620
-75.75320295 -776.06691160 41.69536707
-39.75279147 -770.34980057 49.79733204
-21.67143471 -796.92484072 43.86957320
-24.49357500 -787.62825833 48.75747011
-26.71191818 -786.99839545 49.17842314
-15.41195733 -788.53081946 45.21456985
-16.92826560 -800.25510660 39.95084907
-25.24766054 -793.87321139 45.96006559
1.75528209 -742.59044813 45.50678565
-73.99086591 -780.57087273 40.29117086
-42.30350256 -752.70719268 53.91594615
-45.56774519 -754.19576641 58.15010067
-72.83733043 -778.75552900 40.79782142
-24.68779730 -787.92812913 46.77480524
-27.38427701 -787.88148713 47.22816326
-34.43812667 -776.08570667 49.27761011
-43.55125549 -766.74704600 47.01462362
-45.20451359 -751.88832858 56.95021403
-15.80715166 -802.87581541 38.20365796
-42.64310900 -748.93746446 56.83401909
-24.79219176 -748.19906374 47.47892858
-40.84062951 -759.13527541 40.19225317
-11.70241154 -792.55448077 42.45719062
-59.79177073 -762.05322488 41.30048311
-55.24434337 -757.02645500 61.01844994
-27.76743095 -791.01282602 46.91626590
-19.70920648 -766.69340601 48.97969275
-70.44925918 -771.86203112 42.74235616
-48.22708488 -748.66980791 59.44645581
-6.06663039 -786.09061127 42.43994167
-21.51955892 -743.05918739 50.24032284
-77.90303173 -771.07901145 43.67894059
-31.67950293 -753.80085439 54.28571815
-28.42560508 -796.17616132 45.94703031
-42.38537761 -799.10664920 40.10321362
-56.41147073 -759.18045366 38.77037580
-37.16044320 -746.58073215 57.36395787
-12.62308509 -802.96738941 35.54248858
-72.68806758 -775.87531275 41.54980183
-29.63882971 -765.00824667 54.37548382
-42.24417906 -770.56765434 50.69099059
-45.58896322 -725.98645303 55.55946197
-33.18421667 -771.71940000 51.88128677
-10.30790833 -792.50634167 42.14892011
-67.35729524 -775.30011506 41.31567307
-12.62927819 -787.99324580 44.60463973
-27.49220388 -784.96245332 47.51609535
-50.60733126 -743.47027959 60.36302162
-53.62650992 -755.71789805 60.48958191
-33.85375180 -752.87780076 54.39232588
-8.68386667 -810.35110000 30.62257011
-46.53631002 -757.70835737 55.36824858
-66.87670858 -772.86088351 41.94677289
-45.79908762 -725.36620571 54.36143344
-44.00069677 -768.68158710 47.45263677
-75.34025152 -770.23250882 43.77401295
-42.69780392 -784.63453685 49.31746351
-31.07526609 -785.29094820 48.17292876
-17.80024924 -780.34617576 48.53284435
-17.92048708 -744.15482092 48.47636139
-17.55254164 -809.85052131 36.45329612
-65.00254583 -768.69154792 42.71400865
-6.65210011 -787.99530839 41.80423232
-39.80451894 -791.45425580 45.17278797
-23.35866395 -811.10344419 39.54847863
-69.75576188 -775.87335902 41.27404290
-39.38001878 -757.29206325 52.52054412
-43.52719661 -754.24850085 32.50656898
-30.75109625 -790.96623681 47.24396131
-26.55118826 -805.60017494 41.90719198
-27.51689882 -772.96789866 49.57057425
-72.41599193 -773.35199883 42.25919537
-41.46907000 -750.28032000 34.04220677
-33.96675988 -794.04218926 44.99093658
-45.23440357 -785.64600782 49.72065926
-72.69228477 -769.93271510 43.57793261
-32.83211607 -748.90590975 43.16540542
-46.34079899 -769.76502277 49.04771473
-45.62648162 -731.14411482 57.09894400
-44.51970351 -786.28302456 48.39542449
-69.75682103 -772.90596545 42.19823117
-36.67132092 -780.13315476 50.36575580
-20.89980000 -744.43970000 47.91663677
-42.83805237 -760.98366223 44.38548057
-42.32260980 -789.97808731 45.93379137
-41.58849286 -782.15789075 50.51665305
-39.04900795 -751.04016904 37.30212840
-36.56130374 -793.04726916 45.78607789
-20.25642292 -797.50503750 42.59635761
-33.80776903 -754.65910392 53.71972263
-42.73874286 -770.17897857 51.86167606
-45.60380448 -769.45355093 48.41136180
-13.93426931 -801.97288218 36.82798034
-14.09763182 -761.67839545 45.80266405
-50.33444472 -759.08035404 57.57439516
-34.30117453 -796.70109412 43.60070662
-40.78632577 -761.36698221 44.97786254
-47.03932143 -805.30842857 36.56389392
-42.68508717 -791.13917733 44.80014200
-37.88183735 -773.95701479 48.74520448
-33.47530264 -771.03394008 51.26888929
-38.57425000 -794.18040000 45.75628677
-18.59207587 -808.69934956 37.53009796
-15.54139755 -790.67766337 44.35296321
-61.46898708 -766.46753354 42.09045198
-43.71509896 -760.87417170 49.16811577
-27.87887674 -802.63725120 43.19647639
-29.71758459 -796.30231315 46.20211079
-43.28546483 -763.35945550 45.01140094
-69.86725196 -769.75406340 43.18666288
-21.76981136 -763.93476380 50.12520324
-45.41696220 -802.95770655 37.63502727
-40.38182839 -758.69874175 47.74156245
-14.55175833 -812.99578333 33.43392354
-42.55845000 -763.67403333 41.35260344
-68.94801906 -770.97665359 42.55620818
-45.75261372 -804.94062440 37.04821238
-40.38524663 -752.75006564 54.50725671
-31.88527205 -776.89036167 47.63438000
-16.67625331 -795.16319844 40.86717179
-10.08901739 -799.49814522 36.58622460
-69.55210576 -767.18116403 44.24930788
-36.71652949 -754.89493295 53.21926699
-47.37185489 -767.92560000 48.91571449
-45.60565411 -797.10175856 40.42765029
-66.70861417 -770.36520261 42.52469802
-47.74144751 -800.01444582 38.40746989
-45.55988093 -799.95502148 38.85994406
-64.26957419 -772.50655783 42.00076406
-61.96989366 -769.39951479 42.01907691
-66.77687345 -769.18319036 42.80018618
-39.64327340 -785.70657225 48.23155499
4.90587742 -739.45654251 46.73458084
-33.26801209 -772.05930056 50.06114546
-39.05327107 -796.23207087 43.12420606
-40.48987107 -802.65964044 39.20155013
-15.53024943 -743.66926280 48.22321301
-66.73064741 -767.06019877 43.36251557
-63.78686074 -769.98569053 42.29277598
-68.56085857 -765.25682000 44.47600392
-11.96475414 -785.54343684 45.34441987
-62.52791679 -764.67654160 42.41101597
-46.42833077 -762.53486923 52.75389831
-46.49754594 -760.76684278 55.60162614
-39.68589110 -790.04129009 46.02752206
-42.51852418 -796.94705622 41.12156457
-36.74137151 -781.85576119 49.69440445
-39.62651996 -751.74032274 55.40253298
-63.78514451 -764.38382638 43.22065345
-37.42767040 -775.18276440 48.24285857
-42.61765297 -757.66050209 38.36014271
-31.90644744 -794.28932692 45.58280216
-30.28872550 -767.00978870 53.38835348
-66.54902809 -764.81672250 44.38515335
-6.72814219 -790.55932590 41.26305428
-33.59670732 -768.25602866 53.38137531
-40.72733295 -801.03170728 39.47571877
-45.83844469 -794.14223268 41.87793304
-39.58112459 -801.78896995 39.98958623
-19.80772748 -761.99285411 48.83393762
-21.69276307 -781.66131214 48.89641009
-39.67970602 -799.84521591 40.78715749
-3.80406851 -745.04392685 45.38915187
-64.58718546 -766.88128461 42.82268200
-39.51068425 -762.95874176 42.31931992
-42.78667198 -742.83750432 58.81309302
-63.26278368 -766.82619750 42.49395494
-42.91537067 -757.58666830 41.29390366
-42.40999286 -749.47900000 53.80560820
-47.96526573 -772.39434469 49.03760987
2.34277780 -736.83866593 47.75103189
-31.27675465 -779.17282196 47.85021412
-35.14040000 -768.23340000 45.09743677
-36.68360528 -799.52979188 41.80370598
-39.99793217 -797.20880914 42.03677797
-43.31344357 -728.20957310 56.24968271
-42.71647125 -772.98294266 49.80280841
-37.83373158 -738.77390526 57.56508940
-52.54565813 -757.52106197 37.21546910
-45.77778802 -778.09990265 48.87761355
-40.95506269 -795.27398955 42.55533677
-51.12005748 -745.56954049 61.40946932
-42.91829155 -734.40123898 58.02613088
-10.33726864 -747.81179911 46.11802523
-12.26341996 -808.97847348 32.81042425
-42.54198288 -788.00427497 46.86842428
-41.91557067 -796.08209067 43.54148344
-41.10130000 -787.03300000 45.66753677
-48.51919813 -743.00695583 59.26430074
-60.83344568 -763.81644857 41.86906538
-35.82000000 -786.67553333 49.12187011
-58.73852895 -762.81752526 40.90295046
-36.75508996 -796.80092620 43.40305392
-42.68639720 -777.92624840 48.98663813
-34.81809631 -799.22938034 42.15016478
-36.98154148 -749.40164622 56.94730832
-26.77585512 -795.04212544 45.57686964
-34.51959057 -798.27779057 42.59543677
-46.46570232 -752.04085897 58.22860270
-24.93589585 -790.82537939 46.21370775
-39.62853792 -787.96863716 47.11275949
-33.37105567 -775.95703628 47.37486638
-24.43843305 -808.75871744 40.53719435
-47.63849972 -756.07529945 57.33681191
-22.80987821 -789.73980897 45.77703293
-23.70140407 -810.74960037 39.91209455
-35.12365000 -749.88640000 57.35326177
-37.50399664 -792.02544594 45.49259392
-36.88143785 -772.75908390 47.93949614
-29.31423505 -802.21679550 43.76236957
-49.69833174 -757.16415506 58.00716894
-26.22541250 -807.55345000 41.22179927
-10.73039325 -803.67302266 34.50473556
-24.66096957 -805.95545513 41.30230013
-35.95068750 -741.25280625 60.94000552
-36.57616042 -790.85994632 46.26119529
-23.23984444 -810.03202222 39.63809788
-21.55528876 -808.99312098 38.98887927
-38.96489461 -750.07016078 37.23233579
-26.74768682 -803.52934540 42.45654436
-37.84963254 -764.71650828 43.58226518
-29.37105891 -799.64711656 44.62488818
-21.59259067 -782.65784148 48.39451350
-42.28406794 -785.94281603 48.30668787
-45.45222283 -773.14480033 50.03217895
-22.30676885 -801.68011148 42.86066136
-30.77446784 -770.65695091 51.04650435
-27.82306942 -799.99284747 44.18815364
-43.43883303 -759.87670413 53.97698196
-24.66371077 -803.25581271 42.18083662
-13.72756793 -808.72611610 34.15100850
-39.79176668 -784.23580366 49.07641453
-33.66302796 -792.93232984 45.89794363
-33.80490445 -790.97849535 46.62176791
-21.67779036 -793.97997870 43.99753464
-35.29366667 -770.96801667 53.09767011
-34.00675333 -785.49519867 50.12173011
-36.96749402 -783.95925243 48.90289219
-21.93307439 -805.73611004 40.35307406
-29.50499378 -797.80595689 45.41301700
-8.03596667 -738.50154444 48.69234788
-40.74398286 -783.80447714 51.83488249
-56.85745961 -760.36220436 39.37859429
-9.98700000 -792.50405000 42.72958677
-35.75488125 -741.58527500 60.82746802
-20.97586126 -806.82672018 39.38414830
-27.53438894 -797.15679435 45.20895139
-17.72573673 -811.28471981 35.99034062
-15.76766345 -811.75826811 34.69602322
-44.66810957 -755.66012660 37.37869103
-30.38233644 -793.73885698 46.55386482
-33.46393435 -769.74976068 52.68665552
-18.41659574 -810.61503617 36.82223465
-15.69133882 -813.70181382 33.87330848
-14.79167765 -814.30524120 33.03703091
-12.60644282 -814.66333062 31.76042595
-12.38131776 -816.62960374 30.90191154
-45.61361696 -727.69496392 56.63452310
-55.44912553 -759.92591809 38.96180578
-33.55773821 -787.90756495 47.72910468
-27.72056852 -782.83120064 47.88192369
-45.78964119 -734.26694623 58.19339499
1.20340000 -735.41020000 47.92893677
-15.68368850 -799.97411548 38.56164088
-47.72032523 -770.07876732 49.23479217
-42.67328569 -775.90412860 49.13415155
-25.91140141 -765.92608357 51.74847198
-18.42416198 -806.07604153 38.74364200
-36.41617273 -782.02099091 48.31936405
-1.31610584 -790.12031268 41.26283905
-42.46241392 -778.08644304 48.59219120
-15.54211162 -809.05265468 35.66921005
-10.33414361 -811.66808215 31.10996792
-11.40303701 -816.09232047 30.51158795
-10.05537570 -817.02162237 29.78425193
-37.17477093 -751.52942256 55.65247515
-27.81218542 -793.86917139 46.23708872
-54.34972005 -758.52722770 38.15611701
-12.48050940 -812.07091033 32.47355155
-46.61613667 -773.66438000 48.41423011
-24.70680244 -796.95238438 44.99661755
-16.70190534 -808.02671626 36.96122852
-50.21980000 -747.47205000 60.48318677
-13.88171485 -811.02928317 33.95620459
-33.78482171 -784.97765204 48.17415312
-21.21965923 -800.89928820 42.53269343
-18.75246194 -787.86069518 46.41540062
-10.94880749 -814.44959034 30.86450513
-40.88577917 -777.59500625 48.54809302
-31.04511388 -788.15490903 48.00032292
-44.83932000 -758.05499538 41.46531523
-39.29371457 -779.38265980 50.07423125
-16.04750806 -805.75342265 37.49754407
-42.85561632 -751.56339701 55.55270562
-13.99512963 -760.72977819 45.39930303
-39.20179225 -776.06736794 48.60326930
-24.12966312 -794.16248956 45.32296470
-14.75713439 -806.24471944 36.11544103
-30.72001894 -769.20555376 52.08448685
-34.66128030 -770.92579737 46.62890600
-24.61464297 -766.97986902 51.05956270
-46.70378251 -767.91408759 48.90297878
-17.57123810 -803.83028122 39.40627302
-31.18459286 -753.91995714 54.99583677
-33.28618026 -782.15222001 48.16778218
-34.37337202 -781.50380877 49.12021137
-45.71080180 -766.68424431 47.97230144
-56.43383226 -756.71703613 61.53891548
-12.92885818 -805.78598858 34.55362624
-9.91849902 -809.00630251 31.74775033
-15.23611977 -759.35198372 46.08288445
-40.04805837 -772.97618143 49.14043828
-11.87529096 -806.78640190 33.33040529
-18.72114343 -797.04191815 41.57175531
-14.44434800 -803.68977556 36.42943988
-43.97548444 -726.33860000 55.50356788
-54.69766179 -755.34325844 61.08046917
-30.58636873 -772.90304356 49.64937837
-10.21761380 -806.30974263 33.00117785
-18.08021093 -763.85795348 48.23524425
-21.69821841 -787.73708172 46.54878006
-23.75997049 -791.53892777 45.44797625
-51.89173598 -756.88901757 36.16440037
-17.25624000 -799.56082000 39.60894677
-51.66173864 -757.84110221 58.91517441
-38.86285399 -772.65173907 48.36852298
-4.71112388 -785.18989765 42.96175042
-37.83120505 -774.98712661 48.88941063
-18.63549692 -784.93934122 47.60172886
-42.64536691 -755.12617335 53.20185893
-21.88181916 -791.26343720 44.79681720
-10.63253851 -804.97963218 33.90817557
-45.32888069 -764.32106878 46.79429133
-30.25742012 -781.63867099 47.79002356
-24.58512257 -772.79564030 49.35996314
6.71940000 -736.88655000 45.50338677
-19.60154588 -793.60104598 43.05766388
-18.61464194 -794.64893989 42.02815976
-16.17858753 -796.68492595 40.17793106
-32.59135048 -778.77948035 47.74109684
-43.92126871 -754.25726258 58.06697890
-15.06565309 -797.47888150 39.25851889
-41.11807143 -759.13838571 44.22077963
-12.85144565 -792.55438478 42.88454112
-12.51063660 -800.89696976 36.37995516
-48.22929194 -760.79286314 56.59175967
-7.97009222 -781.85128503 45.84603737
-24.64715656 -784.96270294 47.46161093
-51.57758522 -755.17615913 59.80801479
-28.45990000 -785.75305000 48.81073677
-48.64421355 -758.07137853 56.74046104
-47.92802698 -743.35467619 20.06913889
-38.61902282 -770.94553538 47.73871241
-18.44453377 -790.19703567 45.09493182
-42.69733926 -764.12721885 46.39494794
-21.78188795 -789.28543494 45.57481870
-43.07016355 -756.12057438 40.76177569
-36.67443002 -770.03629029 46.54129274
-42.61876000 -765.57644000 45.41819677
-48.61692738 -745.94369045 59.77105980
-40.18797500 -768.31020000 50.05563677
-24.76168208 -782.82718925 48.32803420
-44.84822555 -760.76179919 50.63710511
-44.74160458 -762.98121069 43.99110548
-38.61436667 -770.46436667 45.46584511
-8.81510041 -788.73309740 42.44960061
-18.14558746 -789.13720541 45.54255415
-9.87597024 -797.57302890 37.85415540
-34.84403000 -786.29604000 51.78905677
-48.77209972 -754.84993474 58.71771615
-42.74752390 -760.58325482 47.51771853
-37.19012692 -768.11640538 45.88046062
-30.06981885 -775.47781265 50.20369228
-40.83436992 -763.63451382 47.08773555
-38.70719193 -766.64541928 44.24861453
-42.37357475 -733.20557310 57.45270377
-44.98522001 -757.92245936 53.90972404
-37.29748399 -767.26274693 45.00898886
-36.78075394 -769.08526618 45.20649279
-28.54590000 -778.12400000 50.31954788
-40.24682941 -761.33643955 41.48957551
-23.91092591 -782.41581022 48.91672674
-0.74235845 -736.83748881 47.99292416
-40.34394161 -760.44793306 47.61999500
-20.54255887 -769.71724894 48.59672755
-42.71774935 -757.72882242 44.23755660
-42.84695316 -760.24320262 41.41949224
-12.78871776 -790.77930101 43.33464345
-45.67093971 -755.49228992 56.58581893
-16.00751301 -787.38435155 46.19949313
-14.13390000 -759.44180000 45.39493677
-42.78589193 -758.10956581 47.29737749
-44.66685000 -756.48035000 34.66058677
-44.70018377 -756.17904610 53.74500171
-47.52485652 -752.70057978 58.95663547
-11.53942511 -791.75631233 42.55509317
-45.54640916 -739.87606169 59.06884372
-14.78076557 -738.24062500 51.06521602
-47.78113535 -730.95687625 57.27385702
-1.45911480 -788.25007686 41.53644548
-24.59278000 -770.03256294 50.18886086
-9.67815813 -790.94311447 42.12407657
-43.03232356 -748.28235287 58.40593447
-43.53719392 -755.04332202 55.93748202
-12.76380360 -739.72682734 49.54799798
-25.07003636 -774.62830963 48.98193624
-22.93763077 -810.98093077 39.78730216
-10.44956780 -783.84439153 45.78466898
-3.62525758 -787.78135408 41.46801691
-39.31345768 -758.73934045 49.67719127
-43.37765047 -751.32494766 29.66723584
-38.78535612 -759.69596837 49.49880922
-27.41769826 -770.12511478 50.91294243
-42.59607270 -755.53642730 50.49847260
-45.72386827 -748.82825412 58.31631193
-37.73692090 -759.69648418 50.80676502
-51.73510933 -743.71800337 61.43631773
-39.51016713 -754.96412993 53.17438776
-13.71819306 -787.59610833 45.95696802
-37.56386850 -759.11036378 51.20352378
-24.37354063 -774.36768750 48.45796177
-13.00827173 -784.62484056 46.20342876
-24.26656154 -763.97810314 51.25622283
-9.97528458 -787.68476584 43.49819067
-15.79633176 -748.69223927 47.15890095
-44.66614233 -749.93370041 57.49446336
-27.79239010 -766.91737673 52.37233517
-37.00195401 -757.63597428 53.34092232
-48.63895244 -794.40203615 42.00769173
-24.58226667 -774.53444167 48.37939511
-15.61290498 -740.05599627 50.45730545
-45.55665052 -745.93419154 58.66067421
-20.66200646 -773.09047556 48.61242020
-18.78720277 -742.89742642 49.54400934
-39.85028750 -753.79365863 54.92237814
-22.27767064 -774.55034771 48.95247897
-21.92326359 -769.73312327 49.22097355
-15.97408781 -780.30349058 48.25055810
-40.91830000 -759.11306471 39.55247207
-12.75634850 -782.13741668 46.97998309
-26.51798219 -767.74241758 51.51829180
-9.78796094 -784.95050387 44.59738210
-27.85794836 -764.86570246 53.28719302
-45.55867252 -742.96440155 59.08024498
-6.07669864 -737.91825111 48.48548567
-30.06970000 -764.95820000 54.69787011
-42.80576353 -745.86067729 58.19786403
-42.74593859 -747.18771155 57.51565705
-39.71880806 -748.86525198 56.95808110
-3.70969010 -790.33348526 40.90589760
-36.51109171 -752.76007765 54.32405780
-4.01567275 -785.96024667 42.31057581
-7.91909558 -786.79117434 42.78713500
-9.91542742 -782.15386297 46.12040580
-6.81474751 -784.81152539 43.56318029
-9.14573631 -782.99351463 45.33134816
-43.09746407 -754.74430181 35.70028369
-25.69776263 -764.31523726 51.79646056
-48.35908951 -737.10621722 59.04421770
-21.74581082 -766.91139404 49.89387263
-39.65053142 -745.76454207 58.29551524
-39.54069837 -747.25749870 57.58875795
-47.70260000 -753.20463333 33.73084788
-19.07780945 -769.10165388 48.11512462
-6.81649931 -736.77134757 49.02188731
-45.57439796 -736.93978571 58.83180774
-19.96499508 -769.62110492 48.77425645
-7.96419333 -782.62372722 45.19775844
-48.29478320 -733.92089139 58.40272963
-33.28307839 -751.90905030 54.95326996
-37.37623806 -750.75952452 38.59481064
-42.63017580 -739.85350412 58.87694467
-39.77505827 -743.13715703 58.70487727
-18.32774804 -767.09777347 48.10432440
-23.81553212 -761.55109906 51.23962654
-34.80920000 -756.47956667 52.92030344
-36.98921134 -745.37814906 58.31264958
-31.22700359 -752.95204590 54.52221049
-34.86182292 -744.78374514 58.67873816
-20.40687500 -740.86552500 51.72486177
-30.95768734 -751.91265262 54.99655259
-48.37775604 -731.78504740 57.91228887
-21.99779537 -761.58646229 50.08995796
-39.91889804 -739.84003502 58.38218550
-36.64802716 -742.98749551 59.35186808
-17.13572500 -768.59587500 47.75023677
-16.47294021 -766.49216031 47.18797041
-45.66707324 -732.83845772 57.52048616
-46.47545538 -731.56516462 57.97347523
-31.09686558 -748.60517413 44.30532815
-42.71282150 -731.04555779 56.88955842
-47.61732293 -728.54997664 56.89800187
-34.44015205 -742.85068975 59.31460164
-36.25377125 -740.62127098 59.65580430
-40.52763497 -734.85512054 57.82509382
-37.74288202 -737.20512679 58.01497720
-43.93333043 -746.57353043 23.41357156
-29.30421538 -747.26747692 46.11241754
-27.58008506 -748.15758913 46.66811496
-28.96587812 -748.64768125 45.50842427
-15.90838487 -760.98181608 46.65564805
-40.36402862 -733.77809425 57.36463739
-34.36679620 -740.60023013 59.80116013
-27.22928879 -746.81681514 47.48518913
-39.34462632 -735.92962707 57.54130557
-14.46488820 -760.36847298 45.51338802
-12.58095230 -742.94828415 47.97383701
-40.79334951 -731.64996827 56.91958783
-4.72331368 -744.65249402 45.73697438
-45.68272353 -738.33654118 13.59749560
-24.54368047 -746.56766174 48.02982863
-44.71354167 -740.90487500 19.58154094
-89.56946000 -780.28848000 42.56333677
-47.32269245 -761.86162830 53.16515941
-21.57279588 -748.68594451 47.70288627
-14.63954667 -759.33175000 45.43223344
-45.42787170 -747.92286038 23.84941791
-0.89601109 -742.29075109 46.04311702
-24.36033258 -745.09803703 49.11244609
-45.67085873 -789.11927772 45.45779272
-23.85330387 -743.87079199 49.97730901
-21.65389957 -746.15818486 48.22921920
-18.78461547 -748.85082539 47.54206188
-44.49865849 -759.22853208 39.01242545
-12.67676321 -745.96817386 47.08394216
-21.83569193 -744.84936783 48.94768309
-12.89769089 -748.22254763 46.62326432
-18.69668725 -745.94859946 48.11267797
-38.82946667 -782.21706667 48.54177011
-50.24495000 -747.59812500 60.72246177
-2.62133333 -735.39945833 48.47625344
-15.79557480 -745.93021274 47.71180894
-49.50033953 -747.85096512 60.93393212
-16.02653591 -742.23036457 49.22919572
-39.81347786 -781.41024275 51.84182151
-9.68580570 -745.86135582 46.40896294
-8.76272500 -798.28527500 36.62046177
-8.49813023 -747.23624419 45.56952282
-9.70965890 -742.96628009 47.37702867
-48.29140892 -796.37573119 40.88501563
-47.89141870 -798.13194390 39.47943271
-6.56980775 -746.21312447 45.48527198
-6.97701983 -745.28695269 45.92264420
-11.77487176 -741.10183059 48.53022883
-6.68095890 -742.92246265 46.79123486
-12.33474484 -737.77966482 50.37724874
-50.12340000 -743.09370000 60.70473677
-10.14309206 -739.08860173 49.00331380
-32.07826667 -749.30280000 42.32290344
-9.68926212 -737.22455156 49.63692869
-6.74070306 -739.94872217 47.87102598
-3.82965921 -742.87410418 46.26428476
-3.65833690 -739.92668394 47.31684611
-2.71636702 -744.20189162 45.57448389
-47.48074595 -744.96460000 16.66952866
-19.42577143 -750.53369286 47.31590106
-1.80823478 -744.56121739 45.16106069
-14.11245000 -797.01608333 40.12888677
-0.65309428 -743.62302117 45.46370058
-3.52429537 -737.10969421 48.27265104
-0.86387942 -739.94593435 46.96618814
-33.69742500 -778.42285000 51.72962427
-42.82630986 -755.61869352 47.57876382
-4.43338121 -736.21902320 48.76504953
-38.77737059 -798.86199412 42.95820736
1.77749302 -741.86239492 45.83784503
2.31940539 -739.90431497 46.74293521
3.65905000 -741.36100000 45.65178677
4.47922500 -740.99185000 45.61539927
4.86514876 -737.39128905 47.34426123
-65.15465000 -774.58810000 41.68943677
-18.56977059 -780.39626471 48.73932501
-52.93420658 -754.99786579 60.73015388
-13.74681534 -741.75801288 48.81407481
-45.77306000 -752.71276000 37.19559677
-47.87805768 -791.50544060 43.71910219
-24.26767500 -762.36002500 51.85651177
-43.89087826 -742.94928696 16.96833677
-31.85467525 -771.97619703 48.13131895
-34.68801818 -799.35825227 42.72290950
-48.98333871 -777.17999247 48.59478946
-48.35137315 -778.23137824 48.48142859
-40.68515000 -759.62022000 39.47067677
-34.49583333 -771.76120000 45.62777011
-46.02973921 -739.78033179 14.30536357
-17.14005000 -810.73315000 36.77701177
-42.91880000 -777.30000000 48.66983677
-89.34832000 -780.21078308 42.87557677
-88.98728596 -780.67119649 42.74226309
-29.67475102 -780.98825408 49.01764290
-47.39143333 -732.59338246 57.57050344
-1.39329167 -735.89716667 48.71457844
-28.85070000 -798.70195000 45.68078677
-16.10842308 -804.69943231 40.80623370
-37.73230000 -753.49050000 54.68203677
-29.36925000 -767.60340000 50.97823677
-44.12967143 -752.47972857 58.31853677
-34.95862545 -770.62906727 45.52622041
-45.71235484 -762.99431935 42.59991419
-47.35742000 -765.11448000 46.94210677
-48.37867500 -772.48730000 48.60602844
-39.53957143 -766.06955714 46.18277963
-47.99271897 -776.10831163 49.06432805
-25.41805538 -784.54166769 48.98173062
-8.75226667 -747.50493333 45.53993677
-47.90174390 -778.07688990 48.79020088
7.01379444 -737.39611389 46.19341733
-45.87432184 -778.48822627 48.52869215
-20.41897742 -761.03907419 48.59074968
-40.09489942 -751.22406680 35.66569044
-43.49028000 -747.56612000 23.88839677
-46.19035792 -786.98907714 49.27264612
-47.26655161 -787.10754839 49.24816581
-45.00161426 -787.90486884 47.03810677
-45.53532463 -790.95580929 44.34437214
-45.83999878 -745.79273340 23.10394594
-45.17469672 -790.07913279 45.92898759
-48.36306219 -792.96796514 42.99082171
-43.14437600 -788.40458000 45.54255277
-45.61930000 -792.89720186 43.13854936
-50.22683333 -795.01782500 41.94932844
-50.23320000 -795.72560000 41.31603677
-39.63156522 -747.61128261 57.84841938
-47.71780227 -798.74850909 40.09085723
-31.62874762 -788.36409524 48.76537011
-47.72422564 -802.71195925 37.29241675
-35.08726667 -792.40523333 45.64483677
-14.00951429 -780.41285714 47.81137963
-47.35861481 -804.86910741 36.53244048
-10.00110000 -804.37125000 33.64258677
-47.82944545 -803.85566364 36.60365950
-47.22080000 -786.42030000 49.07553677
-46.08001779 -742.78749985 17.20203902
-18.70628659 -740.18216093 51.80142540
-43.17470000 -756.53453333 54.69200344
-47.20440000 -751.19760000 56.12033677
-48.12460977 -740.38355219 14.19056904
-47.79894578 -741.00183494 16.06123637
-22.63502917 -794.02344444 45.98480622
-47.37956379 -742.29648655 14.66662195
-46.36704238 -742.27879381 14.61844534
-47.64345252 -742.43521667 16.95458740
-46.41874238 -753.88577435 32.93438213
-46.72793023 -744.69763023 17.91461817
-45.90004799 -742.99546279 19.56776151
-45.90167357 -745.10065000 20.12829963
-43.94600000 -740.63336667 18.28220344
-53.40592500 -757.81083750 36.60378052
-47.50435236 -753.18902747 32.90108699
-47.91566584 -753.82247748 33.39410757
-48.98358792 -754.80871673 34.64635185
-43.83063509 -750.01768070 29.34891923
-45.73906537 -752.29978939 32.23905198
-43.23653494 -750.20288072 31.40470545
-43.18348187 -751.70274686 32.37448976
-44.87684670 -754.38512768 35.35689553
-51.19088571 -756.37583571 36.72855820
-55.77879500 -760.35172000 39.85414927
-42.53595258 -752.01368076 34.32966976
-39.97151313 -750.16392896 35.63871090
-44.64342321 -759.92779821 38.93485642
-43.02843902 -755.42722207 37.82289887
-37.13321295 -749.90069328 38.82814661
-44.77043908 -761.18139310 40.93450689
-18.90953659 -784.61206585 48.85949531
-35.85086195 -749.71243239 40.36416377
-35.96139667 -750.61688000 40.09481511
-40.88935000 -756.04467333 42.28251677
-42.30971189 -755.44665946 44.21361839
-34.54256667 -750.54578333 41.28765344
-28.29222419 -781.53734839 49.36518839
-42.53755000 -753.30678750 48.28286177
-47.87717000 -791.18731000 42.61545677
-44.60189286 -759.14329381 50.19284011
-38.91161000 -771.51779000 45.57825677
-43.26119000 -786.50111000 49.40214677
-33.78486667 -777.96078889 45.59260344
-31.61205161 -771.12441613 48.29277548
-31.64831818 -785.93707273 48.77420950
-16.37366721 -739.26135738 51.71745645
-29.00090000 -777.11700000 51.69348677
-25.11314615 -795.82387133 45.96112768
-19.72058889 -801.58186667 43.27902566
-18.43371379 -789.86304138 46.15306919
-16.68382581 -790.58214516 45.84257064
-16.74584000 -780.30757000 48.81372677
-15.30025094 -781.11442453 48.82030847
-13.72745000 -782.68183333 48.95598677
-33.51710000 -741.37840000 60.79443677
-33.46225000 -741.49870000 60.72133677
-40.66123077 -731.37895000 57.99171754
-42.87731563 -731.98662812 57.86192011
-41.39780833 -773.02937500 46.96991177
-43.67907778 -756.65365556 35.97568492
-45.29931111 -744.24088889 22.84468122
-46.97750000 -746.72986667 15.19597011
-43.76288889 -741.28475833 14.12454233
-43.92306667 -744.96620000 19.80033677
-47.37422500 -744.60111667 21.17857011
-47.45478452 -745.25655476 22.53733796
-43.83484432 -748.48650682 25.86678223
-45.27650386 -749.53369550 29.28422295
-45.69948734 -750.89292532 30.30466336
-40.92776757 -751.27547838 33.25930975
-45.33183139 -752.94797591 34.19829955
-50.07920000 -756.47290000 35.68447011
-37.58970714 -737.48702857 57.60296177
-44.52298000 -757.66891556 44.37713455
-38.03908000 -764.24760000 42.07529677
-35.77445333 -754.74683000 51.32306677
-32.33307500 -754.10452500 55.13828677
-37.09560000 -758.41137778 54.73197011
-51.03012368 -759.56205263 58.63421309
-7.69590909 -784.26958182 46.35510041
-8.16750000 -798.27280000 37.18113677
-26.62574000 -785.77368000 44.46721677
-82.92758571 -777.68752857 42.70535106
-21.30695000 -785.25787778 48.77035344
-41.47080000 -781.24178333 51.70803677
-27.32660000 -789.93387037 48.99773122
-37.98200000 -789.89376000 49.34629677
-38.29046667 -789.89160000 49.31767011
-14.11885000 -805.19650000 36.67773677
-7.56854000 -790.42862000 42.75545677
6.86230000 -738.61430000 46.42163677
7.15655000 -737.10950000 45.55798677
-45.43940864 -746.77904938 25.59539788
-43.71095000 -744.42155000 18.69703677
-50.90226250 -739.60156250 13.03573677
-14.33290000 -792.50610000 43.35653677
-14.49175556 -762.83035556 45.55647011
-27.05614762 -805.07458095 42.74719868
-44.23050000 -753.70485000 30.37463677
-44.14043333 -753.63286667 30.34640344
-29.49167500 -798.64641667 45.88309511
-38.63960000 -780.42850000 51.67613677
-45.48234167 -762.72193333 50.89045344
-44.04798000 -771.48786000 51.80957677
-44.20610000 -771.48130000 51.76153677
-30.67105556 -765.70960000 55.01834788
-26.25205000 -745.99610000 48.75248677
-44.51639167 -751.10155000 27.17632844
