-68.83638607 -741.11899810 50.40862847
-39.86303333 -747.00016667 51.96033333
-50.18627937 -773.46599514 41.39830474
-47.41958470 -724.80645911 65.53719610
-67.48986026 -755.92906943 48.78437220
-49.08132500 -724.18786250 58.09549167
-42.43150119 -747.11848040 51.74581254
-52.36388199 -726.26364457 55.76640243
-74.36369890 -746.27019476 47.99479377
-45.93347941 -768.13913235 44.63725392
-65.56006315 -737.43625995 53.19540352
-52.98733924 -773.92208413 38.76498863
-80.55943042 -740.79833142 48.42935827
-50.21260437 -767.49528102 44.51326765
-48.33164135 -761.73191252 46.53598648
-65.59585001 -743.61188202 50.37534199
-44.95556225 -742.82028831 29.05704951
-62.48077037 -746.31620145 48.86987585
-42.98651667 -742.26843333 25.18395000
-62.50554375 -739.98870038 52.33123779
-52.83398768 -761.72295118 46.33162765
-46.79321387 -784.19313139 34.44362968
-53.51408526 -769.76929873 43.52383813
-74.36522094 -743.17146396 49.58442959
-65.58571312 -745.52589111 49.41635562
-79.25270272 -745.24734694 47.33967823
-56.38915238 -741.78307143 51.80780476
-47.33052076 -746.21755282 49.73201709
-68.40871595 -737.33499126 52.91905187
-46.62074713 -723.77166433 69.77160180
-48.84952766 -745.23354574 37.47263759
-44.54070603 -747.18503969 50.88546420
-39.58035761 -738.22338152 22.30869529
-63.20782177 -758.21668532 48.33573915
-71.55555735 -746.59717698 48.19939223
-54.36254718 -749.31047074 49.54750699
-62.54353443 -752.57048696 50.20175758
-46.64270000 -754.07770000 48.64647333
-67.21622518 -760.38715036 47.28658082
-55.13690726 -770.27549274 43.56059946
-50.37487617 -742.74757863 44.11220424
-49.68758254 -763.33440873 46.08083730
-65.03167793 -750.22665642 50.24598131
-75.69385455 -735.93709273 50.47211879
-74.79900603 -744.54582369 48.76756815
-44.78162114 -723.08521535 59.59933808
-65.50653090 -741.28718889 51.50413482
-47.78852634 -776.38699674 41.43495785
-60.10229773 -747.03079051 49.42041609
-59.50850295 -752.65667839 50.13280355
-50.29217006 -737.05218594 52.77046366
-62.52934230 -743.44064257 50.55250098
-48.64835200 -738.90285600 51.91690533
-53.22222160 -749.00567473 48.24200504
-67.09170000 -750.57000000 50.35308333
-48.90544000 -749.54018000 41.34105333
-38.86995000 -735.78360000 18.25938333
-62.54064288 -749.57862655 50.08537697
-65.79151695 -760.54538650 47.32236300
-77.45817385 -737.49734334 50.06625996
-78.63085499 -741.58522059 48.88757792
-50.66736715 -746.86693613 44.68331204
-65.47519475 -755.30437550 49.60287493
-71.52202168 -740.51349386 50.45742544
-44.82125425 -728.49652537 55.62251037
-68.45202716 -745.59033374 49.21740755
-44.23684703 -723.45365818 57.09353724
-47.73902225 -749.39719299 48.14081239
-68.36497834 -734.66559822 53.84880205
-43.89159545 -738.74223182 26.26876515
-46.18671125 -736.38027187 55.14872208
-74.71200484 -737.42941919 50.54411136
-81.48056760 -737.95624049 48.83207945
-55.06010000 -766.72450000 46.28683333
-70.73868977 -748.12767045 47.36507879
-82.86843413 -735.88013832 48.60872735
-47.45092175 -726.23013082 57.24172982
-83.35999234 -737.00827767 48.38484284
-82.59559547 -740.13185578 48.00748068
-82.22091111 -735.78945000 49.08996111
-81.53663662 -735.76566197 48.83140376
-79.99820798 -735.71572995 49.46753246
-80.22082424 -737.38611848 49.33247958
-79.74401743 -743.06533027 47.93175995
-67.65098146 -739.39579470 52.22230419
-40.40656870 -735.45103359 14.57978524
-79.41177209 -739.52452027 49.21381440
-50.39156376 -755.75351271 44.81530274
-53.77018263 -744.34090793 51.18251497
-40.13831765 -735.51428824 12.25301569
-40.98446541 -747.39256956 52.28019162
-43.74045032 -751.24747997 49.85662628
-77.66387298 -743.66034500 48.34508851
-49.47236536 -781.66250950 33.86779255
-77.37186988 -745.84854310 47.55667893
-50.19709885 -748.92026204 46.95590803
-77.44335551 -740.37645603 49.61648177
-49.46319844 -781.60531806 34.79601076
-45.41258378 -723.84867500 68.49226644
-71.59183997 -743.56299091 49.80209627
-60.85443148 -740.64136481 52.21862222
-77.67744385 -735.74232336 50.06794932
-67.19573333 -757.63543333 49.04316667
-55.72416448 -746.15321375 47.76720937
-55.14116855 -771.17506452 42.32312930
-50.26038236 -743.54494228 41.49483220
-50.10471392 -749.76286401 41.56350151
-50.60659483 -725.40515708 56.53637687
-43.96190595 -742.62853254 26.79982817
-52.48242227 -765.20639118 45.67877661
-52.54200909 -774.76284545 36.84345152
-76.63664613 -742.37808051 49.22556429
-44.81141298 -741.24962011 29.48602748
-62.43159452 -741.36918273 51.70450258
-67.56028754 -753.44308529 49.59141495
-74.45037986 -740.31566507 50.29685627
-38.49275273 -735.63962909 13.80504970
-70.89004123 -745.25538354 49.10822429
-45.57348690 -724.32234246 59.57217242
-49.38584828 -775.71133177 40.58043816
-66.76959592 -756.72242653 48.95689864
-59.34949773 -757.12676136 49.23024697
-61.49079000 -744.13088000 52.45563333
-47.58989718 -725.06023823 59.15523838
-65.47356704 -752.63320263 50.26929154
-53.75745970 -745.37953783 50.34575710
-72.64471048 -744.92347016 48.96319059
-72.14260998 -737.95850100 50.56233648
-55.57909044 -744.62965896 47.85433851
-53.52814180 -746.08841940 44.20792403
-69.62028571 -748.08570794 47.44729206
-55.11670000 -738.96080000 54.35213333
-47.25973884 -773.25344884 43.54474819
-50.25381849 -764.54390588 45.52337601
-36.76366667 -736.73591667 13.27743333
-68.62442241 -746.80400573 48.24941537
-68.46229717 -743.65622849 49.90435350
-52.07246250 -759.01040000 45.73489583
-50.46873356 -728.35870157 56.18144063
-62.53625565 -746.12770248 49.40276439
-70.02947692 -734.80766923 53.36058718
-65.60383196 -746.53437019 48.58324640
-49.75212055 -744.27057233 38.78810081
-67.46684525 -754.54051977 49.27076888
-49.09966156 -723.22218912 64.70666327
-53.01041334 -772.63652794 40.73118008
-48.69533846 -744.35269467 37.53095168
-67.44090551 -758.40340687 48.21032407
-55.84141636 -741.10087712 53.12382452
-49.60327182 -778.68837784 37.71073522
-47.09019621 -784.32776439 33.53119242
-39.24046137 -737.52996624 17.13441210
-46.27832558 -742.65200465 30.08697054
-46.72857667 -766.39915111 46.21624889
-47.58651217 -737.22605158 53.70156168
-65.52823416 -758.77043019 48.43261302
-65.23475188 -739.77921917 52.30160542
-66.07190747 -735.00801920 53.89271954
-65.82127212 -757.49306729 49.25740607
-42.98220000 -740.45205000 29.72488333
-41.77110306 -749.79765857 51.52270364
-52.53667577 -745.89161601 42.03982996
-48.27268385 -747.25516226 48.13049706
-50.31562833 -779.50679615 35.69587532
-62.71446633 -738.08828266 52.97347549
-62.58279566 -755.21650065 49.55762627
-62.20018237 -756.64825971 48.87282038
-48.84545000 -759.74325909 46.13241667
-54.60319419 -746.48390459 48.32044333
-50.53336295 -761.62247520 45.87842138
-50.19413683 -734.69693738 54.13364256
-60.65896811 -743.12666509 50.81136145
-59.74049873 -746.16306201 48.48104973
-47.41173002 -728.49098486 56.25708407
-59.86768008 -749.58640471 50.22869373
-44.95692835 -723.23496841 62.61725129
-60.78686861 -741.47131387 51.69039757
-59.38400817 -755.25204102 49.52177725
-47.89195289 -743.61896213 34.74982840
-48.55232000 -745.32748000 36.13088333
-52.26676327 -775.31947296 37.67572670
-50.30173214 -747.06700580 47.11267937
-52.06907500 -748.92422500 45.87050833
-40.60726831 -748.69337704 52.16054320
-39.69212000 -739.10516000 20.76521333
-59.30197778 -756.53699841 48.94493810
-59.05354000 -757.08022000 48.90185333
-40.92252479 -738.01620668 20.40565597
-46.58717178 -734.25532445 55.35004268
-64.51000000 -743.24520000 52.19810833
-47.38638293 -731.53406149 55.57826319
-42.36324065 -740.19102547 25.66236721
-55.17488041 -749.22290743 49.29243468
-56.40593731 -743.81284217 50.83232044
-49.24443316 -722.08144131 58.95231146
-56.71669839 -745.51215434 49.46639378
-53.94645122 -739.96364146 55.16583577
-55.99166810 -746.20880460 45.70085144
-48.75016509 -722.58262390 62.40748165
-55.85283077 -742.62121538 52.45661935
-55.43171663 -748.47706000 48.64601895
-44.88103361 -725.48615279 55.90867577
-50.10616889 -748.45305444 44.41932556
-49.84262069 -780.86057586 33.90479195
-53.84732639 -742.93135455 52.85067511
-53.44419224 -771.10328466 42.23430594
-53.70555905 -740.61544966 54.27816780
-52.88144670 -737.22077916 53.68506778
-53.12680553 -767.70575318 44.86761872
-52.23749268 -775.72562358 36.67313496
-50.74391021 -746.73241605 49.70331927
-51.41316840 -777.24646307 36.12453360
-50.58613900 -776.42162915 38.65794708
-47.00381402 -752.42281756 48.73014174
-44.73737296 -723.53057686 65.17223145
-53.34630536 -738.52749881 55.10345000
-51.57169788 -774.58959222 39.48849135
-47.86884324 -782.61986704 35.51401246
-52.75309575 -735.56700490 54.56757353
-52.88698490 -734.08132168 55.71963068
-47.06695721 -778.41451736 40.36959886
-52.79836297 -728.15440789 56.12197613
-52.87377456 -731.50726710 56.50340578
-50.51416464 -771.29410150 42.56092383
-48.87385745 -771.84199787 42.92462695
-48.70639286 -732.78597653 54.74353435
-52.03935000 -760.98017500 45.40808333
-50.04321159 -769.96780300 43.46744933
-47.50856632 -770.48813286 43.74489547
-52.11336667 -751.07501667 48.38165000
-50.06701299 -751.88404613 42.59419591
-51.78383929 -751.13527143 48.28868690
-50.27271644 -753.04077230 43.50060681
-50.43924090 -758.27077920 45.58395231
-45.84301222 -736.33135500 55.34647056
-50.23446555 -759.54750571 46.08935440
-50.09401383 -761.38552007 46.16978501
-47.85879543 -779.57066419 38.71842062
-50.64712000 -744.71990500 50.71099833
-50.10248336 -738.16866106 51.42193068
-45.69067143 -741.70515357 31.41790762
-51.40714007 -733.45711029 55.23956311
-38.63173690 -750.50952465 51.71938794
-50.49411210 -731.40974115 55.61255663
-49.54882500 -732.79861429 54.88828780
-50.28623722 -723.16304075 57.08238001
-50.96421860 -745.88020165 41.37028884
-46.90882320 -742.92994483 32.85663030
-48.30808137 -783.23934804 33.67343987
-46.39763432 -741.66054142 31.81688008
-46.20354583 -741.19759583 30.69163542
-48.68226992 -780.63892669 36.65910494
-50.20157610 -739.58560929 50.37167010
-48.70461358 -777.59173426 39.69479352
-48.38203264 -773.88739829 42.41588549
-45.64113925 -742.46323302 31.97146542
-47.04935887 -781.54576451 37.53570193
-48.95437500 -759.26430000 45.96687083
-47.60590497 -767.56260413 44.93460090
-48.54972265 -765.34757083 45.69681644
-48.85249118 -739.16703824 51.65280098
-48.81603333 -747.21723333 45.79546667
-43.70887351 -740.72577225 26.67674015
-47.74078419 -764.40926664 46.55703940
-47.90240090 -734.76598903 54.52612142
-47.19406787 -744.68049629 50.48696767
-48.64752538 -722.78355339 59.87960527
-48.86590000 -720.79620000 60.47103333
-47.06451111 -775.15106667 43.10082222
-49.06866286 -722.19208643 62.59587512
-54.57430769 -766.64048798 46.33647372
-48.89058383 -723.24492964 64.71627555
-46.37279665 -749.03936960 49.36446593
-47.00919163 -752.00599310 49.28635402
-47.03690018 -724.62127358 62.30494991
-42.23304540 -740.20112056 23.87895151
-39.52338401 -737.77688544 20.96703214
-42.02360993 -738.44016820 23.21740852
-47.19461598 -724.60005059 68.47465278
-39.49857037 -739.23172593 22.74301852
-44.65292677 -749.56588251 50.25325046
-45.73799175 -750.63646082 48.94293952
-45.76744978 -753.01101828 48.65758752
-45.37072773 -724.50091405 65.60063994
-45.10405405 -731.60919119 56.11010456
-45.49248722 -734.28317345 56.09823939
-45.94107500 -736.91957500 54.95715833
-46.48189375 -723.53556250 70.04660208
-45.51015785 -724.40430547 68.17793986
-41.73278492 -751.40447859 50.50620711
-43.29542708 -740.19811458 20.77577917
-39.42877867 -751.20866400 51.24696867
-39.13513995 -747.67140114 52.48606233
-38.43565336 -748.97637311 52.31981834
-55.02645000 -745.29895000 52.59993333
-39.30310252 -737.28427601 14.46834343
-36.52086975 -749.30197225 52.23285453
-36.43802843 -749.94093046 51.92612572
-48.46970000 -739.01420000 52.04393333
-40.53832941 -740.04478235 13.87673922
-41.43283019 -739.59080413 20.68474624
-49.07009630 -724.18016667 66.14084444
-45.00840000 -738.99680000 29.56893333
-53.92021193 -764.53790895 46.68168025
-52.06565714 -759.83820000 46.08484762
-68.93283333 -732.97683333 53.83363333
-45.93953333 -770.10188333 43.67365000
-55.06526364 -768.54827273 45.06976061
-66.27256000 -746.96404000 52.22880333
-45.63858234 -724.23240509 62.75301836
-68.22717500 -753.67620000 48.99175833
-57.96330000 -754.77300000 49.70751795
-44.11368125 -726.12510521 54.80014063
-63.12030658 -757.29284868 49.16716228
-57.86336364 -752.11000303 50.15358485
-50.04067254 -748.29447324 39.52626784
-50.07016457 -746.15302231 38.82205627
-50.44827164 -741.68166692 45.33669055
-50.39251036 -741.12560171 47.35916372
-43.48705600 -746.11464800 52.08645733
-82.24943077 -736.18603462 49.06439487
-40.75158772 -737.81868125 17.69926291
-68.82907500 -745.16280000 52.21888333
-40.55576217 -737.52684894 14.50574180
-40.46660150 -739.71431128 17.46742281
-43.50637552 -740.15874126 24.12440886
-49.26636667 -744.54252654 36.17016235
-49.62344186 -745.29801860 36.49272171
-50.58453737 -742.25651566 46.46983434
-54.89526667 -744.86073333 47.87086667
-68.73310000 -744.97890000 52.25593333
-50.73513000 -768.64493000 42.91687333
-54.75726000 -745.17038727 52.34230061
-39.53590800 -739.47209200 15.40422133
-40.93452593 -735.55214815 17.76558889
-41.35175000 -735.80816667 19.24856667
-42.33354375 -742.12245000 24.00570208
-43.30491974 -738.39359474 24.23980307
-48.61287083 -760.59501250 45.80621458
-43.83455481 -727.61151883 54.83133040
-63.02739655 -738.54846897 51.61772989
-49.09130000 -720.95170000 59.65563333
-55.90285000 -744.89105000 45.58863333
-48.97920000 -748.38360000 45.95703333
-52.02450000 -744.95900000 41.93163333
-39.92466923 -739.51473077 16.39214103
