-78.55207063 -757.87517398 64.87712291
-39.54216914 -761.11314228 70.39300823
-108.53620513 -775.55063272 52.43683392
-130.63420000 -771.74090000 52.07940000
-87.80869632 -772.21157450 58.30003809
-120.66487447 -770.24733946 53.00589097
-131.68783823 -770.00411495 53.54459762
-56.57146714 -774.19602441 66.65703756
-114.70389043 -775.82582254 51.03238660
-53.09144286 -738.78598571 59.87837143
-25.40880368 -781.94291816 55.52489600
-129.68587780 -769.97438804 53.27688546
-117.31595325 -772.10517363 52.32869229
-43.76885833 -742.47438667 23.20746000
-117.69120863 -770.30818478 53.41037213
-81.49092900 -760.38211868 62.07444109
-117.75873721 -773.57584380 51.29381836
-57.82190840 -764.11385857 62.87399614
-129.09826608 -771.54230206 51.90060354
-97.22527013 -761.73092147 64.96157137
-59.65400000 -762.23427971 64.46048043
-109.45445092 -776.17262711 51.93491832
-83.07948022 -741.51801648 72.14213956
-32.02192857 -759.89749643 71.51321071
-40.26207700 -791.89241917 39.40007979
-39.71633863 -782.23786115 62.82007557
-120.66369108 -766.56950951 55.68909159
-54.64311133 -788.24407387 63.83675663
-79.82564022 -753.53939891 66.95840109
-128.97681456 -772.00511057 51.61818648
-60.88028633 -758.10584114 56.41311273
-87.94584103 -780.52997692 51.91667179
-36.15215037 -782.42732331 60.62053111
-129.52081604 -768.36013152 54.75576165
-31.08478789 -782.10266488 58.64538701
-126.78571968 -772.33510475 51.29518919
-117.61773782 -766.77153538 55.90579658
-40.46071223 -782.41784357 44.03788391
-54.73642677 -728.31628076 66.03023679
-55.76132298 -757.95151651 53.79510537
-126.54209467 -771.39145368 51.77963529
-119.56528929 -771.80631071 52.11418214
-25.38037389 -790.21291296 52.41086923
-111.90215294 -770.87712934 54.27973465
-78.31386376 -754.24109209 67.38455766
-52.64860043 -736.97230935 62.62710956
-84.86553015 -752.72265070 66.61475101
-54.83146603 -760.26118508 57.26229394
-128.98784665 -767.56855868 55.39709444
-105.33943490 -757.19007291 67.61654343
-114.81117067 -757.95137370 68.28246237
-116.64213066 -758.29389249 68.62647253
-126.67682555 -769.82198587 53.19275008
-67.66465342 -773.18421941 58.32575601
-120.62954239 -764.90515378 57.27003793
-72.76678459 -781.25693406 55.50819683
-52.54711585 -754.83372073 41.01808537
-126.46789558 -768.17532121 54.66770824
-45.27226580 -740.64424415 20.91308128
-91.03275279 -780.89100863 52.21342157
-66.02751716 -764.67304053 61.99093662
-111.67667228 -775.79727707 51.62984222
-120.75999188 -768.02108238 54.57737021
-46.30002567 -773.64702941 45.61186016
-43.57854167 -792.48967639 36.84680972
-117.62982314 -775.89219231 50.66710238
-99.00597423 -779.58353298 54.16511646
-126.64695961 -766.92076447 55.72136786
-123.58800655 -772.65563833 51.21167205
-72.63667273 -770.27852689 59.77391002
-112.44483004 -774.27524123 51.87166601
-25.40044237 -775.02393245 58.42987143
-123.99393494 -771.41549877 51.84460236
-42.43141811 -768.18822185 66.36430638
-98.76801667 -768.59482222 57.82369722
-101.29313505 -787.66043711 49.91605979
-38.10276000 -795.53770000 36.98612000
-111.63611526 -773.05762334 52.86762176
-41.78050135 -793.06577551 37.43964989
-83.07719701 -774.10511194 57.18534179
-123.62639530 -770.02734159 52.97689651
-51.52119907 -767.41840755 65.84190945
-84.56656797 -781.00626512 52.23417633
-117.95889158 -768.12329150 54.73133619
-122.84671667 -764.28137658 58.30417658
-53.26575000 -762.87945000 60.01865000
-42.78508471 -773.02422216 64.67389773
-125.81672932 -765.40071053 57.01872105
-83.16550000 -784.51246923 50.06474615
-114.43639029 -761.01159268 65.82637543
-123.65899788 -767.99067588 54.50750331
-34.51920376 -791.00310923 57.85829829
-117.50003085 -764.08562080 59.17981997
-108.75106915 -767.64631892 57.25627334
-56.80381482 -758.25930296 65.27553715
-123.73067142 -766.56800639 55.68569479
-47.88811458 -782.44341857 45.16633812
-39.45700559 -756.29311342 72.76148547
-120.59120760 -773.17351542 51.24779252
-120.13053069 -775.80604882 50.64058282
-123.58566782 -765.09191823 57.26536657
-21.92370894 -782.30831288 53.19789578
-108.66306773 -773.12499768 53.50588571
-117.79109968 -765.09630693 57.33305613
-121.19941528 -771.52224716 51.93105983
-115.97619737 -759.86137763 67.15997368
-93.78414892 -769.78773323 58.61088532
-120.62135960 -764.07006807 58.58877009
-114.79031094 -773.93904962 51.56898412
-52.31246137 -763.16371288 60.69021416
-114.69058242 -770.46313514 53.95478876
-69.07142222 -771.10088889 61.13468889
-59.34242778 -762.34978333 63.74207778
-49.90787029 -764.51384457 42.47171371
-114.54625387 -772.42870414 52.57759701
-66.95971913 -766.15418622 62.82131097
-111.59856379 -769.30301500 55.55632226
-115.62724787 -768.40254574 54.89189574
-75.74158325 -772.97484112 59.04112810
-97.21691171 -770.44393604 57.63668448
-114.65509698 -767.18963070 56.29894125
-47.29185000 -759.49227857 71.71131429
-64.40477098 -757.38897725 52.69397412
-111.71101438 -767.30322625 56.87469244
-114.07072484 -769.00480589 55.29042803
-98.76842150 -791.10935839 46.88336205
-115.02055908 -765.37348993 57.67261752
-116.40616778 -759.88941333 67.23681667
-50.41503333 -764.48119697 70.15502727
-63.53317042 -761.70179052 59.03698262
-22.85232222 -780.02226667 55.23428889
-57.88206800 -763.09836200 59.70907500
-114.82013868 -764.39661590 59.34411568
-110.90867153 -775.16582664 52.18553942
-90.61737568 -740.19937015 71.71157311
-45.28511841 -757.88847265 74.20729708
-105.24057333 -760.00904667 67.88509333
-116.35033056 -760.20215833 66.86593611
-76.07200367 -756.06795067 66.71555863
-112.14095301 -765.50998193 57.92689157
-92.41327600 -753.81139600 67.17950800
-105.85604567 -775.36935161 53.08637317
-64.90541513 -764.41520252 61.24759160
-46.39788421 -741.92821579 18.67022105
-111.86442440 -765.03758981 58.93486435
-116.34707500 -759.48800000 67.00282500
-34.09509162 -760.79240821 71.02693932
-114.10735473 -759.24017872 66.80785000
-113.46798036 -762.88719643 64.51825000
-111.01545094 -765.90077547 58.19470000
-53.08499231 -748.65763846 41.42761538
-108.99870085 -771.15641185 54.62267142
-68.71807441 -779.81999599 54.69443804
-96.84093003 -781.21363028 52.50289692
-70.40933449 -760.16219801 55.86922637
-37.46052375 -764.17174871 69.86994688
-111.63428291 -761.05026421 65.05232725
-59.68489845 -739.52831406 60.12896981
-72.05341875 -766.15582841 61.34564394
-56.29493333 -771.60746667 68.28340000
-112.38423378 -763.04230178 64.21914756
-111.18864423 -763.53239011 63.64271552
-78.90974857 -765.22929143 61.19105143
-108.48302402 -769.77506630 55.80430961
-89.84284218 -759.91591837 67.25080476
-61.45485000 -723.62305000 72.51375000
-113.94528730 -756.52315778 69.10845048
-54.94924371 -770.89988743 67.57889641
-105.76267613 -773.19258658 54.12747013
-111.55170319 -758.96437888 66.58595356
-54.67620482 -728.56316328 77.40438550
-108.30526521 -766.27516664 58.47761314
-111.79683012 -757.50552652 67.84735549
-90.79551720 -749.31659216 68.32341853
-55.69197384 -724.32568566 68.57191686
-62.38851447 -724.66085329 70.40992829
-108.78975255 -765.45704341 59.00558548
-51.74607902 -748.35473053 32.85996940
-100.36499836 -787.47679444 49.65863271
-110.72184179 -762.36466269 63.99159403
-108.64552293 -764.00580344 62.91796995
-81.45168311 -763.47611959 57.88899865
-100.76568154 -772.84649846 54.85898846
-105.71072307 -770.21080345 56.21025311
-106.46981531 -771.55255459 54.91580969
-56.36098846 -758.90985385 60.62865385
-111.88501214 -756.47653724 68.61734138
-99.53367113 -785.22482582 50.34885967
-99.07256776 -788.26664062 48.27868858
-43.64714717 -795.45827547 33.76558679
-102.51374084 -766.04366350 61.24229068
-98.44551739 -792.57247391 45.99879565
-54.26206606 -733.34915376 64.39999226
-59.65593374 -756.30920000 52.89297178
-98.37870851 -792.93741489 45.88168936
-96.47603957 -793.85968602 45.00695984
-83.14877500 -774.73427500 57.08955000
-77.80667923 -777.26947269 57.91382923
-96.75121645 -784.71687905 49.66891315
-56.87874900 -730.32591971 80.04243474
-44.49059651 -756.57017907 75.23186279
-52.73942007 -734.32507461 65.17955592
-96.36238646 -792.04101437 45.75957460
-96.91182940 -790.87182869 46.49844401
-108.39504077 -762.24654031 63.70865243
-108.77705323 -760.86843086 64.98332835
-84.99041012 -757.94994552 64.52321433
-85.77184118 -738.47480252 72.89508655
-105.92449561 -768.22194495 57.64582877
-22.60476670 -773.41744196 59.86734823
-55.45701987 -742.33507303 53.03492369
-33.72474659 -772.49761864 64.99359257
-29.86430188 -782.76760909 57.78077743
-104.86535398 -771.99417806 55.21251312
-53.97860624 -770.58221465 66.38785901
-103.77620882 -774.90588235 53.55347647
-67.91209375 -759.79733750 53.46253750
-83.02140000 -756.70530000 63.58750000
-74.80611399 -764.43824356 61.25515024
-56.83443303 -773.72550960 68.54706410
-105.52257772 -766.92630103 58.98961152
-83.10269333 -783.14350667 50.69638667
-54.11969049 -790.44919892 63.74815451
-102.97780161 -773.37288797 54.40700317
-96.67099553 -788.11973443 47.68183614
-98.72573103 -776.65819227 56.29200969
-42.70082661 -785.21029763 42.43865105
-95.42370667 -795.82122667 43.99483000
-108.53753460 -758.46282457 66.45804428
-93.67317009 -767.50763336 59.78776803
-43.13161947 -739.28549513 15.01078824
-45.72832147 -782.35670645 44.07434814
-99.59426521 -781.81521004 52.72274583
-87.58965562 -746.30516118 69.10970168
-54.87964945 -758.48737935 62.66628003
-99.13467658 -782.97482629 51.53606281
-105.76147802 -765.28639853 60.26580864
-98.54491556 -786.37766333 48.86999833
-26.17985000 -772.44560000 64.18935000
-90.37907801 -734.87514247 75.04664142
-52.90562632 -790.23818224 63.65664671
-75.64443677 -770.21885628 59.71416893
-94.41448066 -795.90103260 43.94910773
-25.68431193 -784.87522346 55.29123951
-109.49521410 -757.42494582 67.40865313
-105.68253941 -760.81870160 64.81909756
-62.48822929 -731.15786835 66.91046431
-105.64018073 -764.15667593 62.28647325
-102.67816249 -771.98081072 55.33186560
-62.65160469 -733.26384922 67.16665312
-93.82418738 -793.96811044 44.47987734
-26.20610000 -790.90580000 51.88660000
-102.66753691 -770.34944770 56.71935608
-88.85590000 -760.16850000 67.44250000
-33.88078504 -788.63277927 57.85419265
-96.61357858 -786.07843905 48.71484142
-105.73873521 -762.27120762 63.75830464
-85.28357675 -785.99119073 48.84476581
-93.59376886 -791.65660236 45.56856388
-102.75065928 -767.70603810 59.42989371
-103.71064375 -768.55404375 57.94367639
-96.64555726 -782.60870155 51.13461913
-51.57856500 -747.01458962 32.49109952
-78.70232772 -772.94714094 59.32025834
-101.98835332 -768.85645418 58.31530964
-80.29256912 -770.72504562 60.44267512
-93.87864184 -790.32347165 46.31009089
-33.02745803 -777.14100104 60.58353212
-105.74074933 -758.49201670 66.21372915
-49.02989836 -778.98210836 65.49901696
-99.10006640 -778.10376273 55.37655801
-93.71501355 -788.12303034 47.39447196
-90.76612064 -788.10820431 47.32538841
-55.10674853 -730.21198162 80.57030474
-102.73542412 -764.34891751 62.32627548
-87.68823612 -736.95418068 73.65879359
-100.24261922 -772.03149027 55.57528295
-92.07140000 -765.67830000 61.52820000
-93.21060200 -745.93532600 70.19548800
-96.74211367 -779.16263678 53.83394496
-99.59534102 -769.01341146 58.49868808
-43.30446613 -789.37773495 39.78984288
-99.83473566 -770.43715303 56.95263235
-92.70569346 -752.04177188 67.76676933
-56.64909252 -776.63527098 65.15958571
-93.72219290 -786.06310834 48.70757012
-102.80205951 -762.25814130 63.87628124
-62.74221622 -758.88539875 57.36592941
-91.89589143 -793.03636143 44.60210000
-35.35750000 -780.64281000 61.02608000
-102.61001332 -760.93089104 64.77318633
-96.77112136 -775.96383198 56.07618118
-38.39673561 -790.02159242 59.60645682
-93.69137092 -784.70232110 49.62792371
-91.31390837 -791.14175814 45.50904226
-42.68438301 -779.19068903 64.78547161
-105.48547508 -756.55564822 68.24031327
-99.71700032 -767.76247041 59.79980476
-83.15750000 -780.53845000 53.07495000
-27.31220661 -774.35373352 60.33138341
-96.18866152 -777.38351948 54.79898219
-42.73841358 -779.49066100 45.36731005
-53.92016081 -726.14989324 76.73012973
-93.68832544 -782.48646069 51.15216202
-102.75819420 -758.99183499 66.12582045
-99.61451662 -766.00768176 61.34083632
-78.82222472 -761.94331494 59.07510196
-91.04835000 -789.97067819 46.22145878
-103.24683037 -757.69952456 67.37352774
-38.11919412 -795.02993529 37.57590588
-58.22261527 -733.28190326 64.37300600
-99.67861131 -764.34381236 62.58747069
-96.26970790 -773.86041982 57.45104054
-93.89232849 -781.05128798 52.30155445
-93.64303968 -779.12115493 53.53401047
-90.69706963 -777.15932794 54.67081140
-90.61929600 -785.92486818 48.61340242
-54.63759543 -779.17699945 64.59803463
-99.90025788 -762.22636485 63.75329348
-99.54597433 -760.95083782 65.09489374
-52.50936612 -755.39731795 38.84667582
-75.52694556 -779.04151599 57.04698280
-96.60473835 -769.34832053 58.54757218
-59.99778908 -737.41220235 62.93247711
-93.56528546 -777.22199416 54.75947962
-70.96407949 -765.50488974 61.57252051
-56.79364579 -725.76451686 68.59058046
-48.84943415 -764.24474749 68.34068875
-90.71636590 -784.56816239 49.57872752
-69.88702069 -778.96016263 55.91562209
-113.65260000 -775.02510000 52.06970000
-96.62114231 -767.72158054 59.79606411
-93.67563178 -775.67382526 55.76493374
-56.84301719 -779.43169397 64.89928527
-90.67655219 -736.75450929 73.73830970
-85.42494555 -771.00372172 58.59808829
-100.46755199 -759.37848105 66.23212637
-85.14655903 -739.30704306 73.18459236
-39.30784174 -755.73381676 73.38112087
-90.62570606 -782.34891015 51.06199346
-87.55328571 -767.09104643 61.39409286
-96.77563293 -766.07324922 61.37208275
-93.61241088 -773.15001017 57.32833472
-54.79973996 -734.65119755 63.08417316
-96.70685925 -764.25204770 62.70969991
-34.66197007 -787.89644146 58.41932496
-79.00517425 -752.23859264 68.09011426
-38.88703104 -787.96033602 60.36394531
-90.73012266 -779.17157750 53.32484388
-61.10903890 -761.10277685 56.65610011
-87.99352634 -787.07452481 48.10193702
-80.34394474 -773.01494737 59.78345026
-69.70716237 -776.35216909 57.18147209
-90.67112970 -770.27896819 58.89136979
-69.19872913 -759.99143739 54.43171304
-81.45539220 -757.27208910 64.54150201
-97.47797619 -762.55409238 63.91117714
-36.65944045 -772.46788679 64.76193795
-62.10262069 -763.08083448 58.58817586
-93.41101552 -771.28249828 57.99964310
-87.83592882 -785.73506807 48.63797217
-87.68500118 -784.44794069 49.42020657
-19.09339207 -788.83101410 48.49154988
-90.67178736 -775.60358181 55.88399511
-87.64157064 -782.26622674 50.88175006
-84.79727461 -746.76911671 69.63908868
-39.33042774 -800.02620585 32.14602278
-56.62987516 -752.34309804 39.48699739
-94.00951197 -771.96047350 58.12433077
-85.34593817 -777.43311386 54.78848657
-95.91901333 -762.84393905 64.18664190
-42.62308443 -739.46833971 17.88947867
-90.85846448 -773.30914571 57.43859859
-93.77414006 -765.98589952 61.32653118
-94.35633660 -764.84600104 62.37745725
-80.65948089 -761.39855520 60.11901697
-87.61415514 -755.14832831 65.90672971
-87.65729156 -779.14612700 53.27870686
-98.05930833 -777.82581667 55.10485833
-87.24778929 -780.81082024 52.14007262
-91.70773636 -771.51363636 58.00570182
-84.99920327 -787.17439203 48.68114083
-55.55722160 -752.98413862 43.87536725
-60.68407260 -728.00506346 68.16070413
-97.92052000 -768.31494000 58.00378000
-87.78662627 -777.29906894 54.71055947
-40.09793322 -767.41022875 68.23041205
-84.42424410 -751.47191070 67.35222872
-84.69057986 -784.82380675 49.63591696
-102.68982857 -771.45562857 54.61790000
-90.73261225 -767.17354889 59.82549680
-92.49932045 -738.33172727 72.83339432
-56.23130000 -783.52385000 64.03760000
-90.09179416 -772.23836465 58.29600634
-32.00717813 -771.32498437 67.70467500
-46.65663387 -743.60286189 25.82853636
-87.72834892 -775.76650882 56.03037016
-29.27244000 -780.49686000 57.99640000
-52.36650668 -760.07635729 64.92671498
-61.02818146 -736.67976701 64.94138737
-84.86103648 -782.40910763 51.07636056
-62.77462831 -760.53076968 57.53120787
-87.57781703 -773.56079679 57.52264944
-84.88397502 -779.23126316 53.43379981
-53.08700278 -727.87853611 78.62753333
-56.32351739 -787.27280652 63.92555870
-87.70835579 -770.28519906 59.11379312
-85.44262514 -775.85682008 55.95811176
-88.05893213 -766.72653608 59.84789113
-84.82133690 -773.45752212 57.38668181
-59.52799551 -754.71241154 45.68312244
-89.28110000 -765.59952857 60.27124286
-87.27741991 -765.34883416 59.84012549
-85.22517290 -771.95490589 58.17672297
-81.70136740 -755.30491697 65.98061502
-41.97533877 -800.17803250 30.25525056
-26.43227077 -786.44898923 54.96586769
-93.40639616 -749.06632335 68.92598089
-41.73418116 -795.99867355 34.41712246
-92.36808772 -754.02429123 66.89760877
-93.19891553 -746.85567096 69.46868482
-79.30231281 -749.52259848 69.30413317
-90.47880624 -754.47873337 66.55574561
-57.78265202 -726.18111887 71.46081182
-77.54135762 -778.48610233 57.44045323
-90.89132543 -751.98819988 67.51562237
-76.91704112 -761.27930280 63.80785327
-56.34733882 -743.46950294 50.95257000
-79.24462955 -763.35895682 57.85197500
-91.95160625 -753.84582500 67.29982187
-70.13663809 -759.12738797 55.53425355
-40.44759259 -738.49896296 17.05200741
-79.50391679 -744.26213393 72.49375732
-89.93209863 -759.05557890 67.40037839
-27.35616081 -776.92265732 57.59915866
-89.49044733 -760.21072595 66.80738015
-90.07969154 -753.21778699 66.88976943
-19.60500000 -788.10255880 49.49653473
-42.61199378 -791.23836402 38.56916569
-87.44146698 -760.77491816 65.15621949
-67.74358839 -775.46586384 57.39003616
-81.83708704 -758.55260229 63.27764002
-52.38164018 -736.04500000 64.31465089
-89.37377324 -758.69274789 66.76645493
-55.61179567 -729.84323702 78.70767212
-59.78688432 -757.66489755 51.10320604
-87.63116913 -758.19736460 65.53782817
-53.49201905 -754.30236667 70.42727143
-72.46787031 -776.84083993 57.68820906
-71.99419284 -759.38744681 55.88178469
-85.50359427 -765.98836797 59.35224557
-84.56446880 -764.80813872 59.42920867
-60.61042963 -766.04782222 63.62059259
-54.61315827 -781.86710054 64.24763472
-87.64604922 -742.88286728 70.69437016
-72.78678796 -767.28425768 60.59850551
-90.69555072 -746.30725486 69.07505549
-86.51412632 -761.68309474 63.90983158
-92.69778538 -743.09428011 70.77182516
-30.79932212 -772.60354812 65.02487287
-87.54109120 -752.90891677 66.73507200
-47.41576667 -741.44983333 22.92276667
-85.90244411 -760.78636869 64.23123232
-84.51817321 -761.01128782 63.45313238
-35.06869242 -791.12758030 58.10204242
-56.97903780 -761.64380906 60.06025157
-78.17756793 -761.85820951 57.61605408
-90.75776698 -742.76126902 70.57213878
-67.99906134 -778.21282941 55.43267647
-90.52484729 -744.24823857 69.84287946
-92.63340758 -740.43939380 71.87576556
-45.66091287 -761.91460487 69.22600035
-49.16675718 -787.50904530 43.62449368
-31.91806250 -771.78541875 67.94438750
-87.79400848 -751.43514284 67.31152356
-87.55952866 -749.10581896 67.89656572
-58.05863333 -753.43085000 51.20571667
-80.21105000 -774.85062500 59.22837500
-78.40450261 -775.59587418 58.54341813
-40.24699380 -801.16497169 30.45936965
-51.09682776 -746.12616248 29.72945455
-83.88914097 -758.79545542 63.74728819
-56.04270000 -756.61018889 52.23437222
-81.92082332 -763.97972696 59.09837496
-84.57198774 -755.15260759 65.45982062
-59.86528333 -763.51607500 64.50985705
-25.76756400 -777.09020267 56.91491800
-92.44802271 -737.41796987 73.44336288
-90.51308868 -738.13224376 72.71871258
-52.65997897 -731.10905561 66.06847665
-78.71507008 -770.24659445 60.09568311
-88.11450021 -744.17269076 69.82627228
-54.64325459 -723.21356063 71.14516772
-48.14782952 -791.14349268 38.55439305
-75.63484789 -777.11602649 57.86888768
-78.51475311 -767.43756234 60.53448908
-48.37592291 -764.87407022 65.74561645
-48.89521021 -767.28913077 65.39378332
-75.68964441 -775.58776775 58.30723865
-84.75598951 -749.31177780 68.41653197
-88.57164094 -735.19865556 74.71494871
-45.52901709 -785.51509098 42.45922541
-81.79788050 -753.43042553 66.96299078
-74.51205164 -781.04815634 55.80885915
-45.73009189 -791.03708811 38.30960749
-49.26791418 -764.89030958 63.34101891
-57.09256951 -729.90387634 78.65221390
-87.75697517 -740.24781059 71.88983737
-79.47421183 -767.89400789 61.18102258
-54.89905074 -739.15467852 58.74633638
-78.49771853 -763.67757553 59.04348931
-40.67701111 -739.92194444 19.57741111
-63.79124922 -763.81301436 59.94668664
-72.71803909 -779.15377389 56.74948103
-118.27091111 -771.34042222 52.03302222
-48.46179007 -785.41844010 44.29136788
-81.45254685 -745.98419459 70.62204097
-87.78601923 -738.25523144 72.80096106
-86.50372778 -744.89332593 70.13473333
-71.97033264 -782.04508032 54.64535216
-79.04975021 -755.48729954 66.18934646
-27.73895859 -773.59168860 62.61357087
-84.39394821 -745.36409753 70.29532002
-35.45144615 -792.81209487 57.87303077
-75.95815006 -764.66343882 60.30731525
-36.70799282 -791.07717165 58.84685675
-45.14924519 -769.62180257 64.70731932
-78.83467072 -760.91249930 63.02818385
-56.47665625 -726.19877375 66.92715000
-76.24909980 -761.79809088 58.37297047
-84.66262366 -743.07654034 71.15784115
-81.63284192 -752.02980119 67.48199226
-73.07978112 -764.94351842 61.42749265
-75.65014847 -767.19677885 60.31274136
-52.91726981 -738.21872830 60.54716509
-40.91932778 -778.34789259 64.12096667
-45.63697317 -793.58767384 35.26721742
-79.42365773 -759.12210089 63.69378099
-28.19262968 -772.58536809 64.59900660
-72.90594304 -775.36480931 58.35889120
-37.92812243 -797.70937302 35.25767167
-67.92983995 -779.68655981 54.35828107
-63.91017981 -757.32812971 50.88323000
-50.65841982 -764.71907568 43.37400541
-81.66557353 -749.21146562 68.79246272
-30.60017227 -756.86583136 73.21986136
-72.74090153 -773.08229945 59.04803423
-32.56592188 -753.67144375 74.87857500
-45.68064289 -760.40910718 70.75598652
-69.59045032 -781.84203564 53.92418394
-84.93728503 -740.44692858 72.25864918
-60.89961418 -759.93445000 54.68316418
-70.56484419 -781.03315241 55.32894363
-81.84770000 -766.32948000 58.85960000
-73.95847029 -757.05515652 67.20400725
-82.02799294 -747.20439165 69.82572576
-77.69636915 -760.31062645 64.32127355
-48.44587447 -766.18620894 63.55156191
-39.49228182 -786.86484394 61.14437273
-85.72686260 -738.08078011 73.34501883
-67.95503120 -781.26668083 53.55399774
-69.20572243 -774.27440942 57.95600291
-23.17080000 -789.75110000 52.11520000
-44.66375130 -796.46473891 32.06398022
-76.33739426 -760.36518148 64.79783411
-75.28039788 -761.07039965 57.38934976
-76.01031000 -762.87913000 57.68716000
-82.02974678 -743.51596241 71.62533275
-42.82643377 -761.69956758 69.43151587
-75.90254635 -758.27251908 66.05689343
-70.97902933 -774.95949600 58.15644133
-53.00857959 -756.39685306 66.68754082
-54.91528101 -723.28453547 68.65975969
-54.10959297 -767.96306054 68.69046277
-69.89254515 -773.03865407 58.48036419
-69.24785175 -758.55436980 54.27977735
-70.48512134 -767.91547437 60.45277185
-73.81643514 -765.52521892 60.91710721
-54.78116562 -723.50272812 66.61648125
-54.62824473 -773.17125618 65.93200590
-80.26460000 -747.72160000 70.06080000
-68.14506667 -771.67290000 58.81316667
-50.09173438 -754.04265312 71.30288125
-69.89274267 -770.33396644 59.49618490
-39.70709424 -770.23423586 65.76000305
-79.13376657 -746.33597945 71.43094858
-78.61093965 -748.25260641 70.49269559
-72.94022191 -760.40011477 56.73417242
-74.39050000 -759.68530000 57.18920000
-45.53704857 -763.75149842 67.82736386
-48.77598504 -761.89357444 71.61559706
-50.41604054 -767.11662703 43.83224324
-42.69025411 -782.14867150 43.98763136
-51.99148535 -755.44396706 68.88758215
-41.32096111 -780.00379074 64.00500000
-55.51026810 -754.42888942 44.38860347
-65.24245714 -762.39887143 60.17642857
-75.03343396 -755.98726768 67.28237311
-27.51685608 -779.23853376 57.19594192
-70.71246210 -766.33572877 61.29944954
-66.74673631 -757.95556338 53.28514820
-67.62423282 -774.28198006 57.93745153
-55.63845600 -741.32283448 54.26273352
-37.35389805 -781.67546039 61.52687570
-74.60878351 -757.09846804 67.16476753
-74.01179062 -757.83081563 66.84299062
-54.36630000 -732.23164444 64.03790000
-39.56570424 -793.87765771 38.06562874
-73.98152000 -756.22206889 67.44527111
-49.20429043 -744.52505247 28.35180525
-44.64564211 -762.50191579 66.42175263
-39.00819669 -769.00354044 68.22930369
-54.72514052 -725.58197045 66.22231390
-55.65887511 -772.55962546 67.76333984
-33.71026939 -775.79998515 62.01572541
-54.02826761 -754.89166022 68.02537712
-40.63943636 -783.81686566 43.12910909
-58.01581652 -756.99788217 50.94086815
-51.71978011 -773.08251388 65.40004772
-38.01822500 -784.05670577 61.39973269
-39.53849535 -773.68464701 63.68421137
-43.57425600 -798.27037067 30.85983800
-46.89367786 -778.24471460 67.36852068
-56.94078159 -782.18980057 64.54961326
-54.76881851 -751.72754306 38.93147924
-55.91188348 -756.20670913 50.40309000
-65.77005158 -756.50225053 52.65245263
-65.35413089 -763.63288699 60.68701789
-65.95584759 -757.44512352 51.46661852
-60.39123217 -770.21243104 65.97023208
-51.11772601 -763.58175014 62.43687381
-56.67178660 -784.85127161 64.22969920
-56.65872881 -785.76235593 63.95430169
-56.36436923 -787.06887308 64.08730769
-55.70819231 -787.42509487 64.09574103
-60.56517098 -734.18334440 65.27914784
-61.02933767 -771.85933904 66.53092945
-55.13798901 -784.93278534 64.09116387
-50.69314662 -765.47055236 66.49120101
-54.70909707 -785.26899248 63.94003511
-65.40371765 -756.56062941 51.47437451
-63.46819235 -756.07769075 50.64367856
-21.98101942 -790.72175090 49.78962104
-64.01264951 -756.40532426 52.38766863
-45.50140961 -759.09629766 72.09826452
-62.62536179 -763.25821463 57.79523902
-42.68723030 -783.86911010 43.13153939
-55.12052506 -783.12656456 63.99086862
-61.81838947 -763.01297669 57.44492707
-60.23018795 -767.28313565 64.90919912
-61.79179837 -761.44985691 58.33753171
-52.26609963 -788.08604086 63.73258801
-41.59067229 -772.28684940 63.50383855
-57.61928336 -775.04371645 68.51465283
-36.86370000 -765.87874286 70.19592143
-59.65776638 -764.74377489 63.62637447
-19.35151564 -790.95614495 47.39436164
-58.62022752 -769.35992378 65.07753160
-60.99570000 -756.68480000 56.67580000
-52.13172656 -785.98657552 63.96488797
-50.04420000 -762.09931176 41.12430000
-48.90008556 -790.08097356 40.87320089
-19.96478409 -783.23926667 51.51506136
-58.20945645 -767.67406718 64.51862031
-54.53741368 -776.23081776 65.07024427
-61.40755200 -755.69510063 49.89444611
-51.46447459 -784.76692266 64.20021648
-48.30256753 -788.36717050 41.91045426
-48.06010239 -792.34151565 36.50453804
-110.19320000 -765.60850000 57.79420000
-41.34923516 -781.73353626 63.88329451
-47.55915000 -793.03438789 35.35494531
-51.42188605 -753.28827387 71.27573350
-32.79297607 -785.62637192 57.60629751
-51.75582816 -782.20952762 64.47918585
-40.23431345 -785.09213320 42.43276501
-62.70168889 -756.82424444 48.99701111
-60.31498387 -758.26576419 53.72983843
-57.39719834 -766.67868548 63.65989682
-36.57929944 -776.09561730 62.51587484
-45.36806515 -794.98193416 33.37405799
-45.89568605 -792.40735300 36.71223670
-42.52374106 -788.06255488 40.93890671
-53.28018182 -757.15909091 39.58409091
-59.00197759 -763.19063966 64.27000862
-51.66801680 -779.30133728 64.84972854
-56.89831243 -758.78047615 62.37428812
-42.65650040 -797.23977253 32.62534483
-58.02136159 -757.88235068 56.26022755
-58.81688966 -762.33298448 64.31212759
-57.50561044 -761.62361394 62.55761625
-47.45802941 -789.64812941 39.83630588
-45.12057099 -778.65175247 65.75725802
-51.61828478 -776.18521884 65.27054905
-45.77457333 -787.86748518 41.06598323
-45.21087457 -789.37906336 39.80896228
-49.86177634 -784.34720420 64.38391221
-28.42771319 -787.25217166 55.41206552
-50.04760000 -785.32363333 64.01243333
-47.66789856 -779.31997014 45.45598489
-47.59096817 -786.28133306 42.79285975
-41.77402049 -799.16650389 31.55727067
-42.62285309 -794.27552369 35.67762439
-55.32560215 -764.56363119 62.49788203
-49.44095154 -782.04353402 64.74573430
-39.17446959 -802.46859170 29.87009841
-58.39628011 -756.33326970 52.76663532
-57.53238511 -757.59374412 53.64863195
-55.30695311 -766.00080282 62.84221412
-46.24922621 -784.39733937 43.32945046
-58.70855714 -753.52314286 52.77288571
-54.47412717 -760.84441295 62.13177329
-30.50745617 -776.32312229 59.90005677
-54.02142999 -749.26602605 35.69175167
-40.16871013 -797.98404550 33.40240113
-54.56363705 -761.00695130 59.43134914
-51.78104213 -770.29038308 65.54430115
-39.32891964 -796.84425214 35.23624096
-54.79804888 -758.94837498 59.78484637
-53.51388110 -768.32426457 66.59765118
-60.27158522 -739.04574503 61.77436259
-48.82774528 -776.26748281 66.06033294
-40.17055680 -794.99778465 36.45667725
-38.42754918 -801.82540492 31.24927377
-31.69805625 -771.66720000 65.75862500
-37.76508310 -802.95257358 30.07007988
-54.30225182 -757.48995073 64.95897799
-52.08385714 -772.00196429 63.52618571
-41.47711803 -756.57670820 72.87262295
-52.53346838 -767.10169719 67.69224768
-37.80397971 -801.91429710 31.28849638
-39.34490121 -776.00387855 63.55116378
-37.76509307 -800.50085426 32.63710020
-55.37488714 -758.92953450 56.38554529
-45.61680000 -745.02690000 25.04350000
-48.79593600 -773.08966481 66.14849187
-54.77928117 -756.04534241 66.10965607
-52.67107560 -761.87917997 60.19274048
-66.23270000 -759.80983333 57.17350000
-38.26452000 -798.78754000 34.15474000
-33.67382648 -755.00664987 74.05203856
-49.01619558 -770.23071845 66.23515345
-41.40588611 -789.90649306 40.19182500
-37.75930531 -798.90867257 34.25214956
-48.11008553 -743.22893333 24.14703967
-47.45830000 -777.03798024 67.27512950
-52.34377670 -762.03590452 61.86082059
-39.88267776 -790.69974273 40.73616209
-24.47607173 -785.12098655 54.20330577
-63.17612768 -730.73278736 67.22618857
-47.49589027 -778.12168054 67.38271622
-40.17799168 -788.40182007 41.54952850
-53.32430000 -759.86636111 64.26522222
-50.29040909 -778.45357273 46.34217727
-62.36014615 -733.78897564 66.85695385
-46.76751122 -776.64555131 67.32198258
-39.51089871 -772.25256110 64.55098065
-63.02002866 -728.15155013 67.82373711
-52.47891762 -758.10462562 65.79996839
-47.46022712 -742.59052712 20.77935932
-56.50432000 -745.99182000 45.41724000
-60.03874955 -724.99853076 74.43288855
-21.40955895 -788.41499228 50.71011514
-54.88360686 -746.45160181 44.61762830
-58.02028781 -739.38243717 59.16981952
-60.63472843 -730.97602949 66.36435369
-55.01121424 -745.37062840 47.20489802
-42.77262742 -776.11688826 64.74381880
-45.47601464 -775.79201251 66.05045089
-56.26041429 -743.91537143 48.92678571
-55.43382310 -744.34986424 48.35594019
-33.67147419 -774.14880729 63.56251920
-50.52963455 -764.93041362 68.96219411
-45.06601090 -773.25950577 65.44842412
-36.48059653 -755.07721918 73.73901869
-58.08237769 -736.64659525 61.96361806
-42.74406382 -764.27554051 68.81399678
-57.20217151 -737.75804028 60.12531704
-56.99680930 -740.36813293 56.80695920
-92.69108000 -753.64492000 66.98718000
-56.52524255 -742.25463276 53.50112531
-55.43568369 -743.58175482 50.54093318
-47.88991096 -771.01070708 67.36545571
-47.59908174 -772.49799220 67.48102465
-62.85716518 -725.90479773 69.11465795
-61.84858947 -729.84119737 67.08286053
-47.36174348 -739.64000000 20.67470000
-59.56902661 -735.20640444 63.84806411
-55.35178065 -744.84338710 49.17970323
-51.83020082 -756.96022796 67.38785286
-46.70837681 -772.73197976 67.84244323
-42.48380769 -781.87169183 65.28948317
-60.19060357 -729.61268482 66.98460982
-46.91231024 -771.32173701 67.68225984
-57.54720147 -734.52863829 63.16195764
-49.28124283 -763.45601372 70.93157177
-85.14935000 -780.49381250 51.99542500
-59.62746748 -726.08668862 76.51006016
-59.32568585 -727.25358679 77.08063679
-55.52948696 -740.23469446 56.66384766
-31.75895449 -783.93892692 58.23945513
-43.00756012 -738.49102336 16.58279533
-52.48105714 -747.66770476 34.14620476
-61.14246230 -726.15813111 69.51961722
-51.34538524 -754.12013438 70.61710122
-46.19002774 -767.45677160 65.34741294
-60.60834027 -725.09455200 71.36710233
-88.94345455 -759.13257273 67.71531818
-57.73522748 -731.05813844 65.62333260
-39.78728750 -783.61274062 42.93552812
-39.52223020 -784.94309573 61.79834232
-22.95398514 -772.76511622 61.23107838
-54.87202168 -737.72940703 60.17566605
-46.43841246 -764.29440719 66.28412584
-38.55734609 -786.06139942 60.70133275
-36.68756104 -788.05829801 59.31887466
-57.19634462 -728.84490148 66.65160805
-55.95850000 -756.81730000 48.95780000
-47.56352129 -762.08912668 69.26034151
-39.59504854 -779.30314476 63.43737711
-35.80597333 -792.82822833 58.20937500
-58.15759435 -727.80744005 68.42528965
-54.44821467 -736.43346886 61.89160150
-20.93802534 -785.47918832 51.47485491
-35.36233333 -776.27149697 60.62194242
-45.09464945 -766.61883607 67.55387746
-42.65338260 -769.95500045 65.12470812
-36.63945558 -785.35497956 59.96117735
-50.06017778 -753.24963210 71.81474568
-42.80394603 -760.34746459 70.49733391
-40.78490263 -776.30348329 64.20915537
-34.96290000 -792.83396111 57.89128333
-39.73248713 -764.26749257 69.42318999
-57.65007239 -726.87638490 71.44605729
-35.31292857 -791.92184762 58.00831905
-59.16476667 -726.53196667 76.95096667
-57.74534065 -728.63847097 77.31198157
-54.77929643 -731.10123118 65.19911943
-42.61595251 -766.98698227 68.41928001
-36.63552546 -779.20228041 61.94859265
-33.98369850 -784.89607942 58.75663126
-53.00094648 -735.32057324 63.74768592
-40.88040629 -768.54944406 66.78144336
-33.67619766 -782.31478412 59.76584389
-54.85630000 -730.07036614 82.34851111
-79.83875833 -747.48779167 69.96722500
-42.64325969 -758.45452287 71.74288560
-36.73299380 -774.14379656 63.60621259
-43.80018899 -757.32638725 73.99783973
-36.68351741 -770.60386745 66.00672656
-33.44403264 -779.29202149 60.52065725
-24.13224789 -790.99635402 51.12842888
-52.67381782 -728.67452851 66.22299069
-34.79428024 -779.12473114 61.25146427
-35.08630000 -792.77280000 58.10607500
-43.66199615 -756.58020641 74.67081538
-30.63763396 -785.30297731 57.10298185
-30.26171782 -787.46972031 55.90108106
-54.84827818 -725.73274273 74.00442470
-40.73494758 -761.91416357 69.95994870
-53.73632343 -729.36835228 79.96044577
-54.77953750 -723.50713750 73.64153750
-28.86222000 -774.80036667 61.71483333
-53.03484516 -726.36522581 65.56192903
-29.49718860 -788.85783772 54.83884737
-34.15204891 -771.10907355 66.22146920
-39.73398582 -758.18127067 71.58598690
-27.50483891 -788.57401437 54.30912259
-27.15075373 -790.13125716 53.20578119
-37.74374231 -765.89633538 69.78937769
-30.69919773 -779.24964342 59.03918571
-38.71568644 -762.81632034 70.09832373
-24.61063645 -773.90225093 59.72652053
-36.66824113 -764.70449640 70.24169267
-27.72298221 -785.24107611 56.03695043
-36.83715966 -769.78032557 68.03073636
-36.67374702 -761.10344086 70.62781242
-33.44108294 -770.59584088 67.46802775
-37.22074762 -762.61259048 69.93180952
-31.14174757 -775.09614245 61.81047358
-27.71817607 -782.21680973 56.82194275
-36.69685087 -758.20825873 71.83759111
-24.83098089 -788.32184861 53.35206404
-53.91178235 -747.21218588 33.07714235
-30.56162795 -774.22579237 63.15592886
-28.91526833 -779.07310000 58.30276244
-36.84647601 -756.21991126 72.78489651
-27.97189004 -775.58702187 59.06496612
-23.48683478 -789.52186957 51.89718043
-29.40675926 -774.62914074 60.89268148
-24.08546839 -782.42254384 54.43913276
-44.43747541 -739.74328197 15.04213607
-33.81376378 -758.14954374 72.15789959
-22.86528859 -787.89986577 52.38573456
-53.03550800 -728.70499400 79.69718000
-20.89208113 -791.40532562 48.42330148
-25.02820927 -779.15217540 55.89643387
-28.84850516 -754.73414312 74.58504785
-22.31101813 -784.89861424 52.76534622
-34.12069498 -756.48069540 72.91580879
-41.74215000 -738.67150000 22.71885000
-23.58497552 -779.96426058 54.84273900
-20.27985000 -789.63531250 49.01260000
-31.34335703 -757.95420094 72.38330256
-24.93437506 -772.85498498 62.12945323
-22.58022314 -780.11173324 54.28453085
-32.54607308 -756.76730385 73.13495000
-20.48017222 -783.07272722 51.85443056
-19.51781521 -785.39195151 50.55782904
-30.66302190 -754.92889658 74.39814521
-30.61405252 -753.64577770 74.99467194
-60.88735000 -723.68952500 73.44960000
-35.12030000 -762.82445000 70.24245000
-46.38523504 -767.54856068 63.79110256
-40.93831922 -780.08927176 45.69293020
-52.95284324 -753.62094595 69.80407838
-43.26207868 -776.70681160 46.20126959
-44.37013750 -775.59976250 46.08274583
-41.86336292 -778.51478450 46.24632036
-43.81891803 -776.54238415 45.84793552
-45.66374138 -776.03520539 45.67646012
-53.48679667 -753.51722333 69.27663333
-56.63030000 -741.76950000 55.12380000
-54.54963638 -747.38861186 42.24769922
-45.62400374 -779.22861599 45.00000990
-57.54420000 -768.72920000 64.04510000
-40.40894159 -737.84296571 14.29306394
-60.58390572 -755.03115207 47.85147502
-82.25661250 -765.91463750 57.82525000
-91.26484200 -766.80047400 61.37123400
-104.39981667 -765.77421667 61.12737500
-49.56204720 -784.23731840 46.40739040
-49.19374624 -782.34217433 46.74141660
-49.44829890 -779.18823028 46.56289963
-28.99587500 -781.15080000 58.68936250
-35.00923333 -780.77438333 61.08448333
-41.14120000 -781.86250000 64.18314000
-31.59760000 -756.61864091 73.00185909
-84.06735000 -771.65072500 57.95762500
-109.85549412 -756.56391667 67.99878333
-64.02380000 -729.43970000 67.05290000
-59.25100000 -726.71090000 70.12800000
-48.57064168 -770.30361280 44.89759890
-47.03540000 -771.20435000 45.09605000
-48.09782591 -773.15740205 45.50541045
-79.14609124 -769.28025766 61.23206204
-48.26434601 -776.03069493 45.65097754
-56.56819862 -741.34208379 54.57820207
-83.11810000 -781.04220000 52.05940000
-41.14412857 -779.38545714 46.09783571
-37.92746667 -795.76983333 37.12723333
-71.55080148 -759.31599407 54.67937259
-49.62236250 -747.84047500 30.77231875
-91.34408095 -789.52654762 45.90356190
-95.33481429 -772.45354286 58.07702857
-48.75893841 -745.32713876 26.84372956
-80.45183846 -762.34725385 57.97638462
-43.50096903 -741.12808839 22.62799161
-56.23431667 -756.08710000 65.13043333
-57.01014000 -753.84377500 42.63457750
-90.57917500 -733.69892500 76.07617500
-58.53993223 -760.75809496 56.24519766
-108.95330000 -756.68630000 66.51130000
-50.26610000 -777.99375000 46.01158333
-57.54651667 -753.58859167 46.16667500
-53.58886437 -748.90488670 33.36575581
-52.83071117 -749.57305806 37.60558883
-22.62621500 -780.94872500 55.40122500
-58.59911331 -726.21412035 73.99254736
-59.31566667 -759.60643333 59.56543333
-45.84290324 -742.55788026 23.92752906
-42.62567063 -738.01767931 14.83555273
-73.93315833 -755.85999167 66.80710833
-57.24661098 -727.30626975 74.33979701
-98.04956667 -792.76015000 46.08755000
-44.83560083 -739.76669433 17.99637950
-40.63471783 -739.48854989 14.65584966
-40.64864872 -739.28916667 17.67204615
-42.82000000 -738.64060000 19.10680000
-43.37102836 -740.39418668 20.38343648
-46.50600341 -742.11445409 20.97584659
-52.23813803 -748.85526235 35.38207043
-56.12887000 -738.60953000 57.89423000
-52.98983636 -761.48571818 56.87201818
-81.46430000 -759.66975000 61.04590000
-42.60094242 -770.71797778 63.86362323
-92.35386667 -780.64576667 52.02140000
-20.09466000 -784.52804000 52.57112000
-54.76086590 -751.36810525 36.44933607
-49.28592000 -745.04352000 24.81365000
-54.92680710 -752.11575666 41.48212413
-49.47978953 -767.42032723 44.01261545
-100.81300000 -758.84220000 67.07307500
-49.80726287 -746.88221754 31.80995581
-80.33438333 -744.20855000 73.10583333
-54.13520000 -747.79288571 43.13057143
-54.16008489 -749.22796861 38.41762680
-51.23286869 -761.10964690 41.52362331
-54.33136096 -748.10302488 41.17029778
-56.84992753 -752.73027474 41.81077812
-54.57370000 -790.34100000 64.06340000
-57.07388894 -753.17323283 44.48783088
-57.71328736 -754.39242708 45.03081996
-57.44820278 -754.83194834 47.43721236
-52.69220847 -752.14126441 41.63273390
-55.59298817 -755.26788860 47.52222753
-50.59454167 -744.48922500 28.61054167
-62.57877110 -755.83519312 48.70995046
-57.54580428 -755.94892557 50.48074701
-53.86895000 -753.68280000 49.00640000
-59.33820000 -738.50693333 60.87504667
-72.27879032 -759.91597097 54.80297903
-55.39696890 -725.09096615 71.62424228
-56.00145705 -757.10467718 50.94418255
-66.81206696 -758.07708435 55.77606522
-95.83694000 -765.62038000 60.99508000
-73.35445185 -761.17281667 58.34511296
-55.39917813 -727.49774484 75.16166297
-82.56935714 -764.92795714 61.45163571
-84.99164000 -766.57900000 62.29500000
-49.48637246 -777.44254348 46.11936667
-74.86355333 -766.41393333 61.15288667
-79.56180714 -771.82500000 61.17772857
-77.90080000 -775.50310000 61.38240000
-54.67905000 -757.02556250 67.38967500
-50.31860000 -765.72060000 70.14380000
-53.92836667 -767.79419333 70.18158667
-45.40386000 -760.53582000 73.68725000
-44.98260000 -758.32970000 76.06700000
-48.64127826 -768.18016957 67.34035652
-44.70624521 -737.39617945 14.68164795
-100.96205000 -765.68677500 60.88117500
-102.29988487 -765.41690504 60.88390588
-92.81913600 -789.32242000 45.92650800
-51.51641183 -747.86594731 30.70097204
-49.18054388 -745.67550554 29.47655881
-50.60641350 -745.66413100 27.34129850
-48.41362602 -743.75648051 26.55624172
-53.61754417 -755.26773000 38.84244417
-46.65397143 -743.74428571 28.23207143
-45.52042232 -741.34052245 22.65624204
-46.39584365 -745.09824467 26.17107868
-52.80684906 -752.07155040 37.91431743
-56.21615000 -745.23455000 48.22655000
-89.89901429 -780.34601429 52.02262857
-83.85896923 -764.19613846 58.02043462
-85.15550000 -765.62305000 61.11435000
-72.11564000 -770.77679000 57.85115000
-83.45632500 -756.59667500 63.76655000
-52.82962000 -758.29964000 59.99874000
-52.97237500 -758.10881250 61.87340000
-18.75552000 -786.59856000 48.96198000
-50.36560000 -767.47588333 63.86045000
-30.05860000 -777.22314000 57.72416000
-54.60180000 -779.78211667 63.12713333
-37.74950000 -770.56995000 63.77805000
-45.63405696 -737.97779478 16.79585130
-54.85184211 -729.56934737 82.62422632
-51.98801450 -757.42611784 39.62334758
-47.31896250 -738.27686250 17.49528750
-40.91143333 -741.80460000 18.52155000
-43.21143366 -742.24325990 21.00019307
-50.68396102 -743.82101356 26.90734915
-49.97639231 -748.10814038 31.72724808
-52.54784521 -751.62450274 36.52835479
-52.77650909 -753.84857273 36.77887273
-54.83146933 -754.18428528 42.44966074
-52.02967978 -758.53018989 40.58200418
-53.26640000 -758.03310000 40.21430000
-49.92792000 -761.66796000 39.95316000
-52.82539375 -755.86548750 43.57215625
-50.78081250 -763.44504712 42.53575769
-57.40608750 -741.01058750 51.45945000
-49.51644500 -766.47177250 42.82278000
-53.61024286 -756.92068571 45.65128571
-49.87873333 -765.28689333 43.25658000
-56.75942625 -738.54560625 57.82598750
-38.25584000 -795.80858000 37.22690000
-42.52869412 -783.33885294 42.94644706
-57.03781818 -735.64621818 60.89667273
-58.49803077 -760.05948462 54.51253077
-20.18100000 -782.72760000 52.10730000
-24.75210000 -786.81836250 55.25013750
-50.31680000 -765.81450000 60.49450000
-44.88626702 -768.95692021 62.85568191
-73.55714615 -773.40723846 56.57256923
-32.35393333 -772.29717500 67.33323333
-85.78101905 -750.37315238 66.77471667
-86.79741923 -749.24180769 66.98609615
-80.26350000 -768.35051667 61.11311667
-54.52960000 -759.77330000 54.60160000
-45.39526667 -783.21216667 42.57987333
-44.44575000 -797.31655000 31.01655000
-47.06930000 -746.22900000 28.11720000
-41.07413333 -771.35153333 63.56280000
-19.30374545 -791.75632727 46.02630909
-84.34378889 -786.82852963 49.10147778
-53.24010000 -747.62680000 30.90750000
-54.09757500 -753.78375000 36.77950000
-53.18330000 -752.76150000 45.18320000
-131.30575000 -768.56112500 54.61537500
-64.88958182 -762.44522727 61.33228182
-81.88917143 -753.91954286 67.24811429
-53.29670000 -753.31486000 70.18550000
-104.05290000 -756.68320000 68.20050000
-84.02426667 -747.74116667 70.22640000
-95.22765000 -747.87500000 69.36205000
-94.39210000 -747.73930000 70.65875000
-92.09113333 -744.93370000 70.22163333
-92.19650000 -744.29900000 70.05410000
-80.18610000 -744.25460000 73.17400000
-56.16943333 -726.74660000 72.98693333
-59.23558750 -726.79790000 75.93612500
-50.26323333 -769.50653333 44.13590000
-98.32213333 -792.81716667 46.10048667
